0.015728 122 117 5 6
0.017728 122 116 5 6
0.019728 122 116 5 6
0.021728 122 115 5 6
0.023728 123 115 5 6
0.025728 123 115 5 6
0.027728 123 114 5 6
0.029728 124 114 5 6
0.031728 124 114 5 6
0.033728 124 113 5 6
0.035728 125 113 5 6
0.037728 125 113 5 6
0.039728 125 112 5 6
0.041728 125 112 5 6
0.043728 126 111 5 6
0.045728 126 111 5 6
0.047728 126 111 5 6
0.049728 127 110 5 6
0.051728 127 110 5 6
0.053728 128 109 5 6
0.055728 128 109 6 6
0.057728 129 108 6 7
0.059728 129 108 6 7
0.061728 130 107 6 7
0.063728 130 107 7 7
0.065728 131 106 7 8
0.067728 131 105 7 8
0.069728 131 105 8 8
0.071728 132 104 8 8
0.073728 132 104 8 8
0.075728 133 103 9 9
0.077728 133 103 9 9
0.079728 134 102 9 9
0.081728 134 102 9 9
0.083728 135 101 10 10
0.085728 136 101 10 10
0.087728 137 100 10 10
0.089728 138 100 10 10
0.091728 139 99 10 10
0.093728 140 98 10 10
0.095728 141 98 10 10
0.097728 142 97 10 10
0.099728 143 97 10 10
0.101728 144 96 10 10
0.103728 145 96 10 10
0.105728 146 95 10 10
0.107728 147 95 10 10
0.109728 148 94 10 10
0.111728 149 94 10 10
0.113728 150 93 10 10
0.115728 152 92 9 9
0.117728 152 92 9 9
0.119728 153 92 9 9
0.121728 154 92 9 9
0.123728 154 92 9 9
0.125728 155 91 8 8
0.127728 156 91 8 8
0.129728 157 91 8 8
0.131728 157 91 8 8
0.133728 158 90 7 7
0.135728 159 90 7 7
0.137728 159 90 7 7
0.139728 160 90 7 7
0.141728 161 89 6 6
0.143728 162 89 6 6
0.145728 162 89 6 6
0.147728 163 89 6 6
0.149728 164 88 6 6
0.151728 164 88 6 6
0.153728 165 88 6 6
0.155728 165 87 6 6
0.157728 166 87 7 7
0.159728 166 87 7 7
0.161728 167 87 7 7
0.163728 167 86 7 7
0.165728 168 86 8 8
0.167728 168 86 8 8
0.169728 168 85 8 8
0.171728 169 85 8 8
0.173728 169 85 8 8
0.175728 170 84 9 9
0.177728 170 84 9 9
0.179728 171 84 9 9
0.181728 171 84 9 9
0.183728 172 83 10 10
0.185728 172 83 10 10
0.187728 173 83 10 10
0.189728 173 83 10 10
0.191728 174 82 10 10
0.193728 175 82 10 10
0.195728 175 82 10 10
0.197728 176 82 10 10
0.199728 176 81 10 10
0.201728 177 81 10 10
0.203728 177 81 10 10
0.205728 178 81 10 10
0.207728 178 80 10 10
0.209728 179 80 10 10
0.211728 179 80 10 10
0.213728 180 80 10 10
0.215728 181 79 10 10
0.217728 181 79 10 10
0.219728 181 79 10 10
0.221728 182 79 10 10
0.223728 182 79 10 10
0.225728 183 79 10 10
0.227728 183 79 10 10
0.229728 184 79 10 10
0.231728 184 79 10 10
0.233728 185 78 10 10
0.235728 185 78 10 10
0.237728 186 78 10 10
0.239728 186 78 10 10
0.241728 187 78 10 10
0.243728 187 78 10 10
0.245728 188 78 10 10
0.247728 188 78 10 10
0.249728 189 77 10 10
0.251728 189 77 10 10
0.253728 189 77 10 10
0.255728 190 77 10 10
0.257728 190 77 10 10
0.259728 191 77 10 10
0.261728 191 77 10 10
0.263728 192 77 10 10
0.265728 192 76 10 10
0.267728 192 76 10 10
0.269728 193 76 10 10
0.271728 193 76 10 10
0.273728 194 76 10 10
0.275728 194 76 10 10
0.277728 195 76 10 10
0.279728 195 76 10 10
0.281728 195 76 10 10
0.283728 196 75 10 10
0.285728 196 75 10 10
0.287728 197 75 10 10
0.289728 197 75 10 10
0.291728 198 75 10 10
0.293728 198 75 10 10
0.295728 199 75 10 10
0.297728 199 75 10 10
0.299728 200 74 10 10
0.301728 200 74 10 10
0.303728 201 74 10 10
0.305728 201 74 10 10
0.307728 202 74 10 10
0.309728 202 74 10 10
0.311728 203 74 10 10
0.313728 203 74 10 10
0.315728 204 73 10 10
0.317728 204 73 10 10
0.319728 204 73 10 10
0.321728 205 73 10 10
0.323728 205 73 10 10
0.325728 205 73 10 10
0.327728 206 73 10 10
0.329728 206 73 10 10
0.331728 206 73 10 10
0.333728 207 72 10 10
0.335728 207 72 10 10
0.337728 207 72 10 10
0.339728 208 72 10 10
0.341728 208 72 10 10
0.343728 209 72 10 10
0.345728 209 72 10 10
0.347728 209 72 10 10
0.349728 210 72 10 10
0.351728 210 72 10 10
0.353728 210 72 10 10
0.355728 211 72 10 10
0.357728 211 72 10 10
0.359728 212 72 10 10
0.361728 212 72 10 10
0.363728 213 72 10 10
0.365728 213 72 10 10
0.367728 213 72 10 10
0.369728 214 72 10 10
0.371728 214 72 10 10
0.373728 215 72 10 10
0.375728 215 72 10 10
0.377728 216 72 10 10
0.379728 216 72 10 10
0.381728 216 72 10 10
0.383728 217 71 10 10
0.385728 217 71 10 10
0.387728 217 71 10 10
0.389728 218 71 10 10
0.391728 218 71 10 10
0.393728 219 71 10 10
0.395728 219 71 10 10
0.397728 219 71 10 10
0.399728 220 71 10 10
0.401728 220 71 10 10
0.403728 220 71 10 10
0.405728 221 71 10 10
0.407728 221 71 10 10
0.409728 221 71 10 10
0.411728 222 71 10 10
0.413728 222 71 10 10
0.415728 223 71 10 10
0.417728 223 71 10 10
0.419728 223 71 10 10
0.421728 224 71 10 10
0.423728 224 71 10 10
0.425728 224 71 10 10
0.427728 225 71 10 10
0.429728 225 71 10 10
0.431728 225 71 10 10
0.433728 226 71 10 10
0.435728 226 71 10 10
0.437728 226 71 10 10
0.439728 227 71 10 10
0.441728 227 71 10 10
0.443728 228 71 10 10
0.445728 228 71 10 10
0.447728 228 71 10 10
0.449728 229 72 10 10
0.451728 229 72 10 10
0.453728 229 72 10 10
0.455728 230 72 10 10
0.457728 230 72 10 10
0.459728 230 72 10 10
0.461728 230 72 10 10
0.463728 231 72 10 10
0.465728 231 72 10 10
0.467728 231 72 10 10
0.469728 232 72 10 10
0.471728 232 72 10 10
0.473728 232 72 10 10
0.475728 233 72 10 10
0.477728 233 72 10 10
0.479728 233 72 10 10
0.481728 233 72 10 10
0.483728 234 73 10 10
0.485728 234 73 10 10
0.487728 235 73 10 10
0.489728 235 73 10 10
0.491728 236 73 10 10
0.493728 237 73 10 10
0.495728 237 73 10 10
0.497728 238 73 10 10
0.499728 238 74 10 10
0.501728 239 74 10 10
0.503728 239 74 10 10
0.505728 240 74 10 10
0.507728 240 74 10 10
0.509728 241 74 10 10
0.511728 241 74 10 10
0.513728 242 74 10 10
0.515728 243 75 10 10
0.517728 243 75 10 10
0.519728 243 75 10 10
0.521728 243 75 10 10
0.523728 243 75 10 10
0.525728 244 75 10 10
0.527728 244 75 10 10
0.529728 244 75 10 10
0.531728 244 75 10 10
0.533728 245 75 10 10
0.535728 245 75 10 10
0.537728 245 75 10 10
0.539728 245 75 10 10
0.541728 246 75 10 10
0.543728 246 75 10 10
0.545728 246 75 10 10
0.547728 246 75 10 10
0.549728 247 76 10 10
0.551728 247 76 10 10
0.553728 247 76 10 10
0.555728 247 76 10 10
0.557728 248 76 10 10
0.559728 248 76 10 10
0.561728 248 76 10 10
0.563728 248 76 10 10
0.565728 249 76 10 10
0.567728 249 76 10 10
0.569728 249 76 10 10
0.571728 249 76 10 10
0.573728 249 76 10 10
0.575728 250 76 10 10
0.577728 250 76 10 10
0.579728 250 76 10 10
0.581728 250 76 10 10
0.583728 251 77 10 10
0.585728 251 77 10 10
0.587728 251 77 10 10
0.589728 252 77 10 10
0.591728 252 77 10 10
0.593728 252 78 10 10
0.595728 253 78 10 10
0.597728 253 78 10 10
0.599728 253 78 10 10
0.601728 253 78 10 10
0.603728 254 78 10 10
0.605728 254 79 10 10
0.607728 254 79 10 10
0.609728 255 79 10 10
0.611728 255 79 10 10
0.613728 255 79 10 10
0.615728 256 80 10 10
0.617728 256 80 10 10
0.619728 256 80 10 10
0.621728 256 80 10 10
0.623728 257 80 10 10
0.625728 257 80 10 10
0.627728 257 81 10 10
0.629728 258 81 10 10
0.631728 258 81 10 10
0.633728 258 81 10 10
0.635728 259 81 10 10
0.637728 259 81 10 10
0.639728 259 82 10 10
0.641728 259 82 10 10
0.643728 260 82 10 10
0.645728 260 82 10 10
0.647728 260 82 10 10
0.649728 261 83 10 10
0.651728 261 83 10 10
0.653728 261 83 10 10
0.655728 262 83 10 10
0.657728 262 83 10 10
0.659728 262 83 10 10
0.661728 262 84 10 10
0.663728 263 84 10 10
0.665728 263 84 10 10
0.667728 263 84 10 10
0.669728 264 84 10 10
0.671728 264 85 10 10
0.673728 264 85 10 10
0.675728 265 85 10 10
0.677728 265 85 10 10
0.679728 265 85 10 10
0.681728 265 85 10 10
0.683728 266 86 10 10
0.685728 266 86 10 10
0.687728 266 86 10 10
0.689728 266 86 10 10
0.691728 267 86 10 10
0.693728 267 87 10 10
0.695728 267 87 10 10
0.697728 267 87 10 10
0.699728 268 87 10 10
0.701728 268 87 10 10
0.703728 268 87 10 10
0.705728 268 88 10 10
0.707728 269 88 10 10
0.709728 269 88 10 10
0.711728 269 88 10 10
0.713728 269 88 10 10
0.715728 270 89 10 10
0.717728 270 89 10 10
0.719728 270 89 10 10
0.721728 270 89 10 10
0.723728 271 90 10 10
0.725728 271 90 10 10
0.727728 271 90 10 10
0.729728 272 91 10 10
0.731728 272 91 10 10
0.733728 272 91 10 10
0.735728 273 92 10 10
0.737728 273 92 10 10
0.739728 273 92 10 10
0.741728 273 92 10 10
0.743728 274 93 10 10
0.745728 274 93 10 10
0.747728 274 93 10 10
0.749728 275 94 10 10
0.751728 275 94 10 10
0.753728 275 94 10 10
0.755728 275 94 10 10
0.757728 276 95 10 10
0.759728 276 95 10 10
0.761728 276 95 10 10
0.763728 276 95 10 10
0.765728 277 96 10 10
0.767728 277 96 10 10
0.769728 277 96 10 10
0.771728 277 96 10 10
0.773728 277 96 10 10
0.775728 278 97 10 10
0.777728 278 97 10 10
0.779728 278 97 10 10
0.781728 278 97 10 10
0.783728 279 98 10 10
0.785728 279 98 10 10
0.787728 279 98 10 10
0.789728 279 98 10 10
0.791728 280 99 10 10
0.793728 280 99 10 10
0.795728 280 99 10 10
0.797728 280 99 10 10
0.799728 281 100 10 10
0.801728 281 100 10 10
0.803728 281 100 10 10
0.805728 281 100 10 10
0.807728 282 101 10 10
0.809728 282 101 10 10
0.811728 282 101 10 10
0.813728 282 101 10 10
0.815728 283 102 10 10
0.817728 283 102 10 10
0.819728 283 102 10 10
0.821728 283 102 10 10
0.823728 283 103 10 10
0.825728 284 103 10 10
0.827728 284 103 10 10
0.829728 284 104 10 10
0.831728 284 104 10 10
0.833728 285 104 10 10
0.835728 285 105 10 10
0.837728 285 105 10 10
0.839728 285 105 10 10
0.841728 286 105 10 10
0.843728 286 106 10 10
0.845728 286 106 10 10
0.847728 286 106 10 10
0.849728 287 107 10 10
0.851728 287 107 10 10
0.853728 287 107 10 10
0.855728 287 107 10 10
0.857728 287 107 10 10
0.859728 287 107 10 10
0.861728 287 107 10 10
0.863728 287 107 10 10
0.865728 287 108 10 10
0.867728 287 108 10 10
0.869728 287 108 10 10
0.871728 287 108 10 10
0.873728 287 108 10 10
0.875728 287 108 10 10
0.877728 287 108 10 10
0.879728 287 108 10 10
0.881728 287 108 10 10
0.883728 287 109 10 10
0.885728 287 109 10 10
0.887728 288 110 10 10
0.889728 288 110 10 10
0.891728 289 111 10 10
0.893728 289 112 10 10
0.895728 290 112 10 10
0.897728 290 113 10 10
0.899728 291 113 10 10
0.901728 291 114 10 10
0.903728 292 114 10 10
0.905728 292 115 10 10
0.907728 293 115 10 10
0.909728 293 116 10 10
0.911728 294 116 10 10
0.913728 294 117 10 10
0.915728 295 118 10 10
0.917728 295 118 10 10
0.919728 295 118 10 10
0.921728 295 118 10 10
0.923728 295 118 10 10
0.925728 295 118 10 10
0.927728 295 119 10 10
0.929728 295 119 10 10
0.931728 295 119 10 10
0.933728 295 119 10 10
0.935728 295 119 10 10
0.937728 295 119 10 10
0.939728 295 120 10 10
0.941728 295 120 10 10
0.943728 295 120 10 10
0.945728 295 120 10 10
0.947728 295 120 10 10
0.949728 294 120 10 10
0.951728 292 119 10 10
0.953728 291 118 10 10
0.955728 289 117 10 10
0.957728 288 116 10 10
0.959728 286 115 10 10
0.961728 285 114 10 10
0.963728 283 113 10 10
0.965728 282 111 10 10
0.967728 280 110 10 10
0.969728 279 109 10 10
0.971728 277 108 10 10
0.973728 276 107 10 10
0.975728 274 106 10 10
0.977728 273 105 10 10
0.979728 271 104 10 10
0.981728 270 103 10 10
0.983728 269 102 9 9
0.985728 268 102 9 9
0.987728 268 102 9 9
0.989728 267 101 9 9
0.991728 266 101 8 9
0.993728 266 100 8 8
0.995728 265 100 8 8
0.997728 264 100 8 8
0.999728 264 99 7 8
1.001728 263 99 7 8
1.003728 262 99 7 8
1.005728 262 98 7 7
1.007728 261 98 6 7
1.009728 260 98 6 7
1.011728 260 97 6 7
1.013728 259 97 6 7
1.015728 258 96 6 7
1.017728 257 96 6 7
1.019728 256 95 6 7
1.021728 255 95 6 7
1.023728 254 94 6 7
1.025728 253 93 7 7
1.027728 252 93 7 8
1.029728 251 92 7 8
1.031728 250 91 7 8
1.033728 249 91 8 8
1.035728 248 90 8 8
1.037728 247 89 8 8
1.039728 246 89 8 9
1.041728 245 88 9 9
1.043728 244 87 9 9
1.045728 243 87 9 9
1.047728 242 86 9 9
1.049728 241 85 10 10
1.051728 240 85 10 10
1.053728 240 85 10 10
1.055728 239 84 10 10
1.057728 238 84 10 10
1.059728 237 84 10 10
1.061728 237 84 11 10
1.063728 236 83 11 10
1.065728 235 83 11 10
1.067728 234 83 11 10
1.069728 233 82 11 10
1.071728 233 82 12 10
1.073728 232 82 12 10
1.075728 231 81 12 10
1.077728 230 81 12 10
1.079728 230 81 12 10
1.081728 229 81 12 10
1.083728 228 80 12 10
1.085728 227 80 12 10
1.087728 226 79 12 10
1.089728 225 79 12 10
1.091728 224 79 12 10
1.093728 223 78 11 10
1.095728 222 78 11 10
1.097728 221 77 11 10
1.099728 220 77 11 10
1.101728 219 76 11 10
1.103728 218 76 11 10
1.105728 217 76 10 10
1.107728 216 75 10 10
1.109728 215 75 10 10
1.111728 214 74 10 10
1.113728 213 74 10 10
1.115728 212 73 10 10
1.117728 212 73 10 10
1.119728 211 73 10 10
1.121728 210 72 10 10
1.123728 209 72 10 10
1.125728 209 71 10 10
1.127728 208 71 10 10
1.129728 207 71 10 10
1.131728 206 70 10 10
1.133728 205 70 10 10
1.135728 205 69 10 10
1.137728 204 69 10 10
1.139728 203 68 10 10
1.141728 202 68 10 10
1.143728 202 68 10 10
1.145728 201 67 10 10
1.147728 200 67 10 10
1.149728 199 66 9 9
1.151728 199 66 9 9
1.153728 198 66 9 9
1.155728 197 65 9 9
1.157728 196 65 8 9
1.159728 196 65 8 9
1.161728 195 64 8 9
1.163728 194 64 8 9
1.165728 193 63 7 8
1.167728 193 63 7 8
1.169728 192 63 7 8
1.171728 191 62 7 8
1.173728 191 62 7 8
1.175728 190 62 6 8
1.177728 189 61 6 8
1.179728 188 61 6 8
1.181728 188 61 6 8
1.183728 187 60 6 8
1.185728 186 60 6 8
1.187728 185 60 6 8
1.189728 185 60 6 8
1.191728 184 59 7 8
1.193728 183 59 7 8
1.195728 182 59 7 8
1.197728 182 59 7 8
1.199728 181 58 8 9
1.201728 180 58 8 9
1.203728 179 58 8 9
1.205728 178 58 8 9
1.207728 178 57 9 9
1.209728 177 57 9 9
1.211728 176 57 9 9
1.213728 175 57 9 9
1.215728 174 56 10 10
1.217728 174 56 10 10
1.219728 173 56 10 10
1.221728 173 56 10 10
1.223728 172 56 10 10
1.225728 171 55 10 10
1.227728 171 55 10 10
1.229728 170 55 10 10
1.231728 169 55 10 10
1.233728 169 54 10 10
1.235728 168 54 10 10
1.237728 167 54 10 10
1.239728 167 54 10 10
1.241728 166 53 10 10
1.243728 165 53 10 10
1.245728 165 53 10 10
1.247728 164 53 10 10
1.249728 163 52 10 10
1.251728 163 52 10 10
1.253728 162 52 10 10
1.255728 161 52 10 10
1.257728 161 52 10 10
1.259728 160 52 10 10
1.261728 160 52 10 10
1.263728 159 52 10 10
1.265728 158 51 10 10
1.267728 158 51 10 10
1.269728 157 51 10 10
1.271728 157 51 10 10
1.273728 156 51 10 10
1.275728 155 51 10 10
1.277728 155 51 10 10
1.279728 154 51 10 10
1.281728 154 51 10 10
1.283728 153 50 10 10
1.285728 152 50 10 10
1.287728 152 50 10 10
1.289728 151 50 10 10
1.291728 150 50 10 10
1.293728 150 49 10 10
1.295728 149 49 10 10
1.297728 148 49 10 10
1.299728 148 49 10 10
1.301728 147 49 10 10
1.303728 146 49 10 10
1.305728 146 48 10 10
1.307728 145 48 10 10
1.309728 144 48 10 10
1.311728 144 48 10 10
1.313728 143 48 10 10
1.315728 142 47 10 10
1.317728 142 47 10 10
1.319728 141 47 10 10
1.321728 141 47 10 10
1.323728 140 47 10 10
1.325728 140 47 10 10
1.327728 139 47 10 10
1.329728 139 47 10 10
1.331728 138 47 10 10
1.333728 138 47 10 10
1.335728 137 47 10 10
1.337728 137 47 10 10
1.339728 136 47 10 10
1.341728 135 47 10 10
1.343728 135 47 10 10
1.345728 134 47 10 10
1.347728 134 47 10 10
1.349728 133 46 10 10
1.351728 133 46 10 10
1.353728 132 46 10 10
1.355728 131 46 10 10
1.357728 131 46 10 10
1.359728 130 46 10 10
1.361728 130 46 10 10
1.363728 129 46 10 10
1.365728 128 45 10 10
1.367728 128 45 10 10
1.369728 127 45 10 10
1.371728 127 45 10 10
1.373728 126 45 10 10
1.375728 125 45 10 10
1.377728 125 45 10 10
1.379728 124 45 10 10
1.381728 124 45 10 10
1.383728 123 44 10 10
1.385728 123 44 10 10
1.387728 122 44 10 10
1.389728 122 44 10 10
1.391728 121 44 10 10
1.393728 121 44 10 10
1.395728 120 44 10 10
1.397728 120 44 10 10
1.399728 119 44 10 10
1.401728 119 44 10 10
1.403728 118 44 10 10
1.405728 118 44 10 10
1.407728 117 44 10 10
1.409728 117 44 10 10
1.411728 116 44 10 10
1.413728 116 44 10 10
1.415728 115 44 10 10
1.417728 115 44 10 10
1.419728 115 44 10 10
1.421728 114 44 10 10
1.423728 114 44 10 10
1.425728 113 44 10 10
1.427728 113 44 10 10
1.429728 112 44 10 10
1.431728 112 44 10 10
1.433728 111 44 10 10
1.435728 111 44 10 10
1.437728 110 44 10 10
1.439728 110 44 10 10
1.441728 109 44 10 10
1.443728 109 44 10 10
1.445728 108 44 10 10
1.447728 108 44 10 10
1.449728 107 45 10 10
1.451728 107 45 10 10
1.453728 106 45 10 10
1.455728 106 45 10 10
1.457728 105 45 10 10
1.459728 105 45 10 10
1.461728 104 45 10 10
1.463728 104 45 10 10
1.465728 103 45 10 10
1.467728 102 45 10 10
1.469728 102 45 10 10
1.471728 101 45 10 10
1.473728 101 45 10 10
1.475728 100 45 10 10
1.477728 100 45 10 10
1.479728 99 45 10 10
1.481728 99 45 10 10
1.483728 98 45 10 10
1.485728 98 45 10 10
1.487728 97 45 10 10
1.489728 97 45 10 10
1.491728 96 45 10 10
1.493728 96 45 10 10
1.495728 95 45 10 10
1.497728 95 45 10 10
1.499728 94 45 10 10
1.501728 94 45 10 10
1.503728 93 45 10 10
1.505728 93 45 10 10
1.507728 92 45 10 10
1.509728 92 45 10 10
1.511728 91 45 10 10
1.513728 91 45 10 10
1.515728 90 46 10 10
1.517728 90 46 10 10
1.519728 89 46 10 10
1.521728 89 46 10 10
1.523728 88 46 10 10
1.525728 88 46 10 10
1.527728 87 46 10 10
1.529728 87 46 10 10
1.531728 86 46 10 10
1.533728 86 47 10 10
1.535728 85 47 10 10
1.537728 85 47 10 10
1.539728 84 47 10 10
1.541728 83 47 10 10
1.543728 83 47 10 10
1.545728 82 47 10 10
1.547728 82 47 10 10
1.549728 81 48 10 10
1.551728 81 48 10 10
1.553728 80 48 10 10
1.555728 80 48 10 10
1.557728 79 48 10 10
1.559728 79 48 10 10
1.561728 78 48 10 10
1.563728 78 48 10 10
1.565728 77 49 10 10
1.567728 77 49 10 10
1.569728 77 49 10 10
1.571728 76 49 10 10
1.573728 76 49 10 10
1.575728 75 49 10 10
1.577728 75 49 10 10
1.579728 74 49 10 10
1.581728 74 49 10 10
1.583728 73 50 10 10
1.585728 73 50 10 10
1.587728 72 50 10 10
1.589728 72 50 10 10
1.591728 72 50 10 10
1.593728 71 50 10 10
1.595728 71 50 10 10
1.597728 70 50 10 10
1.599728 70 51 10 10
1.601728 69 51 10 10
1.603728 69 51 10 10
1.605728 69 51 10 10
1.607728 68 51 10 10
1.609728 68 51 10 10
1.611728 67 51 10 10
1.613728 67 51 10 10
1.615728 66 52 9 9
1.617728 66 52 9 9
1.619728 66 52 9 9
1.621728 65 52 9 9
1.623728 65 53 9 9
1.625728 64 53 9 8
1.627728 64 53 8 8
1.629728 64 54 8 8
1.631728 63 54 8 8
1.633728 63 54 8 7
1.635728 62 55 8 7
1.637728 62 55 8 7
1.639728 61 55 7 7
1.641728 61 55 7 6
1.643728 61 56 7 6
1.645728 60 56 7 6
1.647728 60 56 7 6
1.649728 59 57 7 6
1.651728 59 57 7 6
1.653728 58 57 7 6
1.655728 58 57 7 6
1.657728 57 57 7 7
1.659728 57 57 7 7
1.661728 56 57 8 7
1.663728 56 57 8 7
1.665728 55 57 8 8
1.667728 55 57 8 8
1.669728 55 57 8 8
1.671728 54 57 9 8
1.673728 54 57 9 8
1.675728 53 57 9 9
1.677728 53 57 9 9
1.679728 52 57 9 9
1.681728 52 57 9 9
1.683728 51 58 10 10
1.685728 51 58 10 10
1.687728 51 58 10 10
1.689728 50 58 10 10
1.691728 50 59 10 10
1.693728 49 59 10 10
1.695728 49 59 10 10
1.697728 49 59 10 10
1.699728 48 60 10 10
1.701728 48 60 10 10
1.703728 48 60 10 10
1.705728 47 60 10 10
1.707728 47 61 10 10
1.709728 47 61 10 10
1.711728 46 61 10 10
1.713728 46 61 10 10
1.715728 45 62 10 10
1.717728 45 62 10 10
1.719728 45 62 10 10
1.721728 44 62 10 10
1.723728 44 62 10 10
1.725728 43 63 10 10
1.727728 43 63 10 10
1.729728 42 63 10 10
1.731728 42 63 10 10
1.733728 41 64 10 10
1.735728 41 64 10 10
1.737728 40 64 10 10
1.739728 40 64 10 10
1.741728 39 65 10 10
1.743728 39 65 10 10
1.745728 38 65 10 10
1.747728 38 65 10 10
1.749728 37 66 10 10
1.751728 37 66 10 10
1.753728 37 66 10 10
1.755728 36 66 10 10
1.757728 36 67 10 10
1.759728 36 67 10 10
1.761728 35 67 10 10
1.763728 35 67 10 10
1.765728 34 68 10 10
1.767728 34 68 10 10
1.769728 34 68 10 10
1.771728 33 68 10 10
1.773728 33 68 10 10
1.775728 33 69 10 10
1.777728 32 69 10 10
1.779728 32 69 10 10
1.781728 32 69 10 10
1.783728 31 70 10 10
1.785728 31 70 10 10
1.787728 31 70 10 10
1.789728 30 71 10 10
1.791728 30 71 10 10
1.793728 29 71 10 10
1.795728 29 72 10 10
1.797728 29 72 10 10
1.799728 28 72 10 10
1.801728 28 72 10 10
1.803728 28 73 10 10
1.805728 27 73 10 10
1.807728 27 73 10 10
1.809728 27 74 10 10
1.811728 26 74 10 10
1.813728 26 74 10 10
1.815728 25 75 10 10
1.817728 25 75 10 10
1.819728 25 75 10 10
1.821728 24 76 10 10
1.823728 24 76 10 10
1.825728 24 76 10 10
1.827728 23 77 10 10
1.829728 23 77 10 10
1.831728 23 77 10 10
1.833728 22 78 10 10
1.835728 22 78 10 10
1.837728 22 78 10 10
1.839728 21 79 10 10
1.841728 21 79 10 10
1.843728 20 80 10 10
1.845728 20 80 10 10
1.847728 20 80 10 10
1.849728 19 81 10 10
1.851728 19 81 10 10
1.853728 19 81 10 10
1.855728 18 82 10 10
1.857728 18 82 10 10
1.859728 18 82 10 10
1.861728 17 82 10 10
1.863728 17 83 10 10
1.865728 16 83 10 10
1.867728 16 83 10 10
1.869728 16 84 10 10
1.871728 15 84 10 10
1.873728 15 84 10 10
1.875728 15 85 10 10
1.877728 14 85 10 10
1.879728 14 85 10 10
1.881728 14 85 10 10
1.883728 13 86 10 10
1.885728 13 86 10 10
1.887728 13 86 10 10
1.889728 12 87 10 10
1.891728 12 87 10 10
1.893728 12 88 10 10
1.895728 11 88 10 10
1.897728 11 88 10 10
1.899728 11 89 10 10
1.901728 11 89 10 10
1.903728 10 89 10 10
1.905728 10 90 10 10
1.907728 10 90 10 10
1.909728 9 90 10 10
1.911728 9 91 10 10
1.913728 9 91 10 10
1.915728 9 91 10 10
1.917728 10 91 10 10
1.919728 11 90 10 10
1.921728 13 90 10 10
1.923728 14 89 10 10
1.925728 15 88 10 10
1.927728 17 88 10 10
1.929728 18 87 10 10
1.931728 20 87 10 10
1.933728 21 86 10 10
1.935728 22 85 10 10
1.937728 24 85 10 10
1.939728 25 84 10 10
1.941728 26 84 10 10
1.943728 28 83 10 10
1.945728 29 82 10 10
1.947728 31 82 10 10
1.949728 32 81 10 10
1.951728 33 81 10 10
1.953728 34 81 10 10
1.955728 36 80 10 10
1.957728 37 80 10 10
1.959728 38 80 10 10
1.961728 39 79 10 10
1.963728 41 79 10 10
1.965728 42 78 10 10
1.967728 43 78 10 10
1.969728 45 78 10 10
1.971728 46 77 10 10
1.973728 47 77 10 10
1.975728 48 77 10 10
1.977728 50 76 10 10
1.979728 51 76 10 10
1.981728 52 76 10 10
1.983728 53 75 10 10
1.985728 55 75 10 10
1.987728 56 74 10 10
1.989728 58 74 10 10
1.991728 59 73 10 10
1.993728 61 73 10 10
1.995728 62 72 10 10
1.997728 64 72 10 10
1.999728 65 71 10 10
2.001728 66 71 10 10
2.003728 68 70 10 10
2.005728 69 70 10 10
2.007728 71 69 10 10
2.009728 72 69 10 10
2.011728 74 68 10 10
2.013728 75 68 10 10
2.015728 77 67 10 10
2.017728 78 67 10 10
2.019728 79 67 10 10
2.021728 80 66 10 10
2.023728 81 66 10 10
2.025728 82 65 10 10
2.027728 83 65 10 10
2.029728 84 64 10 10
2.031728 86 64 10 10
2.033728 87 63 10 10
2.035728 88 63 10 10
2.037728 89 62 10 10
2.039728 90 62 10 10
2.041728 91 61 10 10
2.043728 92 61 10 10
2.045728 94 60 10 10
2.047728 95 60 10 10
2.049728 96 59 10 10
2.051728 97 59 10 10
2.053728 98 58 10 10
2.055728 99 58 10 10
2.057728 100 57 10 10
2.059728 101 57 10 10
2.061728 102 56 10 10
2.063728 103 56 10 10
2.065728 104 55 10 10
2.067728 105 55 10 10
2.069728 106 55 10 10
2.071728 107 54 10 10
2.073728 108 54 10 10
2.075728 109 53 10 10
2.077728 110 53 10 10
2.079728 111 52 10 10
2.081728 112 52 10 10
2.083728 113 51 10 10
2.085728 114 51 10 10
2.087728 115 51 10 10
2.089728 116 50 10 10
2.091728 117 50 10 10
2.093728 118 49 10 10
2.095728 119 49 10 10
2.097728 120 49 10 10
2.099728 121 48 10 10
2.101728 122 48 10 10
2.103728 123 48 10 10
2.105728 124 47 10 10
2.107728 125 47 10 10
2.109728 126 47 10 10
2.111728 127 46 10 10
2.113728 128 46 10 10
2.115728 130 45 9 9
2.117728 130 45 9 9
2.119728 131 45 9 9
2.121728 132 45 9 9
2.123728 133 45 9 9
2.125728 134 45 9 9
2.127728 135 45 9 8
2.129728 136 45 9 8
2.131728 137 45 9 8
2.133728 138 45 8 8
2.135728 139 45 8 8
2.137728 140 45 8 8
2.139728 141 45 8 7
2.141728 142 45 8 7
2.143728 143 45 8 7
2.145728 144 45 8 7
2.147728 145 45 8 7
2.149728 146 44 8 7
2.151728 147 44 8 7
2.153728 147 44 8 7
2.155728 148 44 8 7
2.157728 149 43 8 7
2.159728 150 43 8 7
2.161728 150 43 8 8
2.163728 151 43 8 8
2.165728 152 42 9 8
2.167728 153 42 9 8
2.169728 154 42 9 8
2.171728 154 42 9 9
2.173728 155 42 9 9
2.175728 156 41 9 9
2.177728 157 41 9 9
2.179728 157 41 9 9
2.181728 158 41 9 9
2.183728 159 40 10 10
2.185728 160 40 10 10
2.187728 160 40 10 10
2.189728 161 40 10 10
2.191728 162 40 10 10
2.193728 163 40 10 10
2.195728 163 40 10 10
2.197728 164 40 10 10
2.199728 165 39 11 10
2.201728 165 39 11 10
2.203728 166 39 11 10
2.205728 167 39 11 10
2.207728 168 39 11 10
2.209728 168 39 11 10
2.211728 169 39 11 10
2.213728 170 39 11 10
2.215728 171 38 11 10
2.217728 171 38 11 10
2.219728 172 38 11 10
2.221728 173 38 11 10
2.223728 173 38 11 10
2.225728 174 38 11 10
2.227728 175 38 11 10
2.229728 176 38 11 10
2.231728 176 38 11 10
2.233728 177 37 11 10
2.235728 178 37 11 10
2.237728 178 37 11 10
2.239728 179 37 11 10
2.241728 180 37 11 10
2.243728 181 37 11 10
2.245728 181 37 11 10
2.247728 182 37 11 10
2.249728 183 36 11 10
2.251728 183 36 11 10
2.253728 184 36 11 10
2.255728 185 36 11 10
2.257728 186 36 11 10
2.259728 186 36 11 10
2.261728 187 36 11 10
2.263728 188 36 11 10
2.265728 189 35 11 10
2.267728 189 35 11 10
2.269728 190 35 11 10
2.271728 191 35 11 10
2.273728 191 35 11 10
2.275728 192 35 11 10
2.277728 193 35 11 10
2.279728 194 35 11 10
2.281728 194 35 11 10
2.283728 195 35 11 10
2.285728 195 35 11 10
2.287728 196 35 11 10
2.289728 196 35 11 10
2.291728 197 35 11 10
2.293728 198 35 11 10
2.295728 198 35 11 10
2.297728 199 35 11 10
2.299728 199 35 11 10
2.301728 200 35 11 10
2.303728 200 35 11 10
2.305728 201 35 11 10
2.307728 201 35 11 10
2.309728 202 35 11 10
2.311728 202 35 11 10
2.313728 203 35 11 10
2.315728 204 35 11 10
2.317728 204 35 11 10
2.319728 205 35 11 10
2.321728 205 35 11 10
2.323728 206 35 11 10
2.325728 207 35 11 10
2.327728 207 35 11 10
2.329728 208 35 11 10
2.331728 209 35 11 10
2.333728 209 35 11 10
2.335728 210 35 11 10
2.337728 211 35 11 10
2.339728 211 35 11 10
2.341728 212 35 11 10
2.343728 213 35 11 10
2.345728 213 35 11 10
2.347728 214 35 11 10
2.349728 215 35 10 10
2.351728 215 35 10 10
2.353728 216 35 10 10
2.355728 216 35 10 10
2.357728 217 35 10 10
2.359728 217 35 10 10
2.361728 218 35 10 10
2.363728 218 35 10 10
2.365728 219 35 10 10
2.367728 220 35 10 10
2.369728 220 35 10 10
2.371728 221 35 10 10
2.373728 221 35 10 10
2.375728 222 35 10 10
2.377728 222 35 10 10
2.379728 223 35 10 10
2.381728 223 35 10 10
2.383728 224 36 10 10
2.385728 224 36 10 10
2.387728 225 36 10 10
2.389728 225 36 10 10
2.391728 226 36 10 10
2.393728 226 36 10 10
2.395728 227 36 10 10
2.397728 227 36 10 10
2.399728 228 36 10 10
2.401728 228 36 10 10
2.403728 229 36 10 10
2.405728 229 36 10 10
2.407728 230 36 10 10
2.409728 230 36 10 10
2.411728 231 36 10 10
2.413728 231 36 10 10
2.415728 232 37 10 10
2.417728 232 37 10 10
2.419728 232 37 10 10
2.421728 233 37 10 10
2.423728 233 37 10 10
2.425728 234 37 10 10
2.427728 234 37 10 10
2.429728 235 37 10 10
2.431728 235 37 10 10
2.433728 236 38 10 10
2.435728 236 38 10 10
2.437728 237 38 10 10
2.439728 237 38 10 10
2.441728 238 38 10 10
2.443728 238 38 10 10
2.445728 239 38 10 10
2.447728 239 38 10 10
2.449728 240 39 10 10
2.451728 240 39 10 10
2.453728 241 39 10 10
2.455728 241 39 10 10
2.457728 242 39 10 10
2.459728 242 39 10 10
2.461728 243 39 10 10
2.463728 243 39 10 10
2.465728 244 40 10 10
2.467728 244 40 10 10
2.469728 244 40 10 10
2.471728 245 40 10 10
2.473728 245 40 10 10
2.475728 246 40 10 10
2.477728 246 40 10 10
2.479728 247 40 10 10
2.481728 247 40 10 10
2.483728 248 41 10 10
2.485728 248 41 10 10
2.487728 249 41 10 10
2.489728 249 41 10 10
2.491728 249 41 10 10
2.493728 250 41 10 10
2.495728 250 41 10 10
2.497728 251 41 10 10
2.499728 251 42 10 10
2.501728 252 42 10 10
2.503728 252 42 10 10
2.505728 252 42 10 10
2.507728 253 42 10 10
2.509728 253 42 10 10
2.511728 254 42 10 10
2.513728 254 42 10 10
2.515728 255 43 10 10
2.517728 255 43 10 10
2.519728 255 43 10 10
2.521728 256 43 10 10
2.523728 256 43 10 10
2.525728 257 43 10 10
2.527728 257 44 10 10
2.529728 257 44 10 10
2.531728 258 44 10 10
2.533728 258 44 10 10
2.535728 259 44 10 10
2.537728 259 44 10 10
2.539728 260 45 10 10
2.541728 260 45 10 10
2.543728 260 45 10 10
2.545728 261 45 10 10
2.547728 261 45 10 10
2.549728 262 46 10 10
2.551728 262 46 10 10
2.553728 262 46 10 10
2.555728 262 46 10 10
2.557728 263 46 10 10
2.559728 263 46 10 10
2.561728 263 46 11 10
2.563728 263 46 11 10
2.565728 264 47 11 10
2.567728 264 47 11 10
2.569728 264 47 11 10
2.571728 264 47 12 10
2.573728 264 47 12 10
2.575728 265 47 12 10
2.577728 265 47 12 10
2.579728 265 47 12 10
2.581728 265 47 12 10
2.583728 266 48 13 10
2.585728 266 48 13 10
2.587728 266 48 13 10
2.589728 266 48 13 10
2.591728 266 48 13 10
2.593728 267 48 13 10
2.595728 267 48 13 10
2.597728 267 48 13 10
2.599728 267 48 13 10
2.601728 267 48 13 10
2.603728 267 48 13 10
2.605728 268 48 13 10
2.607728 268 48 13 10
2.609728 268 48 13 10
2.611728 268 48 13 10
2.613728 268 48 13 10
2.615728 269 48 12 10
2.617728 269 48 12 10
2.619728 270 48 12 10
2.621728 270 49 12 10
2.623728 271 49 12 10
2.625728 272 50 12 10
2.627728 272 50 11 10
2.629728 273 51 11 10
2.631728 273 51 11 10
2.633728 274 52 11 10
2.635728 275 52 11 10
2.637728 275 53 11 10
2.639728 276 53 10 10
2.641728 276 54 10 10
2.643728 277 54 10 10
2.645728 278 55 10 10
2.647728 278 55 10 10
2.649728 279 56 10 10
2.651728 279 56 10 10
2.653728 280 56 10 10
2.655728 280 57 10 10
2.657728 281 57 10 10
2.659728 281 57 10 10
2.661728 282 57 10 10
2.663728 282 58 10 10
2.665728 283 58 10 10
2.667728 283 58 10 10
2.669728 283 59 10 10
2.671728 284 59 10 10
2.673728 284 59 10 10
2.675728 285 60 10 10
2.677728 285 60 10 10
2.679728 286 60 10 10
2.681728 286 60 10 10
2.683728 287 61 10 10
2.685728 287 61 10 10
2.687728 287 61 10 10
2.689728 287 61 10 10
2.691728 288 61 10 10
2.693728 288 61 10 10
2.695728 288 61 10 10
2.697728 288 61 10 10
2.699728 289 62 10 10
2.701728 289 62 10 10
2.703728 289 62 10 10
2.705728 289 62 10 10
2.707728 290 62 10 10
2.709728 290 62 10 10
2.711728 290 62 10 10
2.713728 290 62 10 10
2.715728 291 63 10 10
2.717728 291 63 10 10
2.719728 291 63 10 10
2.721728 292 63 10 10
2.723728 292 64 10 10
2.725728 292 64 10 10
2.727728 293 64 10 10
2.729728 293 65 10 10
2.731728 293 65 10 10
2.733728 294 65 10 10
2.735728 294 66 10 10
2.737728 294 66 10 10
2.739728 295 66 10 10
2.741728 295 66 10 10
2.743728 296 67 10 10
2.745728 296 67 10 10
2.747728 296 67 10 10
2.749728 297 68 9 9
2.751728 297 68 9 9
2.753728 297 68 9 9
2.755728 298 69 9 9
2.757728 298 69 9 9
2.759728 298 69 9 9
2.761728 299 70 8 8
2.763728 299 70 8 8
2.765728 300 71 8 8
2.767728 300 71 8 8
2.769728 300 71 8 8
2.771728 301 72 7 7
2.773728 301 72 7 7
2.775728 301 72 7 7
2.777728 302 73 7 7
2.779728 302 73 7 7
2.781728 302 73 7 7
2.783728 303 74 7 7
2.785728 303 74 7 7
2.787728 303 74 7 7
2.789728 304 74 7 7
2.791728 304 75 7 7
2.793728 304 75 8 8
2.795728 305 75 8 8
2.797728 305 75 8 8
2.799728 305 76 8 8
2.801728 305 76 8 8
2.803728 306 76 8 8
2.805728 306 76 9 9
2.807728 306 77 9 9
2.809728 307 77 9 9
2.811728 307 77 9 9
2.813728 307 77 9 9
2.815728 308 78 10 10
2.817728 308 78 10 10
2.819728 308 78 10 10
2.821728 308 78 10 10
2.823728 308 78 10 10
2.825728 308 79 10 10
2.827728 309 79 10 10
2.829728 309 79 10 10
2.831728 309 79 10 10
2.833728 309 80 10 10
2.835728 309 80 10 10
2.837728 309 80 10 10
2.839728 310 80 10 10
2.841728 310 81 10 10
2.843728 310 81 10 10
2.845728 310 81 10 10
2.847728 310 81 10 10
2.849728 311 82 10 10
2.851728 311 82 10 10
2.853728 311 82 10 10
2.855728 311 82 10 10
2.857728 311 83 10 10
2.859728 311 83 10 10
2.861728 311 83 10 10
2.863728 311 83 10 10
2.865728 312 84 10 10
2.867728 312 84 10 10
2.869728 312 84 10 10
2.871728 312 84 10 10
2.873728 312 84 10 10
2.875728 312 85 10 10
2.877728 312 85 10 10
2.879728 312 85 10 10
2.881728 312 85 10 10
2.883728 313 86 10 10
2.885728 313 86 10 10
2.887728 313 87 10 10
2.889728 313 87 10 10
2.891728 313 87 10 10
2.893728 313 88 10 10
2.895728 313 88 10 10
2.897728 313 89 10 10
2.899728 314 89 10 10
2.901728 314 90 10 10
2.903728 314 90 10 10
2.905728 314 90 10 10
2.907728 314 91 10 10
2.909728 314 91 10 10
2.911728 314 92 10 10
2.913728 314 92 10 10
2.915728 315 93 10 10
2.917728 315 93 10 10
2.919728 315 94 10 10
2.921728 316 94 10 10
2.923728 316 95 10 10
2.925728 317 95 10 10
2.927728 317 96 10 10
2.929728 318 96 10 10
2.931728 318 97 10 10
2.933728 319 97 10 10
2.935728 319 98 10 10
2.937728 320 98 10 10
2.939728 320 99 10 10
2.941728 321 100 10 10
2.943728 321 100 10 10
2.945728 322 101 10 10
2.947728 322 101 10 10
2.949728 322 102 10 10
2.951728 322 102 10 10
2.953728 322 103 10 10
2.955728 322 104 10 10
2.957728 321 104 10 10
2.959728 321 105 10 10
2.961728 321 105 10 10
2.963728 321 106 10 10
2.965728 320 107 10 10
2.967728 320 107 10 10
2.969728 320 108 10 10
2.971728 320 108 10 10
2.973728 320 109 10 10
2.975728 319 110 10 10
2.977728 319 110 10 10
2.979728 319 111 10 10
2.981728 319 111 10 10
2.983728 317 111 10 10
2.985728 315 110 10 10
2.987728 313 109 10 10
2.989728 311 108 10 10
2.991728 309 107 10 10
2.993728 307 106 10 10
2.995728 305 105 10 10
2.997728 303 104 10 10
2.999728 301 103 10 10
3.001728 299 102 10 10
3.003728 297 101 10 10
3.005728 295 100 10 10
3.007728 293 99 10 10
3.009728 291 98 10 10
3.011728 289 97 10 10
3.013728 287 96 10 10
3.015728 285 94 9 9
3.017728 284 94 9 9
3.019728 283 94 9 9
3.021728 282 93 9 9
3.023728 280 93 9 9
3.025728 279 93 9 9
3.027728 278 92 9 9
3.029728 277 92 9 9
3.031728 275 92 9 9
3.033728 274 91 9 8
3.035728 273 91 9 8
3.037728 272 91 9 8
3.039728 270 90 9 8
3.041728 269 90 9 8
3.043728 268 89 9 8
3.045728 267 89 9 8
3.047728 265 89 9 8
3.049728 264 88 9 8
3.051728 262 88 9 8
3.053728 260 87 9 8
3.055728 259 87 9 8
3.057728 257 86 9 8
3.059728 255 86 9 8
3.061728 253 85 10 8
3.063728 252 85 10 8
3.065728 250 84 10 9
3.067728 248 83 10 9
3.069728 246 83 10 9
3.071728 245 82 11 9
3.073728 243 82 11 9
3.075728 241 81 11 9
3.077728 240 81 11 9
3.079728 238 80 11 9
3.081728 236 80 11 9
3.083728 235 79 12 10
3.085728 233 79 12 10
3.087728 232 79 12 10
3.089728 230 78 12 10
3.091728 229 78 12 10
3.093728 228 77 12 10
3.095728 226 77 12 10
3.097728 225 77 12 10
3.099728 224 76 12 10
3.101728 222 76 12 10
3.103728 221 76 12 10
3.105728 219 75 12 10
3.107728 218 75 12 10
3.109728 217 75 12 10
3.111728 215 74 12 10
3.113728 214 74 12 10
3.115728 212 73 12 9
3.117728 211 73 12 9
3.119728 210 73 12 9
3.121728 209 73 12 9
3.123728 208 73 11 9
3.125728 207 73 11 8
3.127728 206 72 11 8
3.129728 205 72 10 8
3.131728 203 72 10 8
3.133728 202 72 10 7
3.135728 201 72 9 7
3.137728 200 72 9 7
3.139728 199 71 9 7
3.141728 198 71 9 6
3.143728 197 71 8 6
3.145728 195 71 8 6
3.147728 194 71 8 6
3.149728 193 70 8 6
3.151728 192 70 8 6
3.153728 191 70 8 6
3.155728 189 69 8 6
3.157728 188 69 8 7
3.159728 187 69 8 7
3.161728 186 68 8 7
3.163728 185 68 8 7
3.165728 183 67 9 8
3.167728 182 67 9 8
3.169728 181 67 9 8
3.171728 180 66 9 8
3.173728 179 66 9 8
3.175728 177 66 9 9
3.177728 176 65 9 9
3.179728 175 65 9 9
3.181728 174 65 9 9
3.183728 173 64 10 10
3.185728 172 64 10 10
3.187728 171 64 10 10
3.189728 170 64 10 10
3.191728 169 64 10 10
3.193728 168 63 10 10
3.195728 167 63 10 10
3.197728 166 63 10 10
3.199728 165 63 10 10
3.201728 164 63 10 10
3.203728 163 63 10 10
3.205728 162 62 10 10
3.207728 161 62 10 10
3.209728 160 62 10 10
3.211728 159 62 10 10
3.213728 158 62 10 10
3.215728 156 62 9 9
3.217728 156 62 9 9
3.219728 155 62 9 9
3.221728 154 62 9 9
3.223728 153 62 9 9
3.225728 152 62 9 9
3.227728 151 62 9 8
3.229728 151 62 9 8
3.231728 150 62 9 8
3.233728 149 62 8 8
3.235728 148 62 8 8
3.237728 147 62 8 8
3.239728 146 62 8 7
3.241728 146 62 8 7
3.243728 145 62 8 7
3.245728 144 62 8 7
3.247728 143 62 8 7
3.249728 142 61 8 7
3.251728 141 61 8 7
3.253728 140 61 8 7
3.255728 139 61 8 7
3.257728 138 61 8 7
3.259728 137 61 8 7
3.261728 136 60 9 8
3.263728 135 60 9 8
3.265728 134 60 9 8
3.267728 134 60 9 8
3.269728 133 60 9 8
3.271728 132 59 10 9
3.273728 131 59 10 9
3.275728 130 59 10 9
3.277728 129 59 10 9
3.279728 128 59 10 9
3.281728 127 59 10 9
3.283728 126 58 10 10
3.285728 125 58 10 10
3.287728 124 58 10 10
3.289728 124 58 10 10
3.291728 123 58 10 10
3.293728 122 58 10 10
3.295728 121 58 10 10
3.297728 121 58 10 10
3.299728 120 58 10 10
3.301728 119 58 10 10
3.303728 118 58 10 10
3.305728 117 58 10 10
3.307728 117 58 10 10
3.309728 116 58 10 10
3.311728 115 58 10 10
3.313728 114 58 10 10
3.315728 113 58 10 10
3.317728 113 58 10 10
3.319728 112 58 10 10
3.321728 111 58 10 10
3.323728 111 58 10 10
3.325728 110 58 10 10
3.327728 109 58 10 10
3.329728 108 58 10 10
3.331728 108 58 10 10
3.333728 107 58 10 10
3.335728 106 58 10 10
3.337728 106 58 10 10
3.339728 105 58 10 10
3.341728 104 58 10 10
3.343728 103 58 10 10
3.345728 103 58 10 10
3.347728 102 58 10 10
3.349728 101 58 11 10
3.351728 101 58 11 10
3.353728 100 58 11 10
3.355728 99 58 11 10
3.357728 99 58 11 10
3.359728 98 58 11 10
3.361728 97 58 11 10
3.363728 97 58 11 10
3.365728 96 58 11 10
3.367728 95 58 11 10
3.369728 95 58 11 10
3.371728 94 58 11 10
3.373728 93 58 11 10
3.375728 93 58 11 10
3.377728 92 58 11 10
3.379728 91 58 11 10
3.381728 91 58 11 10
3.383728 90 58 11 10
3.385728 89 58 11 10
3.387728 89 58 11 10
3.389728 88 58 11 10
3.391728 87 58 11 10
3.393728 87 58 11 10
3.395728 86 58 11 10
3.397728 85 58 11 10
3.399728 85 58 11 10
3.401728 84 58 11 10
3.403728 83 58 11 10
3.405728 83 58 11 10
3.407728 82 58 11 10
3.409728 81 58 11 10
3.411728 81 58 11 10
3.413728 80 58 11 10
3.415728 79 59 10 10
3.417728 79 59 10 10
3.419728 78 59 10 10
3.421728 78 59 10 10
3.423728 77 59 10 10
3.425728 77 59 10 10
3.427728 76 59 10 10
3.429728 76 59 10 10
3.431728 75 59 10 10
3.433728 75 59 10 10
3.435728 74 59 10 10
3.437728 74 59 10 10
3.439728 73 59 10 10
3.441728 72 59 10 10
3.443728 72 59 10 10
3.445728 71 59 10 10
3.447728 71 59 10 10
3.449728 70 60 10 10
3.451728 70 60 10 10
3.453728 69 60 10 10
3.455728 69 60 10 10
3.457728 68 60 10 10
3.459728 68 60 10 10
3.461728 67 60 10 10
3.463728 67 60 10 10
3.465728 66 61 10 10
3.467728 65 61 10 10
3.469728 65 61 10 10
3.471728 64 61 10 10
3.473728 64 61 10 10
3.475728 63 61 10 10
3.477728 63 61 10 10
3.479728 62 61 10 10
3.481728 62 61 10 10
3.483728 61 62 10 10
3.485728 61 62 10 10
3.487728 60 62 10 10
3.489728 60 62 10 10
3.491728 59 62 10 10
3.493728 58 62 10 10
3.495728 58 62 10 10
3.497728 57 62 10 10
3.499728 57 62 10 10
3.501728 56 62 10 10
3.503728 56 62 10 10
3.505728 55 62 10 10
3.507728 55 62 10 10
3.509728 54 62 10 10
3.511728 54 62 10 10
3.513728 53 62 10 10
3.515728 52 63 9 9
3.517728 52 63 9 9
3.519728 52 63 9 9
3.521728 51 63 9 9
3.523728 51 63 9 9
3.525728 50 63 9 8
3.527728 50 64 8 8
3.529728 49 64 8 8
3.531728 49 64 8 8
3.533728 48 64 8 7
3.535728 48 64 8 7
3.537728 47 64 8 7
3.539728 47 65 7 7
3.541728 46 65 7 6
3.543728 46 65 7 6
3.545728 45 65 7 6
3.547728 45 65 7 6
3.549728 44 66 7 6
3.551728 44 66 7 6
3.553728 43 66 7 6
3.555728 43 66 7 6
3.557728 42 66 7 7
3.559728 42 66 7 7
3.561728 41 66 8 7
3.563728 41 66 8 7
3.565728 40 67 8 8
3.567728 39 67 8 8
3.569728 39 67 8 8
3.571728 38 67 9 8
3.573728 38 67 9 8
3.575728 37 67 9 9
3.577728 37 67 9 9
3.579728 36 67 9 9
3.581728 36 67 9 9
3.583728 35 68 10 10
3.585728 35 68 10 10
3.587728 34 68 10 10
3.589728 34 68 10 10
3.591728 33 68 10 10
3.593728 33 69 10 10
3.595728 32 69 10 10
3.597728 32 69 10 10
3.599728 31 69 10 10
3.601728 31 69 10 10
3.603728 30 69 10 10
3.605728 30 70 10 10
3.607728 29 70 10 10
3.609728 29 70 10 10
3.611728 28 70 10 10
3.613728 28 70 10 10
3.615728 27 71 10 10
3.617728 27 71 10 10
3.619728 27 71 10 10
3.621728 26 71 10 10
3.623728 26 71 10 10
3.625728 25 71 10 10
3.627728 25 72 10 10
3.629728 25 72 10 10
3.631728 24 72 10 10
3.633728 24 72 10 10
3.635728 23 72 10 10
3.637728 23 72 10 10
3.639728 22 73 10 10
3.641728 22 73 10 10
3.643728 22 73 10 10
3.645728 21 73 10 10
3.647728 21 73 10 10
3.649728 20 74 10 10
3.651728 20 74 10 10
3.653728 20 74 10 10
3.655728 19 74 10 10
3.657728 19 74 10 10
3.659728 18 74 10 10
3.661728 18 75 10 10
3.663728 17 75 10 10
3.665728 17 75 10 10
3.667728 17 75 10 10
3.669728 16 75 10 10
3.671728 16 76 10 10
3.673728 15 76 10 10
3.675728 15 76 10 10
3.677728 14 76 10 10
3.679728 14 76 10 10
3.681728 14 76 10 10
3.683728 13 77 10 10
3.685728 13 77 10 10
3.687728 13 77 10 10
3.689728 12 77 10 10
3.691728 12 78 10 10
3.693728 11 78 10 10
3.695728 11 78 10 10
3.697728 11 78 10 10
3.699728 10 79 10 10
3.701728 10 79 10 10
3.703728 10 79 10 10
3.705728 9 79 10 10
3.707728 9 80 10 10
3.709728 9 80 10 10
3.711728 8 80 10 10
3.713728 8 80 10 10
3.715728 8 80 10 10
3.717728 9 80 10 10
3.719728 11 79 10 10
3.721728 13 79 10 10
3.723728 14 78 10 10
3.725728 16 78 10 10
3.727728 18 77 10 10
3.729728 19 77 10 10
3.731728 21 76 10 10
3.733728 23 76 10 10
3.735728 24 75 10 10
3.737728 26 75 10 10
3.739728 28 74 10 10
3.741728 29 73 10 10
3.743728 31 73 10 10
3.745728 33 72 10 10
3.747728 34 72 10 10
3.749728 36 71 10 10
3.751728 37 71 10 10
3.753728 39 71 10 10
3.755728 40 70 10 10
3.757728 42 70 10 10
3.759728 43 70 10 10
3.761728 45 69 10 10
3.763728 46 69 10 10
3.765728 48 68 10 10
3.767728 49 68 10 10
3.769728 50 68 10 10
3.771728 52 67 10 10
3.773728 53 67 10 10
3.775728 55 67 10 10
3.777728 56 66 10 10
3.779728 58 66 10 10
3.781728 59 66 10 10
3.783728 60 65 11 11
3.785728 62 65 11 11
3.787728 63 64 11 11
3.789728 65 64 11 11
3.791728 66 64 11 11
3.793728 67 63 11 11
3.795728 69 63 11 11
3.797728 70 62 11 11
3.799728 71 62 11 11
3.801728 73 61 11 11
3.803728 74 61 11 11
3.805728 76 61 11 11
3.807728 77 60 11 11
3.809728 78 60 11 11
3.811728 80 59 11 11
3.813728 81 59 11 11
3.815728 83 58 10 10
3.817728 84 58 10 10
3.819728 85 58 10 10
3.821728 87 58 10 9
3.823728 88 58 10 9
3.825728 90 58 10 9
3.827728 91 58 9 8
3.829728 93 58 9 8
3.831728 94 58 9 8
3.833728 95 58 9 7
3.835728 97 58 9 7
3.837728 98 58 9 7
3.839728 100 58 8 6
3.841728 101 58 8 6
3.843728 103 58 8 5
3.845728 104 58 8 5
3.847728 106 58 8 5
3.849728 107 57 8 5
3.851728 108 57 8 5
3.853728 109 57 8 5
3.855728 111 57 8 5
3.857728 112 56 8 5
3.859728 113 56 8 5
3.861728 114 56 8 5
3.863728 115 56 8 5
3.865728 117 55 8 5
3.867728 118 55 8 5
3.869728 119 55 8 5
3.871728 120 55 8 5
3.873728 121 55 8 5
3.875728 123 54 8 5
3.877728 124 54 8 5
3.879728 125 54 8 5
3.881728 126 54 8 5
3.883728 127 53 8 5
3.885728 128 53 8 5
3.887728 129 53 8 5
3.889728 130 53 8 5
3.891728 131 53 8 5
3.893728 132 53 8 5
3.895728 133 53 8 5
3.897728 134 53 8 5
3.899728 135 52 8 5
3.901728 136 52 8 5
3.903728 137 52 8 5
3.905728 138 52 8 5
3.907728 139 52 8 5
3.909728 140 52 8 5
3.911728 141 52 8 5
3.913728 142 52 8 5
3.915728 144 51 8 5
3.917728 144 51 8 5
3.919728 145 51 8 5
3.921728 146 51 8 5
3.923728 147 50 8 6
3.925728 148 50 8 6
3.927728 149 50 8 6
3.929728 149 49 8 7
3.931728 150 49 8 7
3.933728 151 49 9 7
3.935728 152 48 9 8
3.937728 153 48 9 8
3.939728 154 48 9 8
3.941728 154 48 9 8
3.943728 155 47 9 9
3.945728 156 47 9 9
3.947728 157 47 9 9
3.949728 158 46 10 10
3.951728 159 46 10 10
3.953728 160 46 10 10
3.955728 161 46 10 10
3.957728 161 46 10 10
3.959728 162 46 10 10
3.961728 163 46 10 10
3.963728 164 46 10 10
3.965728 165 46 10 10
3.967728 166 46 10 10
3.969728 167 46 10 10
3.971728 168 46 10 10
3.973728 169 46 10 10
3.975728 170 46 10 10
3.977728 170 46 10 10
3.979728 171 46 10 10
3.981728 172 46 10 10
3.983728 173 45 10 10
3.985728 174 45 10 10
3.987728 174 45 10 10
3.989728 175 45 10 10
3.991728 176 45 10 10
3.993728 177 45 10 10
3.995728 177 45 10 10
3.997728 178 45 10 10
3.999728 179 45 10 10
4.001728 179 45 10 10
4.003728 180 45 10 10
4.005728 181 45 10 10
4.007728 182 45 10 10
4.009728 182 45 10 10
4.011728 183 45 10 10
4.013728 184 45 10 10
4.015728 185 45 9 9
4.017728 185 45 9 9
4.019728 186 45 9 9
4.021728 187 45 9 9
4.023728 188 45 9 9
4.025728 188 45 9 9
4.027728 189 45 8 8
4.029728 190 45 8 8
4.031728 191 45 8 8
4.033728 192 46 8 8
4.035728 192 46 8 8
4.037728 193 46 8 8
4.039728 194 46 7 7
4.041728 195 46 7 7
4.043728 195 46 7 7
4.045728 196 46 7 7
4.047728 197 46 7 7
4.049728 198 46 7 7
4.051728 198 46 7 7
4.053728 199 46 7 7
4.055728 200 46 7 7
4.057728 200 46 7 7
4.059728 201 46 7 7
4.061728 202 46 8 8
4.063728 202 46 8 8
4.065728 203 46 8 8
4.067728 204 46 8 8
4.069728 204 46 8 8
4.071728 205 46 9 9
4.073728 206 46 9 9
4.075728 206 46 9 9
4.077728 207 46 9 9
4.079728 208 46 9 9
4.081728 208 46 9 9
4.083728 209 46 10 10
4.085728 209 46 10 10
4.087728 210 46 10 10
4.089728 210 46 10 10
4.091728 211 46 10 10
4.093728 212 46 10 10
4.095728 212 46 10 10
4.097728 213 46 10 10
4.099728 213 46 10 10
4.101728 214 46 10 10
4.103728 214 46 10 10
4.105728 215 46 10 10
4.107728 215 46 10 10
4.109728 216 46 10 10
4.111728 216 46 10 10
4.113728 217 46 10 10
4.115728 218 47 10 10
4.117728 218 47 10 10
4.119728 219 47 10 10
4.121728 219 47 10 10
4.123728 220 47 10 10
4.125728 221 47 10 10
4.127728 221 47 10 10
4.129728 222 47 10 10
4.131728 223 47 10 10
4.133728 223 47 10 10
4.135728 224 47 10 10
4.137728 225 47 10 10
4.139728 225 47 10 10
4.141728 226 47 10 10
4.143728 227 47 10 10
4.145728 227 47 10 10
4.147728 228 47 10 10
4.149728 229 48 10 10
4.151728 229 48 10 10
4.153728 230 48 10 10
4.155728 230 48 10 10
4.157728 231 48 10 10
4.159728 231 48 10 10
4.161728 232 48 10 10
4.163728 232 48 10 10
4.165728 233 48 10 10
4.167728 233 48 10 10
4.169728 233 48 10 10
4.171728 234 48 10 10
4.173728 234 48 10 10
4.175728 235 48 10 10
4.177728 235 48 10 10
4.179728 236 48 10 10
4.181728 236 48 10 10
4.183728 237 49 10 10
4.185728 237 49 10 10
4.187728 238 49 10 10
4.189728 238 49 10 10
4.191728 239 49 10 10
4.193728 239 49 10 10
4.195728 240 49 10 10
4.197728 240 49 10 10
4.199728 241 50 10 10
4.201728 241 50 10 10
4.203728 242 50 10 10
4.205728 242 50 10 10
4.207728 243 50 10 10
4.209728 243 50 10 10
4.211728 244 50 10 10
4.213728 244 50 10 10
4.215728 245 51 10 10
4.217728 245 51 10 10
4.219728 246 51 10 10
4.221728 246 51 10 10
4.223728 247 51 10 10
4.225728 247 51 10 10
4.227728 248 51 10 10
4.229728 248 51 10 10
4.231728 249 51 10 10
4.233728 249 52 10 10
4.235728 250 52 10 10
4.237728 250 52 10 10
4.239728 251 52 10 10
4.241728 252 52 10 10
4.243728 252 52 10 10
4.245728 253 52 10 10
4.247728 253 52 10 10
4.249728 254 53 10 10
4.251728 254 53 10 10
4.253728 254 53 10 10
4.255728 254 53 10 10
4.257728 254 53 10 10
4.259728 254 53 10 10
4.261728 254 53 10 10
4.263728 254 53 10 10
4.265728 254 54 10 10
4.267728 254 54 10 10
4.269728 254 54 10 10
4.271728 254 54 10 10
4.273728 254 54 10 10
4.275728 254 54 10 10
4.277728 254 54 10 10
4.279728 254 54 10 10
4.281728 254 54 10 10
4.283728 255 55 10 10
4.285728 256 55 10 10
4.287728 257 55 10 10
4.289728 258 56 10 10
4.291728 258 56 10 10
4.293728 259 56 10 10
4.295728 260 57 10 10
4.297728 261 57 10 10
4.299728 262 57 10 10
4.301728 263 57 10 10
4.303728 263 58 10 10
4.305728 264 58 10 10
4.307728 265 58 10 10
4.309728 266 59 10 10
4.311728 267 59 10 10
4.313728 268 59 10 10
4.315728 269 60 10 10
4.317728 269 60 10 10
4.319728 269 60 10 10
4.321728 270 60 10 10
4.323728 270 60 10 10
4.325728 270 60 10 10
4.327728 271 60 10 10
4.329728 271 60 10 10
4.331728 271 60 10 10
4.333728 272 61 10 10
4.335728 272 61 10 10
4.337728 272 61 10 10
4.339728 273 61 10 10
4.341728 273 61 10 10
4.343728 274 61 10 10
4.345728 274 61 10 10
4.347728 274 61 10 10
4.349728 275 62 9 9
4.351728 275 62 9 9
4.353728 276 62 9 9
4.355728 276 63 9 9
4.357728 277 63 8 8
4.359728 277 63 8 8
4.361728 278 63 8 8
4.363728 278 64 8 8
4.365728 279 64 7 7
4.367728 279 64 7 7
4.369728 279 65 7 7
4.371728 280 65 7 7
4.373728 280 65 7 7
4.375728 281 66 6 6
4.377728 281 66 6 6
4.379728 282 66 6 6
4.381728 282 66 6 6
4.383728 283 67 6 6
4.385728 283 67 6 6
4.387728 283 67 6 6
4.389728 284 67 6 6
4.391728 284 67 7 7
4.393728 284 67 7 7
4.395728 285 67 7 7
4.397728 285 67 7 7
4.399728 285 68 8 8
4.401728 285 68 8 8
4.403728 286 68 8 8
4.405728 286 68 8 8
4.407728 286 68 9 9
4.409728 287 68 9 9
4.411728 287 68 9 9
4.413728 287 68 9 9
4.415728 288 69 10 10
4.417728 288 69 10 10
4.419728 288 69 10 10
4.421728 288 69 10 10
4.423728 289 69 10 10
4.425728 289 70 10 10
4.427728 289 70 10 10
4.429728 290 70 10 10
4.431728 290 70 10 10
4.433728 290 71 10 10
4.435728 291 71 10 10
4.437728 291 71 10 10
4.439728 291 71 10 10
4.441728 291 72 10 10
4.443728 292 72 10 10
4.445728 292 72 10 10
4.447728 292 72 10 10
4.449728 293 73 9 9
4.451728 293 73 9 9
4.453728 294 73 9 9
4.455728 294 74 9 9
4.457728 295 74 8 9
4.459728 295 74 8 9
4.461728 296 74 8 8
4.463728 296 75 8 8
4.465728 297 75 7 8
4.467728 297 75 7 8
4.469728 297 76 7 8
4.471728 298 76 7 7
4.473728 298 76 7 7
4.475728 299 77 6 7
4.477728 299 77 6 7
4.479728 300 77 6 7
4.481728 300 77 6 7
4.483728 301 78 6 7
4.485728 301 78 6 7
4.487728 301 78 6 7
4.489728 301 78 6 7
4.491728 301 78 7 7
4.493728 302 79 7 8
4.495728 302 79 7 8
4.497728 302 79 7 8
4.499728 302 79 8 8
4.501728 302 79 8 8
4.503728 302 79 8 8
4.505728 303 80 8 9
4.507728 303 80 9 9
4.509728 303 80 9 9
4.511728 303 80 9 9
4.513728 303 80 9 9
4.515728 304 81 10 10
4.517728 304 81 10 10
4.519728 304 81 10 10
4.521728 304 81 10 10
4.523728 304 81 10 10
4.525728 305 82 10 10
4.527728 305 82 10 10
4.529728 305 82 10 10
4.531728 305 82 10 10
4.533728 306 83 10 10
4.535728 306 83 10 10
4.537728 306 83 10 10
4.539728 306 83 10 10
4.541728 307 84 10 10
4.543728 307 84 10 10
4.545728 307 84 10 10
4.547728 307 84 10 10
4.549728 308 85 10 10
4.551728 308 85 10 10
4.553728 308 85 10 10
4.555728 309 86 10 10
4.557728 309 86 10 10
4.559728 310 86 10 10
4.561728 310 87 10 10
4.563728 311 87 10 10
4.565728 311 88 10 10
4.567728 311 88 10 10
4.569728 312 88 10 10
4.571728 312 89 10 10
4.573728 313 89 10 10
4.575728 313 89 10 10
4.577728 314 90 10 10
4.579728 314 90 10 10
4.581728 314 90 10 10
4.583728 315 91 10 10
4.585728 315 91 10 10
4.587728 315 91 10 10
4.589728 315 91 10 10
4.591728 315 91 10 10
4.593728 315 91 10 10
4.595728 315 91 10 10
4.597728 315 91 10 10
4.599728 315 91 10 10
4.601728 315 91 10 10
4.603728 315 91 10 10
4.605728 315 91 10 10
4.607728 315 91 10 10
4.609728 315 91 10 10
4.611728 315 91 10 10
4.613728 315 91 10 10
4.615728 315 91 10 10
4.617728 315 91 10 10
4.619728 315 92 10 10
4.621728 315 92 10 10
4.623728 315 93 10 10
4.625728 315 93 10 10
4.627728 315 94 10 10
4.629728 315 94 10 10
4.631728 315 95 10 10
4.633728 316 95 10 10
4.635728 316 96 10 10
4.637728 316 96 10 10
4.639728 316 97 10 10
4.641728 316 98 10 10
4.643728 316 98 10 10
4.645728 316 99 10 10
4.647728 316 99 10 10
4.649728 316 99 10 10
4.651728 314 98 10 10
4.653728 313 96 10 10
4.655728 311 95 10 10
4.657728 310 93 10 10
4.659728 308 92 10 10
4.661728 307 90 10 10
4.663728 305 89 10 10
4.665728 303 87 10 10
4.667728 302 86 10 10
4.669728 300 85 10 10
4.671728 299 83 10 10
4.673728 297 82 10 10
4.675728 296 80 10 10
4.677728 294 79 10 10
4.679728 293 77 10 10
4.681728 291 76 10 10
4.683728 289 75 10 10
4.685728 288 73 10 10
4.687728 286 72 10 10
4.689728 285 71 10 10
4.691728 283 70 10 10
4.693728 281 68 10 10
4.695728 280 67 10 10
4.697728 278 66 10 10
4.699728 276 65 10 10
4.701728 275 63 10 10
4.703728 273 62 10 10
4.705728 272 61 10 10
4.707728 270 60 10 10
4.709728 268 58 10 10
4.711728 267 57 10 10
4.713728 265 56 10 10
4.715728 263 54 9 9
4.717728 262 54 9 9
4.719728 261 53 9 9
4.721728 260 52 9 9
4.723728 258 51 9 9
4.725728 257 50 9 9
4.727728 256 49 9 9
4.729728 254 49 9 9
4.731728 253 48 9 9
4.733728 252 47 8 9
4.735728 250 46 8 9
4.737728 249 45 8 9
4.739728 248 44 8 9
4.741728 246 44 8 9
4.743728 245 43 8 9
4.745728 244 42 8 9
4.747728 242 41 8 9
4.749728 241 40 8 8
4.751728 240 39 8 8
4.753728 238 39 8 8
4.755728 237 38 8 8
4.757728 236 37 8 8
4.759728 234 36 8 8
4.761728 233 36 8 8
4.763728 232 35 8 8
4.765728 230 34 8 8
4.767728 229 33 8 8
4.769728 228 32 8 8
4.771728 227 32 8 8
4.773728 225 31 8 8
4.775728 224 30 8 8
4.777728 223 29 8 8
4.779728 221 29 8 8
4.781728 220 28 8 8
