0.020764 51 118 7 6
0.022764 51 117 7 6
0.024764 52 116 7 6
0.026764 52 116 7 6
0.028764 53 115 7 6
0.030764 53 115 7 7
0.032764 54 114 8 7
0.034764 54 114 8 7
0.036764 55 113 8 7
0.038764 55 113 8 8
0.040764 56 112 8 8
0.042764 56 112 8 8
0.044764 57 111 9 8
0.046764 58 110 9 9
0.048764 58 110 9 9
0.050764 59 109 9 9
0.052764 59 109 9 9
0.054764 60 108 10 10
0.056764 61 108 10 10
0.058764 62 107 10 10
0.060764 63 107 10 10
0.062764 64 106 10 10
0.064764 65 106 10 10
0.066764 66 105 10 10
0.068764 67 105 10 10
0.070764 68 104 10 10
0.072764 68 103 10 10
0.074764 69 103 10 10
0.076764 70 102 10 10
0.078764 71 102 10 10
0.080764 72 101 10 10
0.082764 73 101 10 10
0.084764 74 100 10 10
0.086764 75 100 10 10
0.088764 76 99 10 10
0.090764 76 99 10 10
0.092764 77 99 10 10
0.094764 77 99 10 10
0.096764 78 98 10 10
0.098764 79 98 10 10
0.100764 79 98 10 10
0.102764 80 98 10 10
0.104764 80 97 10 10
0.106764 81 97 10 10
0.108764 81 97 10 10
0.110764 82 97 10 10
0.112764 82 96 10 10
0.114764 83 96 10 10
0.116764 83 96 10 10
0.118764 84 96 10 10
0.120764 85 95 10 10
0.122764 85 95 10 10
0.124764 86 95 10 10
0.126764 86 94 10 10
0.128764 87 94 10 10
0.130764 88 94 10 10
0.132764 88 93 10 10
0.134764 89 93 10 10
0.136764 90 93 10 10
0.138764 90 92 10 10
0.140764 91 92 10 10
0.142764 92 92 10 10
0.144764 92 91 10 10
0.146764 93 91 10 10
0.148764 94 90 10 10
0.150764 94 90 10 10
0.152764 95 90 10 10
0.154764 96 89 10 10
0.156764 96 89 10 10
0.158764 97 89 10 10
0.160764 97 89 10 10
0.162764 98 88 10 10
0.164764 98 88 10 10
0.166764 99 88 10 10
0.168764 99 88 10 10
0.170764 100 87 10 10
0.172764 101 87 10 10
0.174764 101 87 10 10
0.176764 102 87 10 10
0.178764 102 87 10 10
0.180764 103 86 10 10
0.182764 103 86 10 10
0.184764 104 86 10 10
0.186764 104 86 10 10
0.188764 105 85 10 10
0.190764 105 85 10 10
0.192764 106 85 10 10
0.194764 106 85 10 10
0.196764 107 85 10 10
0.198764 108 84 10 10
0.200764 108 84 10 10
0.202764 109 84 10 10
0.204764 109 84 10 10
0.206764 110 84 10 10
0.208764 110 84 10 10
0.210764 111 83 10 10
0.212764 111 83 10 10
0.214764 112 83 10 10
0.216764 112 83 10 10
0.218764 113 83 10 10
0.220764 114 82 10 10
0.222764 114 82 10 10
0.224764 114 82 10 10
0.226764 114 82 10 10
0.228764 114 82 10 10
0.230764 115 82 10 10
0.232764 115 81 10 10
0.234764 115 81 10 10
0.236764 115 81 10 10
0.238764 116 81 10 10
0.240764 116 81 10 10
0.242764 116 81 10 10
0.244764 116 80 10 10
0.246764 117 80 10 10
0.248764 117 80 10 10
0.250764 117 80 10 10
0.252764 117 80 10 10
0.254764 118 79 10 10
0.256764 119 79 10 10
0.258764 119 79 10 10
0.260764 120 79 10 10
0.262764 121 79 10 10
0.264764 122 79 10 10
0.266764 122 78 10 10
0.268764 123 78 10 10
0.270764 124 78 10 10
0.272764 125 78 10 10
0.274764 126 78 10 10
0.276764 126 77 10 10
0.278764 127 77 10 10
0.280764 128 77 10 10
0.282764 129 77 10 10
0.284764 129 77 10 10
0.286764 130 77 10 10
0.288764 131 76 10 10
0.290764 131 76 10 10
0.292764 132 76 10 10
0.294764 132 76 10 10
0.296764 132 76 10 10
0.298764 133 76 10 10
0.300764 133 76 10 10
0.302764 134 76 10 10
0.304764 134 76 10 10
0.306764 135 76 10 10
0.308764 135 76 10 10
0.310764 135 76 10 10
0.312764 136 76 10 10
0.314764 136 76 10 10
0.316764 137 76 10 10
0.318764 137 76 10 10
0.320764 138 75 10 10
0.322764 138 75 10 10
0.324764 138 75 10 10
0.326764 139 75 10 10
0.328764 139 75 10 10
0.330764 140 75 10 10
0.332764 140 75 10 10
0.334764 140 75 10 10
0.336764 141 75 10 10
0.338764 141 74 10 10
0.340764 142 74 10 10
0.342764 142 74 10 10
0.344764 143 74 10 10
0.346764 143 74 10 10
0.348764 143 74 10 10
0.350764 144 74 10 10
0.352764 144 74 10 10
0.354764 145 74 10 10
0.356764 145 74 10 10
0.358764 146 74 10 10
0.360764 146 74 10 10
0.362764 147 74 10 10
0.364764 147 74 10 10
0.366764 148 74 10 10
0.368764 148 74 10 10
0.370764 149 74 10 10
0.372764 149 74 10 10
0.374764 149 74 10 10
0.376764 150 74 10 10
0.378764 150 74 10 10
0.380764 151 74 10 10
0.382764 151 74 10 10
0.384764 152 74 10 10
0.386764 152 74 10 10
0.388764 153 73 10 10
0.390764 153 73 10 10
0.392764 153 73 10 10
0.394764 153 73 10 10
0.396764 154 73 10 10
0.398764 154 73 10 10
0.400764 154 73 10 10
0.402764 154 73 10 10
0.404764 155 73 10 10
0.406764 155 73 10 10
0.408764 155 73 10 10
0.410764 155 73 10 10
0.412764 156 73 10 10
0.414764 156 73 10 10
0.416764 156 73 10 10
0.418764 156 73 10 10
0.420764 157 73 10 10
0.422764 157 73 10 10
0.424764 157 73 10 10
0.426764 158 73 10 10
0.428764 158 73 10 10
0.430764 159 73 10 10
0.432764 159 73 10 10
0.434764 160 73 10 10
0.436764 160 73 10 10
0.438764 161 73 10 10
0.440764 161 73 10 10
0.442764 162 73 10 10
0.444764 162 73 10 10
0.446764 163 73 10 10
0.448764 163 73 10 10
0.450764 164 73 10 10
0.452764 164 73 10 10
0.454764 165 73 10 9
0.456764 165 73 10 9
0.458764 165 73 10 9
0.460764 165 73 10 9
0.462764 166 73 10 9
0.464764 166 73 10 9
0.466764 166 73 10 9
0.468764 166 73 10 9
0.470764 167 73 10 8
0.472764 167 73 10 8
0.474764 167 73 10 8
0.476764 167 73 10 8
0.478764 167 73 10 8
0.480764 168 73 10 8
0.482764 168 73 10 8
0.484764 168 73 10 8
0.486764 168 73 10 8
0.488764 169 73 10 8
0.490764 169 73 10 8
0.492764 170 73 10 8
0.494764 170 73 10 8
0.496764 171 73 10 8
0.498764 171 73 10 8
0.500764 172 73 10 8
0.502764 172 73 10 8
0.504764 173 73 10 9
0.506764 173 73 10 9
0.508764 174 73 10 9
0.510764 174 73 10 9
0.512764 175 73 10 9
0.514764 175 73 10 9
0.516764 176 73 10 9
0.518764 176 73 10 9
0.520764 177 73 10 10
0.522764 177 73 10 10
0.524764 177 73 10 10
0.526764 177 73 10 10
0.528764 177 73 10 10
0.530764 178 73 10 10
0.532764 178 73 10 10
0.534764 178 73 10 10
0.536764 178 73 10 10
0.538764 179 74 10 10
0.540764 179 74 10 10
0.542764 179 74 10 10
0.544764 179 74 10 10
0.546764 180 74 10 10
0.548764 180 74 10 10
0.550764 180 74 10 10
0.552764 180 74 10 10
0.554764 181 75 10 10
0.556764 181 75 10 10
0.558764 181 75 10 10
0.560764 182 75 10 10
0.562764 182 75 10 10
0.564764 183 75 10 10
0.566764 183 75 10 10
0.568764 184 75 10 10
0.570764 184 75 10 10
0.572764 184 75 10 10
0.574764 185 75 10 10
0.576764 185 75 10 10
0.578764 186 75 10 10
0.580764 186 75 10 10
0.582764 187 75 10 10
0.584764 187 75 10 10
0.586764 187 75 10 10
0.588764 188 76 10 10
0.590764 188 76 10 10
0.592764 188 76 10 10
0.594764 188 76 10 10
0.596764 189 76 10 10
0.598764 189 77 10 10
0.600764 189 77 10 10
0.602764 189 77 10 10
0.604764 190 77 10 10
0.606764 190 77 10 10
0.608764 190 77 10 10
0.610764 190 78 10 10
0.612764 191 78 10 10
0.614764 191 78 10 10
0.616764 191 78 10 10
0.618764 191 78 10 10
0.620764 192 79 10 10
0.622764 192 79 10 10
0.624764 192 79 10 10
0.626764 193 79 10 10
0.628764 193 79 10 10
0.630764 193 79 10 10
0.632764 194 79 10 10
0.634764 194 79 10 10
0.636764 194 79 10 10
0.638764 195 80 10 10
0.640764 195 80 10 10
0.642764 195 80 10 10
0.644764 196 80 10 10
0.646764 196 80 10 10
0.648764 197 80 10 10
0.650764 197 80 10 10
0.652764 197 80 10 10
0.654764 198 81 10 10
0.656764 198 81 10 10
0.658764 198 81 10 10
0.660764 199 81 10 10
0.662764 199 81 10 10
0.664764 199 81 10 10
0.666764 199 81 10 10
0.668764 200 81 10 10
0.670764 200 82 10 10
0.672764 200 82 10 10
0.674764 201 82 10 10
0.676764 201 82 10 10
0.678764 201 82 10 10
0.680764 202 82 10 10
0.682764 202 82 10 10
0.684764 202 82 10 10
0.686764 202 82 10 10
0.688764 203 83 10 10
0.690764 203 83 10 10
0.692764 203 83 10 10
0.694764 204 83 10 10
0.696764 204 83 10 10
0.698764 204 84 10 10
0.700764 205 84 10 10
0.702764 205 84 10 10
0.704764 205 84 10 10
0.706764 205 84 10 10
0.708764 206 84 10 10
0.710764 206 85 10 10
0.712764 206 85 10 10
0.714764 207 85 10 10
0.716764 207 85 10 10
0.718764 207 85 10 10
0.720764 208 86 10 10
0.722764 208 86 10 10
0.724764 208 86 10 10
0.726764 208 86 10 10
0.728764 208 86 10 10
0.730764 208 86 10 10
0.732764 208 86 10 10
0.734764 208 86 10 10
0.736764 208 86 10 10
0.738764 208 86 10 10
0.740764 208 86 10 10
0.742764 208 86 10 10
0.744764 208 86 10 10
0.746764 208 86 10 10
0.748764 208 86 10 10
0.750764 208 86 10 10
0.752764 208 86 10 10
0.754764 208 87 10 10
0.756764 208 87 10 10
0.758764 209 87 10 10
0.760764 209 88 10 10
0.762764 210 88 10 10
0.764764 210 88 10 10
0.766764 211 89 10 10
0.768764 211 89 10 10
0.770764 212 90 10 10
0.772764 213 90 10 10
0.774764 213 90 10 10
0.776764 214 91 10 10
0.778764 214 91 10 10
0.780764 215 91 10 10
0.782764 215 92 10 10
0.784764 216 92 10 10
0.786764 216 92 10 10
0.788764 217 93 10 10
0.790764 217 93 10 10
0.792764 217 93 10 10
0.794764 217 93 10 10
0.796764 218 93 10 10
0.798764 218 94 10 10
0.800764 218 94 10 10
0.802764 218 94 10 10
0.804764 219 94 10 10
0.806764 219 94 10 10
0.808764 219 94 10 10
0.810764 219 95 10 10
0.812764 220 95 10 10
0.814764 220 95 10 10
0.816764 220 95 10 10
0.818764 220 95 10 10
0.820764 221 96 10 10
0.822764 221 96 10 10
0.824764 221 96 10 10
0.826764 221 96 10 10
0.828764 221 96 10 10
0.830764 221 96 10 10
0.832764 221 96 10 10
0.834764 221 96 10 10
0.836764 221 96 10 10
0.838764 222 97 10 10
0.840764 222 97 10 10
0.842764 222 97 10 10
0.844764 222 97 10 10
0.846764 222 97 10 10
0.848764 222 97 10 10
0.850764 222 97 10 10
0.852764 222 97 10 10
0.854764 223 98 10 10
0.856764 223 98 10 10
0.858764 223 98 10 10
0.860764 224 99 10 10
0.862764 224 99 10 10
0.864764 225 100 10 10
0.866764 225 100 10 10
0.868764 226 101 10 10
0.870764 226 101 10 10
0.872764 226 101 10 10
0.874764 227 102 10 10
0.876764 227 102 10 10
0.878764 228 103 10 10
0.880764 228 103 10 10
0.882764 229 104 10 10
0.884764 229 104 10 10
0.886764 229 104 10 10
0.888764 230 105 10 10
0.890764 230 105 10 10
0.892764 230 105 10 10
0.894764 230 105 10 10
0.896764 230 105 10 10
0.898764 230 106 10 10
0.900764 230 106 10 10
0.902764 230 106 10 10
0.904764 231 106 10 10
0.906764 231 106 10 10
0.908764 231 106 10 10
0.910764 231 107 10 10
0.912764 231 107 10 10
0.914764 231 107 10 10
0.916764 231 107 10 10
0.918764 231 107 10 10
0.920764 232 108 10 10
0.922764 232 108 10 10
0.924764 232 108 10 10
0.926764 232 108 10 10
0.928764 232 109 10 10
0.930764 233 109 10 10
0.932764 233 109 10 10
0.934764 233 110 10 10
0.936764 233 110 10 10
0.938764 234 110 10 10
0.940764 234 111 10 10
0.942764 234 111 10 10
0.944764 234 111 10 10
0.946764 235 111 10 10
0.948764 235 112 10 10
0.950764 235 112 10 10
0.952764 235 112 10 10
0.954764 236 113 10 10
0.956764 236 113 10 10
0.958764 236 113 10 10
0.960764 236 114 10 10
0.962764 236 114 10 10
0.964764 236 114 10 10
0.966764 237 114 10 10
0.968764 237 115 10 10
0.970764 237 115 10 10
0.972764 237 115 10 10
0.974764 237 116 10 10
0.976764 238 116 10 10
0.978764 238 116 10 10
0.980764 238 117 10 10
0.982764 238 117 10 10
0.984764 238 117 10 10
0.986764 238 117 10 10
0.988764 239 118 10 10
0.990764 239 118 10 10
0.992764 239 118 10 10
0.994764 239 118 10 10
0.996764 240 119 10 10
0.998764 240 119 10 10
1.000764 240 119 10 10
1.002764 240 119 10 10
1.004764 241 120 10 10
1.006764 241 120 10 10
1.008764 241 120 10 10
1.010764 241 120 10 10
1.012764 242 121 10 10
1.014764 242 121 10 10
1.016764 242 121 10 10
1.018764 242 121 10 10
1.020764 243 122 10 10
1.022764 243 122 10 10
1.024764 243 122 10 10
1.026764 244 122 10 10
1.028764 244 123 10 10
1.030764 245 123 10 10
1.032764 245 123 10 10
1.034764 245 124 10 10
1.036764 246 124 10 10
1.038764 246 124 10 10
1.040764 247 125 10 10
1.042764 247 125 10 10
1.044764 248 125 10 10
1.046764 248 125 10 10
1.048764 248 126 10 10
1.050764 249 126 10 10
1.052764 249 126 10 10
1.054764 250 127 10 10
1.056764 250 127 10 10
1.058764 250 128 10 10
1.060764 250 129 10 10
1.062764 250 129 10 10
1.064764 250 130 10 10
1.066764 250 131 10 10
1.068764 250 131 10 10
1.070764 250 132 10 10
1.072764 250 133 10 10
1.074764 250 133 10 10
1.076764 250 134 10 10
1.078764 250 135 10 10
1.080764 250 135 10 10
1.082764 250 136 10 10
1.084764 250 137 10 10
1.086764 250 137 10 10
1.088764 250 138 10 10
1.090764 250 138 10 10
1.092764 250 139 10 10
1.094764 251 139 10 10
1.096764 251 139 10 10
1.098764 251 140 10 10
1.100764 252 140 10 10
1.102764 252 141 10 10
1.104764 252 141 10 10
1.106764 252 142 10 10
1.108764 253 142 10 10
1.110764 253 142 10 10
1.112764 253 143 10 10
1.114764 254 143 10 10
1.116764 254 144 10 10
1.118764 254 144 10 10
1.120764 255 145 9 9
1.122764 255 145 9 9
1.124764 255 145 9 9
1.126764 255 145 9 9
1.128764 255 146 8 9
1.130764 255 146 8 9
1.132764 256 146 8 8
1.134764 256 147 7 8
1.136764 256 147 7 8
1.138764 256 147 7 8
1.140764 256 148 6 8
1.142764 256 148 6 8
1.144764 257 148 6 7
1.146764 257 148 6 7
1.148764 257 149 5 7
1.150764 257 149 5 7
1.152764 257 149 5 7
1.154764 258 150 5 7
1.156764 258 150 5 7
1.158764 258 150 5 7
1.160764 258 151 6 7
1.162764 258 151 6 7
1.164764 258 151 6 7
1.166764 258 152 6 8
1.168764 258 152 7 8
1.170764 259 153 7 8
1.172764 259 153 7 8
1.174764 259 153 8 8
1.176764 259 154 8 9
1.178764 259 154 8 9
1.180764 259 154 9 9
1.182764 259 155 9 9
1.184764 259 155 9 9
1.186764 259 155 9 9
1.188764 260 156 9 9
1.190764 260 156 9 9
1.192764 260 157 9 9
1.194764 260 157 8 9
1.196764 261 157 8 9
1.198764 261 158 8 8
1.200764 261 158 7 8
1.202764 261 159 7 8
1.204764 262 159 7 8
1.206764 262 160 7 8
1.208764 262 160 6 8
1.210764 262 160 6 7
1.212764 263 161 6 7
1.214764 263 161 5 7
1.216764 263 162 5 7
1.218764 263 162 5 7
1.220764 264 163 5 7
1.222764 264 163 5 7
1.224764 264 163 5 7
1.226764 264 164 5 7
1.228764 264 164 6 7
1.230764 264 164 6 7
1.232764 264 165 6 8
1.234764 264 165 7 8
1.236764 264 165 7 8
1.238764 264 166 7 8
1.240764 264 166 8 8
1.242764 264 166 8 8
1.244764 264 167 8 9
1.246764 264 167 8 9
1.248764 264 168 9 9
1.250764 264 168 9 9
1.252764 264 168 9 9
1.254764 264 169 10 10
1.256764 264 169 10 10
1.258764 264 169 10 10
1.260764 264 169 10 10
1.262764 264 170 10 10
1.264764 264 170 10 10
1.266764 264 170 10 10
1.268764 264 170 10 10
1.270764 264 171 10 10
1.272764 264 171 10 10
1.274764 264 171 10 10
1.276764 264 171 10 10
1.278764 264 171 10 10
1.280764 264 172 10 10
1.282764 264 172 10 10
1.284764 264 172 10 10
1.286764 264 172 10 10
1.288764 263 172 10 10
1.290764 262 171 10 10
1.292764 260 170 10 10
1.294764 259 169 10 10
1.296764 257 168 10 10
1.298764 256 167 10 10
1.300764 254 166 10 10
1.302764 253 165 10 10
1.304764 251 164 11 10
1.306764 250 163 11 10
1.308764 248 162 11 10
1.310764 247 161 11 10
1.312764 245 160 11 10
1.314764 244 159 11 10
1.316764 242 158 11 10
1.318764 241 157 11 10
1.320764 239 156 11 10
1.322764 239 156 11 10
1.324764 238 155 11 10
1.326764 238 154 11 10
1.328764 237 154 11 10
1.330764 236 153 11 10
1.332764 236 152 11 10
1.334764 235 151 11 10
1.336764 234 151 11 10
1.338764 234 150 11 10
1.340764 233 149 11 10
1.342764 232 149 11 10
1.344764 232 148 11 10
1.346764 231 147 11 10
1.348764 230 146 11 10
1.350764 230 146 11 10
1.352764 229 145 11 10
1.354764 228 144 11 9
1.356764 226 143 11 9
1.358764 225 142 11 9
1.360764 223 141 11 9
1.362764 222 140 11 9
1.364764 220 139 11 9
1.366764 219 138 11 9
1.368764 217 137 11 9
1.370764 216 136 12 9
1.372764 214 136 12 9
1.374764 213 135 12 9
1.376764 211 134 12 9
1.378764 210 133 12 9
1.380764 208 132 12 9
1.382764 207 131 12 9
1.384764 205 130 12 9
1.386764 204 129 12 9
1.388764 203 128 13 9
1.390764 202 128 13 9
1.392764 201 127 13 9
1.394764 200 127 13 9
1.396764 199 126 13 9
1.398764 198 126 13 9
1.400764 197 125 13 9
1.402764 196 125 13 9
1.404764 195 124 13 9
1.406764 194 124 13 9
1.408764 193 123 13 9
1.410764 192 123 13 9
1.412764 191 122 13 9
1.414764 190 122 13 9
1.416764 189 121 13 9
1.418764 188 121 13 9
1.420764 187 120 12 8
1.422764 187 120 12 8
1.424764 186 120 12 8
1.426764 186 119 11 8
1.428764 185 119 11 8
1.430764 184 118 11 8
1.432764 184 118 10 8
1.434764 183 118 10 8
1.436764 183 117 10 8
1.438764 182 117 9 7
1.440764 181 116 9 7
1.442764 181 116 9 7
1.444764 180 115 8 7
1.446764 180 115 8 7
1.448764 179 115 7 7
1.450764 178 114 7 7
1.452764 178 114 7 7
1.454764 177 113 7 7
1.456764 176 113 7 7
1.458764 175 112 7 7
1.460764 174 112 7 7
1.462764 174 111 8 7
1.464764 173 111 8 7
1.466764 172 110 8 8
1.468764 171 110 8 8
1.470764 170 109 9 8
1.472764 169 109 9 8
1.474764 168 109 9 8
1.476764 167 108 9 9
1.478764 166 108 9 9
1.480764 165 107 10 9
1.482764 165 107 10 9
1.484764 164 106 10 9
1.486764 163 106 10 9
1.488764 162 105 11 10
1.490764 161 105 11 10
1.492764 161 104 11 10
1.494764 160 104 11 10
1.496764 159 104 11 10
1.498764 159 103 11 10
1.500764 158 103 11 10
1.502764 157 102 11 10
1.504764 157 102 11 10
1.506764 156 101 11 10
1.508764 155 101 11 10
1.510764 155 101 11 10
1.512764 154 100 11 10
1.514764 153 100 11 10
1.516764 153 99 11 10
1.518764 152 99 11 10
1.520764 151 98 12 10
1.522764 151 98 12 10
1.524764 150 98 12 10
1.526764 150 98 12 10
1.528764 149 98 12 10
1.530764 148 97 12 10
1.532764 148 97 12 10
1.534764 147 97 12 10
1.536764 147 97 12 10
1.538764 146 96 13 10
1.540764 145 96 13 10
1.542764 145 96 13 10
1.544764 144 96 13 10
1.546764 144 95 13 10
1.548764 143 95 13 10
1.550764 142 95 13 10
1.552764 142 95 13 10
1.554764 141 94 13 10
1.556764 141 94 13 10
1.558764 140 94 13 10
1.560764 139 94 13 10
1.562764 139 93 12 10
1.564764 138 93 12 10
1.566764 138 93 12 10
1.568764 137 93 12 10
1.570764 136 92 11 10
1.572764 136 92 11 10
1.574764 135 92 11 10
1.576764 135 92 11 10
1.578764 134 92 11 10
1.580764 133 91 10 10
1.582764 133 91 10 10
1.584764 132 91 10 10
1.586764 132 91 10 10
1.588764 131 90 10 10
1.590764 130 90 10 10
1.592764 130 90 10 10
1.594764 129 89 10 10
1.596764 128 89 10 10
1.598764 128 88 11 10
1.600764 127 88 11 10
1.602764 126 88 11 10
1.604764 126 87 11 10
1.606764 125 87 11 10
1.608764 124 87 11 10
1.610764 124 86 12 10
1.612764 123 86 12 10
1.614764 122 86 12 10
1.616764 122 85 12 10
1.618764 121 85 12 10
1.620764 120 84 13 10
1.622764 120 84 13 10
1.624764 119 84 13 10
1.626764 119 84 13 10
1.628764 118 84 13 10
1.630764 118 84 13 10
1.632764 117 84 13 10
1.634764 117 84 13 10
1.636764 116 84 13 10
1.638764 116 83 13 10
1.640764 115 83 13 10
1.642764 115 83 13 10
1.644764 114 83 13 10
1.646764 113 83 13 10
1.648764 113 83 13 10
1.650764 112 83 13 10
1.652764 112 83 13 10
1.654764 111 82 12 9
1.656764 111 82 12 9
1.658764 111 82 12 9
1.660764 110 82 11 9
1.662764 110 82 11 8
1.664764 110 82 11 8
1.666764 109 82 10 8
1.668764 109 82 10 8
1.670764 108 81 9 7
1.672764 108 81 9 7
1.674764 108 81 9 7
1.676764 107 81 8 7
1.678764 107 81 8 7
1.680764 107 81 8 6
1.682764 106 81 7 6
1.684764 106 81 7 6
1.686764 106 81 7 6
1.688764 105 80 7 6
1.690764 105 80 7 6
1.692764 104 80 7 6
1.694764 104 80 7 6
1.696764 103 80 7 7
1.698764 102 80 8 7
1.700764 102 80 8 7
1.702764 101 80 8 7
1.704764 101 79 8 8
1.706764 100 79 8 8
1.708764 100 79 8 8
1.710764 99 79 9 8
1.712764 99 79 9 9
1.714764 98 79 9 9
1.716764 98 79 9 9
1.718764 97 79 9 9
1.720764 96 78 10 10
1.722764 96 78 10 10
1.724764 96 78 10 10
1.726764 95 78 10 10
1.728764 95 78 10 10
1.730764 94 78 10 10
1.732764 94 78 10 10
1.734764 93 78 10 10
1.736764 93 78 10 10
1.738764 92 77 10 10
1.740764 92 77 10 10
1.742764 91 77 10 10
1.744764 91 77 10 10
1.746764 90 77 10 10
1.748764 90 77 10 10
1.750764 89 77 10 10
1.752764 89 77 10 10
1.754764 88 76 10 10
1.756764 88 76 10 10
1.758764 88 76 10 10
1.760764 87 76 10 10
1.762764 87 76 10 10
1.764764 86 76 10 10
1.766764 86 76 10 10
1.768764 85 76 10 10
1.770764 85 76 10 10
1.772764 85 76 10 10
1.774764 84 76 10 10
1.776764 84 76 10 10
1.778764 83 76 10 10
1.780764 83 76 10 10
1.782764 82 76 10 10
1.784764 82 76 10 10
1.786764 82 76 10 10
1.788764 81 75 10 10
1.790764 81 75 10 10
1.792764 81 75 10 10
1.794764 80 75 10 10
1.796764 80 75 10 10
1.798764 79 75 10 10
1.800764 79 75 10 10
1.802764 79 75 10 10
1.804764 78 75 10 10
1.806764 78 75 10 10
1.808764 78 75 10 10
1.810764 77 75 10 10
1.812764 77 75 10 10
1.814764 77 75 10 10
1.816764 76 75 10 10
1.818764 76 75 10 10
1.820764 75 75 10 10
1.822764 75 75 10 10
1.824764 75 75 10 10
1.826764 74 75 10 10
1.828764 74 75 10 10
1.830764 73 75 10 10
1.832764 73 75 10 10
1.834764 73 75 10 10
1.836764 72 75 10 10
1.838764 72 75 10 10
1.840764 71 75 10 10
1.842764 71 75 10 10
1.844764 70 75 10 10
1.846764 70 75 10 10
1.848764 70 75 10 10
1.850764 69 75 10 10
1.852764 69 75 10 10
1.854764 68 75 10 10
1.856764 68 75 10 10
1.858764 68 75 10 10
1.860764 67 75 10 10
1.862764 67 75 10 10
1.864764 67 75 10 10
1.866764 66 75 10 10
1.868764 66 75 10 10
1.870764 65 75 10 10
1.872764 65 75 10 10
1.874764 65 75 10 10
1.876764 64 75 10 10
1.878764 64 75 10 10
1.880764 64 75 10 10
1.882764 63 75 10 10
1.884764 63 75 10 10
1.886764 63 75 10 10
1.888764 62 75 10 10
1.890764 62 75 10 10
1.892764 61 75 10 10
1.894764 61 75 10 10
1.896764 61 75 10 10
1.898764 60 75 10 10
1.900764 60 75 10 10
1.902764 59 75 10 10
1.904764 59 75 10 10
1.906764 58 75 10 10
1.908764 58 75 10 10
1.910764 58 75 10 10
1.912764 57 75 10 10
1.914764 57 75 10 10
1.916764 56 75 10 10
1.918764 56 75 10 10
1.920764 55 75 10 10
1.922764 55 75 10 10
1.924764 55 75 10 10
1.926764 55 75 10 10
1.928764 54 75 10 10
1.930764 54 75 10 10
1.932764 54 75 10 10
1.934764 53 75 10 10
1.936764 53 75 10 10
1.938764 53 76 10 10
1.940764 52 76 10 10
1.942764 52 76 10 10
1.944764 52 76 10 10
1.946764 52 76 10 10
1.948764 51 76 10 10
1.950764 51 76 10 10
1.952764 51 76 10 10
1.954764 50 77 10 10
1.956764 50 77 10 10
1.958764 50 77 10 10
1.960764 49 77 10 10
1.962764 49 77 10 10
1.964764 48 77 10 10
1.966764 48 77 10 10
1.968764 47 77 10 10
1.970764 47 77 10 10
1.972764 47 77 10 10
1.974764 46 77 10 10
1.976764 46 77 10 10
1.978764 45 77 10 10
1.980764 45 77 10 10
1.982764 44 77 10 10
1.984764 44 77 10 10
1.986764 44 77 10 10
1.988764 43 78 10 10
1.990764 43 78 10 10
1.992764 43 78 10 10
1.994764 43 78 10 10
1.996764 42 78 10 10
1.998764 42 79 10 10
2.000764 42 79 10 10
2.002764 42 79 10 10
2.004764 41 79 10 10
2.006764 41 79 10 10
2.008764 41 79 10 10
2.010764 41 80 10 10
2.012764 40 80 10 10
2.014764 40 80 10 10
2.016764 40 80 10 10
2.018764 40 80 10 10
2.020764 39 81 10 10
2.022764 39 81 10 10
2.024764 39 81 10 10
2.026764 38 81 10 10
2.028764 38 81 10 10
2.030764 38 81 10 10
2.032764 37 81 10 10
2.034764 37 81 10 10
2.036764 37 81 10 10
2.038764 36 82 10 10
2.040764 36 82 10 10
2.042764 36 82 10 10
2.044764 35 82 10 10
2.046764 35 82 10 10
2.048764 34 82 10 10
2.050764 34 82 10 10
2.052764 34 82 10 10
2.054764 33 83 9 9
2.056764 33 83 9 9
2.058764 33 83 9 9
2.060764 33 83 9 9
2.062764 32 84 9 8
2.064764 32 84 9 8
2.066764 32 84 8 8
2.068764 32 84 8 8
2.070764 31 85 8 7
2.072764 31 85 8 7
2.074764 31 85 8 7
2.076764 31 85 7 7
2.078764 31 85 7 7
2.080764 30 86 7 6
2.082764 30 86 7 6
2.084764 30 86 7 6
2.086764 30 86 7 6
2.088764 29 87 7 6
2.090764 29 87 7 6
2.092764 28 87 7 6
2.094764 28 87 7 6
2.096764 28 87 8 7
2.098764 27 87 8 7
2.100764 27 87 8 7
2.102764 26 87 8 7
2.104764 26 88 9 8
2.106764 25 88 9 8
2.108764 25 88 9 8
2.110764 25 88 9 8
2.112764 24 88 10 9
2.114764 24 88 10 9
2.116764 23 88 10 9
2.118764 23 88 10 9
2.120764 22 89 10 10
2.122764 22 89 10 10
2.124764 21 89 10 10
2.126764 21 89 10 10
2.128764 20 89 10 10
2.130764 19 89 10 10
2.132764 19 90 10 10
2.134764 18 90 10 10
2.136764 17 90 10 10
2.138764 17 90 10 10
2.140764 16 90 10 10
2.142764 15 90 10 10
2.144764 15 91 10 10
2.146764 14 91 10 10
2.148764 13 91 10 10
2.150764 13 91 10 10
2.152764 12 91 10 10
2.154764 12 91 10 10
2.156764 14 91 10 10
2.158764 15 91 10 10
2.160764 17 91 10 10
2.162764 19 91 10 10
2.164764 20 91 10 10
2.166764 22 91 10 10
2.168764 23 91 10 10
2.170764 25 91 11 10
2.172764 27 91 11 10
2.174764 28 91 11 10
2.176764 30 91 11 10
2.178764 31 91 11 10
2.180764 33 91 11 10
2.182764 35 91 11 10
2.184764 36 91 11 10
2.186764 38 91 11 10
2.188764 39 90 12 10
2.190764 40 90 12 10
2.192764 41 90 12 10
2.194764 42 90 12 10
2.196764 43 90 12 10
2.198764 44 90 12 10
2.200764 45 90 12 10
2.202764 45 90 12 10
2.204764 46 89 12 10
2.206764 47 89 12 10
2.208764 48 89 12 10
2.210764 49 89 12 10
2.212764 50 89 12 10
2.214764 51 89 12 10
2.216764 52 89 12 10
2.218764 53 89 12 10
2.220764 54 88 12 10
2.222764 54 88 12 10
2.224764 55 88 12 10
2.226764 56 88 12 10
2.228764 57 88 12 10
2.230764 57 88 12 10
2.232764 58 87 12 10
2.234764 59 87 12 10
2.236764 60 87 12 10
2.238764 61 87 12 10
2.240764 61 87 12 10
2.242764 62 87 12 10
2.244764 63 86 12 10
2.246764 64 86 12 10
2.248764 64 86 12 10
2.250764 65 86 12 10
2.252764 66 86 12 10
2.254764 67 85 11 10
2.256764 68 85 11 10
2.258764 69 85 11 10
2.260764 70 85 11 10
2.262764 71 85 11 10
2.264764 72 85 11 10
2.266764 73 85 11 10
2.268764 74 85 11 10
2.270764 75 84 10 10
2.272764 76 84 10 10
2.274764 77 84 10 10
2.276764 78 84 10 10
2.278764 79 84 10 10
2.280764 80 84 10 10
2.282764 81 84 10 10
2.284764 82 84 10 10
2.286764 83 84 10 10
2.288764 84 84 10 10
2.290764 85 84 10 10
2.292764 86 84 10 10
2.294764 86 84 10 10
2.296764 87 84 10 10
2.298764 88 84 10 10
2.300764 89 84 10 10
2.302764 89 84 10 10
2.304764 90 85 10 10
2.306764 91 85 10 10
2.308764 92 85 10 10
2.310764 93 85 10 10
2.312764 93 85 10 10
2.314764 94 85 10 10
2.316764 95 85 10 10
2.318764 96 85 10 10
2.320764 97 86 10 10
2.322764 97 86 10 10
2.324764 98 86 10 10
2.326764 99 86 10 10
2.328764 100 86 10 10
2.330764 101 86 10 10
2.332764 102 86 10 10
2.334764 102 86 10 10
2.336764 103 86 10 10
2.338764 104 86 10 10
2.340764 105 86 10 10
2.342764 106 86 10 10
2.344764 107 86 10 10
2.346764 107 86 10 10
2.348764 108 86 10 10
2.350764 109 86 10 10
2.352764 110 86 10 10
2.354764 111 86 10 10
2.356764 111 86 10 10
2.358764 112 86 10 10
2.360764 113 86 10 10
2.362764 113 86 10 10
2.364764 114 86 10 10
2.366764 115 86 10 10
2.368764 115 86 10 10
2.370764 116 86 10 10
2.372764 117 86 10 10
2.374764 117 86 10 10
2.376764 118 86 10 10
2.378764 119 86 10 10
2.380764 119 86 10 10
2.382764 120 86 10 10
2.384764 121 86 10 10
2.386764 121 86 10 10
2.388764 122 87 10 10
2.390764 123 87 10 10
2.392764 124 87 10 10
2.394764 124 87 10 10
2.396764 125 87 10 10
2.398764 126 87 10 10
2.400764 127 87 10 10
2.402764 127 87 10 10
2.404764 128 87 10 10
2.406764 129 87 10 10
2.408764 130 87 10 10
2.410764 131 87 10 10
2.412764 131 87 10 10
2.414764 132 87 10 10
2.416764 133 87 10 10
2.418764 134 87 10 10
2.420764 135 88 10 10
2.422764 135 88 10 10
2.424764 136 88 10 10
2.426764 136 88 10 10
2.428764 137 88 10 10
2.430764 137 88 10 10
2.432764 138 88 10 10
2.434764 138 88 10 10
2.436764 139 88 10 10
2.438764 139 89 10 10
2.440764 140 89 10 10
2.442764 140 89 10 10
2.444764 141 89 10 10
2.446764 142 89 10 10
2.448764 142 89 10 10
2.450764 143 89 10 10
2.452764 143 89 10 10
2.454764 144 90 10 10
2.456764 144 90 10 10
2.458764 145 90 10 10
2.460764 146 90 10 10
2.462764 146 90 10 10
2.464764 147 90 10 10
2.466764 147 91 10 10
2.468764 148 91 10 10
2.470764 149 91 10 10
2.472764 149 91 10 10
2.474764 150 91 10 10
2.476764 150 92 10 10
2.478764 151 92 10 10
2.480764 152 92 10 10
2.482764 152 92 10 10
2.484764 153 92 10 10
2.486764 153 92 10 10
2.488764 154 93 10 10
2.490764 155 93 10 10
2.492764 155 93 10 10
2.494764 156 93 10 10
2.496764 156 93 10 10
2.498764 157 93 10 10
2.500764 158 93 10 10
2.502764 158 93 10 10
2.504764 159 93 10 10
2.506764 159 93 10 10
2.508764 160 93 10 10
2.510764 161 93 10 10
2.512764 161 93 10 10
2.514764 162 93 10 10
2.516764 162 93 10 10
2.518764 163 93 10 10
2.520764 164 93 10 10
2.522764 164 93 10 10
2.524764 165 93 10 10
2.526764 165 93 10 10
2.528764 166 93 10 10
2.530764 166 93 10 10
2.532764 167 94 10 10
2.534764 167 94 10 10
2.536764 168 94 10 10
2.538764 168 94 10 10
2.540764 169 94 10 10
2.542764 169 94 10 10
2.544764 170 95 10 10
2.546764 171 95 10 10
2.548764 171 95 10 10
2.550764 172 95 10 10
2.552764 172 95 10 10
2.554764 173 96 10 10
2.556764 173 96 10 10
2.558764 173 96 10 10
2.560764 174 96 10 10
2.562764 174 96 10 10
2.564764 175 96 10 10
2.566764 175 96 10 10
2.568764 176 96 10 10
2.570764 176 97 10 10
2.572764 176 97 10 10
2.574764 177 97 10 10
2.576764 177 97 10 10
2.578764 178 97 10 10
2.580764 178 97 10 10
2.582764 179 97 10 10
2.584764 179 97 10 10
2.586764 179 97 10 10
2.588764 180 98 10 10
2.590764 180 98 10 10
2.592764 181 98 10 10
2.594764 181 98 10 10
2.596764 182 99 10 10
2.598764 183 99 10 10
2.600764 183 99 10 10
2.602764 184 99 10 10
2.604764 184 100 10 10
2.606764 185 100 10 10
2.608764 185 100 10 10
2.610764 186 100 10 10
2.612764 186 101 10 10
2.614764 187 101 10 10
2.616764 187 101 10 10
2.618764 188 101 10 10
2.620764 189 102 10 10
2.622764 189 102 10 10
2.624764 189 102 10 10
2.626764 189 102 10 10
2.628764 189 102 10 10
2.630764 189 102 10 10
2.632764 189 102 10 10
2.634764 189 102 10 10
2.636764 189 102 10 10
2.638764 190 102 10 10
2.640764 190 102 10 10
2.642764 190 102 10 10
2.644764 190 102 10 10
2.646764 190 102 10 10
2.648764 190 102 10 10
2.650764 190 102 10 10
2.652764 190 102 10 10
2.654764 191 103 10 10
2.656764 191 103 10 10
2.658764 192 103 10 10
2.660764 193 103 10 10
2.662764 193 103 10 10
2.664764 194 103 10 10
2.666764 194 104 10 10
2.668764 195 104 10 10
2.670764 196 104 10 10
2.672764 196 104 10 10
2.674764 197 104 10 10
2.676764 197 105 10 10
2.678764 198 105 10 10
2.680764 199 105 10 10
2.682764 199 105 10 10
2.684764 200 105 10 10
2.686764 200 105 10 10
2.688764 201 106 10 10
2.690764 202 106 10 10
2.692764 202 107 10 10
2.694764 203 107 10 10
2.696764 203 107 10 10
2.698764 204 108 10 10
2.700764 205 108 10 10
2.702764 205 109 10 10
2.704764 206 109 10 10
2.706764 206 110 10 10
2.708764 207 110 10 10
2.710764 208 110 10 10
2.712764 208 111 10 10
2.714764 209 111 10 10
2.716764 209 112 10 10
2.718764 210 112 10 10
2.720764 211 113 9 9
2.722764 211 113 9 9
2.724764 211 113 9 9
2.726764 212 113 9 9
2.728764 212 114 8 8
2.730764 213 114 8 8
2.732764 213 114 8 8
2.734764 213 115 7 7
2.736764 214 115 7 7
2.738764 214 115 7 7
2.740764 215 116 6 6
2.742764 215 116 6 6
2.744764 216 116 6 6
2.746764 216 116 6 6
2.748764 216 117 5 5
2.750764 217 117 5 5
2.752764 217 117 5 5
2.754764 218 118 5 5
2.756764 218 118 5 5
2.758764 218 118 5 5
2.760764 219 119 6 6
2.762764 219 119 6 6
2.764764 219 119 6 6
2.766764 220 119 6 6
2.768764 220 120 7 7
2.770764 221 120 7 7
2.772764 221 120 7 7
2.774764 221 121 8 8
2.776764 222 121 8 8
2.778764 222 121 8 8
2.780764 222 122 9 9
2.782764 223 122 9 9
2.784764 223 122 9 9
2.786764 223 122 9 9
2.788764 224 123 10 10
2.790764 224 123 10 10
2.792764 224 123 10 10
2.794764 224 123 10 10
2.796764 224 123 10 10
2.798764 225 124 10 10
2.800764 225 124 10 10
2.802764 225 124 10 10
2.804764 225 124 10 10
2.806764 225 124 10 10
2.808764 225 124 10 10
2.810764 226 125 10 10
2.812764 226 125 10 10
2.814764 226 125 10 10
2.816764 226 125 10 10
2.818764 226 125 10 10
2.820764 227 126 10 10
2.822764 227 126 10 10
2.824764 228 126 10 10
2.826764 228 126 10 10
2.828764 229 127 10 10
2.830764 229 127 10 10
2.832764 230 127 10 10
2.834764 230 128 10 10
2.836764 231 128 10 10
2.838764 231 128 10 10
2.840764 232 129 10 10
2.842764 232 129 10 10
2.844764 233 129 10 10
2.846764 234 129 10 10
2.848764 234 130 10 10
2.850764 235 130 10 10
2.852764 235 130 10 10
2.854764 236 131 10 10
2.856764 236 131 10 10
2.858764 236 131 10 10
2.860764 236 131 10 10
2.862764 236 132 10 10
2.864764 236 132 10 10
2.866764 236 132 10 10
2.868764 236 132 10 10
2.870764 237 133 10 10
2.872764 237 133 10 10
2.874764 237 133 10 10
2.876764 237 133 10 10
2.878764 237 133 10 10
2.880764 237 134 10 10
2.882764 237 134 10 10
2.884764 237 134 10 10
2.886764 237 134 10 10
2.888764 238 135 10 10
2.890764 238 135 10 10
2.892764 238 135 10 10
2.894764 238 135 10 10
2.896764 238 135 10 10
2.898764 238 135 10 10
2.900764 238 135 10 10
2.902764 238 135 10 10
2.904764 239 135 10 10
2.906764 239 135 10 10
2.908764 239 135 10 10
2.910764 239 135 10 10
2.912764 239 135 10 10
2.914764 239 135 10 10
2.916764 239 135 10 10
2.918764 239 135 10 10
2.920764 240 136 10 10
2.922764 240 136 10 10
2.924764 241 137 10 10
2.926764 241 137 10 10
2.928764 242 138 10 10
2.930764 242 138 10 10
2.932764 243 139 10 10
2.934764 243 139 10 10
2.936764 244 140 10 10
2.938764 244 140 10 10
2.940764 245 141 10 10
2.942764 245 141 10 10
2.944764 246 142 10 10
2.946764 247 143 10 10
2.948764 247 143 10 10
2.950764 248 144 10 10
2.952764 248 144 10 10
2.954764 249 145 10 10
2.956764 249 145 10 10
2.958764 249 145 10 10
2.960764 249 146 10 10
2.962764 250 146 10 10
2.964764 250 146 10 10
2.966764 250 147 10 10
2.968764 250 147 10 10
2.970764 251 148 10 10
2.972764 251 148 10 10
2.974764 251 148 10 10
2.976764 251 149 10 10
2.978764 251 149 10 10
2.980764 252 149 10 10
2.982764 252 150 10 10
2.984764 252 150 10 10
2.986764 252 150 10 10
2.988764 253 151 9 9
2.990764 253 151 9 9
2.992764 253 151 9 9
2.994764 254 152 8 9
2.996764 254 152 8 9
2.998764 255 153 8 8
3.000764 255 153 7 8
3.002764 255 153 7 8
3.004764 256 154 7 8
3.006764 256 154 7 8
3.008764 256 154 6 8
3.010764 257 155 6 7
3.012764 257 155 6 7
3.014764 257 155 5 7
3.016764 258 156 5 7
3.018764 258 156 5 7
3.020764 259 157 5 7
3.022764 259 157 5 7
3.024764 259 157 5 7
3.026764 259 157 5 7
3.028764 260 158 6 7
3.030764 260 158 6 7
3.032764 260 158 6 8
3.034764 261 159 7 8
3.036764 261 159 7 8
3.038764 261 159 7 8
3.040764 262 160 8 8
3.042764 262 160 8 8
3.044764 262 160 8 9
3.046764 262 160 8 9
3.048764 263 161 9 9
3.050764 263 161 9 9
3.052764 263 161 9 9
3.054764 264 162 9 9
3.056764 264 162 9 9
3.058764 264 163 9 9
3.060764 264 163 9 9
3.062764 264 164 8 8
3.064764 264 164 8 8
3.066764 265 165 8 8
3.068764 265 165 8 8
3.070764 265 166 7 7
3.072764 265 166 7 7
3.074764 265 166 7 7
3.076764 266 167 7 7
3.078764 266 167 7 7
3.080764 266 168 6 6
3.082764 266 168 6 6
3.084764 266 169 6 6
3.086764 266 169 6 6
3.088764 267 170 5 6
3.090764 267 170 5 6
3.092764 267 171 5 6
3.094764 267 171 5 6
3.096764 268 171 5 6
3.098764 268 172 5 6
3.100764 268 172 5 6
3.102764 268 173 5 6
3.104764 269 173 4 6
3.106764 269 174 4 6
3.108764 269 174 4 6
3.110764 269 174 4 6
3.112764 270 175 4 6
3.114764 270 175 4 6
3.116764 270 176 4 6
3.118764 270 176 4 6
3.120764 271 176 4 6
3.122764 271 176 4 6
3.124764 271 176 4 6
3.126764 271 176 5 6
3.128764 271 176 5 6
3.130764 271 176 5 7
3.132764 271 176 6 7
3.134764 271 176 6 7
3.136764 271 176 6 7
3.138764 271 176 7 8
3.140764 271 176 7 8
3.142764 271 176 7 8
3.144764 271 176 8 8
3.146764 271 176 8 9
3.148764 271 176 9 9
3.150764 271 176 9 9
3.152764 271 176 9 9
3.154764 272 176 9 9
3.156764 272 176 9 9
3.158764 272 177 9 9
3.160764 272 177 8 9
3.162764 273 178 8 9
3.164764 273 178 8 9
3.166764 273 179 8 8
3.168764 273 179 7 8
3.170764 274 180 7 8
3.172764 274 181 7 8
3.174764 274 181 6 8
3.176764 274 182 6 7
3.178764 274 182 6 7
3.180764 275 183 5 7
3.182764 275 183 5 7
3.184764 275 184 5 7
3.186764 275 184 5 7
3.188764 276 185 5 7
3.190764 276 185 5 7
3.192764 276 185 5 7
3.194764 276 185 6 7
3.196764 276 186 6 7
3.198764 276 186 6 8
3.200764 276 186 7 8
3.202764 276 186 7 8
3.204764 277 187 7 8
3.206764 277 187 7 8
3.208764 277 187 8 8
3.210764 277 187 8 9
3.212764 277 188 8 9
3.214764 277 188 9 9
3.216764 277 188 9 9
3.218764 277 188 9 9
3.220764 278 189 9 9
3.222764 278 189 9 9
3.224764 278 190 9 9
3.226764 278 190 9 9
3.228764 278 191 8 9
3.230764 278 191 8 8
3.232764 279 192 8 8
3.234764 279 192 7 8
3.236764 279 193 7 8
3.238764 279 193 7 7
3.240764 279 194 6 7
3.242764 279 194 6 7
3.244764 280 195 6 7
3.246764 280 196 6 6
3.248764 280 196 5 6
3.250764 280 197 5 6
3.252764 280 197 5 6
3.254764 280 198 5 6
3.256764 280 198 5 6
3.258764 280 198 5 6
3.260764 280 198 6 6
3.262764 280 198 6 7
3.264764 280 198 6 7
3.266764 280 198 6 7
3.268764 280 198 7 7
3.270764 280 199 7 8
3.272764 280 199 7 8
3.274764 280 199 8 8
3.276764 280 199 8 8
3.278764 280 199 8 8
3.280764 280 199 9 9
3.282764 280 199 9 9
3.284764 280 199 9 9
3.286764 280 199 9 9
3.288764 280 200 10 9
3.290764 280 200 10 9
3.292764 281 201 10 9
3.294764 281 201 10 9
3.296764 282 202 10 8
3.298764 283 203 10 8
3.300764 283 203 10 8
3.302764 284 204 10 8
3.304764 284 204 10 7
3.306764 285 205 10 7
3.308764 285 205 10 7
3.310764 286 206 10 7
3.312764 286 206 10 6
3.314764 287 207 10 6
3.316764 287 207 10 6
3.318764 288 208 10 6
3.320764 289 209 10 6
3.322764 289 209 10 6
3.324764 289 209 10 6
3.326764 289 209 10 6
3.328764 289 209 10 6
3.330764 289 209 10 6
3.332764 289 209 10 6
3.334764 289 209 10 6
3.336764 289 209 10 6
3.338764 289 209 10 6
3.340764 289 209 10 6
3.342764 289 209 10 6
3.344764 289 209 10 6
3.346764 289 209 10 6
3.348764 289 209 10 6
3.350764 289 209 10 6
3.352764 289 209 10 6
3.354764 289 209 10 6
3.356764 289 209 10 6
3.358764 289 209 10 6
3.360764 289 209 10 6
3.362764 289 209 10 6
3.364764 289 209 10 6
3.366764 289 209 10 6
3.368764 289 209 10 6
3.370764 289 209 10 6
3.372764 289 209 10 6
3.374764 289 209 10 6
3.376764 289 209 10 6
3.378764 289 209 10 6
3.380764 289 209 10 6
3.382764 289 209 10 6
3.384764 289 209 10 6
3.386764 289 209 10 6
3.388764 289 209 10 6
3.390764 289 209 10 6
3.392764 289 209 10 6
3.394764 289 209 10 6
3.396764 289 209 10 6
3.398764 289 209 10 6
3.400764 289 209 10 6
3.402764 289 209 10 6
3.404764 289 209 10 6
3.406764 289 209 10 6
3.408764 289 209 10 6
3.410764 289 209 10 6
3.412764 289 209 10 6
3.414764 289 209 10 6
3.416764 289 209 10 6
3.418764 289 209 10 6
3.420764 289 209 10 6
3.422764 289 209 10 6
3.424764 289 209 10 6
3.426764 289 209 10 6
3.428764 289 209 10 6
3.430764 289 209 10 6
3.432764 289 209 10 6
3.434764 289 209 10 6
3.436764 289 209 10 6
3.438764 289 209 10 6
3.440764 289 209 10 6
3.442764 289 209 10 6
3.444764 289 209 10 6
3.446764 289 209 10 6
3.448764 289 209 10 6
3.450764 289 209 10 6
3.452764 289 209 10 6
3.454764 289 209 10 6
3.456764 289 209 10 6
3.458764 289 209 10 6
3.460764 289 209 10 6
3.462764 289 209 10 6
3.464764 289 209 10 6
3.466764 289 209 10 6
3.468764 289 209 10 6
3.470764 289 209 10 6
3.472764 289 209 10 6
3.474764 289 209 10 6
3.476764 289 209 10 6
3.478764 289 209 10 6
3.480764 289 209 10 6
3.482764 289 209 10 6
3.484764 289 209 10 6
3.486764 289 209 10 6
3.488764 289 209 10 6
3.490764 289 209 10 6
3.492764 289 209 10 6
3.494764 289 209 10 6
3.496764 289 209 10 6
3.498764 289 209 10 6
3.500764 289 209 10 6
3.502764 289 209 10 6
3.504764 289 209 10 6
3.506764 289 209 10 6
3.508764 289 209 10 6
3.510764 289 209 10 6
3.512764 289 209 10 6
3.514764 289 209 10 6
3.516764 289 209 10 6
3.518764 289 209 10 6
3.520764 289 209 10 6
3.522764 289 209 10 6
3.524764 289 209 10 6
3.526764 289 209 10 6
3.528764 289 209 10 6
3.530764 289 209 10 6
3.532764 289 209 10 6
3.534764 289 209 10 6
3.536764 289 209 10 6
3.538764 289 209 10 6
3.540764 289 209 10 6
3.542764 289 209 10 6
3.544764 289 209 10 6
3.546764 289 209 10 6
3.548764 289 209 10 6
3.550764 289 209 10 6
3.552764 289 209 10 6
