0.013203 174 37 5 9
0.015203 174 36 5 9
0.017203 174 35 5 9
0.019203 174 35 5 9
0.021203 174 34 5 9
0.023203 174 34 5 9
0.025203 174 33 5 10
0.027203 174 33 5 10
0.029203 174 32 5 10
0.031203 174 32 6 10
0.033203 174 31 6 10
0.035203 174 31 6 10
0.037203 174 30 6 11
0.039203 174 29 6 11
0.041203 174 29 6 11
0.043203 174 28 6 11
0.045203 174 28 6 11
0.047203 174 27 7 11
0.049203 174 27 7 11
0.051203 174 26 7 11
0.053203 174 25 7 11
0.055203 174 25 7 11
0.057203 174 24 7 11
0.059203 174 23 7 11
0.061203 174 23 7 11
0.063203 175 22 7 11
0.065203 175 21 7 11
0.067203 175 21 7 11
0.069203 175 20 7 11
0.071203 175 19 7 11
0.073203 175 19 7 11
0.075203 175 18 7 11
0.077203 175 17 7 11
0.079203 175 17 7 11
0.081203 176 16 7 11
0.083203 176 16 7 11
0.085203 176 15 7 11
0.087203 176 15 7 11
0.089203 176 14 7 11
0.091203 176 14 7 11
0.093203 176 13 7 11
0.095203 176 13 7 11
0.097203 177 12 7 11
0.099203 177 12 7 11
0.101203 177 11 7 11
0.103203 177 11 7 11
0.105203 177 10 7 11
0.107203 177 10 7 11
0.109203 177 9 7 11
0.111203 177 9 7 11
0.113203 178 8 6 10
0.115203 178 8 6 10
0.117203 178 8 6 10
0.119203 178 8 6 10
0.121203 178 8 6 10
0.123203 178 7 6 10
0.125203 178 7 6 10
0.127203 178 7 6 10
0.129203 178 7 6 10
0.131203 179 6 6 9
0.133203 179 6 6 9
0.135203 179 6 6 9
0.137203 179 6 6 9
0.139203 179 5 6 9
0.141203 179 5 6 9
0.143203 179 5 6 9
0.145203 179 5 6 9
0.147203 180 4 6 8
0.149203 180 4 6 8
0.151203 180 4 6 8
0.153203 180 4 6 8
0.155203 180 3 6 8
0.157203 180 3 6 8
0.159203 180 3 6 8
0.161203 180 3 6 8
0.163203 180 2 6 7
0.165203 180 2 6 7
0.167203 180 2 6 7
0.169203 180 2 6 7
0.171203 180 2 6 7
0.173203 180 1 6 7
0.175203 180 1 6 7
0.177203 180 1 6 7
0.179203 180 1 6 7
0.181203 173 0 6 6
0.183203 162 0 6 6
0.185203 152 0 5 5
0.187203 141 0 5 5
0.189203 130 0 5 5
0.191203 119 0 4 4
0.193203 108 0 4 4
0.195203 97 0 3 3
0.197203 86 0 3 3
0.199203 76 0 2 2
0.201203 65 0 2 2
0.203203 54 0 2 2
0.205203 43 0 1 1
0.207203 32 0 1 1
0.209203 21 0 0 0
0.211203 10 0 0 0
0.213203 0 0 0 0
0.215203 0 0 0 0
0.217203 0 0 0 0
0.219203 0 0 0 0
0.221203 0 0 0 0
0.223203 0 0 0 0
0.225203 0 0 0 0
0.227203 0 0 0 0
0.229203 0 0 0 0
0.231203 0 0 0 0
0.233203 0 0 0 0
0.235203 0 0 0 0
0.237203 0 0 0 0
0.239203 0 0 0 0
0.241203 0 0 0 0
0.243203 0 0 0 0
0.245203 0 0 0 0
0.247203 0 0 0 0
0.249203 0 0 0 0
0.251203 0 0 0 0
0.253203 0 0 0 0
0.255203 0 0 0 0
0.257203 0 0 0 0
0.259203 0 0 0 0
0.261203 0 0 0 0
0.263203 0 0 0 0
0.265203 0 0 0 0
0.267203 0 0 0 0
0.269203 0 0 0 0
0.271203 0 0 0 0
0.273203 0 0 0 0
0.275203 0 0 0 0
0.277203 0 0 0 0
0.279203 0 0 0 0
0.281203 0 0 0 0
0.283203 0 0 0 0
0.285203 0 0 0 0
0.287203 0 0 0 0
0.289203 0 0 0 0
0.291203 0 0 0 0
0.293203 0 0 0 0
0.295203 0 0 0 0
0.297203 0 0 0 0
0.299203 0 0 0 0
0.301203 0 0 0 0
0.303203 0 0 0 0
0.305203 0 0 0 0
0.307203 0 0 0 0
0.309203 0 0 0 0
0.311203 0 0 0 0
0.313203 0 0 0 0
0.315203 0 0 0 0
0.317203 0 0 0 0
0.319203 0 0 0 0
0.321203 0 0 0 0
0.323203 0 0 0 0
0.325203 0 0 0 0
0.327203 0 0 0 0
0.329203 0 0 0 0
0.331203 0 0 0 0
0.333203 0 0 0 0
0.335203 0 0 0 0
0.337203 0 0 0 0
0.339203 0 0 0 0
0.341203 0 0 0 0
0.343203 0 0 0 0
0.345203 0 0 0 0
0.347203 0 0 0 0
0.349203 0 0 0 0
0.351203 0 0 0 0
0.353203 0 0 0 0
0.355203 0 0 0 0
0.357203 0 0 0 0
0.359203 0 0 0 0
0.361203 0 0 0 0
0.363203 0 0 0 0
0.365203 0 0 0 0
0.367203 0 0 0 0
0.369203 0 0 0 0
0.371203 0 0 0 0
0.373203 0 0 0 0
0.375203 0 0 0 0
0.377203 0 0 0 0
0.379203 0 0 0 0
0.381203 0 0 0 0
0.383203 0 0 0 0
0.385203 0 0 0 0
0.387203 0 0 0 0
0.389203 0 0 0 0
0.391203 0 0 0 0
0.393203 0 0 0 0
0.395203 0 0 0 0
0.397203 0 0 0 0
0.399203 0 0 0 0
0.401203 0 0 0 0
0.403203 0 0 0 0
0.405203 0 0 0 0
0.407203 0 0 0 0
0.409203 0 0 0 0
0.411203 0 0 0 0
0.413203 0 0 0 0
0.415203 0 0 0 0
0.417203 0 0 0 0
0.419203 0 0 0 0
0.421203 0 0 0 0
0.423203 0 0 0 0
0.425203 0 0 0 0
0.427203 0 0 0 0
0.429203 0 0 0 0
0.431203 0 0 0 0
0.433203 0 0 0 0
0.435203 0 0 0 0
0.437203 0 0 0 0
0.439203 0 0 0 0
0.441203 0 0 0 0
0.443203 0 0 0 0
0.445203 0 0 0 0
0.447203 0 0 0 0
0.449203 0 0 0 0
0.451203 0 0 0 0
0.453203 0 0 0 0
0.455203 0 0 0 0
0.457203 0 0 0 0
0.459203 0 0 0 0
0.461203 0 0 0 0
0.463203 0 0 0 0
0.465203 0 0 0 0
0.467203 0 0 0 0
0.469203 0 0 0 0
0.471203 0 0 0 0
0.473203 0 0 0 0
0.475203 0 0 0 0
0.477203 0 0 0 0
0.479203 0 0 0 0
0.481203 0 0 0 0
0.483203 0 0 0 0
0.485203 0 0 0 0
0.487203 0 0 0 0
0.489203 0 0 0 0
0.491203 0 0 0 0
0.493203 0 0 0 0
0.495203 0 0 0 0
0.497203 0 0 0 0
0.499203 0 0 0 0
0.501203 0 0 0 0
0.503203 0 0 0 0
0.505203 0 0 0 0
0.507203 0 0 0 0
0.509203 0 0 0 0
0.511203 0 0 0 0
0.513203 0 0 0 0
0.515203 0 0 0 0
0.517203 0 0 0 0
0.519203 0 0 0 0
0.521203 0 0 0 0
0.523203 0 0 0 0
0.525203 0 0 0 0
0.527203 0 0 0 0
0.529203 0 0 0 0
0.531203 0 0 0 0
0.533203 0 0 0 0
0.535203 0 0 0 0
0.537203 0 0 0 0
0.539203 0 0 0 0
0.541203 0 0 0 0
0.543203 0 0 0 0
0.545203 0 0 0 0
0.547203 0 0 0 0
0.549203 0 0 0 0
0.551203 0 0 0 0
0.553203 0 0 0 0
0.555203 0 0 0 0
0.557203 0 0 0 0
0.559203 0 0 0 0
0.561203 0 0 0 0
0.563203 0 0 0 0
0.565203 0 0 0 0
0.567203 0 0 0 0
0.569203 0 0 0 0
0.571203 0 0 0 0
0.573203 0 0 0 0
0.575203 0 0 0 0
0.577203 0 0 0 0
0.579203 0 0 0 0
0.581203 0 0 0 0
0.583203 0 0 0 0
0.585203 0 0 0 0
0.587203 0 0 0 0
0.589203 0 0 0 0
0.591203 0 0 0 0
0.593203 0 0 0 0
0.595203 0 0 0 0
0.597203 0 0 0 0
0.599203 0 0 0 0
0.601203 0 0 0 0
0.603203 0 0 0 0
0.605203 0 0 0 0
0.607203 0 0 0 0
0.609203 0 0 0 0
0.611203 0 0 0 0
0.613203 0 0 0 0
0.615203 0 0 0 0
0.617203 0 0 0 0
0.619203 0 0 0 0
0.621203 0 0 0 0
0.623203 0 0 0 0
0.625203 0 0 0 0
0.627203 0 0 0 0
0.629203 0 0 0 0
0.631203 0 0 0 0
0.633203 0 0 0 0
0.635203 0 0 0 0
0.637203 0 0 0 0
0.639203 0 0 0 0
0.641203 0 0 0 0
0.643203 0 0 0 0
0.645203 0 0 0 0
0.647203 0 0 0 0
0.649203 0 0 0 0
0.651203 0 0 0 0
0.653203 0 0 0 0
0.655203 0 0 0 0
0.657203 0 0 0 0
0.659203 0 0 0 0
0.661203 0 0 0 0
0.663203 0 0 0 0
0.665203 0 0 0 0
0.667203 0 0 0 0
0.669203 0 0 0 0
0.671203 0 0 0 0
0.673203 0 0 0 0
0.675203 0 0 0 0
0.677203 0 0 0 0
0.679203 0 0 0 0
0.681203 0 0 0 0
0.683203 0 0 0 0
0.685203 0 0 0 0
0.687203 0 0 0 0
0.689203 0 0 0 0
0.691203 0 0 0 0
0.693203 0 0 0 0
0.695203 0 0 0 0
0.697203 0 0 0 0
0.699203 0 0 0 0
0.701203 0 0 0 0
0.703203 0 0 0 0
0.705203 0 0 0 0
0.707203 0 0 0 0
0.709203 0 0 0 0
0.711203 0 0 0 0
0.713203 0 0 0 0
0.715203 0 0 0 0
0.717203 0 0 0 0
0.719203 0 0 0 0
0.721203 0 0 0 0
0.723203 0 0 0 0
0.725203 0 0 0 0
0.727203 0 0 0 0
0.729203 0 0 0 0
0.731203 0 0 0 0
0.733203 0 0 0 0
0.735203 0 0 0 0
0.737203 0 0 0 0
0.739203 0 0 0 0
0.741203 0 0 0 0
0.743203 0 0 0 0
0.745203 0 0 0 0
0.747203 0 0 0 0
0.749203 0 0 0 0
0.751203 0 0 0 0
0.753203 0 0 0 0
0.755203 0 0 0 0
0.757203 0 0 0 0
0.759203 0 0 0 0
0.761203 0 0 0 0
0.763203 0 0 0 0
0.765203 0 0 0 0
0.767203 0 0 0 0
0.769203 0 0 0 0
0.771203 0 0 0 0
0.773203 0 0 0 0
0.775203 0 0 0 0
0.777203 0 0 0 0
0.779203 0 0 0 0
0.781203 0 0 0 0
0.783203 0 0 0 0
0.785203 0 0 0 0
0.787203 0 0 0 0
0.789203 0 0 0 0
0.791203 0 0 0 0
0.793203 0 0 0 0
0.795203 0 0 0 0
0.797203 0 0 0 0
0.799203 0 0 0 0
0.801203 0 0 0 0
0.803203 0 0 0 0
0.805203 0 0 0 0
0.807203 0 0 0 0
0.809203 0 0 0 0
0.811203 0 0 0 0
0.813203 0 0 0 0
0.815203 0 0 0 0
0.817203 0 0 0 0
0.819203 0 0 0 0
0.821203 0 0 0 0
0.823203 0 0 0 0
0.825203 0 0 0 0
0.827203 0 0 0 0
0.829203 0 0 0 0
0.831203 0 0 0 0
0.833203 0 0 0 0
0.835203 0 0 0 0
0.837203 0 0 0 0
0.839203 0 0 0 0
0.841203 0 0 0 0
0.843203 0 0 0 0
0.845203 0 0 0 0
0.847203 4 0 0 0
0.849203 16 0 0 0
0.851203 28 0 0 1
0.853203 40 0 1 1
0.855203 52 0 1 2
0.857203 64 0 2 2
0.859203 76 0 2 3
0.861203 88 0 3 3
0.863203 100 0 3 4
0.865203 112 0 3 4
0.867203 124 0 4 4
0.869203 136 0 4 5
0.871203 148 0 5 5
0.873203 160 0 5 6
0.875203 172 0 6 6
0.877203 184 0 6 7
0.879203 196 0 6 7
0.881203 200 1 7 8
0.883203 200 1 7 8
0.885203 200 1 7 8
0.887203 200 2 7 8
0.889203 200 2 7 8
0.891203 200 3 8 8
0.893203 200 3 8 8
0.895203 200 3 8 8
0.897203 200 4 8 9
0.899203 200 4 8 9
0.901203 200 4 8 9
0.903203 200 5 9 9
0.905203 200 5 9 9
0.907203 200 5 9 9
0.909203 200 6 9 9
0.911203 200 6 9 9
0.913203 200 7 9 9
0.915203 200 7 9 9
0.917203 200 7 9 9
0.919203 200 8 9 9
0.921203 200 8 8 9
0.923203 200 9 8 9
0.925203 200 9 8 8
0.927203 200 9 7 8
0.929203 200 10 7 8
0.931203 201 10 7 8
0.933203 201 11 6 8
0.935203 201 11 6 8
0.937203 201 12 6 7
0.939203 201 12 6 7
0.941203 201 12 5 7
0.943203 201 13 5 7
0.945203 201 13 5 7
0.947203 201 14 5 7
0.949203 201 14 5 7
0.951203 201 14 5 7
0.953203 201 15 6 7
0.955203 201 15 6 7
0.957203 201 16 6 7
0.959203 201 16 6 8
0.961203 201 17 7 8
0.963203 201 17 7 8
0.965203 201 17 7 8
0.967203 201 18 8 8
0.969203 201 18 8 9
0.971203 201 19 8 9
0.973203 201 19 9 9
0.975203 201 20 9 9
0.977203 201 20 9 9
0.979203 201 20 9 9
0.981203 200 20 9 10
0.983203 199 20 9 10
0.985203 199 20 9 10
0.987203 198 19 9 10
0.989203 197 19 9 10
0.991203 196 18 9 10
0.993203 196 18 9 10
0.995203 195 18 9 10
0.997203 194 17 9 10
0.999203 194 17 9 10
1.001203 193 17 9 10
1.003203 192 16 9 10
1.005203 191 16 9 10
1.007203 191 16 9 10
1.009203 190 15 9 10
1.011203 189 15 9 10
1.013203 188 14 8 9
1.015203 188 14 8 9
1.017203 187 14 8 9
1.019203 187 13 8 9
1.021203 186 13 8 8
1.023203 185 13 8 8
1.025203 185 12 7 8
1.027203 184 12 7 7
1.029203 183 12 7 7
1.031203 183 11 7 7
1.033203 182 11 7 6
1.035203 181 11 7 6
1.037203 181 10 6 6
1.039203 180 10 6 6
1.041203 179 9 6 5
1.043203 179 9 6 5
1.045203 178 9 6 5
1.047203 177 8 6 5
1.049203 177 8 6 5
1.051203 176 8 6 5
1.053203 176 8 6 6
1.055203 175 7 7 6
1.057203 175 7 7 6
1.059203 174 7 7 6
1.061203 174 7 7 7
1.063203 173 6 8 7
1.065203 172 6 8 7
1.067203 172 6 8 8
1.069203 171 6 8 8
1.071203 171 6 8 8
1.073203 170 5 9 9
1.075203 170 5 9 9
1.077203 169 5 9 9
1.079203 169 5 9 9
1.081203 168 4 10 10
1.083203 168 4 10 10
1.085203 167 4 10 10
1.087203 167 4 10 10
1.089203 166 3 10 10
1.091203 165 3 10 10
1.093203 165 3 10 10
1.095203 164 3 10 10
1.097203 164 2 10 10
1.099203 163 2 10 10
1.101203 163 2 10 10
1.103203 162 2 10 10
1.105203 162 1 10 10
1.107203 161 1 10 10
1.109203 161 1 10 10
1.111203 160 1 10 10
1.113203 159 0 10 10
1.115203 159 0 10 10
1.117203 159 0 10 10
1.119203 158 0 10 10
1.121203 158 0 10 10
1.123203 157 0 10 10
1.125203 157 0 10 10
1.127203 156 0 10 10
1.129203 156 0 10 10
1.131203 155 0 10 10
1.133203 155 0 10 10
1.135203 154 0 10 10
1.137203 154 0 10 10
1.139203 153 0 10 10
1.141203 153 0 10 10
1.143203 152 0 10 10
1.145203 152 0 10 10
1.147203 151 0 10 10
1.149203 151 0 10 10
1.151203 151 0 10 10
1.153203 151 0 10 10
1.155203 151 0 10 10
1.157203 151 0 10 10
1.159203 151 0 10 10
1.161203 151 0 10 10
1.163203 150 0 10 10
1.165203 150 0 10 10
1.167203 150 0 10 10
1.169203 150 0 10 10
1.171203 150 0 10 10
1.173203 150 0 10 10
1.175203 150 0 10 10
1.177203 150 0 10 10
1.179203 150 0 10 10
1.181203 149 0 10 10
1.183203 149 0 10 10
1.185203 149 0 10 10
1.187203 148 0 10 10
1.189203 148 0 10 10
1.191203 147 0 10 10
1.193203 147 0 10 10
1.195203 147 0 10 10
1.197203 146 0 10 10
1.199203 146 0 10 10
1.201203 146 0 10 10
1.203203 145 0 10 10
1.205203 145 0 10 10
1.207203 145 0 10 10
1.209203 144 0 10 10
1.211203 144 0 10 10
1.213203 143 0 10 10
1.215203 143 0 10 10
1.217203 143 0 10 10
1.219203 143 0 10 10
1.221203 143 0 10 10
1.223203 142 0 10 10
1.225203 142 0 10 10
1.227203 142 0 10 10
1.229203 142 0 10 10
1.231203 141 0 10 10
1.233203 141 0 10 10
1.235203 141 0 10 10
1.237203 141 0 10 10
1.239203 140 0 10 10
1.241203 140 0 10 10
1.243203 140 0 10 10
1.245203 140 0 10 10
1.247203 139 0 10 10
1.249203 139 0 10 10
1.251203 139 0 10 10
1.253203 139 0 10 10
1.255203 139 0 10 10
1.257203 139 0 10 10
1.259203 138 0 10 10
1.261203 138 0 10 10
1.263203 138 0 10 10
1.265203 138 0 10 10
1.267203 138 0 10 10
1.269203 137 0 10 10
1.271203 137 0 10 10
1.273203 137 0 10 10
1.275203 137 0 10 10
1.277203 137 0 10 10
1.279203 137 0 10 10
1.281203 136 0 10 10
1.283203 136 0 10 10
1.285203 136 0 10 10
1.287203 136 0 10 10
1.289203 136 0 10 10
1.291203 136 0 10 10
1.293203 136 0 10 10
1.295203 136 0 10 10
1.297203 135 0 10 10
1.299203 135 0 10 10
1.301203 135 0 10 10
1.303203 135 0 10 10
1.305203 135 0 10 10
1.307203 135 0 10 10
1.309203 135 0 10 10
1.311203 135 0 10 10
1.313203 134 0 10 10
1.315203 134 0 10 10
1.317203 134 0 10 10
1.319203 134 0 10 10
1.321203 134 0 10 10
1.323203 134 0 10 10
1.325203 133 0 10 10
1.327203 133 0 10 10
1.329203 133 0 10 10
1.331203 133 0 10 10
1.333203 133 0 10 10
1.335203 133 0 10 10
1.337203 132 0 10 10
1.339203 132 0 10 10
1.341203 132 0 10 10
1.343203 132 0 10 10
1.345203 132 0 10 10
1.347203 131 1 10 10
1.349203 131 1 10 10
1.351203 131 1 10 10
1.353203 131 1 10 10
1.355203 131 1 10 10
1.357203 131 1 10 10
1.359203 131 1 10 10
1.361203 131 1 10 10
1.363203 130 1 10 10
1.365203 130 1 10 10
1.367203 130 1 10 10
1.369203 130 1 10 10
1.371203 130 1 10 10
1.373203 130 1 10 10
1.375203 130 1 10 10
1.377203 130 1 10 10
1.379203 130 1 10 10
1.381203 129 2 10 10
1.383203 129 2 10 10
1.385203 129 2 10 10
1.387203 129 2 10 10
1.389203 129 2 10 10
1.391203 129 2 10 10
1.393203 129 2 10 10
1.395203 129 2 10 10
1.397203 128 3 10 10
1.399203 128 3 10 10
1.401203 128 3 10 10
1.403203 128 3 10 10
1.405203 128 3 10 10
1.407203 128 3 10 10
1.409203 128 3 10 10
1.411203 128 3 10 10
1.413203 127 4 10 10
1.415203 127 4 10 10
1.417203 127 4 10 10
1.419203 127 4 10 10
1.421203 127 4 10 10
1.423203 127 4 10 10
1.425203 127 4 10 10
1.427203 127 4 10 10
1.429203 127 4 10 10
1.431203 126 4 10 10
1.433203 126 4 10 10
1.435203 126 4 10 10
1.437203 126 4 10 10
1.439203 126 4 10 10
1.441203 126 4 10 10
1.443203 126 4 10 10
1.445203 126 4 10 10
1.447203 125 4 10 10
1.449203 125 4 10 10
1.451203 125 4 10 10
1.453203 125 4 10 10
1.455203 125 4 10 10
1.457203 125 4 10 10
1.459203 124 5 10 10
1.461203 124 5 10 10
1.463203 124 5 10 10
1.465203 124 5 10 10
1.467203 124 5 10 10
1.469203 123 6 10 10
1.471203 123 6 10 10
1.473203 123 6 10 10
1.475203 123 6 10 10
1.477203 123 6 10 10
1.479203 123 6 10 10
1.481203 123 7 9 9
1.483203 123 7 9 9
1.485203 123 7 9 9
1.487203 123 8 8 8
1.489203 123 8 8 8
1.491203 123 8 7 7
1.493203 123 9 7 7
1.495203 123 9 7 7
1.497203 123 9 6 6
1.499203 123 9 6 6
1.501203 123 10 6 6
1.503203 123 10 5 5
1.505203 123 10 5 5
1.507203 123 11 5 5
1.509203 123 11 4 4
1.511203 123 11 4 4
1.513203 123 12 4 4
1.515203 123 12 4 4
1.517203 123 12 4 4
1.519203 123 12 5 5
1.521203 123 12 5 5
1.523203 122 12 5 5
1.525203 122 12 6 6
1.527203 122 12 6 6
1.529203 122 12 6 6
1.531203 121 12 7 7
1.533203 121 12 7 7
1.535203 121 12 7 7
1.537203 121 12 8 8
1.539203 120 12 8 8
1.541203 120 12 9 9
1.543203 120 12 9 9
1.545203 120 12 9 9
1.547203 119 12 10 10
1.549203 119 12 10 10
1.551203 119 12 10 10
1.553203 119 12 10 10
1.555203 119 13 10 10
1.557203 119 13 10 10
1.559203 119 13 10 10
1.561203 119 13 10 10
1.563203 118 14 10 10
1.565203 118 14 10 10
1.567203 118 14 10 10
1.569203 118 14 10 10
1.571203 118 14 10 10
1.573203 118 15 10 10
1.575203 118 15 10 10
1.577203 118 15 10 10
1.579203 118 15 10 10
1.581203 117 16 10 10
1.583203 117 16 10 10
1.585203 117 16 10 10
1.587203 117 16 10 10
1.589203 117 16 10 10
1.591203 117 16 10 10
1.593203 117 16 10 10
1.595203 117 16 10 10
1.597203 117 16 10 10
1.599203 117 16 10 10
1.601203 117 16 10 10
1.603203 117 16 10 10
1.605203 117 16 10 10
1.607203 117 16 10 10
1.609203 117 16 10 10
1.611203 117 16 10 10
1.613203 117 17 10 10
1.615203 117 17 10 10
1.617203 117 17 10 10
1.619203 117 17 10 10
1.621203 117 17 10 10
1.623203 117 17 10 10
1.625203 117 18 10 10
1.627203 117 18 10 10
1.629203 117 18 10 10
1.631203 117 18 10 10
1.633203 117 18 10 10
1.635203 117 18 10 10
1.637203 117 19 10 10
1.639203 117 19 10 10
1.641203 117 19 10 10
1.643203 117 19 10 10
1.645203 117 19 10 10
1.647203 116 20 10 10
1.649203 116 20 10 10
1.651203 116 20 10 10
1.653203 116 20 10 10
1.655203 116 21 10 10
1.657203 116 21 10 10
1.659203 116 21 10 10
1.661203 116 21 10 10
1.663203 116 22 10 10
1.665203 116 22 10 10
1.667203 116 22 10 10
1.669203 116 22 10 10
1.671203 116 22 10 10
1.673203 116 23 10 10
1.675203 116 23 10 10
1.677203 116 23 10 10
1.679203 116 23 10 10
1.681203 115 24 10 10
1.683203 115 24 10 10
1.685203 115 24 10 10
1.687203 115 24 10 10
1.689203 115 25 10 10
1.691203 115 25 10 10
1.693203 115 25 10 10
1.695203 115 25 10 10
1.697203 115 26 10 10
1.699203 115 26 10 10
1.701203 115 26 10 10
1.703203 115 26 10 10
1.705203 115 27 10 10
1.707203 115 27 10 10
1.709203 115 27 10 10
1.711203 115 27 10 10
1.713203 115 28 9 9
1.715203 115 28 9 9
1.717203 115 28 9 9
1.719203 115 29 8 9
1.721203 115 29 8 8
1.723203 115 29 8 8
1.725203 115 30 7 8
1.727203 115 30 7 7
1.729203 115 30 7 7
1.731203 115 31 6 7
1.733203 115 31 6 6
1.735203 115 31 6 6
1.737203 115 32 5 6
1.739203 115 32 5 6
1.741203 115 33 4 5
1.743203 115 33 4 5
1.745203 115 33 4 5
1.747203 114 34 4 5
1.749203 114 34 4 5
1.751203 114 34 4 5
1.753203 114 34 5 6
1.755203 114 34 5 6
1.757203 114 34 5 6
1.759203 113 35 6 6
1.761203 113 35 6 7
1.763203 113 35 7 7
1.765203 113 35 7 7
1.767203 113 35 7 8
1.769203 112 36 8 8
1.771203 112 36 8 8
1.773203 112 36 8 9
1.775203 112 36 9 9
1.777203 112 36 9 9
1.779203 112 36 9 9
1.781203 111 37 10 10
1.783203 111 37 10 10
1.785203 111 37 10 10
1.787203 111 37 10 10
1.789203 111 37 10 10
1.791203 111 38 10 10
1.793203 111 38 10 10
1.795203 111 38 10 10
1.797203 111 38 10 10
1.799203 111 38 10 10
1.801203 111 38 10 10
1.803203 111 39 10 10
1.805203 111 39 10 10
1.807203 111 39 10 10
1.809203 111 39 10 10
1.811203 111 39 10 10
1.813203 111 40 9 9
1.815203 111 40 9 9
1.817203 111 40 9 9
1.819203 111 41 8 9
1.821203 111 41 8 8
1.823203 111 42 8 8
1.825203 111 42 7 8
1.827203 111 42 7 7
1.829203 111 43 7 7
1.831203 112 43 6 7
1.833203 112 44 6 6
1.835203 112 44 6 6
1.837203 112 45 5 6
1.839203 112 45 5 6
1.841203 112 45 4 5
1.843203 112 46 4 5
1.845203 112 46 4 5
1.847203 112 46 4 5
1.849203 112 46 4 5
1.851203 112 46 4 5
1.853203 112 46 5 6
1.855203 112 46 5 6
1.857203 112 46 5 6
1.859203 112 46 6 6
1.861203 112 46 6 7
1.863203 112 45 7 7
1.865203 112 45 7 7
1.867203 112 45 7 8
1.869203 112 45 8 8
1.871203 112 45 8 8
1.873203 112 45 8 9
1.875203 112 45 9 9
1.877203 112 45 9 9
1.879203 112 45 9 9
1.881203 111 45 10 10
1.883203 111 45 10 10
1.885203 111 46 10 10
1.887203 111 46 10 10
1.889203 111 46 10 10
1.891203 110 47 10 10
1.893203 110 47 10 10
1.895203 110 48 10 10
1.897203 110 48 10 10
1.899203 110 49 10 10
1.901203 110 49 10 10
1.903203 109 49 10 10
1.905203 109 50 10 10
1.907203 109 50 10 10
1.909203 109 51 10 10
1.911203 109 51 10 10
1.913203 109 52 9 9
1.915203 109 52 9 9
1.917203 109 52 9 9
1.919203 109 53 9 9
1.921203 109 53 9 9
1.923203 109 54 8 9
1.925203 109 54 8 9
1.927203 109 54 8 9
1.929203 109 55 8 9
1.931203 109 55 7 8
1.933203 109 56 7 8
1.935203 109 56 7 8
1.937203 109 57 7 8
1.939203 109 57 6 8
1.941203 109 57 6 8
1.943203 109 58 6 8
1.945203 109 58 6 8
1.947203 110 59 6 8
1.949203 110 59 6 8
1.951203 110 59 6 8
1.953203 110 59 6 8
1.955203 110 60 6 8
1.957203 110 60 6 8
1.959203 110 60 6 8
1.961203 110 60 6 8
1.963203 110 61 6 8
1.965203 110 61 6 8
1.967203 110 61 6 8
1.969203 110 61 6 8
1.971203 110 61 6 8
1.973203 110 62 6 8
1.975203 110 62 6 8
1.977203 110 62 6 8
1.979203 110 62 6 8
1.981203 110 63 6 8
1.983203 110 63 6 8
1.985203 110 63 6 8
1.987203 110 63 6 8
1.989203 110 63 6 8
1.991203 110 63 6 8
1.993203 110 63 6 8
1.995203 110 63 6 8
1.997203 110 63 6 8
1.999203 110 63 6 8
2.001203 110 63 6 8
2.003203 110 63 6 8
2.005203 110 63 6 8
2.007203 110 63 6 8
2.009203 110 63 6 8
2.011203 110 63 6 8
2.013203 110 62 6 8
2.015203 110 62 6 8
2.017203 110 62 6 8
2.019203 110 61 6 8
2.021203 110 61 6 8
2.023203 110 60 6 8
2.025203 110 60 6 8
2.027203 110 59 6 8
2.029203 110 59 6 8
2.031203 110 58 6 8
2.033203 110 58 6 8
2.035203 110 57 6 8
2.037203 110 57 6 8
2.039203 110 56 6 8
2.041203 110 56 6 8
2.043203 110 55 6 8
2.045203 110 55 6 8
2.047203 110 54 6 8
2.049203 110 54 6 8
2.051203 110 54 6 8
2.053203 110 53 6 8
2.055203 110 53 6 8
2.057203 110 53 6 8
2.059203 110 52 6 8
2.061203 110 52 6 8
2.063203 110 51 6 8
2.065203 110 51 6 8
2.067203 110 51 6 8
2.069203 110 50 6 8
2.071203 110 50 6 8
2.073203 110 50 6 8
2.075203 110 49 6 8
2.077203 110 49 6 8
2.079203 110 49 6 8
2.081203 111 48 6 8
2.083203 111 48 6 8
2.085203 111 48 6 8
2.087203 111 48 6 8
2.089203 111 47 6 8
2.091203 111 47 6 8
2.093203 111 47 6 8
2.095203 111 47 6 8
2.097203 111 46 6 8
2.099203 111 46 6 8
2.101203 111 46 6 8
2.103203 111 46 6 8
2.105203 111 45 6 8
2.107203 111 45 6 8
2.109203 111 45 6 8
2.111203 111 45 6 8
2.113203 111 44 5 7
2.115203 111 44 5 7
2.117203 111 44 5 7
2.119203 111 44 5 7
2.121203 111 44 5 7
2.123203 111 44 5 7
2.125203 111 43 5 7
2.127203 111 43 5 7
2.129203 111 43 5 7
2.131203 111 43 4 6
2.133203 111 43 4 6
2.135203 111 43 4 6
2.137203 111 42 4 6
2.139203 111 42 4 6
2.141203 111 42 4 6
2.143203 111 42 4 6
2.145203 111 42 4 6
2.147203 110 41 4 6
2.149203 110 41 4 6
2.151203 110 41 4 6
2.153203 110 40 5 6
2.155203 110 40 5 7
2.157203 110 40 5 7
2.159203 110 40 6 7
2.161203 110 39 6 7
2.163203 110 39 7 8
2.165203 110 39 7 8
2.167203 110 38 7 8
2.169203 110 38 8 8
2.171203 110 38 8 8
2.173203 110 37 8 9
2.175203 110 37 9 9
2.177203 110 37 9 9
2.179203 110 37 9 9
2.181203 110 36 10 10
2.183203 110 36 10 10
2.185203 110 36 10 10
2.187203 110 36 10 10
2.189203 110 35 10 10
2.191203 110 35 10 10
2.193203 110 35 10 10
2.195203 110 35 10 10
2.197203 110 34 10 10
2.199203 110 34 10 10
2.201203 110 34 10 10
2.203203 110 34 10 10
2.205203 110 33 10 10
2.207203 110 33 10 10
2.209203 110 33 10 10
2.211203 110 33 10 10
2.213203 110 32 10 10
2.215203 110 32 10 10
2.217203 110 32 10 10
2.219203 110 32 10 10
2.221203 110 32 10 10
2.223203 110 32 10 10
2.225203 110 32 10 10
2.227203 110 32 10 10
2.229203 110 32 10 10
2.231203 110 31 10 10
2.233203 110 31 10 10
2.235203 110 31 10 10
2.237203 110 31 10 10
2.239203 110 31 10 10
2.241203 110 31 10 10
2.243203 110 31 10 10
2.245203 110 31 10 10
2.247203 110 30 10 10
2.249203 110 30 10 10
2.251203 110 30 10 10
2.253203 110 30 10 10
2.255203 110 30 10 10
2.257203 110 30 10 10
2.259203 110 29 10 10
2.261203 110 29 10 10
2.263203 110 29 10 10
2.265203 110 29 10 10
2.267203 110 29 10 10
2.269203 110 28 10 10
2.271203 110 28 10 10
2.273203 110 28 10 10
2.275203 110 28 10 10
2.277203 110 28 10 10
2.279203 110 28 10 10
2.281203 110 28 10 10
2.283203 110 28 10 10
2.285203 110 28 10 10
2.287203 110 28 10 10
2.289203 110 28 10 10
2.291203 110 28 10 10
2.293203 110 28 10 10
2.295203 110 28 10 10
2.297203 110 28 10 10
2.299203 110 28 10 10
2.301203 110 28 10 10
2.303203 110 28 10 10
2.305203 110 28 10 10
2.307203 110 28 10 10
2.309203 110 28 10 10
2.311203 110 28 10 10
2.313203 110 28 10 10
2.315203 110 28 10 10
2.317203 110 28 10 10
2.319203 110 28 10 10
2.321203 110 28 10 10
2.323203 110 28 10 10
2.325203 110 27 10 10
2.327203 110 27 10 10
2.329203 110 27 10 10
2.331203 110 27 10 10
2.333203 110 27 10 10
2.335203 110 27 10 10
2.337203 110 26 10 10
2.339203 110 26 10 10
2.341203 110 26 10 10
2.343203 110 26 10 10
2.345203 110 26 10 10
2.347203 110 26 10 10
2.349203 110 26 10 10
2.351203 110 26 10 10
2.353203 110 26 10 10
2.355203 110 26 10 10
2.357203 110 26 10 10
2.359203 110 26 10 10
2.361203 110 26 10 10
2.363203 110 26 10 10
2.365203 110 26 10 10
2.367203 110 26 10 10
2.369203 110 26 10 10
2.371203 110 26 10 10
2.373203 110 26 10 10
2.375203 110 26 10 10
2.377203 110 26 10 10
2.379203 110 26 10 10
2.381203 110 26 10 10
2.383203 110 26 10 10
2.385203 110 26 10 10
2.387203 110 26 10 10
2.389203 110 26 10 10
2.391203 110 26 10 10
2.393203 110 26 10 10
2.395203 110 26 10 10
2.397203 110 26 10 10
2.399203 110 26 10 10
2.401203 110 26 10 10
2.403203 110 26 10 10
2.405203 110 26 10 10
2.407203 110 26 10 10
2.409203 110 26 10 10
2.411203 110 26 10 10
2.413203 109 25 10 10
2.415203 109 25 10 10
2.417203 109 25 10 10
2.419203 109 25 10 10
2.421203 109 25 10 10
2.423203 109 25 10 10
2.425203 109 25 10 10
2.427203 109 25 10 10
2.429203 109 25 10 10
2.431203 109 24 10 10
2.433203 109 24 10 10
2.435203 109 24 10 10
2.437203 109 24 10 10
2.439203 109 24 10 10
2.441203 109 24 10 10
2.443203 109 24 10 10
2.445203 109 24 10 10
2.447203 109 24 10 10
2.449203 109 24 10 10
2.451203 109 24 10 10
2.453203 109 24 10 10
2.455203 109 24 10 10
2.457203 109 24 10 10
2.459203 109 24 10 10
2.461203 109 24 10 10
2.463203 110 25 10 10
2.465203 110 25 10 10
2.467203 110 25 10 10
2.469203 110 25 10 10
2.471203 110 25 10 10
2.473203 110 25 10 10
2.475203 110 25 10 10
2.477203 110 25 10 10
2.479203 110 25 10 10
2.481203 111 25 10 10
2.483203 111 25 10 10
2.485203 111 25 10 10
2.487203 111 25 10 10
2.489203 111 25 10 10
2.491203 111 25 10 10
2.493203 111 25 10 10
2.495203 111 25 10 10
2.497203 111 24 10 10
2.499203 111 24 10 10
2.501203 111 24 10 10
2.503203 111 24 10 10
2.505203 111 24 10 10
2.507203 111 24 10 10
2.509203 111 24 10 10
2.511203 111 24 10 10
2.513203 112 24 9 9
2.515203 112 24 9 9
2.517203 112 24 9 9
2.519203 112 25 8 9
2.521203 112 25 8 8
2.523203 112 26 8 8
2.525203 112 26 7 8
2.527203 112 26 7 7
2.529203 112 27 7 7
2.531203 112 27 6 7
2.533203 112 28 6 6
2.535203 112 28 6 6
2.537203 112 29 5 6
2.539203 112 29 5 6
2.541203 112 29 4 5
2.543203 112 30 4 5
2.545203 112 30 4 5
2.547203 112 30 4 5
2.549203 112 30 4 5
2.551203 112 30 4 5
2.553203 112 30 5 6
2.555203 112 30 5 6
2.557203 112 30 5 6
2.559203 112 30 6 6
2.561203 112 30 6 7
2.563203 111 30 7 7
2.565203 111 30 7 7
2.567203 111 30 7 8
2.569203 111 30 8 8
2.571203 111 30 8 8
2.573203 111 30 8 9
2.575203 111 30 9 9
2.577203 111 30 9 9
2.579203 111 30 9 9
2.581203 111 30 10 10
2.583203 111 30 10 10
2.585203 111 30 10 10
2.587203 111 30 10 10
2.589203 111 30 10 10
2.591203 111 31 10 10
2.593203 111 31 10 10
2.595203 111 31 10 10
2.597203 111 31 10 10
2.599203 111 31 10 10
2.601203 111 31 10 10
2.603203 111 32 10 10
2.605203 111 32 10 10
2.607203 111 32 10 10
2.609203 111 32 10 10
2.611203 111 32 10 10
2.613203 111 33 10 10
2.615203 111 33 10 10
2.617203 111 33 10 10
2.619203 111 33 10 10
2.621203 111 33 10 10
2.623203 111 33 10 10
2.625203 111 34 10 10
2.627203 111 34 10 10
2.629203 111 34 10 10
2.631203 111 34 10 10
2.633203 111 34 10 10
2.635203 111 34 10 10
2.637203 111 35 10 10
2.639203 111 35 10 10
2.641203 111 35 10 10
2.643203 111 35 10 10
2.645203 111 35 10 10
2.647203 111 36 10 10
2.649203 111 36 10 10
2.651203 111 36 10 10
2.653203 111 36 10 10
2.655203 111 36 10 10
2.657203 111 36 10 10
2.659203 111 37 10 10
2.661203 111 37 10 10
2.663203 111 37 10 10
2.665203 111 37 10 10
2.667203 111 37 10 10
2.669203 111 38 10 10
2.671203 111 38 10 10
2.673203 111 38 10 10
2.675203 111 38 10 10
2.677203 111 38 10 10
2.679203 111 38 10 10
2.681203 111 39 10 10
2.683203 111 39 10 10
2.685203 111 39 10 10
2.687203 111 39 10 10
2.689203 111 39 10 10
2.691203 111 39 10 10
2.693203 111 39 10 10
2.695203 111 39 10 10
2.697203 111 39 10 10
2.699203 111 39 10 10
2.701203 111 39 10 10
2.703203 111 39 10 10
2.705203 111 39 10 10
2.707203 111 39 10 10
2.709203 111 39 10 10
2.711203 111 39 10 10
2.713203 111 40 10 10
2.715203 111 40 10 10
2.717203 111 40 10 10
2.719203 111 40 10 10
2.721203 111 41 10 10
2.723203 111 41 10 10
2.725203 111 41 10 10
2.727203 111 42 10 10
2.729203 111 42 10 10
2.731203 111 42 10 10
2.733203 111 43 10 10
2.735203 111 43 10 10
2.737203 111 43 10 10
2.739203 111 43 10 10
2.741203 111 44 10 10
2.743203 111 44 10 10
2.745203 111 44 10 10
2.747203 111 45 10 10
2.749203 111 45 10 10
2.751203 111 45 10 10
2.753203 111 45 10 10
2.755203 111 46 10 10
2.757203 111 46 10 10
2.759203 111 46 10 10
2.761203 111 46 10 10
2.763203 112 47 10 10
2.765203 112 47 10 10
2.767203 112 47 10 10
2.769203 112 47 10 10
2.771203 112 47 10 10
2.773203 112 48 10 10
2.775203 112 48 10 10
2.777203 112 48 10 10
2.779203 112 48 10 10
2.781203 112 49 10 10
2.783203 112 49 10 10
2.785203 112 50 10 10
2.787203 112 50 10 10
2.789203 112 51 10 10
2.791203 112 51 10 10
2.793203 112 52 10 10
2.795203 112 52 10 10
2.797203 112 53 10 10
2.799203 112 53 10 10
2.801203 112 54 10 10
2.803203 112 54 10 10
2.805203 112 55 10 10
2.807203 112 55 10 10
2.809203 112 56 10 10
2.811203 112 56 10 10
2.813203 112 57 10 10
2.815203 112 57 10 10
2.817203 112 57 10 10
2.819203 112 57 10 10
2.821203 112 58 10 10
2.823203 112 58 10 10
2.825203 112 58 10 10
2.827203 112 59 10 10
2.829203 112 59 10 10
2.831203 112 59 10 10
2.833203 112 60 10 10
2.835203 112 60 10 10
2.837203 112 60 10 10
2.839203 112 60 10 10
2.841203 112 61 10 10
2.843203 112 61 10 10
2.845203 112 61 10 10
2.847203 111 62 10 10
2.849203 111 62 10 10
2.851203 111 62 10 10
2.853203 111 63 10 10
2.855203 111 63 10 10
2.857203 111 63 10 10
2.859203 111 63 10 10
2.861203 111 64 10 10
2.863203 111 64 10 10
2.865203 111 64 10 10
2.867203 111 65 10 10
2.869203 111 65 10 10
2.871203 111 65 10 10
2.873203 111 66 10 10
2.875203 111 66 10 10
2.877203 111 66 10 10
2.879203 111 66 10 10
2.881203 110 67 10 10
2.883203 110 67 10 10
2.885203 110 67 10 10
2.887203 110 68 10 10
2.889203 110 68 10 10
2.891203 110 69 10 10
2.893203 110 69 10 10
2.895203 110 69 10 10
2.897203 110 70 10 10
2.899203 110 70 10 10
2.901203 110 70 10 10
2.903203 110 71 10 10
2.905203 110 71 10 10
2.907203 110 71 10 10
2.909203 110 72 10 10
2.911203 110 72 10 10
2.913203 110 73 10 10
2.915203 110 73 10 10
2.917203 110 73 10 10
2.919203 110 74 10 10
2.921203 110 74 10 10
2.923203 110 75 10 10
2.925203 110 75 10 10
2.927203 110 75 10 10
2.929203 110 76 10 10
2.931203 110 76 10 10
2.933203 110 77 10 10
2.935203 110 77 10 10
2.937203 110 78 10 10
2.939203 110 78 10 10
2.941203 110 78 10 10
2.943203 110 79 10 10
2.945203 110 79 10 10
2.947203 110 80 10 10
2.949203 110 80 10 10
2.951203 110 80 10 10
2.953203 110 81 10 10
2.955203 110 81 10 10
2.957203 110 81 10 10
2.959203 110 82 10 10
2.961203 110 82 10 10
2.963203 110 83 10 10
2.965203 110 83 10 10
2.967203 110 83 10 10
2.969203 110 84 10 10
2.971203 110 84 10 10
2.973203 110 84 10 10
2.975203 110 85 10 10
2.977203 110 85 10 10
2.979203 110 85 10 10
2.981203 110 86 10 10
2.983203 110 86 10 10
2.985203 110 87 10 10
2.987203 110 87 10 10
2.989203 110 88 10 10
2.991203 110 88 10 10
2.993203 110 89 10 10
2.995203 110 89 10 10
2.997203 110 90 10 10
2.999203 110 90 10 10
3.001203 110 91 10 10
3.003203 110 91 10 10
3.005203 110 92 10 10
3.007203 110 92 10 10
3.009203 110 93 10 10
3.011203 110 93 10 10
3.013203 110 94 9 10
3.015203 110 94 9 10
3.017203 110 94 9 10
3.019203 110 94 9 10
3.021203 110 94 9 10
3.023203 110 94 9 10
3.025203 110 94 8 10
3.027203 110 94 8 10
3.029203 110 94 8 10
3.031203 110 95 8 11
3.033203 110 95 8 11
3.035203 110 95 8 11
3.037203 110 95 7 11
3.039203 110 95 7 11
3.041203 110 95 7 11
3.043203 110 95 7 11
3.045203 110 95 7 11
3.047203 111 96 7 12
3.049203 111 96 7 12
3.051203 111 96 7 12
3.053203 111 96 7 12
3.055203 111 97 7 12
3.057203 111 97 7 12
3.059203 111 97 7 12
3.061203 111 97 7 12
3.063203 111 98 7 12
3.065203 111 98 7 12
3.067203 111 98 7 12
3.069203 111 98 7 12
3.071203 111 98 7 12
3.073203 111 99 7 12
3.075203 111 99 7 12
3.077203 111 99 7 12
3.079203 111 99 7 12
3.081203 111 99 7 12
3.083203 111 99 7 12
3.085203 111 99 7 12
3.087203 111 99 7 12
3.089203 111 99 7 12
3.091203 111 99 7 12
3.093203 111 99 7 12
3.095203 111 99 7 12
3.097203 111 98 7 12
3.099203 111 98 7 12
3.101203 111 98 7 12
3.103203 111 98 7 12
3.105203 111 98 7 12
3.107203 111 98 7 12
3.109203 111 98 7 12
3.111203 111 98 7 12
3.113203 111 97 7 12
3.115203 111 97 7 12
3.117203 111 96 7 12
3.119203 111 96 7 12
3.121203 111 95 7 12
3.123203 111 94 7 12
3.125203 111 94 7 12
3.127203 111 93 7 12
3.129203 111 93 7 12
3.131203 111 92 7 12
3.133203 111 91 7 12
3.135203 111 91 7 12
3.137203 111 90 7 12
3.139203 111 90 7 12
3.141203 111 89 7 12
3.143203 111 88 7 12
3.145203 111 88 7 12
3.147203 111 87 7 12
3.149203 111 87 7 12
3.151203 111 86 7 12
3.153203 111 85 7 12
3.155203 111 84 7 12
3.157203 111 84 7 12
3.159203 111 83 7 12
3.161203 111 82 7 12
3.163203 111 81 7 12
3.165203 111 81 7 12
3.167203 111 80 7 12
3.169203 111 79 7 12
3.171203 111 79 7 12
3.173203 111 78 7 12
3.175203 111 77 7 12
3.177203 111 76 7 12
3.179203 111 76 7 12
3.181203 111 75 7 12
3.183203 111 75 7 12
3.185203 111 74 7 12
3.187203 111 74 7 12
3.189203 111 74 7 12
3.191203 111 73 7 12
3.193203 111 73 7 12
3.195203 111 72 7 12
3.197203 111 72 7 12
3.199203 111 71 7 12
3.201203 111 71 7 12
3.203203 111 71 7 12
3.205203 111 70 7 12
3.207203 111 70 7 12
3.209203 111 69 7 12
3.211203 111 69 7 12
3.213203 111 68 6 11
3.215203 111 68 6 11
3.217203 111 68 6 11
3.219203 111 67 6 11
3.221203 111 67 6 11
3.223203 111 67 6 11
3.225203 111 66 5 10
3.227203 111 66 5 10
3.229203 111 66 5 10
3.231203 111 65 5 10
3.233203 111 65 5 10
3.235203 111 65 5 10
3.237203 111 64 4 9
3.239203 111 64 4 9
3.241203 111 63 4 9
3.243203 111 63 4 9
3.245203 111 63 4 9
3.247203 111 62 4 8
3.249203 111 62 4 8
3.251203 111 62 4 8
3.253203 111 62 4 8
3.255203 111 61 4 8
3.257203 111 61 4 8
3.259203 111 61 4 8
3.261203 111 61 4 8
3.263203 111 60 5 7
3.265203 111 60 5 7
3.267203 111 60 5 7
3.269203 111 60 5 7
3.271203 111 60 5 7
3.273203 111 59 5 7
3.275203 111 59 5 7
3.277203 111 59 5 7
3.279203 111 59 5 7
3.281203 112 58 6 7
3.283203 112 58 6 7
3.285203 112 58 6 7
3.287203 112 57 6 7
3.289203 112 57 6 7
3.291203 112 56 6 7
3.293203 112 56 6 7
3.295203 112 56 6 7
3.297203 112 55 6 7
3.299203 112 55 6 7
3.301203 112 55 6 7
3.303203 112 54 6 7
3.305203 112 54 6 7
3.307203 112 54 6 7
3.309203 112 53 6 7
3.311203 112 53 6 7
3.313203 112 52 6 7
3.315203 112 52 6 7
3.317203 112 52 6 7
3.319203 112 52 6 7
3.321203 112 52 6 7
3.323203 112 52 6 7
3.325203 112 51 6 7
3.327203 112 51 6 7
3.329203 112 51 6 7
3.331203 111 51 6 7
3.333203 111 51 6 7
3.335203 111 51 6 7
3.337203 111 50 6 7
3.339203 111 50 6 7
3.341203 111 50 6 7
3.343203 111 50 6 7
3.345203 111 50 6 7
3.347203 111 50 6 7
3.349203 111 50 6 7
3.351203 111 50 6 7
3.353203 111 50 6 7
3.355203 111 50 6 7
3.357203 111 50 6 7
3.359203 111 50 6 7
3.361203 111 50 6 7
3.363203 111 50 6 7
3.365203 111 50 6 7
3.367203 111 50 6 7
3.369203 111 50 6 7
3.371203 111 50 6 7
3.373203 111 50 6 7
3.375203 111 50 6 7
3.377203 111 50 6 7
3.379203 111 50 6 7
3.381203 110 49 6 7
3.383203 110 49 6 7
3.385203 110 49 6 7
3.387203 110 49 6 7
3.389203 110 49 6 7
3.391203 110 49 6 7
3.393203 110 49 6 7
3.395203 110 49 6 7
3.397203 110 49 6 7
3.399203 110 49 6 7
3.401203 110 49 6 7
3.403203 110 49 6 7
3.405203 110 49 6 7
3.407203 110 49 6 7
3.409203 110 49 6 7
3.411203 110 49 6 7
3.413203 110 48 5 6
3.415203 110 48 5 6
3.417203 110 48 5 6
3.419203 110 48 5 6
3.421203 110 48 5 6
3.423203 110 48 5 6
3.425203 110 48 5 5
3.427203 110 48 5 5
3.429203 110 48 5 5
3.431203 110 48 4 5
3.433203 110 48 4 5
3.435203 110 48 4 5
3.437203 110 48 4 4
3.439203 110 48 4 4
3.441203 110 48 4 4
3.443203 110 48 4 4
3.445203 110 48 4 4
3.447203 109 47 4 4
3.449203 109 47 4 4
3.451203 109 47 4 4
3.453203 109 47 5 5
3.455203 109 47 5 5
3.457203 109 47 5 5
3.459203 109 46 6 6
3.461203 109 46 6 6
3.463203 108 46 7 7
3.465203 108 46 7 7
3.467203 108 46 7 7
3.469203 108 45 8 8
3.471203 108 45 8 8
3.473203 108 45 8 8
3.475203 108 45 9 9
3.477203 108 45 9 9
3.479203 108 45 9 9
3.481203 108 45 10 10
3.483203 108 45 10 10
3.485203 108 45 10 10
3.487203 108 45 10 10
3.489203 108 45 10 10
3.491203 108 45 10 10
3.493203 108 45 10 10
3.495203 108 45 10 10
3.497203 108 45 10 10
3.499203 108 45 10 10
3.501203 108 45 10 10
3.503203 108 45 10 10
3.505203 108 45 10 10
3.507203 108 45 10 10
3.509203 108 45 10 10
3.511203 108 45 10 10
3.513203 107 44 10 10
3.515203 107 44 10 10
3.517203 107 44 10 10
3.519203 107 44 10 10
3.521203 107 44 10 10
3.523203 107 44 10 10
3.525203 107 44 10 10
3.527203 107 44 10 10
3.529203 107 44 10 10
3.531203 107 44 10 10
3.533203 107 44 10 10
3.535203 107 44 10 10
3.537203 107 44 10 10
3.539203 107 44 10 10
3.541203 107 44 10 10
3.543203 107 44 10 10
3.545203 107 44 10 10
3.547203 107 44 10 10
3.549203 107 44 10 10
3.551203 107 44 10 10
3.553203 107 44 10 10
3.555203 107 44 10 10
3.557203 107 44 10 10
3.559203 107 44 10 10
3.561203 107 44 10 10
3.563203 107 44 10 10
3.565203 107 44 10 10
3.567203 107 44 10 10
3.569203 107 44 10 10
3.571203 107 44 10 10
3.573203 107 44 10 10
3.575203 107 44 10 10
3.577203 107 44 10 10
3.579203 107 44 10 10
3.581203 106 44 10 10
3.583203 106 44 10 10
3.585203 106 44 10 10
3.587203 106 44 10 10
3.589203 106 44 10 10
3.591203 106 44 10 10
3.593203 106 44 10 10
3.595203 106 44 10 10
3.597203 106 44 10 10
3.599203 106 44 10 10
3.601203 106 44 10 10
3.603203 106 44 10 10
3.605203 106 44 10 10
3.607203 106 44 10 10
3.609203 106 44 10 10
3.611203 106 44 10 10
3.613203 106 44 10 10
3.615203 106 44 10 10
3.617203 106 44 10 10
3.619203 106 44 10 10
3.621203 106 44 10 10
3.623203 106 44 10 10
3.625203 106 44 10 10
3.627203 106 44 10 10
3.629203 106 44 10 10
3.631203 106 44 10 10
3.633203 106 44 10 10
3.635203 106 44 10 10
3.637203 106 44 10 10
3.639203 106 44 10 10
3.641203 106 44 10 10
3.643203 106 44 10 10
3.645203 106 44 10 10
3.647203 107 44 10 10
3.649203 107 44 10 10
3.651203 107 44 10 10
3.653203 107 44 10 10
3.655203 107 44 10 10
3.657203 107 44 10 10
3.659203 107 44 10 10
3.661203 107 44 10 10
3.663203 107 44 10 10
3.665203 107 44 10 10
3.667203 107 44 10 10
3.669203 107 44 10 10
3.671203 107 44 10 10
3.673203 107 44 10 10
3.675203 107 44 10 10
3.677203 107 44 10 10
3.679203 107 44 10 10
3.681203 107 45 10 10
3.683203 107 45 10 10
3.685203 107 45 10 10
3.687203 107 45 10 10
3.689203 107 45 10 10
3.691203 107 45 10 10
3.693203 107 45 10 10
3.695203 107 45 10 10
3.697203 107 45 10 10
3.699203 107 45 10 10
3.701203 107 45 10 10
3.703203 107 45 10 10
3.705203 107 45 10 10
3.707203 107 45 10 10
3.709203 107 45 10 10
3.711203 107 45 10 10
3.713203 106 45 10 10
3.715203 106 45 10 10
3.717203 106 45 10 10
3.719203 106 45 10 10
3.721203 106 45 10 10
3.723203 106 45 10 10
3.725203 106 46 10 10
3.727203 106 46 10 10
3.729203 106 46 10 10
3.731203 106 46 10 10
3.733203 106 46 10 10
3.735203 106 46 10 10
3.737203 106 47 10 10
3.739203 106 47 10 10
3.741203 106 47 10 10
3.743203 106 47 10 10
3.745203 106 47 10 10
3.747203 105 48 10 10
3.749203 105 48 10 10
3.751203 105 48 10 10
3.753203 105 48 10 10
3.755203 105 49 10 10
3.757203 105 49 10 10
3.759203 105 49 10 10
3.761203 105 49 10 10
3.763203 105 50 10 10
3.765203 105 50 10 10
3.767203 105 50 10 10
3.769203 105 50 10 10
3.771203 105 50 10 10
3.773203 105 51 10 10
3.775203 105 51 10 10
3.777203 105 51 10 10
3.779203 105 51 10 10
3.781203 105 52 10 10
3.783203 105 52 10 10
3.785203 105 52 10 10
3.787203 105 52 10 10
3.789203 105 52 10 10
3.791203 105 52 10 10
3.793203 105 52 10 10
3.795203 105 52 10 10
3.797203 105 53 10 10
3.799203 105 53 10 10
3.801203 105 53 10 10
3.803203 105 53 10 10
3.805203 105 53 10 10
3.807203 105 53 10 10
3.809203 105 53 10 10
3.811203 105 53 10 10
3.813203 105 54 10 10
3.815203 105 54 10 10
3.817203 105 54 10 10
3.819203 105 54 10 10
3.821203 105 54 10 10
3.823203 105 55 10 10
3.825203 105 55 10 10
3.827203 105 55 10 10
3.829203 105 55 10 10
3.831203 105 56 10 10
3.833203 105 56 10 10
3.835203 105 56 10 10
3.837203 105 56 10 10
3.839203 105 57 10 10
3.841203 105 57 10 10
3.843203 105 57 10 10
3.845203 105 57 10 10
3.847203 105 58 9 10
3.849203 105 58 9 10
3.851203 105 58 9 10
3.853203 105 58 9 10
3.855203 105 58 9 10
3.857203 105 58 9 10
3.859203 105 58 8 10
3.861203 105 58 8 10
3.863203 105 59 8 11
3.865203 105 59 8 11
3.867203 105 59 8 11
3.869203 105 59 7 11
3.871203 105 59 7 11
3.873203 105 59 7 11
3.875203 105 59 7 11
3.877203 105 59 7 11
3.879203 105 59 7 11
3.881203 105 60 6 11
3.883203 105 61 6 11
3.885203 105 61 6 10
3.887203 105 62 6 10
3.889203 105 62 6 10
3.891203 105 63 5 9
3.893203 105 64 5 9
3.895203 105 64 5 8
3.897203 105 65 5 8
3.899203 105 65 5 7
3.901203 105 66 5 7
3.903203 105 67 4 7
3.905203 105 67 4 6
3.907203 105 68 4 6
3.909203 105 68 4 5
3.911203 105 69 4 5
3.913203 105 69 4 5
3.915203 105 69 4 5
3.917203 105 69 4 5
3.919203 105 69 4 5
3.921203 105 69 4 6
3.923203 105 69 4 6
3.925203 105 69 5 6
3.927203 105 69 5 7
3.929203 105 69 5 7
3.931203 104 69 5 7
3.933203 104 69 5 8
3.935203 104 69 5 8
3.937203 104 69 6 8
3.939203 104 69 6 8
3.941203 104 69 6 9
3.943203 104 69 6 9
3.945203 104 69 6 9
3.947203 104 69 7 10
3.949203 104 69 7 10
3.951203 104 69 7 10
3.953203 104 70 7 10
3.955203 104 70 7 10
3.957203 104 70 7 10
3.959203 104 71 7 10
3.961203 104 71 7 10
3.963203 104 72 7 10
3.965203 104 72 7 10
3.967203 104 72 7 10
3.969203 104 73 7 10
3.971203 104 73 7 10
3.973203 104 73 7 10
3.975203 104 74 7 10
3.977203 104 74 7 10
3.979203 104 74 7 10
3.981203 104 75 7 10
3.983203 104 75 7 10
3.985203 104 75 7 10
3.987203 104 76 7 10
3.989203 104 76 7 10
3.991203 104 76 7 10
3.993203 104 77 7 10
3.995203 104 77 7 10
3.997203 104 77 7 10
3.999203 104 77 7 10
4.001203 104 78 7 10
4.003203 104 78 7 10
4.005203 104 78 7 10
4.007203 104 79 7 10
4.009203 104 79 7 10
4.011203 104 79 7 10
4.013203 104 80 7 10
4.015203 104 80 7 10
4.017203 104 80 7 10
4.019203 104 80 7 10
4.021203 104 80 7 10
4.023203 104 81 7 10
4.025203 104 81 7 10
4.027203 104 81 7 10
4.029203 104 81 7 10
4.031203 104 82 7 10
4.033203 104 82 7 10
4.035203 104 82 7 10
4.037203 104 82 7 10
4.039203 104 83 7 10
4.041203 104 83 7 10
4.043203 104 83 7 10
4.045203 104 83 7 10
4.047203 104 84 7 10
4.049203 104 84 7 10
4.051203 104 84 7 10
4.053203 104 84 7 10
4.055203 104 84 7 10
4.057203 104 84 7 10
4.059203 104 85 7 10
4.061203 104 85 7 10
4.063203 104 85 7 10
4.065203 104 85 7 10
4.067203 104 85 7 10
4.069203 104 86 7 10
4.071203 104 86 7 10
4.073203 104 86 7 10
4.075203 104 86 7 10
4.077203 104 86 7 10
4.079203 104 86 7 10
4.081203 104 87 7 10
4.083203 104 87 7 10
4.085203 104 87 7 10
4.087203 104 88 7 10
4.089203 104 88 7 10
4.091203 104 89 7 10
4.093203 104 89 7 10
4.095203 104 89 7 10
4.097203 104 90 7 10
4.099203 104 90 7 10
4.101203 104 90 7 10
4.103203 104 91 7 10
4.105203 104 91 7 10
4.107203 104 91 7 10
4.109203 104 92 7 10
4.111203 104 92 7 10
4.113203 104 93 7 10
4.115203 104 93 7 10
4.117203 104 93 7 10
4.119203 104 93 7 10
4.121203 104 93 7 10
4.123203 104 94 7 10
4.125203 104 94 7 10
4.127203 104 94 7 10
4.129203 104 94 7 10
4.131203 104 95 7 10
4.133203 104 95 7 10
4.135203 104 95 7 10
4.137203 104 95 7 10
4.139203 104 96 7 10
4.141203 104 96 7 10
4.143203 104 96 7 10
4.145203 104 96 7 10
4.147203 104 97 7 10
4.149203 104 99 7 10
4.151203 104 101 7 10
4.153203 104 103 7 10
4.155203 104 105 7 10
4.157203 104 107 7 10
4.159203 104 109 7 10
4.161203 104 111 7 10
4.163203 104 114 7 10
4.165203 104 116 7 10
4.167203 104 118 7 10
4.169203 104 120 7 10
4.171203 104 122 7 10
4.173203 104 124 7 10
4.175203 104 126 7 10
4.177203 104 128 7 10
4.179203 104 130 7 10
4.181203 103 130 6 10
4.183203 103 130 6 10
4.185203 102 129 6 10
4.187203 102 129 6 10
4.189203 102 129 6 10
4.191203 101 128 6 10
4.193203 101 128 6 10
4.195203 100 127 6 10
4.197203 100 127 6 10
4.199203 99 126 6 10
4.201203 99 126 6 10
4.203203 99 126 6 10
4.205203 98 125 6 10
4.207203 98 125 6 10
4.209203 97 124 6 10
4.211203 97 124 6 10
4.213203 96 124 5 9
4.215203 96 124 5 9
4.217203 96 124 5 9
4.219203 96 124 5 9
4.221203 96 124 5 9
4.223203 96 124 5 9
4.225203 96 124 5 9
4.227203 96 124 5 9
4.229203 96 124 5 9
4.231203 96 125 5 8
4.233203 96 125 5 8
4.235203 96 125 5 8
4.237203 96 125 5 8
4.239203 96 125 5 8
4.241203 96 125 5 8
4.243203 96 125 5 8
4.245203 96 125 5 8
4.247203 96 126 5 8
4.249203 96 126 5 8
4.251203 96 127 5 8
4.253203 96 127 5 8
4.255203 96 128 5 8
4.257203 96 128 5 8
4.259203 96 129 5 8
4.261203 96 129 5 8
4.263203 97 130 5 8
4.265203 97 131 5 8
4.267203 97 131 5 8
4.269203 97 132 5 8
4.271203 97 132 5 8
4.273203 97 133 5 8
4.275203 97 133 5 8
4.277203 97 134 5 8
4.279203 97 134 5 8
4.281203 98 135 5 8
4.283203 98 135 5 8
4.285203 98 135 5 8
4.287203 98 135 5 8
4.289203 98 135 5 8
4.291203 98 135 5 8
4.293203 98 135 5 8
4.295203 98 135 5 8
4.297203 98 135 5 8
4.299203 98 135 5 8
4.301203 98 135 5 8
4.303203 98 135 5 8
4.305203 98 135 5 8
4.307203 98 135 5 8
4.309203 98 135 5 8
4.311203 98 135 5 8
4.313203 98 135 4 7
4.315203 98 135 4 7
4.317203 98 135 4 7
4.319203 98 135 4 7
4.321203 99 135 4 7
4.323203 99 135 4 6
4.325203 99 135 4 6
4.327203 100 135 4 6
4.329203 100 135 4 6
4.331203 100 136 4 5
4.333203 101 136 4 5
4.335203 101 136 4 5
4.337203 101 136 4 5
4.339203 101 136 4 4
4.341203 102 136 4 4
4.343203 102 136 4 4
4.345203 102 136 4 4
4.347203 102 137 4 4
4.349203 102 137 4 4
4.351203 102 137 4 4
4.353203 102 137 4 4
4.355203 102 138 4 4
4.357203 102 138 4 4
4.359203 102 138 4 4
4.361203 102 138 4 4
4.363203 102 139 4 4
4.365203 102 139 4 4
4.367203 102 139 4 4
4.369203 102 139 4 4
4.371203 102 139 4 4
4.373203 102 140 4 4
4.375203 102 140 4 4
4.377203 102 140 4 4
4.379203 102 140 4 4
4.381203 102 140 5 4
4.383203 102 140 5 4
4.385203 102 140 5 4
4.387203 102 140 5 4
4.389203 102 140 5 4
4.391203 102 140 5 5
4.393203 102 140 5 5
4.395203 102 140 5 5
4.397203 102 140 5 5
4.399203 102 140 5 5
4.401203 102 140 5 5
4.403203 102 140 5 6
4.405203 102 140 5 6
4.407203 102 140 5 6
4.409203 102 140 5 6
4.411203 102 140 5 6
4.413203 102 140 5 7
4.415203 102 140 5 7
4.417203 102 140 5 7
4.419203 102 140 5 7
4.421203 102 140 5 7
4.423203 102 140 5 7
4.425203 102 140 5 7
4.427203 102 140 5 7
4.429203 102 140 5 7
4.431203 102 140 5 7
4.433203 102 140 5 7
4.435203 102 140 5 7
4.437203 102 140 5 7
4.439203 102 140 5 7
4.441203 102 140 5 7
4.443203 102 140 5 7
4.445203 102 140 5 7
4.447203 102 139 5 7
4.449203 102 139 5 7
4.451203 102 139 5 7
4.453203 102 138 5 7
4.455203 102 138 5 7
4.457203 102 138 5 7
4.459203 102 137 5 7
4.461203 102 137 5 7
4.463203 101 136 6 7
4.465203 101 136 6 7
4.467203 101 136 6 7
4.469203 101 135 6 7
4.471203 101 135 6 7
4.473203 101 135 6 7
4.475203 101 134 6 7
4.477203 101 134 6 7
4.479203 101 134 6 7
4.481203 101 133 7 8
4.483203 101 133 7 8
4.485203 101 133 7 8
4.487203 101 133 7 8
4.489203 101 133 7 8
4.491203 101 133 7 8
4.493203 101 133 7 8
4.495203 101 133 7 8
4.497203 101 133 7 8
4.499203 101 133 7 8
4.501203 101 133 7 8
4.503203 101 133 7 8
4.505203 101 133 7 8
4.507203 101 133 7 8
4.509203 101 133 7 8
4.511203 101 133 7 8
4.513203 102 132 6 8
4.515203 102 132 6 8
4.517203 102 132 6 8
4.519203 102 132 6 8
4.521203 102 132 6 8
4.523203 102 132 6 8
4.525203 102 132 6 9
4.527203 102 132 6 9
4.529203 102 132 6 9
4.531203 102 132 6 9
4.533203 102 132 6 9
4.535203 102 132 6 9
4.537203 102 132 6 10
4.539203 102 132 6 10
4.541203 102 132 6 10
4.543203 102 132 6 10
4.545203 102 132 6 10
4.547203 103 132 5 10
4.549203 103 132 5 10
4.551203 103 132 5 10
4.553203 103 132 5 10
4.555203 103 132 5 10
4.557203 103 132 5 10
4.559203 103 132 5 10
4.561203 103 132 5 10
4.563203 103 132 5 10
4.565203 103 132 5 10
4.567203 103 132 5 10
4.569203 103 132 5 10
4.571203 103 132 5 10
4.573203 103 132 5 10
4.575203 103 132 5 10
4.577203 103 132 5 10
4.579203 103 132 5 10
