0.010025 120 128 7 7
0.012025 120 127 6 7
0.014025 121 127 6 7
0.016025 121 126 6 7
0.018025 122 126 6 7
0.020025 123 126 6 7
0.022025 123 125 6 7
0.024025 124 125 6 7
0.026025 125 125 6 7
0.028025 125 124 6 7
0.030025 126 124 6 7
0.032025 127 124 6 7
0.034025 127 123 6 7
0.036025 128 123 6 7
0.038025 129 122 6 7
0.040025 129 122 6 7
0.042025 130 122 6 7
0.044025 131 121 6 7
0.046025 131 121 6 7
0.048025 131 121 6 7
0.050025 132 120 7 7
0.052025 132 120 7 7
0.054025 132 120 7 7
0.056025 133 120 7 8
0.058025 133 119 8 8
0.060025 134 119 8 8
0.062025 134 119 8 8
0.064025 134 118 9 8
0.066025 135 118 9 9
0.068025 135 118 9 9
0.070025 135 117 10 9
0.072025 136 117 10 9
0.074025 136 117 10 9
0.076025 136 117 10 9
0.078025 137 116 10 9
0.080025 138 116 10 9
0.082025 138 115 10 9
0.084025 139 115 10 9
0.086025 140 115 10 9
0.088025 141 114 9 9
0.090025 141 114 9 9
0.092025 142 113 9 9
0.094025 143 113 9 8
0.096025 143 112 9 8
0.098025 144 112 9 8
0.100025 145 112 8 8
0.102025 146 111 8 8
0.104025 146 111 8 8
0.106025 147 110 8 8
0.108025 148 110 8 8
0.110025 149 110 8 8
0.112025 149 110 8 8
0.114025 149 110 8 8
0.116025 149 110 8 8
0.118025 149 110 8 8
0.120025 149 110 8 8
0.122025 149 110 8 8
0.124025 149 110 8 8
0.126025 149 110 8 8
0.128025 149 110 9 9
0.130025 149 110 9 9
0.132025 149 110 9 9
0.134025 149 110 9 9
0.136025 149 110 9 9
0.138025 149 110 9 9
0.140025 149 110 9 9
0.142025 149 110 9 9
0.144025 149 109 10 10
0.146025 150 109 10 10
0.148025 151 109 10 10
0.150025 152 108 10 10
0.152025 152 108 10 10
0.154025 153 108 10 10
0.156025 154 107 10 10
0.158025 155 107 10 10
0.160025 156 106 10 10
0.162025 157 106 10 10
0.164025 158 106 10 10
0.166025 159 105 10 10
0.168025 160 105 10 10
0.170025 161 105 10 10
0.172025 161 104 10 10
0.174025 162 104 10 10
0.176025 163 104 10 10
0.178025 164 103 9 9
0.180025 165 103 9 9
0.182025 165 103 9 9
0.184025 166 103 9 9
0.186025 167 103 8 8
0.188025 167 102 8 8
0.190025 168 102 8 8
0.192025 169 102 8 8
0.194025 169 102 7 7
0.196025 170 102 7 7
0.198025 171 102 7 7
0.200025 171 101 7 7
0.202025 172 101 6 6
0.204025 173 101 6 6
0.206025 173 101 6 6
0.208025 174 101 6 6
0.210025 175 100 6 6
0.212025 175 100 6 6
0.214025 175 100 6 6
0.216025 176 100 6 6
0.218025 176 100 6 6
0.220025 177 100 7 7
0.222025 177 100 7 7
0.224025 177 100 7 7
0.226025 178 100 7 7
0.228025 178 99 8 8
0.230025 179 99 8 8
0.232025 179 99 8 8
0.234025 180 99 8 8
0.236025 180 99 9 9
0.238025 180 99 9 9
0.240025 181 99 9 9
0.242025 181 99 9 9
0.244025 182 98 10 10
0.246025 182 98 10 10
0.248025 182 98 10 10
0.250025 183 98 10 10
0.252025 183 98 10 10
0.254025 183 98 10 10
0.256025 184 98 10 10
0.258025 184 98 10 10
0.260025 185 97 10 10
0.262025 185 97 10 10
0.264025 185 97 10 10
0.266025 186 97 10 10
0.268025 186 97 10 10
0.270025 186 97 10 10
0.272025 187 97 10 10
0.274025 187 97 10 10
0.276025 187 97 10 10
0.278025 188 96 10 10
0.280025 188 96 10 10
0.282025 189 96 10 10
0.284025 189 96 10 10
0.286025 189 96 10 10
0.288025 190 96 10 10
0.290025 190 96 10 10
0.292025 191 96 10 10
0.294025 191 96 10 10
0.296025 192 96 10 10
0.298025 192 96 10 10
0.300025 192 96 10 10
0.302025 193 96 10 10
0.304025 193 96 10 10
0.306025 194 96 10 10
0.308025 194 96 10 10
0.310025 195 96 10 10
0.312025 195 96 10 10
0.314025 195 96 10 10
0.316025 196 96 10 10
0.318025 196 96 10 10
0.320025 196 96 10 10
0.322025 197 96 10 10
0.324025 197 96 10 10
0.326025 197 96 10 10
0.328025 198 96 10 10
0.330025 198 96 10 10
0.332025 198 96 10 10
0.334025 199 96 10 10
0.336025 199 96 10 10
0.338025 200 96 10 10
0.340025 200 96 10 10
0.342025 200 96 10 10
0.344025 201 95 10 10
0.346025 201 95 10 10
0.348025 201 95 10 10
0.350025 202 95 10 10
0.352025 202 95 10 10
0.354025 202 95 10 10
0.356025 203 95 10 10
0.358025 203 95 10 10
0.360025 204 94 10 10
0.362025 204 94 10 10
0.364025 204 94 10 10
0.366025 205 94 10 10
0.368025 205 94 10 10
0.370025 205 94 10 10
0.372025 206 94 10 10
0.374025 206 94 10 10
0.376025 206 94 10 10
0.378025 207 93 10 10
0.380025 207 93 10 10
0.382025 208 93 10 10
0.384025 208 93 10 10
0.386025 208 93 10 10
0.388025 209 93 10 10
0.390025 209 93 10 10
0.392025 210 93 10 10
0.394025 210 93 10 10
0.396025 211 93 10 10
0.398025 211 93 10 10
0.400025 211 93 10 10
0.402025 212 93 10 10
0.404025 212 93 10 10
0.406025 213 93 10 10
0.408025 213 93 10 10
0.410025 214 93 10 10
0.412025 214 93 10 10
0.414025 214 93 10 10
0.416025 215 93 10 10
0.418025 215 93 10 10
0.420025 215 93 10 10
0.422025 216 93 10 10
0.424025 216 93 10 10
0.426025 216 93 10 10
0.428025 217 93 10 10
0.430025 217 93 10 10
0.432025 217 93 10 10
0.434025 218 93 10 10
0.436025 218 93 10 10
0.438025 219 93 10 10
0.440025 219 93 10 10
0.442025 219 93 10 10
0.444025 220 94 9 9
0.446025 220 94 9 9
0.448025 220 94 9 9
0.450025 221 94 9 9
0.452025 221 94 8 8
0.454025 222 94 8 8
0.456025 222 95 8 8
0.458025 223 95 8 8
0.460025 223 95 7 7
0.462025 223 95 7 7
0.464025 224 95 7 7
0.466025 224 96 7 7
0.468025 225 96 7 7
0.470025 225 96 6 6
0.472025 226 96 6 6
0.474025 226 96 6 6
0.476025 226 96 6 6
0.478025 227 97 6 6
0.480025 227 97 6 6
0.482025 227 97 6 6
0.484025 228 97 6 6
0.486025 228 97 7 7
0.488025 228 97 7 7
0.490025 229 97 7 7
0.492025 229 97 7 7
0.494025 229 97 8 8
0.496025 229 97 8 8
0.498025 230 97 8 8
0.500025 230 97 8 8
0.502025 230 97 9 9
0.504025 231 97 9 9
0.506025 231 97 9 9
0.508025 231 97 9 9
0.510025 232 98 10 10
0.512025 232 98 10 10
0.514025 232 98 10 10
0.516025 232 98 10 10
0.518025 232 98 10 10
0.520025 233 98 10 10
0.522025 233 98 10 10
0.524025 233 98 10 10
0.526025 233 98 10 10
0.528025 234 98 10 10
0.530025 234 98 10 10
0.532025 234 98 10 10
0.534025 234 98 10 10
0.536025 235 98 10 10
0.538025 235 98 10 10
0.540025 235 98 10 10
0.542025 235 98 10 10
0.544025 236 98 10 10
0.546025 236 98 10 10
0.548025 236 98 10 10
0.550025 237 98 10 10
0.552025 237 98 10 10
0.554025 237 98 10 10
0.556025 238 99 10 10
0.558025 238 99 10 10
0.560025 239 99 10 10
0.562025 239 99 10 10
0.564025 239 99 10 10
0.566025 240 100 10 10
0.568025 240 100 10 10
0.570025 240 100 10 10
0.572025 241 100 10 10
0.574025 241 100 10 10
0.576025 241 100 10 10
0.578025 242 101 10 10
0.580025 242 101 10 10
0.582025 242 101 10 10
0.584025 243 101 10 10
0.586025 243 101 10 10
0.588025 243 102 10 10
0.590025 244 102 10 10
0.592025 244 102 10 10
0.594025 244 102 10 10
0.596025 244 102 10 10
0.598025 245 102 10 10
0.600025 245 103 10 10
0.602025 245 103 10 10
0.604025 246 103 10 10
0.606025 246 103 10 10
0.608025 246 103 10 10
0.610025 247 104 9 9
0.612025 247 104 9 9
0.614025 247 104 9 9
0.616025 247 104 9 9
0.618025 248 104 9 9
0.620025 248 104 8 8
0.622025 248 105 8 8
0.624025 249 105 8 8
0.626025 249 105 8 8
0.628025 249 105 7 7
0.630025 250 105 7 7
0.632025 250 105 7 7
0.634025 250 106 7 7
0.636025 250 106 6 6
0.638025 251 106 6 6
0.640025 251 106 6 6
0.642025 251 106 6 6
0.644025 252 107 6 6
0.646025 252 107 6 6
0.648025 252 107 6 6
0.650025 252 107 6 6
0.652025 253 107 7 7
0.654025 253 107 7 7
0.656025 253 107 7 7
0.658025 253 107 7 7
0.660025 254 108 8 8
0.662025 254 108 8 8
0.664025 254 108 8 8
0.666025 254 108 8 8
0.668025 254 108 8 8
0.670025 255 108 9 9
0.672025 255 108 9 9
0.674025 255 108 9 9
0.676025 255 108 9 9
0.678025 256 109 10 10
0.680025 256 109 10 10
0.682025 256 109 10 10
0.684025 256 109 10 10
0.686025 256 109 10 10
0.688025 256 109 10 10
0.690025 256 109 10 10
0.692025 256 109 10 10
0.694025 256 109 10 10
0.696025 256 109 10 10
0.698025 256 109 10 10
0.700025 256 109 10 10
0.702025 256 109 10 10
0.704025 256 109 10 10
0.706025 256 109 10 10
0.708025 256 109 10 10
0.710025 257 110 9 9
0.712025 259 111 9 9
0.714025 261 113 9 9
0.716025 263 115 9 9
0.718025 265 117 9 9
0.720025 267 119 8 9
0.722025 269 121 8 8
0.724025 271 123 8 8
0.726025 273 125 8 8
0.728025 275 127 7 8
0.730025 278 129 7 8
0.732025 280 131 7 8
0.734025 282 133 7 7
0.736025 284 134 6 7
0.738025 286 136 6 7
0.740025 288 138 6 7
0.742025 290 140 6 7
0.744025 292 142 6 7
0.746025 292 142 6 7
0.748025 293 142 6 7
0.750025 294 142 6 7
0.752025 294 142 6 7
0.754025 295 142 6 7
0.756025 295 142 6 7
0.758025 296 142 6 7
0.760025 297 143 6 7
0.762025 297 143 6 7
0.764025 298 143 6 7
0.766025 298 143 6 7
0.768025 299 143 6 7
0.770025 300 143 6 7
0.772025 300 143 6 7
0.774025 301 143 6 7
0.776025 301 143 6 7
0.778025 302 144 6 7
0.780025 302 144 6 7
0.782025 302 144 6 7
0.784025 302 144 6 7
0.786025 302 144 6 7
0.788025 302 144 6 7
0.790025 302 144 6 7
0.792025 302 144 6 7
0.794025 302 144 6 7
0.796025 302 144 6 7
0.798025 302 144 6 7
0.800025 302 144 6 7
0.802025 302 144 6 7
0.804025 302 144 6 7
0.806025 302 144 6 7
0.808025 302 144 6 7
0.810025 301 143 6 7
0.812025 300 143 6 7
0.814025 299 142 6 7
0.816025 297 141 6 7
0.818025 296 140 6 7
0.820025 294 139 6 7
0.822025 293 138 6 7
0.824025 291 137 6 7
0.826025 290 136 6 7
0.828025 289 135 6 7
0.830025 287 134 6 7
0.832025 286 134 6 7
0.834025 284 133 6 7
0.836025 283 132 6 7
0.838025 281 131 6 7
0.840025 280 130 6 7
0.842025 278 129 6 7
0.844025 277 128 7 8
0.846025 275 127 7 8
0.848025 273 127 7 8
0.850025 271 126 7 8
0.852025 269 125 7 8
0.854025 267 124 7 8
0.856025 265 124 7 8
0.858025 263 123 7 8
0.860025 261 122 7 8
0.862025 259 121 7 8
0.864025 257 120 7 8
0.866025 255 120 7 8
0.868025 253 119 7 8
0.870025 251 118 7 8
0.872025 249 117 7 8
0.874025 247 117 7 8
0.876025 245 116 7 8
0.878025 244 115 7 7
0.880025 243 114 7 7
0.882025 242 114 7 7
0.884025 241 113 7 7
0.886025 239 113 7 7
0.888025 238 112 7 7
0.890025 237 111 7 7
0.892025 236 111 7 7
0.894025 235 110 7 7
0.896025 234 110 7 7
0.898025 233 109 7 7
0.900025 232 108 7 7
0.902025 231 108 7 7
0.904025 230 107 7 7
0.906025 229 107 7 7
0.908025 228 106 7 7
0.910025 226 105 8 7
0.912025 225 105 8 7
0.914025 224 105 8 7
0.916025 223 104 8 7
0.918025 222 104 8 7
0.920025 221 103 8 7
0.922025 220 103 8 8
0.924025 219 103 8 8
0.926025 217 102 8 8
0.928025 216 102 9 8
0.930025 215 101 9 8
0.932025 214 101 9 8
0.934025 213 100 9 9
0.936025 212 100 9 9
0.938025 211 100 9 9
0.940025 209 99 9 9
0.942025 208 99 9 9
0.944025 207 98 10 10
0.946025 206 98 10 10
0.948025 206 98 10 10
0.950025 205 98 10 10
0.952025 204 97 10 10
0.954025 203 97 10 10
0.956025 203 97 10 10
0.958025 202 97 10 10
0.960025 201 96 10 10
0.962025 200 96 10 10
0.964025 199 96 10 10
0.966025 199 96 10 10
0.968025 198 96 10 10
0.970025 197 95 10 10
0.972025 196 95 10 10
0.974025 196 95 10 10
0.976025 195 95 10 10
0.978025 194 94 9 9
0.980025 193 94 9 9
0.982025 193 94 9 9
0.984025 192 94 9 9
0.986025 191 94 9 9
0.988025 190 93 8 8
0.990025 190 93 8 8
0.992025 189 93 8 8
0.994025 188 93 8 8
0.996025 188 93 8 8
0.998025 187 93 8 8
1.000025 186 92 7 7
1.002025 185 92 7 7
1.004025 185 92 7 7
1.006025 184 92 7 7
1.008025 183 92 7 7
1.010025 182 91 7 7
1.012025 182 91 7 7
1.014025 181 91 7 7
1.016025 180 91 7 7
1.018025 179 90 7 7
1.020025 178 90 7 7
1.022025 177 90 8 8
1.024025 177 89 8 8
1.026025 176 89 8 8
1.028025 175 89 8 8
1.030025 174 88 8 8
1.032025 173 88 8 8
1.034025 172 88 9 9
1.036025 172 88 9 9
1.038025 171 87 9 9
1.040025 170 87 9 9
1.042025 169 87 9 9
1.044025 168 86 10 10
1.046025 167 86 10 10
1.048025 167 86 10 10
1.050025 166 86 10 10
1.052025 165 86 10 10
1.054025 164 86 10 10
1.056025 163 85 10 10
1.058025 162 85 10 10
1.060025 161 85 10 10
1.062025 161 85 10 10
1.064025 160 85 10 10
1.066025 159 84 10 10
1.068025 158 84 10 10
1.070025 157 84 10 10
1.072025 156 84 10 10
1.074025 156 84 10 10
1.076025 155 84 10 10
1.078025 154 83 10 10
1.080025 153 83 10 10
1.082025 153 83 10 10
1.084025 152 83 10 10
1.086025 151 82 10 10
1.088025 151 82 10 10
1.090025 150 82 10 10
1.092025 149 82 10 10
1.094025 149 81 10 10
1.096025 148 81 10 10
1.098025 147 81 10 10
1.100025 147 81 10 10
1.102025 146 80 10 10
1.104025 145 80 10 10
1.106025 145 80 10 10
1.108025 144 80 10 10
1.110025 143 80 10 9
1.112025 143 80 10 9
1.114025 142 80 10 9
1.116025 142 80 10 9
1.118025 141 80 10 9
1.120025 141 80 10 8
1.122025 140 80 10 8
1.124025 140 80 10 8
1.126025 139 80 10 8
1.128025 139 80 11 7
1.130025 138 80 11 7
1.132025 138 80 11 7
1.134025 137 80 11 7
1.136025 136 80 11 6
1.138025 136 80 11 6
1.140025 135 80 11 6
1.142025 135 80 11 6
1.144025 134 80 12 6
1.146025 134 80 12 6
1.148025 133 80 12 6
1.150025 132 80 12 6
1.152025 132 80 12 6
1.154025 131 80 12 6
1.156025 130 80 12 6
1.158025 130 80 12 6
1.160025 129 79 12 6
1.162025 128 79 12 6
1.164025 128 79 12 6
1.166025 127 79 12 6
1.168025 126 79 12 6
1.170025 126 79 12 6
1.172025 125 79 12 6
1.174025 124 79 12 6
1.176025 124 79 12 6
1.178025 123 79 12 6
1.180025 122 79 12 6
1.182025 121 79 12 6
1.184025 120 79 12 6
1.186025 120 79 12 6
1.188025 119 79 12 6
1.190025 118 79 12 6
1.192025 117 79 12 6
1.194025 116 79 12 6
1.196025 115 79 12 6
1.198025 115 79 12 6
1.200025 114 79 12 6
1.202025 113 79 12 6
1.204025 112 79 12 6
1.206025 111 79 12 6
1.208025 110 79 12 6
1.210025 109 78 11 6
1.212025 109 78 11 6
1.214025 109 78 11 6
1.216025 108 78 11 6
1.218025 108 78 11 6
1.220025 107 78 11 6
1.222025 107 78 11 6
1.224025 107 78 11 6
1.226025 106 78 11 6
1.228025 106 78 10 6
1.230025 105 78 10 6
1.232025 105 78 10 6
1.234025 104 78 10 6
1.236025 104 78 10 6
1.238025 104 78 10 6
1.240025 103 78 10 6
1.242025 103 78 10 6
1.244025 102 77 10 7
1.246025 102 77 10 7
1.248025 101 77 10 7
1.250025 101 77 10 7
1.252025 100 77 10 7
1.254025 100 77 10 7
1.256025 99 77 10 8
1.258025 99 77 10 8
1.260025 98 77 10 8
1.262025 97 77 10 8
1.264025 97 77 10 8
1.266025 96 77 10 9
1.268025 96 77 10 9
1.270025 95 77 10 9
1.272025 95 77 10 9
1.274025 94 77 10 9
1.276025 94 77 10 9
1.278025 93 77 10 10
1.280025 93 77 10 10
1.282025 92 77 10 10
1.284025 92 77 10 10
1.286025 92 77 10 10
1.288025 91 77 10 10
1.290025 91 77 10 10
1.292025 90 77 10 10
1.294025 90 77 10 10
1.296025 89 77 10 10
1.298025 89 77 10 10
1.300025 89 77 10 10
1.302025 88 77 10 10
1.304025 88 77 10 10
1.306025 87 77 10 10
1.308025 87 77 10 10
1.310025 86 78 10 10
1.312025 86 78 10 10
1.314025 85 78 10 10
1.316025 85 78 10 10
1.318025 84 78 10 10
1.320025 84 78 10 10
1.322025 83 78 10 10
1.324025 83 78 10 10
1.326025 82 78 10 10
1.328025 82 78 10 10
1.330025 81 78 10 10
1.332025 81 78 10 10
1.334025 80 78 10 10
1.336025 79 78 10 10
1.338025 79 78 10 10
1.340025 78 78 10 10
1.342025 78 78 10 10
1.344025 77 79 11 10
1.346025 77 79 11 10
1.348025 76 79 11 10
1.350025 75 79 12 10
1.352025 75 79 12 10
1.354025 74 79 12 10
1.356025 74 79 12 10
1.358025 73 79 13 10
1.360025 72 79 13 10
1.362025 72 79 13 10
1.364025 71 79 14 10
1.366025 71 79 14 10
1.368025 70 79 14 10
1.370025 69 79 15 10
1.372025 69 79 15 10
1.374025 68 79 15 10
1.376025 68 79 15 10
1.378025 67 79 15 9
1.380025 67 79 15 9
1.382025 67 79 14 9
1.384025 67 79 14 9
1.386025 66 80 14 9
1.388025 66 80 13 9
1.390025 66 80 13 9
1.392025 66 80 12 9
1.394025 65 81 12 9
1.396025 65 81 11 9
1.398025 65 81 11 9
1.400025 65 81 11 9
1.402025 64 82 10 9
1.404025 64 82 10 9
1.406025 64 82 9 9
1.408025 64 82 9 9
1.410025 63 83 9 8
1.412025 63 83 9 8
1.414025 63 83 9 8
1.416025 62 83 9 8
1.418025 62 83 9 8
1.420025 61 83 9 8
1.422025 61 83 9 8
1.424025 61 83 9 8
1.426025 60 83 9 8
1.428025 60 84 9 7
1.430025 59 84 9 7
1.432025 59 84 9 7
1.434025 58 84 9 7
1.436025 58 84 9 7
1.438025 58 84 9 7
1.440025 57 84 9 7
1.442025 57 84 9 7
1.444025 56 85 10 7
1.446025 56 85 10 7
1.448025 56 85 10 7
1.450025 55 85 10 7
1.452025 55 85 10 7
1.454025 54 85 10 7
1.456025 54 86 10 7
1.458025 53 86 10 7
1.460025 53 86 10 7
1.462025 53 86 10 7
1.464025 52 86 10 7
1.466025 52 87 10 7
1.468025 51 87 10 7
1.470025 51 87 10 7
1.472025 50 87 10 7
1.474025 50 87 10 7
1.476025 50 87 10 7
1.478025 49 88 10 8
1.480025 49 88 10 8
1.482025 48 88 10 8
1.484025 48 88 10 8
1.486025 48 88 10 8
1.488025 47 88 10 8
1.490025 47 88 10 8
1.492025 46 88 10 8
1.494025 46 89 10 9
1.496025 45 89 10 9
1.498025 45 89 10 9
1.500025 45 89 10 9
1.502025 44 89 10 9
1.504025 44 89 10 9
1.506025 43 89 10 9
1.508025 43 89 10 9
1.510025 42 90 9 9
1.512025 42 90 9 9
1.514025 42 90 9 9
1.516025 41 90 9 9
1.518025 41 90 9 9
1.520025 41 90 9 9
1.522025 40 91 9 8
1.524025 40 91 9 8
1.526025 40 91 9 8
1.528025 39 91 8 8
1.530025 39 91 8 8
1.532025 39 91 8 8
1.534025 38 92 8 7
1.536025 38 92 8 7
1.538025 37 92 8 7
1.540025 37 92 8 7
1.542025 37 92 8 7
1.544025 36 93 8 7
1.546025 36 93 8 7
1.548025 36 93 8 7
1.550025 35 93 8 7
1.552025 35 94 8 7
1.554025 35 94 8 7
1.556025 34 94 8 8
1.558025 34 94 8 8
1.560025 33 95 9 8
1.562025 33 95 9 8
1.564025 33 95 9 8
1.566025 32 95 9 9
1.568025 32 95 9 9
1.570025 32 96 9 9
1.572025 31 96 9 9
1.574025 31 96 9 9
1.576025 31 96 9 9
1.578025 30 96 10 10
1.580025 30 96 10 10
1.582025 30 96 10 10
1.584025 29 96 10 10
1.586025 29 96 10 10
1.588025 29 96 10 10
1.590025 28 96 10 10
1.592025 28 96 10 10
1.594025 28 96 11 10
1.596025 28 96 11 10
1.598025 27 96 11 10
1.600025 27 96 11 10
1.602025 27 96 11 10
1.604025 26 96 11 10
1.606025 26 96 11 10
1.608025 26 96 11 10
1.610025 25 96 12 10
1.612025 25 96 12 10
1.614025 25 97 12 10
1.616025 25 98 12 10
1.618025 25 99 12 10
1.620025 25 100 12 11
1.622025 25 101 12 11
1.624025 25 102 12 11
1.626025 25 103 12 11
1.628025 25 104 12 12
1.630025 25 105 12 12
1.632025 25 106 12 12
1.634025 25 107 12 12
1.636025 25 108 12 13
1.638025 25 109 12 13
1.640025 25 110 12 13
1.642025 25 111 12 13
1.644025 25 111 12 13
1.646025 28 110 12 13
1.648025 30 109 12 12
1.650025 33 108 11 12
1.652025 35 107 11 11
1.654025 37 106 11 11
1.656025 40 105 11 10
1.658025 42 104 10 10
1.660025 45 102 10 9
1.662025 47 101 10 9
1.664025 49 100 9 9
1.666025 52 99 9 8
1.668025 54 98 9 8
1.670025 57 97 8 7
1.672025 59 96 8 7
1.674025 61 95 8 6
1.676025 64 94 8 6
1.678025 65 93 8 6
1.680025 66 93 8 6
1.682025 67 93 8 6
1.684025 68 93 8 6
1.686025 68 93 8 7
1.688025 69 93 8 7
1.690025 70 93 8 7
1.692025 71 93 8 7
1.694025 72 92 9 8
1.696025 73 92 9 8
1.698025 73 92 9 8
1.700025 74 92 9 8
1.702025 75 92 9 9
1.704025 76 92 9 9
1.706025 77 92 9 9
1.708025 78 92 9 9
1.710025 79 91 10 10
1.712025 79 91 10 10
1.714025 80 91 10 10
1.716025 81 91 10 10
1.718025 82 91 10 10
1.720025 83 91 10 10
1.722025 84 90 10 10
1.724025 84 90 10 10
1.726025 85 90 10 10
1.728025 86 90 10 10
1.730025 87 90 10 10
1.732025 88 90 10 10
1.734025 89 89 10 10
1.736025 89 89 10 10
1.738025 90 89 10 10
1.740025 91 89 10 10
1.742025 92 89 10 10
1.744025 93 88 10 10
1.746025 94 88 10 10
1.748025 94 88 10 10
1.750025 95 88 10 10
1.752025 96 88 10 10
1.754025 97 88 10 10
1.756025 97 88 10 10
1.758025 98 88 10 10
1.760025 99 88 10 10
1.762025 100 88 10 10
1.764025 101 88 10 10
1.766025 101 88 10 10
1.768025 102 88 10 10
1.770025 103 88 10 10
1.772025 104 88 10 10
1.774025 104 88 10 10
1.776025 105 88 10 10
1.778025 106 88 10 10
1.780025 107 88 10 10
1.782025 107 88 10 10
1.784025 108 88 10 10
1.786025 109 88 10 10
1.788025 109 88 10 10
1.790025 110 88 10 10
1.792025 111 88 10 10
1.794025 111 88 11 10
1.796025 112 88 11 10
1.798025 113 88 11 10
1.800025 113 88 11 10
1.802025 114 88 11 10
1.804025 115 88 11 10
1.806025 115 88 11 10
1.808025 116 88 11 10
1.810025 117 88 11 9
1.812025 117 88 11 9
1.814025 118 88 11 9
1.816025 119 88 10 9
1.818025 120 88 10 8
1.820025 121 88 10 8
1.822025 122 88 9 8
1.824025 122 88 9 7
1.826025 123 88 9 7
1.828025 124 89 8 7
1.830025 125 89 8 6
1.832025 126 89 8 6
1.834025 127 89 7 6
1.836025 127 89 7 6
1.838025 128 89 6 5
1.840025 129 89 6 5
1.842025 130 89 6 5
1.844025 131 90 6 5
1.846025 131 90 6 5
1.848025 131 90 6 5
1.850025 131 90 6 5
1.852025 132 90 6 5
1.854025 132 90 6 5
1.856025 132 90 7 5
1.858025 132 90 7 5
1.860025 133 90 7 5
1.862025 133 90 7 5
1.864025 133 90 7 5
1.866025 133 90 8 5
1.868025 133 90 8 5
1.870025 134 90 8 5
1.872025 134 90 8 5
1.874025 134 90 8 5
1.876025 134 90 8 5
1.878025 135 90 9 5
1.880025 136 90 9 5
1.882025 137 90 9 5
1.884025 138 90 9 5
1.886025 139 90 9 5
1.888025 140 90 9 5
1.890025 141 90 9 5
1.892025 141 90 9 5
1.894025 142 91 9 5
1.896025 143 91 9 5
1.898025 144 91 9 5
1.900025 145 91 9 5
1.902025 146 91 9 5
1.904025 147 91 9 5
1.906025 148 91 9 5
1.908025 149 91 9 5
1.910025 150 92 9 5
1.912025 150 92 9 5
1.914025 151 92 9 5
1.916025 151 92 9 5
1.918025 152 92 9 5
1.920025 153 92 9 5
1.922025 153 92 9 5
1.924025 154 92 9 5
1.926025 154 92 9 5
1.928025 155 92 9 5
1.930025 156 92 9 5
1.932025 156 92 9 5
1.934025 157 92 9 5
1.936025 157 92 9 5
1.938025 158 92 9 5
1.940025 159 92 9 5
1.942025 159 92 9 5
1.944025 160 93 9 5
1.946025 160 93 9 5
1.948025 161 93 9 5
1.950025 162 93 9 5
1.952025 162 93 9 5
1.954025 163 93 9 5
1.956025 163 93 9 5
1.958025 164 93 9 5
1.960025 165 94 9 5
1.962025 165 94 9 5
1.964025 166 94 9 5
1.966025 166 94 9 5
1.968025 167 94 9 5
1.970025 168 94 9 5
1.972025 168 94 9 5
1.974025 169 94 9 5
1.976025 169 94 9 5
1.978025 170 95 9 5
1.980025 170 95 9 5
1.982025 171 95 9 5
1.984025 171 95 9 5
1.986025 172 95 9 5
1.988025 172 96 9 5
1.990025 173 96 9 5
1.992025 173 96 9 5
1.994025 174 96 9 5
1.996025 174 96 9 5
1.998025 175 96 9 5
2.000025 175 97 9 5
2.002025 176 97 9 5
2.004025 176 97 9 5
2.006025 177 97 9 5
2.008025 177 97 9 5
2.010025 178 98 9 5
2.012025 178 98 9 5
2.014025 179 98 9 5
2.016025 179 98 9 5
2.018025 180 98 9 5
2.020025 180 98 9 5
2.022025 181 98 9 5
2.024025 181 98 9 5
2.026025 182 98 9 5
2.028025 182 99 9 5
2.030025 183 99 9 5
2.032025 183 99 9 5
2.034025 184 99 9 5
2.036025 185 99 9 5
2.038025 185 99 9 5
2.040025 186 99 9 5
2.042025 186 99 9 5
2.044025 187 100 9 5
2.046025 187 100 9 5
2.048025 187 100 9 5
2.050025 187 100 9 5
2.052025 187 100 9 5
2.054025 187 100 9 5
2.056025 187 100 9 5
2.058025 187 100 9 5
2.060025 188 100 9 5
2.062025 188 100 9 5
2.064025 188 100 9 5
2.066025 188 100 9 5
2.068025 188 100 9 5
2.070025 188 100 9 5
2.072025 188 100 9 5
2.074025 188 100 9 5
2.076025 188 100 9 5
2.078025 189 100 9 5
2.080025 190 100 9 5
2.082025 191 101 9 5
2.084025 192 101 9 5
2.086025 192 101 9 5
2.088025 193 102 9 5
2.090025 194 102 9 5
2.092025 195 103 9 5
2.094025 196 103 9 5
2.096025 197 104 9 5
2.098025 197 104 9 5
2.100025 198 104 9 5
2.102025 199 105 9 5
2.104025 200 105 9 5
2.106025 201 106 9 5
2.108025 202 106 9 5
2.110025 203 107 9 5
2.112025 203 107 9 5
2.114025 203 107 9 5
2.116025 203 107 9 5
2.118025 203 107 9 5
2.120025 203 107 9 5
2.122025 203 107 9 5
2.124025 203 107 9 5
2.126025 203 107 9 5
2.128025 204 107 9 5
2.130025 204 107 9 5
2.132025 204 107 9 5
2.134025 204 107 9 5
2.136025 204 107 9 5
2.138025 204 107 9 5
2.140025 204 107 9 5
2.142025 204 107 9 5
2.144025 205 107 9 5
2.146025 205 107 9 5
2.148025 206 107 9 5
2.150025 207 108 9 5
2.152025 207 108 9 5
2.154025 208 108 9 5
2.156025 209 109 9 5
2.158025 209 109 9 5
2.160025 210 110 9 5
2.162025 211 110 9 5
2.164025 211 110 9 5
2.166025 212 111 9 5
2.168025 213 111 9 5
2.170025 213 111 9 5
2.172025 214 112 9 5
2.174025 215 112 9 5
2.176025 215 112 9 5
2.178025 216 113 8 5
2.180025 216 113 8 5
2.182025 217 113 8 5
2.184025 217 113 8 5
2.186025 218 113 8 5
2.188025 218 114 7 6
2.190025 219 114 7 6
2.192025 219 114 7 6
2.194025 220 114 7 6
2.196025 220 114 7 6
2.198025 221 114 7 6
2.200025 221 115 6 7
2.202025 222 115 6 7
2.204025 222 115 6 7
2.206025 223 115 6 7
2.208025 223 115 6 7
2.210025 224 116 6 8
2.212025 224 116 6 8
2.214025 224 116 6 8
2.216025 224 116 6 8
2.218025 224 116 6 8
2.220025 224 116 7 8
2.222025 224 116 7 8
2.224025 224 116 7 8
2.226025 224 116 7 8
2.228025 225 116 8 8
2.230025 225 116 8 8
2.232025 225 116 8 8
2.234025 225 116 8 8
2.236025 225 116 9 8
2.238025 225 116 9 8
2.240025 225 116 9 8
2.242025 225 116 9 8
2.244025 226 117 10 8
2.246025 226 117 10 8
2.248025 227 117 10 8
2.250025 227 118 10 8
2.252025 228 118 10 8
2.254025 228 119 10 8
2.256025 229 119 10 8
2.258025 229 120 10 8
2.260025 230 120 10 9
2.262025 230 120 10 9
2.264025 230 121 10 9
2.266025 231 121 10 9
2.268025 231 122 10 9
2.270025 232 122 10 9
2.272025 232 123 10 9
2.274025 233 123 10 9
2.276025 233 123 10 9
2.278025 234 124 9 9
2.280025 234 124 9 9
2.282025 235 124 9 9
2.284025 235 125 9 9
2.286025 236 125 8 8
2.288025 236 126 8 8
2.290025 237 126 8 8
2.292025 237 126 8 8
2.294025 238 127 7 7
2.296025 238 127 7 7
2.298025 239 127 7 7
2.300025 239 128 7 7
2.302025 240 128 6 6
2.304025 240 128 6 6
2.306025 241 129 6 6
2.308025 241 129 6 6
2.310025 242 130 6 6
2.312025 242 130 6 6
2.314025 242 130 6 6
2.316025 242 130 6 6
2.318025 242 130 6 6
2.320025 242 130 6 7
2.322025 243 130 6 7
2.324025 243 130 6 7
2.326025 243 130 6 7
2.328025 243 131 6 8
2.330025 243 131 6 8
2.332025 243 131 6 8
2.334025 244 131 6 8
2.336025 244 131 6 9
2.338025 244 131 6 9
2.340025 244 131 6 9
2.342025 244 131 6 9
2.344025 245 132 7 10
2.346025 245 132 7 10
2.348025 245 132 7 10
2.350025 245 133 7 10
2.352025 246 133 7 10
2.354025 246 133 7 10
2.356025 246 133 7 10
2.358025 246 134 7 10
2.360025 247 134 7 10
2.362025 247 134 7 10
2.364025 247 135 7 10
2.366025 247 135 7 10
2.368025 247 135 7 10
2.370025 248 136 7 10
2.372025 248 136 7 10
2.374025 248 136 7 10
2.376025 248 136 7 10
2.378025 249 137 7 9
2.380025 249 137 7 9
2.382025 249 138 7 9
2.384025 250 138 7 9
2.386025 250 139 7 9
2.388025 251 140 7 8
2.390025 251 140 7 8
2.392025 251 141 7 8
2.394025 252 141 7 8
2.396025 252 142 7 8
2.398025 252 142 7 8
2.400025 253 143 7 7
2.402025 253 143 7 7
2.404025 253 144 7 7
2.406025 254 144 7 7
2.408025 254 145 7 7
2.410025 255 146 8 7
2.412025 255 146 8 7
2.414025 255 146 8 7
2.416025 256 147 8 7
2.418025 256 147 8 7
2.420025 257 148 8 7
2.422025 257 148 8 7
2.424025 257 148 8 7
2.426025 258 149 8 7
2.428025 258 149 8 7
2.430025 259 150 8 7
2.432025 259 150 8 7
2.434025 260 151 8 7
2.436025 260 151 8 7
2.438025 260 151 8 7
2.440025 261 152 8 7
2.442025 261 152 8 7
2.444025 262 153 7 7
2.446025 262 153 7 7
2.448025 262 153 7 7
2.450025 263 153 7 7
2.452025 263 154 7 7
2.454025 263 154 7 7
2.456025 264 154 6 7
2.458025 264 154 6 7
2.460025 265 155 6 7
2.462025 265 155 6 7
2.464025 265 155 6 7
2.466025 266 155 5 7
2.468025 266 155 5 7
2.470025 266 156 5 7
2.472025 267 156 5 7
2.474025 267 156 5 7
2.476025 267 156 5 7
2.478025 267 156 5 7
2.480025 266 155 5 7
2.482025 265 155 5 7
2.484025 264 154 5 7
2.486025 263 153 6 7
2.488025 262 153 6 7
2.490025 261 152 6 7
2.492025 260 151 6 7
2.494025 259 151 7 7
2.496025 258 150 7 7
2.498025 257 149 7 7
2.500025 256 149 7 7
2.502025 255 148 8 7
2.504025 254 147 8 7
2.506025 253 147 8 7
2.508025 252 146 8 7
2.510025 250 145 8 7
2.512025 249 144 8 7
2.514025 248 143 8 7
2.516025 247 142 8 7
2.518025 245 141 8 7
2.520025 244 140 8 7
2.522025 243 139 8 7
2.524025 242 138 8 7
2.526025 240 136 8 7
2.528025 239 135 8 7
2.530025 238 134 8 7
2.532025 237 133 8 7
2.534025 235 132 8 7
2.536025 234 131 8 7
2.538025 233 130 8 7
2.540025 232 128 8 7
2.542025 230 127 8 7
2.544025 229 126 8 7
2.546025 228 125 8 7
2.548025 227 125 8 7
2.550025 226 124 8 7
2.552025 226 123 8 7
2.554025 225 122 8 7
2.556025 224 121 8 7
2.558025 223 120 8 7
2.560025 222 119 8 7
2.562025 221 119 8 7
2.564025 220 118 8 7
2.566025 219 117 8 7
2.568025 218 116 8 7
2.570025 217 115 8 7
2.572025 217 114 8 7
2.574025 216 114 8 7
2.576025 215 113 8 7
2.578025 214 112 8 7
2.580025 213 111 8 7
2.582025 211 110 8 7
2.584025 210 109 8 7
2.586025 209 109 8 7
2.588025 208 108 8 7
2.590025 207 107 8 7
2.592025 206 106 8 7
2.594025 205 105 8 7
2.596025 203 104 8 7
2.598025 202 104 8 7
2.600025 201 103 8 7
2.602025 200 102 8 7
2.604025 199 101 8 7
2.606025 198 100 8 7
2.608025 197 99 8 7
2.610025 195 98 7 7
2.612025 195 98 7 7
2.614025 194 97 7 7
2.616025 193 96 7 7
2.618025 192 95 7 7
2.620025 191 95 7 7
2.622025 190 94 7 7
2.624025 189 93 7 7
2.626025 188 92 7 7
2.628025 187 91 6 7
2.630025 186 91 6 7
2.632025 186 90 6 7
2.634025 185 89 6 7
2.636025 184 88 6 7
2.638025 183 88 6 7
2.640025 182 87 6 7
2.642025 181 86 6 7
2.644025 180 85 6 7
2.646025 179 85 6 7
2.648025 178 84 6 7
2.650025 177 83 7 7
2.652025 177 83 7 7
2.654025 176 82 7 7
2.656025 175 81 7 8
2.658025 174 81 8 8
2.660025 173 80 8 8
2.662025 172 79 8 8
2.664025 171 79 9 8
2.666025 170 78 9 9
2.668025 169 77 9 9
2.670025 168 77 10 9
2.672025 168 76 10 9
2.674025 167 75 10 9
2.676025 166 75 10 9
2.678025 165 74 10 9
2.680025 164 74 10 9
2.682025 164 73 10 9
2.684025 163 73 9 9
2.686025 162 72 9 9
2.688025 161 71 9 8
2.690025 161 71 8 8
2.692025 160 70 8 8
2.694025 159 70 8 8
2.696025 159 69 8 8
2.698025 158 69 7 8
2.700025 157 68 7 7
2.702025 156 68 7 7
2.704025 156 67 6 7
2.706025 155 67 6 7
2.708025 154 66 6 7
2.710025 153 65 6 7
2.712025 153 65 6 7
2.714025 152 64 6 7
2.716025 151 64 6 7
2.718025 150 63 6 7
2.720025 149 63 7 7
2.722025 148 62 7 8
2.724025 148 62 7 8
2.726025 147 61 7 8
2.728025 146 61 8 8
2.730025 145 60 8 8
2.732025 144 60 8 8
2.734025 143 59 8 9
2.736025 143 58 9 9
2.738025 142 58 9 9
2.740025 141 57 9 9
2.742025 140 57 9 9
2.744025 139 56 10 10
2.746025 139 56 10 10
2.748025 138 55 10 10
2.750025 137 55 10 10
2.752025 137 54 10 10
2.754025 136 54 10 10
2.756025 136 53 10 10
2.758025 135 53 10 10
2.760025 134 52 10 10
2.762025 134 52 10 10
2.764025 133 52 10 10
2.766025 133 51 10 10
2.768025 132 51 10 10
2.770025 131 50 10 10
2.772025 131 50 10 10
2.774025 130 49 10 10
2.776025 130 49 10 10
2.778025 129 48 10 10
2.780025 128 48 10 10
2.782025 128 48 10 10
2.784025 127 47 10 10
2.786025 127 47 10 10
2.788025 126 47 10 10
2.790025 125 46 10 10
2.792025 125 46 10 10
2.794025 124 46 10 10
2.796025 124 46 10 10
2.798025 123 45 10 10
2.800025 122 45 10 10
2.802025 122 45 10 10
2.804025 121 44 10 10
2.806025 121 44 10 10
2.808025 120 44 10 10
2.810025 119 43 10 10
2.812025 119 43 10 10
2.814025 118 43 10 10
2.816025 118 43 10 10
2.818025 117 42 10 10
2.820025 116 42 10 10
2.822025 116 42 10 10
2.824025 115 41 10 10
2.826025 115 41 10 10
2.828025 114 41 10 10
2.830025 113 40 10 10
2.832025 113 40 10 10
2.834025 112 40 10 10
2.836025 112 40 10 10
2.838025 111 39 10 10
2.840025 110 39 10 10
2.842025 110 39 10 10
2.844025 109 38 10 10
2.846025 109 38 10 10
2.848025 108 38 10 10
2.850025 108 37 10 10
2.852025 107 37 10 10
2.854025 107 37 10 10
2.856025 106 37 10 10
2.858025 106 36 10 10
2.860025 105 36 10 10
2.862025 105 36 10 10
2.864025 105 35 10 10
2.866025 104 35 10 10
2.868025 104 35 10 10
2.870025 103 34 10 10
2.872025 103 34 10 10
2.874025 102 34 10 10
2.876025 102 34 10 10
2.878025 101 33 9 9
2.880025 101 33 9 9
2.882025 100 33 9 9
2.884025 100 33 8 9
2.886025 100 33 8 8
2.888025 99 32 8 8
2.890025 99 32 7 8
2.892025 98 32 7 8
2.894025 98 32 7 7
2.896025 97 32 7 7
2.898025 97 32 6 7
2.900025 97 31 6 7
2.902025 96 31 6 6
2.904025 96 31 5 6
2.906025 95 31 5 6
2.908025 95 31 5 6
2.910025 94 30 5 6
2.912025 94 30 5 6
2.914025 94 30 5 6
2.916025 93 30 5 6
2.918025 93 30 5 6
2.920025 92 30 5 6
2.922025 92 30 5 6
2.924025 91 30 5 6
2.926025 91 30 5 6
2.928025 90 29 5 6
2.930025 90 29 5 6
2.932025 89 29 5 6
2.934025 89 29 5 6
2.936025 88 29 5 6
2.938025 88 29 5 6
2.940025 87 29 5 6
2.942025 87 29 5 6
