0.023706 179 49 6 6
0.025706 179 48 6 6
0.027706 179 48 6 6
0.029706 179 47 6 6
0.031706 179 47 6 6
0.033706 179 46 6 6
0.035706 179 46 6 6
0.037706 179 46 6 6
0.039706 179 45 6 6
0.041706 179 45 6 6
0.043706 179 44 6 6
0.045706 179 44 6 6
0.047706 179 43 6 6
0.049706 179 43 6 6
0.051706 179 43 6 6
0.053706 179 42 6 6
0.055706 179 42 6 6
0.057706 180 41 6 6
0.059706 180 41 6 6
0.061706 180 40 6 6
0.063706 180 40 6 6
0.065706 180 39 6 6
0.067706 180 39 6 6
0.069706 181 38 6 6
0.071706 181 38 6 6
0.073706 181 37 6 6
0.075706 181 37 6 6
0.077706 181 37 6 6
0.079706 182 36 6 6
0.081706 182 36 6 6
0.083706 182 35 6 6
0.085706 182 35 6 6
0.087706 182 34 6 6
0.089706 182 34 6 6
0.091706 182 33 6 6
0.093706 182 33 6 6
0.095706 182 33 6 6
0.097706 182 32 6 6
0.099706 182 32 6 6
0.101706 182 32 6 6
0.103706 182 31 6 6
0.105706 182 31 6 6
0.107706 182 31 6 6
0.109706 182 31 6 6
0.111706 182 30 6 6
0.113706 182 30 6 6
0.115706 182 30 6 6
0.117706 182 29 6 6
0.119706 182 29 6 6
0.121706 182 29 6 6
0.123706 181 28 7 7
0.125706 181 28 7 7
0.127706 181 28 7 7
0.129706 181 28 7 7
0.131706 181 27 7 7
0.133706 181 27 7 7
0.135706 181 27 8 8
0.137706 181 26 8 8
0.139706 181 26 8 8
0.141706 180 26 8 8
0.143706 180 25 8 8
0.145706 180 25 8 8
0.147706 180 25 9 9
0.149706 180 25 9 9
0.151706 180 24 9 9
0.153706 180 24 9 9
0.155706 180 24 9 9
0.157706 180 23 10 10
0.159706 180 23 10 10
0.161706 180 23 10 10
0.163706 180 22 10 10
0.165706 180 22 10 10
0.167706 180 21 10 10
0.169706 180 21 10 10
0.171706 180 20 10 10
0.173706 180 20 10 10
0.175706 180 20 10 10
0.177706 180 19 10 10
0.179706 180 19 10 10
0.181706 180 18 10 10
0.183706 180 18 10 10
0.185706 180 17 10 10
0.187706 180 17 10 10
0.189706 180 17 10 10
0.191706 181 16 10 10
0.193706 181 16 10 10
0.195706 181 16 10 10
0.197706 181 15 10 10
0.199706 181 15 10 10
0.201706 181 15 10 10
0.203706 181 14 10 10
0.205706 181 14 10 10
0.207706 181 14 10 10
0.209706 181 14 10 10
0.211706 181 13 10 10
0.213706 181 13 10 10
0.215706 181 13 10 10
0.217706 181 12 10 10
0.219706 181 12 10 10
0.221706 181 12 10 10
0.223706 182 11 10 10
0.225706 182 11 10 10
0.227706 182 11 10 10
0.229706 182 11 10 10
0.231706 182 11 10 10
0.233706 182 11 10 10
0.235706 183 10 10 10
0.237706 183 10 10 10
0.239706 183 10 10 10
0.241706 183 10 10 10
0.243706 183 10 10 10
0.245706 183 10 10 10
0.247706 184 9 10 10
0.249706 184 9 10 10
0.251706 184 9 10 10
0.253706 184 9 10 10
0.255706 184 9 10 10
0.257706 185 8 9 9
0.259706 185 8 9 9
0.261706 185 8 9 9
0.263706 185 8 9 8
0.265706 185 8 8 8
0.267706 185 8 8 8
0.269706 185 8 8 8
0.271706 185 8 8 7
0.273706 185 7 7 7
0.275706 185 7 7 7
0.277706 185 7 7 6
0.279706 185 7 7 6
0.281706 185 7 7 6
0.283706 185 7 6 5
0.285706 185 7 6 5
0.287706 185 7 6 5
0.289706 185 7 6 5
0.291706 185 6 6 5
0.293706 185 6 6 5
0.295706 185 6 6 5
0.297706 185 5 6 6
0.299706 185 5 7 6
0.301706 185 5 7 6
0.303706 185 4 7 7
0.305706 185 4 7 7
0.307706 185 4 8 7
0.309706 185 4 8 7
0.311706 185 3 8 8
0.313706 185 3 8 8
0.315706 185 3 9 8
0.317706 185 2 9 9
0.319706 185 2 9 9
0.321706 185 2 9 9
0.323706 185 1 10 9
0.325706 185 1 10 9
0.327706 185 1 10 9
0.329706 185 1 10 9
0.331706 185 1 10 9
0.333706 185 1 10 9
0.335706 185 1 10 9
0.337706 185 1 10 9
0.339706 185 1 10 9
0.341706 185 1 10 9
0.343706 185 1 10 9
0.345706 185 1 10 9
0.347706 185 1 10 9
0.349706 185 1 10 9
0.351706 185 1 10 9
0.353706 185 1 10 9
0.355706 185 1 10 9
0.357706 185 1 10 9
0.359706 185 1 10 9
0.361706 185 1 10 9
0.363706 185 1 10 9
0.365706 185 1 10 9
0.367706 185 1 10 9
0.369706 186 1 10 9
0.371706 186 1 10 9
0.373706 186 1 10 9
0.375706 186 1 10 9
0.377706 186 1 10 9
0.379706 187 1 10 9
0.381706 187 1 10 9
0.383706 187 1 10 9
0.385706 187 1 10 9
0.387706 187 1 10 9
0.389706 187 1 10 9
0.391706 188 1 10 8
0.393706 188 1 10 8
0.395706 188 1 10 8
0.397706 188 1 10 8
0.399706 189 1 10 8
0.401706 189 1 10 8
0.403706 189 1 10 8
0.405706 189 1 10 8
0.407706 190 1 10 7
0.409706 190 1 10 7
0.411706 190 1 10 7
0.413706 190 1 10 7
0.415706 191 1 10 7
0.417706 191 1 10 7
0.419706 191 1 10 7
0.421706 191 1 10 7
0.423706 192 1 9 7
0.425706 192 1 9 7
0.427706 192 1 9 7
0.429706 192 1 9 7
0.431706 192 1 9 7
0.433706 192 1 9 7
0.435706 192 1 9 7
0.437706 192 1 9 7
0.439706 192 1 9 7
0.441706 193 1 8 7
0.443706 193 1 8 7
0.445706 193 1 8 7
0.447706 193 1 8 7
0.449706 193 1 8 7
0.451706 193 1 8 7
0.453706 193 1 8 7
0.455706 193 1 8 7
0.457706 194 1 8 7
0.459706 194 1 8 7
0.461706 194 1 8 7
0.463706 194 1 8 7
0.465706 194 1 8 7
0.467706 194 1 8 7
0.469706 194 1 8 7
0.471706 194 1 8 7
0.473706 194 1 8 7
0.475706 194 1 8 7
0.477706 194 1 8 7
0.479706 194 1 8 7
0.481706 194 1 8 7
0.483706 194 1 8 7
0.485706 194 1 8 7
0.487706 194 1 8 7
0.489706 194 1 8 7
0.491706 193 1 8 6
0.493706 193 1 8 6
0.495706 193 1 8 6
0.497706 193 1 8 6
0.499706 193 1 8 6
0.501706 193 1 8 6
0.503706 193 1 8 6
0.505706 193 1 8 6
0.507706 193 1 8 6
0.509706 193 1 8 6
0.511706 193 1 8 6
0.513706 193 1 8 6
0.515706 193 1 8 6
0.517706 193 1 8 6
0.519706 193 1 8 6
0.521706 193 1 8 6
0.523706 193 1 8 5
0.525706 193 1 8 5
0.527706 193 1 8 5
0.529706 193 1 8 5
0.531706 193 1 8 5
0.533706 193 1 8 5
0.535706 193 1 8 5
0.537706 193 1 8 5
0.539706 193 1 8 5
0.541706 193 1 8 5
0.543706 193 1 8 5
0.545706 193 1 8 5
0.547706 193 1 8 5
0.549706 193 1 8 5
0.551706 193 1 8 5
0.553706 193 1 8 5
0.555706 193 1 8 5
0.557706 193 1 7 5
0.559706 193 1 7 5
0.561706 193 1 7 5
0.563706 193 1 7 5
0.565706 193 1 7 5
0.567706 193 1 7 5
0.569706 193 1 7 5
0.571706 193 1 7 5
0.573706 193 1 6 5
0.575706 193 1 6 5
0.577706 193 1 6 5
0.579706 193 1 6 5
0.581706 193 1 6 5
0.583706 193 1 6 5
0.585706 193 1 6 5
0.587706 193 1 6 5
0.589706 193 1 6 5
0.591706 194 1 6 6
0.593706 194 1 6 6
0.595706 194 1 6 6
0.597706 194 1 6 6
0.599706 194 1 6 6
0.601706 194 1 6 6
0.603706 194 1 6 6
0.605706 194 1 6 6
0.607706 194 2 6 6
0.609706 194 2 6 6
0.611706 194 2 6 6
0.613706 194 2 6 6
0.615706 194 2 6 6
0.617706 194 2 6 6
0.619706 194 2 6 6
0.621706 194 2 6 6
0.623706 194 3 6 6
0.625706 194 3 6 6
0.627706 194 3 6 6
0.629706 194 3 6 6
0.631706 194 3 6 6
0.633706 194 3 7 7
0.635706 194 3 7 7
0.637706 194 3 7 7
0.639706 194 3 7 7
0.641706 194 4 8 8
0.643706 194 4 8 8
0.645706 194 4 8 8
0.647706 194 4 8 8
0.649706 194 4 9 9
0.651706 194 4 9 9
0.653706 194 4 9 9
0.655706 194 4 9 9
0.657706 194 5 10 10
0.659706 194 5 10 10
0.661706 194 5 10 10
0.663706 194 5 10 10
0.665706 194 5 10 10
0.667706 194 5 10 10
0.669706 194 6 10 10
0.671706 194 6 10 10
0.673706 194 6 10 10
0.675706 194 6 10 10
0.677706 194 6 10 10
0.679706 194 7 10 10
0.681706 194 7 10 10
0.683706 194 7 10 10
0.685706 194 7 10 10
0.687706 194 7 10 10
0.689706 194 7 10 10
0.691706 194 8 9 9
0.693706 194 8 9 9
0.695706 194 8 9 9
0.697706 194 9 9 9
0.699706 194 9 8 9
0.701706 194 9 8 9
0.703706 194 10 8 9
0.705706 194 10 8 9
0.707706 195 10 7 8
0.709706 195 10 7 8
0.711706 195 11 7 8
0.713706 195 11 7 8
0.715706 195 11 6 8
0.717706 195 12 6 8
0.719706 195 12 6 8
0.721706 195 12 6 8
0.723706 196 13 6 7
0.725706 196 13 6 7
0.727706 196 13 6 7
0.729706 196 13 6 7
0.731706 196 13 6 7
0.733706 196 14 6 7
0.735706 196 14 6 7
0.737706 196 14 6 7
0.739706 196 14 6 7
0.741706 196 15 6 7
0.743706 196 15 6 7
0.745706 196 15 6 7
0.747706 196 15 6 7
0.749706 196 16 6 7
0.751706 196 16 6 7
0.753706 196 16 6 7
0.755706 196 16 6 7
0.757706 195 16 6 7
0.759706 195 16 6 7
0.761706 194 16 6 7
0.763706 194 15 6 7
0.765706 193 15 7 7
0.767706 193 14 7 7
0.769706 192 14 7 8
0.771706 192 13 7 8
0.773706 191 13 8 8
0.775706 190 13 8 8
0.777706 190 12 8 8
0.779706 189 12 8 9
0.781706 189 11 8 9
0.783706 188 11 9 9
0.785706 188 10 9 9
0.787706 187 10 9 9
0.789706 187 10 9 9
0.791706 186 9 10 10
0.793706 186 9 10 10
0.795706 186 8 10 10
0.797706 185 8 10 10
0.799706 185 7 10 10
0.801706 184 6 10 10
0.803706 184 6 10 10
0.805706 184 5 10 10
0.807706 183 5 10 10
0.809706 183 4 10 10
0.811706 183 4 10 10
0.813706 182 3 10 10
0.815706 182 3 10 10
0.817706 182 2 10 10
0.819706 181 2 10 10
0.821706 181 1 10 10
0.823706 180 0 9 9
0.825706 170 0 9 9
0.827706 159 0 8 8
0.829706 148 0 8 8
0.831706 137 0 7 7
0.833706 126 0 6 6
0.835706 115 0 6 6
0.837706 104 0 5 5
0.839706 94 0 5 5
0.841706 83 0 4 4
0.843706 72 0 3 3
0.845706 61 0 3 3
0.847706 50 0 2 2
0.849706 39 0 2 2
0.851706 28 0 1 1
0.853706 18 0 0 0
0.855706 7 0 0 0
0.857706 0 0 0 0
0.859706 0 0 0 0
0.861706 0 0 0 0
0.863706 0 0 0 0
0.865706 0 0 0 0
0.867706 0 0 0 0
0.869706 0 0 0 0
0.871706 0 0 0 0
0.873706 0 0 0 0
0.875706 0 0 0 0
0.877706 0 0 0 0
0.879706 0 0 0 0
0.881706 0 0 0 0
0.883706 0 0 0 0
0.885706 0 0 0 0
0.887706 0 0 0 0
0.889706 0 0 0 0
0.891706 0 0 0 0
0.893706 0 0 0 0
0.895706 0 0 0 0
0.897706 0 0 0 0
0.899706 0 0 0 0
0.901706 0 0 0 0
0.903706 0 0 0 0
0.905706 0 0 0 0
0.907706 0 0 0 0
0.909706 0 0 0 0
0.911706 0 0 0 0
0.913706 0 0 0 0
0.915706 0 0 0 0
0.917706 0 0 0 0
0.919706 0 0 0 0
0.921706 0 0 0 0
0.923706 0 0 0 0
0.925706 0 0 0 0
0.927706 0 0 0 0
0.929706 0 0 0 0
0.931706 0 0 0 0
0.933706 0 0 0 0
0.935706 0 0 0 0
0.937706 0 0 0 0
0.939706 0 0 0 0
0.941706 0 0 0 0
0.943706 0 0 0 0
0.945706 0 0 0 0
0.947706 0 0 0 0
0.949706 0 0 0 0
0.951706 0 0 0 0
0.953706 0 0 0 0
0.955706 0 0 0 0
0.957706 0 0 0 0
0.959706 0 0 0 0
0.961706 0 0 0 0
0.963706 0 0 0 0
0.965706 0 0 0 0
0.967706 0 0 0 0
0.969706 0 0 0 0
0.971706 0 0 0 0
0.973706 0 0 0 0
0.975706 0 0 0 0
0.977706 0 0 0 0
0.979706 0 0 0 0
0.981706 0 0 0 0
0.983706 0 0 0 0
0.985706 0 0 0 0
0.987706 0 0 0 0
0.989706 0 0 0 0
0.991706 0 0 0 0
0.993706 0 0 0 0
0.995706 0 0 0 0
0.997706 0 0 0 0
0.999706 0 0 0 0
1.001706 0 0 0 0
1.003706 0 0 0 0
1.005706 0 0 0 0
1.007706 0 0 0 0
1.009706 0 0 0 0
1.011706 0 0 0 0
1.013706 0 0 0 0
1.015706 0 0 0 0
1.017706 0 0 0 0
1.019706 0 0 0 0
1.021706 0 0 0 0
1.023706 0 0 0 0
1.025706 0 0 0 0
1.027706 0 0 0 0
1.029706 0 0 0 0
1.031706 0 0 0 0
1.033706 0 0 0 0
1.035706 0 0 0 0
1.037706 0 0 0 0
1.039706 0 0 0 0
1.041706 0 0 0 0
1.043706 0 0 0 0
1.045706 0 0 0 0
1.047706 0 0 0 0
1.049706 0 0 0 0
1.051706 0 0 0 0
1.053706 0 0 0 0
1.055706 0 0 0 0
1.057706 0 0 0 0
1.059706 0 0 0 0
1.061706 0 0 0 0
1.063706 0 0 0 0
1.065706 0 0 0 0
1.067706 0 0 0 0
1.069706 0 0 0 0
1.071706 0 0 0 0
1.073706 0 0 0 0
1.075706 0 0 0 0
1.077706 0 0 0 0
1.079706 0 0 0 0
1.081706 0 0 0 0
1.083706 0 0 0 0
1.085706 0 0 0 0
1.087706 0 0 0 0
1.089706 0 0 0 0
1.091706 0 0 0 0
1.093706 0 0 0 0
1.095706 0 0 0 0
1.097706 0 0 0 0
1.099706 0 0 0 0
1.101706 0 0 0 0
1.103706 0 0 0 0
1.105706 0 0 0 0
1.107706 0 0 0 0
1.109706 0 0 0 0
1.111706 0 0 0 0
1.113706 0 0 0 0
1.115706 0 0 0 0
1.117706 0 0 0 0
1.119706 0 0 0 0
1.121706 0 0 0 0
1.123706 0 0 0 0
1.125706 0 0 0 0
1.127706 0 0 0 0
1.129706 0 0 0 0
1.131706 0 0 0 0
1.133706 0 0 0 0
1.135706 0 0 0 0
1.137706 0 0 0 0
1.139706 0 0 0 0
1.141706 0 0 0 0
1.143706 0 0 0 0
1.145706 0 0 0 0
1.147706 0 0 0 0
1.149706 0 0 0 0
1.151706 0 0 0 0
1.153706 0 0 0 0
1.155706 0 0 0 0
1.157706 0 0 0 0
1.159706 0 0 0 0
1.161706 0 0 0 0
1.163706 0 0 0 0
1.165706 0 0 0 0
1.167706 0 0 0 0
1.169706 0 0 0 0
1.171706 0 0 0 0
1.173706 0 0 0 0
1.175706 0 0 0 0
1.177706 0 0 0 0
1.179706 0 0 0 0
1.181706 0 0 0 0
1.183706 0 0 0 0
1.185706 0 0 0 0
1.187706 0 0 0 0
1.189706 0 0 0 0
1.191706 0 0 0 0
1.193706 0 0 0 0
1.195706 0 0 0 0
1.197706 0 0 0 0
1.199706 0 0 0 0
1.201706 0 0 0 0
1.203706 0 0 0 0
1.205706 0 0 0 0
1.207706 0 0 0 0
1.209706 0 0 0 0
1.211706 0 0 0 0
1.213706 0 0 0 0
1.215706 0 0 0 0
1.217706 0 0 0 0
1.219706 0 0 0 0
1.221706 0 0 0 0
1.223706 0 0 0 0
1.225706 0 0 0 0
1.227706 0 0 0 0
1.229706 0 0 0 0
1.231706 0 0 0 0
1.233706 0 0 0 0
1.235706 0 0 0 0
1.237706 0 0 0 0
1.239706 0 0 0 0
1.241706 0 0 0 0
1.243706 0 0 0 0
1.245706 0 0 0 0
1.247706 0 0 0 0
1.249706 0 0 0 0
1.251706 0 0 0 0
1.253706 0 0 0 0
1.255706 0 0 0 0
1.257706 0 0 0 0
1.259706 0 0 0 0
1.261706 0 0 0 0
1.263706 0 0 0 0
1.265706 0 0 0 0
1.267706 0 0 0 0
1.269706 0 0 0 0
1.271706 0 0 0 0
1.273706 0 0 0 0
1.275706 0 0 0 0
1.277706 0 0 0 0
1.279706 0 0 0 0
1.281706 0 0 0 0
1.283706 0 0 0 0
1.285706 0 0 0 0
1.287706 0 0 0 0
1.289706 0 0 0 0
1.291706 0 0 0 0
1.293706 0 0 0 0
1.295706 0 0 0 0
1.297706 0 0 0 0
1.299706 0 0 0 0
1.301706 0 0 0 0
1.303706 0 0 0 0
1.305706 0 0 0 0
1.307706 0 0 0 0
1.309706 0 0 0 0
1.311706 0 0 0 0
1.313706 0 0 0 0
1.315706 0 0 0 0
1.317706 0 0 0 0
1.319706 0 0 0 0
1.321706 0 0 0 0
1.323706 0 0 0 0
1.325706 0 0 0 0
1.327706 0 0 0 0
1.329706 0 0 0 0
1.331706 0 0 0 0
1.333706 0 0 0 0
1.335706 0 0 0 0
1.337706 0 0 0 0
1.339706 0 0 0 0
1.341706 0 0 0 0
1.343706 0 0 0 0
1.345706 0 0 0 0
1.347706 0 0 0 0
1.349706 0 0 0 0
1.351706 0 0 0 0
1.353706 0 0 0 0
1.355706 0 0 0 0
1.357706 0 0 0 0
1.359706 0 0 0 0
1.361706 0 0 0 0
1.363706 0 0 0 0
1.365706 0 0 0 0
1.367706 0 0 0 0
1.369706 0 0 0 0
1.371706 0 0 0 0
1.373706 0 0 0 0
1.375706 0 0 0 0
1.377706 0 0 0 0
1.379706 0 0 0 0
1.381706 0 0 0 0
1.383706 0 0 0 0
1.385706 0 0 0 0
1.387706 0 0 0 0
1.389706 0 0 0 0
1.391706 0 0 0 0
1.393706 0 0 0 0
1.395706 0 0 0 0
1.397706 0 0 0 0
1.399706 0 0 0 0
1.401706 0 0 0 0
1.403706 0 0 0 0
1.405706 0 0 0 0
1.407706 0 0 0 0
1.409706 0 0 0 0
1.411706 0 0 0 0
1.413706 0 0 0 0
1.415706 0 0 0 0
1.417706 0 0 0 0
1.419706 0 0 0 0
1.421706 0 0 0 0
1.423706 0 0 0 0
1.425706 0 0 0 0
1.427706 0 0 0 0
1.429706 0 0 0 0
1.431706 0 0 0 0
1.433706 0 0 0 0
1.435706 0 0 0 0
1.437706 0 0 0 0
1.439706 0 0 0 0
1.441706 0 0 0 0
1.443706 0 0 0 0
1.445706 0 0 0 0
1.447706 0 0 0 0
1.449706 0 0 0 0
1.451706 0 0 0 0
1.453706 0 0 0 0
1.455706 0 0 0 0
1.457706 0 0 0 0
1.459706 0 0 0 0
1.461706 0 0 0 0
1.463706 0 0 0 0
1.465706 0 0 0 0
1.467706 0 0 0 0
1.469706 0 0 0 0
1.471706 0 0 0 0
1.473706 0 0 0 0
1.475706 0 0 0 0
1.477706 0 0 0 0
1.479706 0 0 0 0
1.481706 0 0 0 0
1.483706 0 0 0 0
1.485706 0 0 0 0
1.487706 0 0 0 0
1.489706 0 0 0 0
1.491706 0 0 0 0
1.493706 0 0 0 0
1.495706 0 0 0 0
1.497706 0 0 0 0
1.499706 0 0 0 0
1.501706 0 0 0 0
1.503706 0 0 0 0
1.505706 0 0 0 0
1.507706 0 0 0 0
1.509706 0 0 0 0
1.511706 0 0 0 0
1.513706 0 0 0 0
1.515706 0 0 0 0
1.517706 0 0 0 0
1.519706 0 0 0 0
1.521706 0 0 0 0
1.523706 0 0 0 0
1.525706 7 0 0 0
1.527706 14 0 0 0
1.529706 21 0 0 0
1.531706 29 0 1 0
1.533706 36 0 1 0
1.535706 43 0 1 1
1.537706 50 0 2 1
1.539706 58 0 2 1
1.541706 65 0 2 1
1.543706 72 0 3 1
1.545706 79 0 3 1
1.547706 87 0 3 2
1.549706 94 0 3 2
1.551706 101 0 4 2
1.553706 108 0 4 2
1.555706 116 0 4 2
1.557706 120 1 5 3
1.559706 120 1 5 3
1.561706 120 1 5 3
1.563706 120 1 6 4
1.565706 120 1 6 4
1.567706 120 1 6 5
1.569706 119 1 6 5
1.571706 119 1 7 6
1.573706 119 1 7 6
1.575706 119 1 7 6
1.577706 119 1 8 7
1.579706 118 1 8 7
1.581706 118 1 8 8
1.583706 118 1 9 8
1.585706 118 1 9 9
1.587706 118 1 9 9
1.589706 118 1 9 9
1.591706 118 2 10 10
1.593706 118 2 10 10
1.595706 118 2 10 10
1.597706 118 2 10 10
1.599706 118 2 10 10
1.601706 118 2 10 10
1.603706 118 2 10 10
1.605706 118 2 10 10
1.607706 118 2 10 10
1.609706 118 2 10 10
1.611706 118 2 10 10
1.613706 118 2 10 10
1.615706 118 2 10 10
1.617706 118 2 10 10
1.619706 118 2 10 10
1.621706 118 2 10 10
1.623706 118 3 9 9
1.625706 118 3 9 9
1.627706 118 4 9 9
1.629706 118 4 9 8
1.631706 118 5 8 8
1.633706 118 5 8 8
1.635706 118 6 8 7
1.637706 118 6 7 7
1.639706 118 7 7 7
1.641706 118 7 7 6
1.643706 118 8 6 6
1.645706 118 8 6 6
1.647706 118 9 6 5
1.649706 118 10 6 5
1.651706 118 10 5 4
1.653706 118 11 5 4
1.655706 118 11 5 4
1.657706 118 12 5 4
1.659706 118 12 5 4
1.661706 118 12 5 4
1.663706 118 12 6 5
1.665706 118 12 6 5
1.667706 118 12 6 5
1.669706 117 13 6 6
1.671706 117 13 7 6
1.673706 117 13 7 7
1.675706 117 13 7 7
1.677706 117 13 8 7
1.679706 116 14 8 8
1.681706 116 14 8 8
1.683706 116 14 9 8
1.685706 116 14 9 9
1.687706 116 14 9 9
1.689706 116 14 9 9
1.691706 116 15 10 10
1.693706 116 15 10 10
1.695706 116 15 10 10
1.697706 116 15 10 10
1.699706 116 16 10 10
1.701706 116 16 10 10
1.703706 116 16 10 10
1.705706 116 16 10 10
1.707706 116 17 10 10
1.709706 116 17 10 10
1.711706 116 17 10 10
1.713706 116 17 10 10
1.715706 116 18 10 10
1.717706 116 18 10 10
1.719706 116 18 10 10
1.721706 116 18 10 10
1.723706 115 19 10 10
1.725706 115 19 10 10
1.727706 115 19 10 10
1.729706 115 19 10 10
1.731706 115 19 10 10
1.733706 115 20 10 10
1.735706 115 20 10 10
1.737706 115 20 10 10
1.739706 115 20 10 10
1.741706 115 21 10 10
1.743706 115 21 10 10
1.745706 115 21 10 10
1.747706 115 21 10 10
1.749706 115 22 10 10
1.751706 115 22 10 10
1.753706 115 22 10 10
1.755706 115 22 10 10
1.757706 114 23 10 10
1.759706 114 23 10 10
1.761706 114 23 10 10
1.763706 114 24 10 10
1.765706 114 24 10 10
1.767706 114 24 10 10
1.769706 114 24 10 10
1.771706 114 25 10 10
1.773706 114 25 10 10
1.775706 114 25 10 10
1.777706 114 26 10 10
1.779706 114 26 10 10
1.781706 114 26 10 10
1.783706 114 27 10 10
1.785706 114 27 10 10
1.787706 114 27 10 10
1.789706 114 27 10 10
1.791706 113 28 10 10
1.793706 113 28 10 10
1.795706 113 28 10 10
1.797706 113 29 10 10
1.799706 113 29 10 10
1.801706 113 29 10 10
1.803706 113 30 10 10
1.805706 113 30 10 10
1.807706 113 30 10 10
1.809706 113 30 10 10
1.811706 113 31 10 10
1.813706 113 31 10 10
1.815706 113 31 10 10
1.817706 113 32 10 10
1.819706 113 32 10 10
1.821706 113 32 10 10
1.823706 113 33 10 10
1.825706 113 33 10 10
1.827706 113 33 10 10
1.829706 113 33 10 10
1.831706 113 34 10 10
1.833706 113 34 10 10
1.835706 113 34 10 10
1.837706 113 35 10 10
1.839706 113 35 10 10
1.841706 113 35 10 10
1.843706 113 36 10 10
1.845706 113 36 10 10
1.847706 113 36 10 10
1.849706 113 36 10 10
1.851706 113 37 10 10
1.853706 113 37 10 10
1.855706 113 37 10 10
1.857706 113 38 10 10
1.859706 113 38 10 10
1.861706 113 38 10 10
1.863706 113 38 10 10
1.865706 113 38 10 10
1.867706 113 38 10 10
1.869706 113 38 10 10
1.871706 113 38 10 10
1.873706 113 39 10 10
1.875706 113 39 10 10
1.877706 113 39 10 10
1.879706 113 39 10 10
1.881706 113 39 10 10
1.883706 113 39 10 10
1.885706 113 39 10 10
1.887706 113 39 10 10
1.889706 113 39 10 10
1.891706 112 40 10 10
1.893706 112 40 10 10
1.895706 112 40 10 10
1.897706 112 41 10 10
1.899706 112 41 10 10
1.901706 112 42 10 10
1.903706 112 42 10 10
1.905706 112 42 10 10
1.907706 112 43 10 10
1.909706 112 43 10 10
1.911706 112 43 10 10
1.913706 112 44 10 10
1.915706 112 44 10 10
1.917706 112 44 10 10
1.919706 112 45 10 10
1.921706 112 45 10 10
1.923706 111 45 9 9
1.925706 105 43 9 9
1.927706 98 40 8 8
1.929706 91 37 8 8
1.931706 85 34 7 7
1.933706 78 32 6 6
1.935706 71 29 6 6
1.937706 64 26 5 5
1.939706 58 23 5 5
1.941706 51 21 4 4
1.943706 44 18 3 3
1.945706 38 15 3 3
1.947706 31 12 2 2
1.949706 24 10 2 2
1.951706 17 7 1 1
1.953706 11 4 0 0
1.955706 4 1 0 0
1.957706 0 0 0 0
1.959706 0 0 0 0
1.961706 0 0 0 0
1.963706 0 0 0 0
1.965706 0 0 0 0
1.967706 0 0 0 0
1.969706 0 0 0 0
1.971706 0 0 0 0
1.973706 0 0 0 0
1.975706 0 0 0 0
1.977706 0 0 0 0
1.979706 0 0 0 0
1.981706 0 0 0 0
1.983706 0 0 0 0
1.985706 0 0 0 0
1.987706 0 0 0 0
1.989706 0 0 0 0
1.991706 0 0 0 0
1.993706 0 0 0 0
1.995706 0 0 0 0
1.997706 0 0 0 0
1.999706 0 0 0 0
2.001706 0 0 0 0
2.003706 0 0 0 0
2.005706 0 0 0 0
2.007706 0 0 0 0
2.009706 0 0 0 0
2.011706 0 0 0 0
2.013706 0 0 0 0
2.015706 0 0 0 0
2.017706 0 0 0 0
2.019706 0 0 0 0
2.021706 0 0 0 0
2.023706 0 0 0 0
2.025706 0 0 0 0
2.027706 0 0 0 0
2.029706 0 0 0 0
2.031706 0 0 0 0
2.033706 0 0 0 0
2.035706 0 0 0 0
2.037706 0 0 0 0
2.039706 0 0 0 0
2.041706 0 0 0 0
2.043706 0 0 0 0
2.045706 0 0 0 0
2.047706 0 0 0 0
2.049706 0 0 0 0
2.051706 0 0 0 0
2.053706 0 0 0 0
2.055706 0 0 0 0
2.057706 0 0 0 0
2.059706 0 0 0 0
2.061706 0 0 0 0
2.063706 0 0 0 0
2.065706 0 0 0 0
2.067706 0 0 0 0
2.069706 0 0 0 0
2.071706 0 0 0 0
2.073706 0 0 0 0
2.075706 0 0 0 0
2.077706 0 0 0 0
2.079706 0 0 0 0
2.081706 0 0 0 0
2.083706 0 0 0 0
2.085706 0 0 0 0
2.087706 0 0 0 0
2.089706 0 0 0 0
2.091706 4 2 0 0
2.093706 11 5 0 0
2.095706 18 8 0 1
2.097706 25 11 1 1
2.099706 31 14 1 2
2.101706 38 17 2 2
2.103706 45 20 2 3
2.105706 52 23 2 3
2.107706 59 26 3 4
2.109706 66 29 3 4
2.111706 73 32 3 5
2.113706 79 35 4 5
2.115706 86 38 4 6
2.117706 93 41 4 6
2.119706 100 44 5 7
2.121706 107 47 5 7
2.123706 114 49 6 8
2.125706 114 49 6 8
2.127706 114 49 6 8
2.129706 114 48 6 8
2.131706 114 48 6 8
2.133706 114 48 6 8
2.135706 114 47 6 8
2.137706 114 47 6 8
2.139706 114 47 6 8
2.141706 114 46 6 9
2.143706 114 46 6 9
2.145706 114 46 6 9
2.147706 114 45 6 9
2.149706 114 45 6 9
2.151706 114 44 6 9
2.153706 114 44 6 9
2.155706 114 44 6 9
2.157706 115 43 6 9
2.159706 115 43 6 9
2.161706 115 43 6 9
2.163706 115 43 6 9
2.165706 115 43 6 9
2.167706 115 43 6 9
2.169706 115 43 6 8
2.171706 115 43 6 8
2.173706 116 42 5 8
2.175706 116 42 5 8
2.177706 116 42 5 8
2.179706 116 42 5 7
2.181706 116 42 5 7
2.183706 116 42 5 7
2.185706 116 42 5 7
2.187706 116 42 5 7
2.189706 116 42 5 7
2.191706 116 41 5 7
2.193706 116 41 5 7
2.195706 116 41 5 7
2.197706 116 40 6 7
2.199706 116 40 6 7
2.201706 116 40 6 8
2.203706 116 39 7 8
2.205706 116 39 7 8
2.207706 116 39 7 8
2.209706 116 39 7 8
2.211706 116 38 8 8
2.213706 116 38 8 9
2.215706 116 38 8 9
2.217706 116 37 9 9
2.219706 116 37 9 9
2.221706 116 37 9 9
2.223706 116 36 10 10
2.225706 116 36 10 10
2.227706 116 36 10 10
2.229706 116 36 10 10
2.231706 116 35 10 10
2.233706 116 35 10 10
2.235706 116 35 10 10
2.237706 116 34 10 10
2.239706 116 34 10 10
2.241706 116 34 10 10
2.243706 116 33 10 10
2.245706 116 33 10 10
2.247706 116 33 10 10
2.249706 116 33 10 10
2.251706 116 32 10 10
2.253706 116 32 10 10
2.255706 116 32 10 10
2.257706 117 31 10 10
2.259706 117 31 10 10
2.261706 117 31 10 10
2.263706 117 31 10 10
2.265706 117 31 10 10
2.267706 117 31 10 10
2.269706 117 30 10 10
2.271706 117 30 10 10
2.273706 117 30 10 10
2.275706 117 30 10 10
2.277706 117 30 10 10
2.279706 117 29 10 10
2.281706 117 29 10 10
2.283706 117 29 10 10
2.285706 117 29 10 10
2.287706 117 29 10 10
2.289706 117 29 10 10
2.291706 118 28 10 10
2.293706 118 28 10 10
2.295706 118 28 10 10
2.297706 118 28 10 10
2.299706 118 27 10 10
2.301706 118 27 10 10
2.303706 118 27 10 10
2.305706 118 27 10 10
2.307706 119 26 10 10
2.309706 119 26 10 10
2.311706 119 26 10 10
2.313706 119 26 10 10
2.315706 119 25 10 10
2.317706 119 25 10 10
2.319706 119 25 10 10
2.321706 119 25 10 10
2.323706 120 25 9 10
2.325706 120 25 9 10
2.327706 120 25 9 10
2.329706 120 25 9 10
2.331706 120 25 9 10
2.333706 120 25 9 10
2.335706 120 25 8 10
2.337706 120 25 8 10
2.339706 120 25 8 10
2.341706 120 25 8 10
2.343706 120 25 8 10
2.345706 120 25 8 10
2.347706 120 25 7 10
2.349706 120 25 7 10
2.351706 120 25 7 10
2.353706 120 25 7 10
2.355706 120 25 7 10
2.357706 120 24 7 10
2.359706 120 24 7 10
2.361706 120 24 7 10
2.363706 120 24 7 10
2.365706 120 24 7 10
2.367706 120 24 7 10
2.369706 120 23 8 10
2.371706 120 23 8 10
2.373706 120 23 8 10
2.375706 120 23 8 10
2.377706 120 23 8 10
2.379706 120 22 9 10
2.381706 120 22 9 10
2.383706 120 22 9 10
2.385706 120 22 9 10
2.387706 120 22 9 10
2.389706 120 22 9 10
2.391706 120 21 10 10
2.393706 120 21 10 10
2.395706 120 21 10 10
2.397706 120 21 10 10
2.399706 120 21 10 10
2.401706 120 21 10 10
2.403706 120 21 10 10
2.405706 120 21 10 10
2.407706 120 20 10 10
2.409706 120 20 10 10
2.411706 120 20 10 10
2.413706 120 20 10 10
2.415706 120 20 10 10
2.417706 120 20 10 10
2.419706 120 20 10 10
2.421706 120 20 10 10
2.423706 121 19 10 10
2.425706 121 19 10 10
2.427706 121 19 10 10
2.429706 121 19 10 10
2.431706 121 19 10 10
2.433706 121 19 10 10
2.435706 121 19 10 10
2.437706 121 19 10 10
2.439706 121 19 10 10
2.441706 121 19 10 10
2.443706 121 19 10 10
2.445706 121 19 10 10
2.447706 121 19 10 10
2.449706 121 19 10 10
2.451706 121 19 10 10
2.453706 121 19 10 10
2.455706 121 19 10 10
2.457706 122 19 10 10
2.459706 122 19 10 10
2.461706 122 19 10 10
2.463706 122 19 10 10
2.465706 122 19 10 10
2.467706 122 19 10 10
2.469706 122 19 10 10
2.471706 122 19 10 10
2.473706 122 19 10 10
2.475706 122 19 10 10
2.477706 122 19 10 10
2.479706 122 19 10 10
2.481706 122 19 10 10
2.483706 122 19 10 10
2.485706 122 19 10 10
2.487706 122 19 10 10
2.489706 122 19 10 10
2.491706 122 19 10 10
2.493706 122 19 10 10
2.495706 122 19 10 10
2.497706 122 19 10 10
2.499706 122 19 10 10
2.501706 122 19 10 10
2.503706 122 19 10 10
2.505706 122 19 10 10
2.507706 122 19 10 10
2.509706 122 19 10 10
2.511706 122 19 10 10
2.513706 122 19 10 10
2.515706 122 19 10 10
2.517706 122 19 10 10
2.519706 122 19 10 10
2.521706 122 19 10 10
2.523706 122 19 10 10
2.525706 122 19 10 10
2.527706 122 19 10 10
2.529706 122 19 10 10
2.531706 122 19 10 10
2.533706 122 19 10 10
2.535706 122 19 10 10
2.537706 122 19 10 10
2.539706 122 19 10 10
2.541706 122 19 10 10
2.543706 122 19 10 10
2.545706 122 19 10 10
2.547706 122 19 10 10
2.549706 122 19 10 10
2.551706 122 19 10 10
2.553706 122 19 10 10
2.555706 122 19 10 10
2.557706 123 19 10 10
2.559706 123 19 10 10
2.561706 123 19 10 10
2.563706 123 19 10 10
2.565706 123 19 10 10
2.567706 123 19 10 10
2.569706 123 19 10 10
2.571706 123 19 10 10
2.573706 123 19 10 10
2.575706 123 19 10 10
2.577706 123 19 10 10
2.579706 123 19 10 10
2.581706 123 19 10 10
2.583706 123 19 10 10
2.585706 123 19 10 10
2.587706 123 19 10 10
2.589706 123 19 10 10
2.591706 124 20 10 10
2.593706 124 20 10 10
2.595706 124 20 10 10
2.597706 124 20 10 10
2.599706 124 20 10 10
2.601706 124 20 10 10
2.603706 124 20 10 10
2.605706 124 20 10 10
2.607706 124 21 10 10
2.609706 124 21 10 10
2.611706 124 21 10 10
2.613706 124 21 10 10
2.615706 124 21 10 10
2.617706 124 21 10 10
2.619706 124 21 10 10
2.621706 124 21 10 10
2.623706 124 22 10 10
2.625706 124 22 10 10
2.627706 124 22 10 10
2.629706 124 22 10 10
2.631706 124 22 10 10
2.633706 124 22 10 10
2.635706 124 22 10 10
2.637706 124 22 10 10
2.639706 124 22 10 10
2.641706 124 23 10 10
2.643706 124 23 10 10
2.645706 124 23 10 10
2.647706 124 23 10 10
2.649706 124 23 10 10
2.651706 124 23 10 10
2.653706 124 23 10 10
2.655706 124 23 10 10
2.657706 124 24 10 10
2.659706 124 24 10 10
2.661706 124 24 10 10
2.663706 124 24 10 10
2.665706 124 24 10 10
2.667706 124 24 10 10
2.669706 124 24 10 10
2.671706 124 24 10 10
2.673706 124 25 10 10
2.675706 124 25 10 10
2.677706 124 25 10 10
2.679706 124 25 10 10
2.681706 124 25 10 10
2.683706 124 25 10 10
2.685706 124 25 10 10
2.687706 124 25 10 10
2.689706 124 25 10 10
2.691706 125 26 10 10
2.693706 125 26 10 10
2.695706 125 26 10 10
2.697706 125 26 10 10
2.699706 125 26 10 10
2.701706 125 27 10 10
2.703706 125 27 10 10
2.705706 125 27 10 10
2.707706 125 27 10 10
2.709706 125 27 10 10
2.711706 125 27 10 10
2.713706 125 28 10 10
2.715706 125 28 10 10
2.717706 125 28 10 10
2.719706 125 28 10 10
2.721706 125 28 10 10
2.723706 125 29 10 10
2.725706 125 29 10 10
2.727706 125 29 10 10
2.729706 125 29 10 10
2.731706 125 29 10 10
2.733706 125 29 10 10
2.735706 125 29 10 10
2.737706 125 29 10 10
2.739706 125 29 10 10
2.741706 125 30 10 10
2.743706 125 30 10 10
2.745706 125 30 10 10
2.747706 125 30 10 10
2.749706 125 30 10 10
2.751706 125 30 10 10
2.753706 125 30 10 10
2.755706 125 30 10 10
2.757706 125 31 10 10
2.759706 125 31 10 10
2.761706 125 31 10 10
2.763706 125 31 10 10
2.765706 125 31 10 10
2.767706 125 31 10 10
2.769706 125 32 10 10
2.771706 125 32 10 10
2.773706 125 32 10 10
2.775706 125 32 10 10
2.777706 125 32 10 10
2.779706 125 33 10 10
2.781706 125 33 10 10
2.783706 125 33 10 10
2.785706 125 33 10 10
2.787706 125 33 10 10
2.789706 125 33 10 10
2.791706 125 34 10 10
2.793706 125 34 10 10
2.795706 125 34 10 10
2.797706 125 35 10 10
2.799706 125 35 10 10
2.801706 125 35 10 10
2.803706 125 36 10 10
2.805706 125 36 10 10
2.807706 125 36 10 10
2.809706 125 36 10 10
2.811706 125 37 10 10
2.813706 125 37 10 10
2.815706 125 37 10 10
2.817706 125 38 10 10
2.819706 125 38 10 10
2.821706 125 38 10 10
2.823706 125 39 10 10
2.825706 125 39 10 10
2.827706 125 39 10 10
2.829706 125 39 10 10
2.831706 125 39 10 10
2.833706 125 40 10 10
2.835706 125 40 10 10
2.837706 125 40 10 10
2.839706 125 40 10 10
2.841706 125 41 10 10
2.843706 125 41 10 10
2.845706 125 41 10 10
2.847706 125 41 10 10
2.849706 125 42 10 10
2.851706 125 42 10 10
2.853706 125 42 10 10
2.855706 125 42 10 10
2.857706 125 43 10 10
2.859706 125 43 10 10
2.861706 125 43 10 10
2.863706 125 43 10 10
2.865706 125 44 10 10
2.867706 125 44 10 10
2.869706 125 44 10 10
2.871706 125 44 10 10
2.873706 125 45 10 10
2.875706 125 45 10 10
2.877706 125 45 10 10
2.879706 125 45 10 10
2.881706 125 45 10 10
2.883706 125 46 10 10
2.885706 125 46 10 10
2.887706 125 46 10 10
2.889706 125 46 10 10
2.891706 126 47 9 10
2.893706 126 47 9 10
2.895706 126 47 9 10
2.897706 126 48 9 10
2.899706 126 48 8 10
2.901706 126 48 8 10
2.903706 126 49 8 10
2.905706 126 49 8 10
2.907706 126 49 7 10
2.909706 126 49 7 10
2.911706 126 50 7 10
2.913706 126 50 7 10
2.915706 126 50 6 10
2.917706 126 51 6 10
2.919706 126 51 6 10
2.921706 126 51 6 10
2.923706 127 52 5 10
2.925706 127 52 5 10
2.927706 127 53 5 10
2.929706 127 53 5 10
2.931706 127 54 5 9
2.933706 127 54 5 9
2.935706 127 55 5 9
2.937706 127 55 5 8
2.939706 127 56 5 8
2.941706 127 56 5 8
2.943706 127 57 5 7
2.945706 127 57 5 7
2.947706 127 58 5 7
2.949706 127 59 5 7
2.951706 127 59 5 6
2.953706 127 60 5 6
2.955706 127 60 5 6
2.957706 127 61 5 6
2.959706 127 61 5 6
2.961706 127 61 5 6
2.963706 127 61 6 6
2.965706 127 62 6 7
2.967706 127 62 6 7
2.969706 127 62 6 7
2.971706 127 62 7 7
2.973706 126 63 7 8
2.975706 126 63 7 8
2.977706 126 63 8 8
2.979706 126 63 8 8
2.981706 126 63 8 8
2.983706 126 64 9 9
2.985706 126 64 9 9
2.987706 126 64 9 9
2.989706 126 64 9 9
2.991706 126 65 9 9
2.993706 126 65 9 9
2.995706 126 66 9 9
2.997706 126 66 8 8
2.999706 126 67 8 8
3.001706 126 68 8 8
3.003706 126 68 7 7
3.005706 126 69 7 7
3.007706 126 69 7 7
3.009706 126 70 7 7
3.011706 126 70 6 6
3.013706 126 71 6 6
3.015706 126 71 6 6
3.017706 126 72 5 5
3.019706 126 72 5 5
3.021706 126 73 5 5
3.023706 126 74 5 5
3.025706 126 74 5 5
3.027706 126 74 5 5
3.029706 126 74 5 5
3.031706 126 74 6 6
3.033706 126 74 6 6
3.035706 126 75 6 6
3.037706 126 75 7 7
3.039706 126 75 7 7
3.041706 126 75 7 7
3.043706 126 75 8 8
3.045706 126 75 8 8
3.047706 126 76 8 8
3.049706 126 76 8 8
3.051706 126 76 9 9
3.053706 126 76 9 9
3.055706 126 76 9 9
3.057706 126 77 9 9
3.059706 126 77 9 9
3.061706 126 78 9 9
3.063706 126 79 8 8
3.065706 126 79 8 8
3.067706 126 80 8 8
3.069706 126 81 8 8
3.071706 126 81 7 7
3.073706 127 82 7 7
3.075706 127 83 7 7
3.077706 127 83 6 6
3.079706 127 84 6 6
3.081706 127 85 6 6
3.083706 127 85 5 5
3.085706 127 86 5 5
3.087706 127 87 5 5
3.089706 127 87 5 5
3.091706 127 88 5 5
3.093706 127 88 5 5
3.095706 127 88 5 5
3.097706 127 89 6 6
3.099706 127 89 6 6
3.101706 127 89 6 6
3.103706 127 90 7 7
3.105706 127 90 7 7
3.107706 126 90 7 7
3.109706 126 90 7 7
3.111706 126 91 8 8
3.113706 126 91 8 8
3.115706 126 91 8 8
3.117706 126 92 9 9
3.119706 126 92 9 9
3.121706 126 92 9 9
3.123706 126 93 10 10
3.125706 126 93 10 10
3.127706 126 93 10 10
3.129706 126 93 10 10
3.131706 126 93 10 10
3.133706 126 94 10 10
3.135706 126 94 10 10
3.137706 126 94 10 10
3.139706 126 94 10 10
3.141706 126 95 10 10
3.143706 126 95 10 10
3.145706 126 95 10 10
3.147706 126 95 10 10
3.149706 126 96 10 10
3.151706 126 96 10 10
3.153706 126 96 10 10
3.155706 126 96 10 10
3.157706 126 96 10 10
3.159706 126 96 10 10
3.161706 126 95 10 10
3.163706 126 94 10 10
3.165706 127 94 10 10
3.167706 127 93 10 10
3.169706 127 93 10 10
3.171706 127 92 10 10
3.173706 128 91 10 10
3.175706 128 91 10 10
3.177706 128 90 10 10
3.179706 128 90 10 10
3.181706 128 89 10 10
3.183706 129 88 10 10
3.185706 129 88 10 10
3.187706 129 87 10 10
3.189706 129 87 10 10
3.191706 130 87 10 10
3.193706 130 87 10 10
3.195706 130 87 10 10
3.197706 130 87 10 10
3.199706 130 87 10 10
3.201706 130 87 10 10
3.203706 130 87 10 10
3.205706 130 87 10 10
3.207706 130 87 10 10
3.209706 130 87 10 10
3.211706 130 87 10 10
3.213706 130 87 10 10
3.215706 130 87 10 10
3.217706 130 87 10 10
3.219706 130 87 10 10
3.221706 130 87 10 10
3.223706 131 86 9 9
3.225706 131 85 9 9
3.227706 131 84 9 9
3.229706 131 83 8 9
3.231706 132 81 8 8
3.233706 132 80 8 8
3.235706 132 79 7 8
3.237706 133 77 7 7
3.239706 133 76 7 7
3.241706 133 75 6 7
3.243706 134 73 6 6
3.245706 134 72 6 6
3.247706 134 71 5 6
3.249706 134 69 5 6
3.251706 135 68 4 5
3.253706 135 67 4 5
3.255706 135 65 4 5
3.257706 136 64 4 5
3.259706 136 64 4 5
3.261706 136 64 4 5
3.263706 136 63 5 6
3.265706 136 63 5 6
3.267706 136 62 5 6
3.269706 136 62 6 6
3.271706 136 61 6 7
3.273706 136 61 7 7
3.275706 136 61 7 7
3.277706 136 60 7 8
3.279706 136 60 8 8
3.281706 136 59 8 8
3.283706 136 59 8 9
3.285706 136 58 9 9
3.287706 136 58 9 9
3.289706 136 58 9 9
3.291706 136 57 10 10
3.293706 136 57 10 10
3.295706 136 56 10 10
3.297706 136 56 10 10
3.299706 136 55 10 10
3.301706 136 54 10 10
3.303706 136 54 10 10
3.305706 136 53 10 10
3.307706 136 53 10 10
3.309706 136 52 10 10
3.311706 136 52 10 10
3.313706 136 51 10 10
3.315706 136 51 10 10
3.317706 136 50 10 10
3.319706 136 50 10 10
3.321706 136 49 10 10
3.323706 136 48 10 10
3.325706 136 48 10 10
3.327706 136 48 10 10
3.329706 136 48 10 10
3.331706 136 47 10 10
3.333706 136 47 10 10
3.335706 136 47 10 10
3.337706 136 46 10 10
3.339706 136 46 10 10
3.341706 137 46 10 10
3.343706 137 45 10 10
3.345706 137 45 10 10
3.347706 137 45 10 10
3.349706 137 45 10 10
3.351706 137 44 10 10
3.353706 137 44 10 10
3.355706 137 44 10 10
3.357706 138 43 10 10
3.359706 138 43 10 10
3.361706 138 43 10 10
3.363706 138 42 10 10
3.365706 138 42 10 10
3.367706 138 42 10 10
3.369706 138 42 10 10
3.371706 138 41 10 10
3.373706 138 41 10 10
3.375706 138 41 10 10
3.377706 138 40 10 10
3.379706 138 40 10 10
3.381706 138 40 10 10
3.383706 138 39 10 10
3.385706 138 39 10 10
3.387706 138 39 10 10
3.389706 138 39 10 10
3.391706 139 38 10 10
3.393706 139 38 10 10
3.395706 139 38 10 10
3.397706 139 38 10 10
3.399706 139 38 10 10
3.401706 139 37 10 10
3.403706 139 37 10 10
3.405706 139 37 10 10
3.407706 139 37 10 10
3.409706 139 37 10 10
3.411706 139 37 10 10
3.413706 139 36 10 10
3.415706 139 36 10 10
3.417706 139 36 10 10
3.419706 139 36 10 10
3.421706 139 36 10 10
3.423706 140 35 10 10
3.425706 140 35 10 10
3.427706 140 35 10 10
3.429706 140 35 10 10
3.431706 140 35 10 10
3.433706 140 35 10 10
3.435706 140 34 10 10
3.437706 140 34 10 10
3.439706 140 34 10 10
3.441706 140 34 10 10
3.443706 140 34 10 10
3.445706 140 34 10 10
3.447706 140 33 10 10
3.449706 140 33 10 10
3.451706 140 33 10 10
3.453706 140 33 10 10
3.455706 140 33 10 10
3.457706 140 32 10 10
3.459706 140 32 10 10
3.461706 140 32 10 10
3.463706 140 32 10 10
3.465706 140 32 10 10
3.467706 140 32 10 10
3.469706 140 31 10 10
3.471706 140 31 10 10
3.473706 141 31 10 10
3.475706 141 31 10 10
3.477706 141 31 10 10
3.479706 141 30 10 10
3.481706 141 30 10 10
3.483706 141 30 10 10
3.485706 141 30 10 10
3.487706 141 30 10 10
3.489706 141 30 10 10
3.491706 142 29 10 10
3.493706 142 29 10 10
3.495706 142 29 10 10
3.497706 142 29 10 10
3.499706 142 29 10 10
3.501706 142 29 10 10
3.503706 142 29 10 10
3.505706 142 29 10 10
3.507706 142 29 10 10
3.509706 142 29 10 10
3.511706 142 29 10 10
3.513706 142 29 10 10
3.515706 142 29 10 10
3.517706 142 29 10 10
3.519706 142 29 10 10
3.521706 142 29 10 10
3.523706 143 28 10 10
3.525706 143 28 10 10
3.527706 143 28 10 10
3.529706 143 28 10 10
3.531706 143 28 10 10
3.533706 143 28 10 10
3.535706 143 28 10 10
3.537706 143 28 10 10
3.539706 143 28 10 10
3.541706 143 28 10 10
3.543706 143 28 10 10
3.545706 143 28 10 10
3.547706 143 28 10 10
3.549706 143 28 10 10
3.551706 143 28 10 10
3.553706 143 28 10 10
3.555706 143 28 10 10
3.557706 143 27 10 10
3.559706 143 27 10 10
3.561706 143 27 10 10
3.563706 143 27 10 10
3.565706 143 27 10 10
3.567706 143 27 10 10
3.569706 143 27 10 10
3.571706 143 27 10 10
3.573706 143 27 10 10
3.575706 143 27 10 10
3.577706 143 27 10 10
3.579706 143 27 10 10
3.581706 143 27 10 10
3.583706 143 27 10 10
3.585706 143 27 10 10
3.587706 143 27 10 10
3.589706 143 27 10 10
3.591706 144 26 10 10
3.593706 144 26 10 10
3.595706 144 26 10 10
3.597706 144 26 10 10
3.599706 144 26 10 10
3.601706 144 26 10 10
3.603706 144 26 10 10
3.605706 144 26 10 10
3.607706 144 26 10 10
3.609706 144 26 10 10
3.611706 144 26 10 10
3.613706 144 26 10 10
3.615706 144 26 10 10
3.617706 144 26 10 10
3.619706 144 26 10 10
3.621706 144 26 10 10
3.623706 144 26 10 10
3.625706 144 26 10 10
3.627706 144 26 10 10
3.629706 144 26 10 10
3.631706 144 26 10 10
3.633706 144 26 10 10
3.635706 144 26 10 10
3.637706 144 26 10 10
3.639706 144 26 10 10
3.641706 144 26 10 10
3.643706 144 26 10 10
3.645706 144 26 10 10
3.647706 144 26 10 10
3.649706 144 26 10 10
3.651706 144 26 10 10
3.653706 144 26 10 10
3.655706 144 26 10 10
3.657706 145 25 10 10
3.659706 145 25 10 10
3.661706 145 25 10 10
3.663706 145 25 10 10
3.665706 145 25 10 10
3.667706 145 25 10 10
3.669706 145 25 10 10
3.671706 145 25 10 10
3.673706 145 25 10 10
3.675706 145 25 10 10
3.677706 145 25 10 10
3.679706 145 25 10 10
3.681706 145 25 10 10
3.683706 145 25 10 10
3.685706 145 25 10 10
3.687706 145 25 10 10
3.689706 145 25 10 10
3.691706 145 25 10 10
3.693706 145 25 10 10
3.695706 145 25 10 10
3.697706 145 25 10 10
3.699706 145 25 10 10
3.701706 145 25 10 10
3.703706 145 25 10 10
3.705706 145 25 10 10
3.707706 145 25 10 10
3.709706 145 25 10 10
3.711706 145 25 10 10
3.713706 145 25 10 10
3.715706 145 25 10 10
3.717706 145 25 10 10
3.719706 145 25 10 10
3.721706 145 25 10 10
3.723706 145 26 10 10
3.725706 145 26 10 10
3.727706 145 26 10 10
3.729706 145 26 10 10
3.731706 145 26 10 10
3.733706 145 26 10 10
3.735706 145 26 10 10
3.737706 145 26 10 10
3.739706 145 26 10 10
3.741706 145 27 10 10
3.743706 145 27 10 10
3.745706 145 27 10 10
3.747706 145 27 10 10
3.749706 145 27 10 10
3.751706 145 27 10 10
3.753706 145 27 10 10
3.755706 145 27 10 10
3.757706 145 28 10 10
3.759706 145 28 10 10
3.761706 145 28 10 10
3.763706 145 28 10 10
3.765706 145 28 10 10
3.767706 145 28 10 10
3.769706 145 28 10 10
3.771706 145 28 10 10
3.773706 146 29 10 10
3.775706 146 29 10 10
3.777706 146 29 10 10
3.779706 146 29 10 10
3.781706 146 29 10 10
3.783706 146 29 10 10
3.785706 146 29 10 10
3.787706 146 29 10 10
3.789706 146 29 10 10
3.791706 147 30 10 10
3.793706 147 30 10 10
3.795706 147 30 10 10
3.797706 147 30 10 10
3.799706 147 30 10 10
3.801706 147 30 10 10
3.803706 147 30 10 10
3.805706 147 30 10 10
3.807706 147 31 10 10
3.809706 147 31 10 10
3.811706 147 31 10 10
3.813706 147 31 10 10
3.815706 147 31 10 10
3.817706 147 31 10 10
3.819706 147 31 10 10
3.821706 147 31 10 10
3.823706 147 32 10 10
3.825706 147 32 10 10
3.827706 147 32 10 10
3.829706 147 32 10 10
3.831706 147 32 10 10
3.833706 147 32 10 10
3.835706 147 33 10 10
3.837706 147 33 10 10
3.839706 147 33 10 10
3.841706 147 33 10 10
3.843706 147 33 10 10
3.845706 147 33 10 10
3.847706 147 34 10 10
3.849706 147 34 10 10
3.851706 147 34 10 10
3.853706 147 34 10 10
3.855706 147 34 10 10
3.857706 147 35 10 10
3.859706 147 35 10 10
3.861706 147 35 10 10
3.863706 147 35 10 10
3.865706 147 35 10 10
3.867706 147 35 10 10
3.869706 147 35 10 10
3.871706 147 35 10 10
3.873706 147 35 10 10
3.875706 147 35 10 10
3.877706 147 35 10 10
3.879706 147 35 10 10
3.881706 147 35 10 10
3.883706 147 35 10 10
3.885706 147 35 10 10
3.887706 147 35 10 10
3.889706 147 35 10 10
3.891706 148 36 10 10
3.893706 148 36 10 10
3.895706 148 36 10 10
3.897706 148 36 10 10
3.899706 148 37 10 10
3.901706 148 37 10 10
3.903706 148 37 10 10
3.905706 148 37 10 10
3.907706 148 38 10 10
3.909706 148 38 10 10
3.911706 148 38 10 10
3.913706 148 38 10 10
3.915706 148 39 10 10
3.917706 148 39 10 10
3.919706 148 39 10 10
3.921706 148 39 10 10
3.923706 148 40 10 10
3.925706 148 40 10 10
3.927706 148 40 10 10
3.929706 148 40 10 10
3.931706 148 41 10 10
3.933706 148 41 10 10
3.935706 148 41 10 10
3.937706 148 42 10 10
3.939706 148 42 10 10
3.941706 148 42 10 10
3.943706 148 43 10 10
3.945706 148 43 10 10
3.947706 148 43 10 10
3.949706 148 43 10 10
3.951706 148 44 10 10
3.953706 148 44 10 10
3.955706 148 44 10 10
3.957706 148 45 9 9
3.959706 148 45 9 9
3.961706 148 45 9 9
3.963706 148 45 8 9
3.965706 148 45 8 9
3.967706 148 45 8 9
3.969706 149 46 8 8
3.971706 149 46 7 8
3.973706 149 46 7 8
3.975706 149 46 7 8
3.977706 149 46 6 8
3.979706 150 47 6 7
3.981706 150 47 6 7
3.983706 150 47 5 7
3.985706 150 47 5 7
3.987706 150 47 5 7
3.989706 150 47 5 7
3.991706 150 48 5 7
3.993706 150 48 5 7
3.995706 150 48 5 7
3.997706 150 48 5 7
3.999706 150 48 5 7
4.001706 150 48 5 7
4.003706 150 48 5 7
4.005706 150 48 5 7
4.007706 150 49 6 7
4.009706 150 49 6 7
4.011706 150 49 6 7
4.013706 150 49 6 7
4.015706 150 49 6 7
4.017706 150 49 6 7
4.019706 150 49 6 7
4.021706 150 49 6 7
4.023706 150 50 7 8
4.025706 150 50 7 8
4.027706 150 50 7 8
4.029706 150 50 7 8
4.031706 150 50 7 8
4.033706 150 50 7 8
4.035706 150 50 7 8
4.037706 150 50 7 8
4.039706 150 50 7 8
4.041706 150 51 7 8
4.043706 150 51 7 8
4.045706 150 51 7 8
4.047706 150 51 7 8
4.049706 150 51 7 8
4.051706 150 51 7 8
4.053706 150 51 7 8
4.055706 150 51 7 8
4.057706 146 50 6 7
4.059706 137 47 6 7
4.061706 128 44 6 6
4.063706 119 41 5 6
4.065706 110 38 5 5
4.067706 101 35 4 5
4.069706 92 32 4 4
4.071706 83 29 3 4
4.073706 74 25 3 3
4.075706 65 22 3 3
4.077706 56 19 2 3
4.079706 47 16 2 2
4.081706 38 13 1 2
4.083706 29 10 1 1
4.085706 20 7 0 1
4.087706 11 4 0 0
4.089706 2 0 0 0
4.091706 0 0 0 0
4.093706 0 0 0 0
4.095706 0 0 0 0
4.097706 0 0 0 0
4.099706 0 0 0 0
4.101706 0 0 0 0
4.103706 0 0 0 0
4.105706 0 0 0 0
4.107706 0 0 0 0
4.109706 0 0 0 0
4.111706 0 0 0 0
4.113706 0 0 0 0
4.115706 0 0 0 0
4.117706 0 0 0 0
4.119706 0 0 0 0
4.121706 0 0 0 0
4.123706 0 0 0 0
4.125706 0 0 0 0
4.127706 0 0 0 0
4.129706 0 0 0 0
4.131706 0 0 0 0
4.133706 0 0 0 0
4.135706 0 0 0 0
4.137706 0 0 0 0
4.139706 0 0 0 0
4.141706 0 0 0 0
4.143706 0 0 0 0
4.145706 0 0 0 0
4.147706 0 0 0 0
4.149706 0 0 0 0
4.151706 0 0 0 0
4.153706 0 0 0 0
4.155706 0 0 0 0
4.157706 0 0 0 0
4.159706 0 0 0 0
4.161706 0 0 0 0
4.163706 0 0 0 0
4.165706 0 0 0 0
4.167706 0 0 0 0
4.169706 0 0 0 0
4.171706 0 0 0 0
4.173706 0 0 0 0
4.175706 0 0 0 0
4.177706 0 0 0 0
4.179706 0 0 0 0
4.181706 0 0 0 0
4.183706 0 0 0 0
4.185706 0 0 0 0
4.187706 0 0 0 0
4.189706 0 0 0 0
4.191706 0 0 0 0
4.193706 0 0 0 0
4.195706 0 0 0 0
4.197706 0 0 0 0
4.199706 0 0 0 0
4.201706 0 0 0 0
4.203706 0 0 0 0
4.205706 0 0 0 0
4.207706 0 0 0 0
4.209706 0 0 0 0
4.211706 0 0 0 0
4.213706 0 0 0 0
4.215706 0 0 0 0
4.217706 0 0 0 0
4.219706 0 0 0 0
4.221706 0 0 0 0
4.223706 0 0 0 0
4.225706 0 0 0 0
4.227706 0 0 0 0
4.229706 0 0 0 0
4.231706 0 0 0 0
4.233706 0 0 0 0
4.235706 0 0 0 0
4.237706 0 0 0 0
4.239706 0 0 0 0
4.241706 0 0 0 0
4.243706 0 0 0 0
4.245706 0 0 0 0
4.247706 0 0 0 0
4.249706 0 0 0 0
4.251706 0 0 0 0
4.253706 0 0 0 0
4.255706 0 0 0 0
4.257706 0 0 0 0
4.259706 0 0 0 0
4.261706 0 0 0 0
4.263706 0 0 0 0
4.265706 0 0 0 0
4.267706 0 0 0 0
4.269706 0 0 0 0
4.271706 0 0 0 0
4.273706 0 0 0 0
4.275706 0 0 0 0
4.277706 0 0 0 0
4.279706 0 0 0 0
4.281706 0 0 0 0
4.283706 0 0 0 0
4.285706 0 0 0 0
4.287706 0 0 0 0
4.289706 0 0 0 0
4.291706 0 0 0 0
4.293706 0 0 0 0
4.295706 0 0 0 0
4.297706 0 0 0 0
4.299706 0 0 0 0
4.301706 0 0 0 0
4.303706 0 0 0 0
4.305706 0 0 0 0
4.307706 0 0 0 0
4.309706 0 0 0 0
4.311706 0 0 0 0
4.313706 0 0 0 0
4.315706 0 0 0 0
4.317706 0 0 0 0
4.319706 0 0 0 0
4.321706 0 0 0 0
4.323706 0 0 0 0
4.325706 10 4 0 0
4.327706 20 7 0 0
4.329706 30 11 1 1
4.331706 40 15 1 1
4.333706 50 19 2 2
4.335706 61 23 2 2
4.337706 71 27 3 2
4.339706 81 31 3 3
4.341706 91 35 4 3
4.343706 101 39 4 4
4.345706 111 43 5 4
4.347706 121 47 5 5
4.349706 132 51 6 5
4.351706 142 55 6 5
4.353706 152 59 7 6
4.355706 162 63 7 6
4.357706 169 65 7 7
4.359706 169 65 7 7
4.361706 169 65 7 7
4.363706 169 64 7 7
4.365706 170 64 7 7
4.367706 170 63 7 7
4.369706 170 63 7 7
4.371706 170 62 7 7
4.373706 171 62 7 7
4.375706 171 62 7 7
4.377706 171 61 7 7
4.379706 171 61 7 7
4.381706 171 60 7 7
4.383706 172 60 7 7
4.385706 172 59 7 7
4.387706 172 59 7 7
4.389706 172 59 7 7
4.391706 173 58 6 7
4.393706 173 58 6 7
4.395706 174 57 6 7
4.397706 174 57 6 7
4.399706 174 56 6 7
4.401706 175 55 6 7
4.403706 175 55 6 7
4.405706 176 54 6 7
4.407706 176 54 6 7
4.409706 177 53 6 7
4.411706 177 53 6 7
4.413706 177 52 6 7
4.415706 178 52 6 7
4.417706 178 51 6 7
4.419706 179 51 6 7
4.421706 179 50 6 7
4.423706 180 49 6 8
4.425706 180 49 6 8
4.427706 180 49 6 8
4.429706 180 49 6 8
4.431706 180 48 6 8
4.433706 181 48 6 8
4.435706 181 48 6 8
4.437706 181 47 6 8
4.439706 181 47 6 8
4.441706 182 47 7 8
4.443706 182 46 7 8
4.445706 182 46 7 8
4.447706 182 46 7 8
4.449706 183 46 7 8
4.451706 183 45 7 8
4.453706 183 45 7 8
4.455706 183 45 7 8
4.457706 184 44 7 8
4.459706 184 44 7 8
4.461706 184 44 7 8
4.463706 184 44 7 8
4.465706 185 44 7 8
4.467706 185 44 7 8
4.469706 185 43 7 8
4.471706 185 43 7 8
4.473706 186 43 7 8
4.475706 186 43 7 8
4.477706 186 43 7 8
4.479706 186 42 7 8
4.481706 186 42 7 8
4.483706 187 42 7 8
4.485706 187 42 7 8
4.487706 187 42 7 8
4.489706 187 42 7 8
4.491706 188 41 7 8
4.493706 188 41 7 8
4.495706 188 41 7 8
4.497706 189 41 7 8
4.499706 189 41 7 8
4.501706 189 41 7 7
4.503706 190 41 7 7
4.505706 190 41 7 7
4.507706 190 41 7 7
4.509706 190 41 7 7
4.511706 191 41 7 7
4.513706 191 41 7 6
4.515706 191 41 7 6
4.517706 192 41 7 6
4.519706 192 41 7 6
4.521706 192 41 7 6
4.523706 193 40 7 6
4.525706 193 40 7 6
4.527706 193 40 7 6
4.529706 193 40 7 6
4.531706 193 40 7 6
4.533706 193 40 7 6
4.535706 193 39 7 6
4.537706 193 39 7 6
4.539706 193 39 7 6
4.541706 194 39 7 6
4.543706 194 39 7 6
4.545706 194 39 7 6
4.547706 194 38 7 6
4.549706 194 38 7 6
4.551706 194 38 7 6
4.553706 194 38 7 6
4.555706 194 38 7 6
4.557706 195 37 8 7
4.559706 195 37 8 7
4.561706 195 37 8 7
4.563706 195 37 8 7
4.565706 196 37 8 7
4.567706 196 37 8 7
4.569706 196 37 8 7
4.571706 196 37 8 7
4.573706 197 36 8 7
4.575706 197 36 8 7
4.577706 197 36 8 7
4.579706 197 36 8 7
4.581706 197 36 8 7
4.583706 198 36 8 7
4.585706 198 36 8 7
4.587706 198 36 8 7
4.589706 198 36 8 7
4.591706 199 35 8 7
4.593706 199 35 8 7
4.595706 199 35 8 7
4.597706 199 35 8 7
4.599706 199 35 8 7
4.601706 199 35 8 7
4.603706 199 35 8 7
4.605706 199 35 8 7
4.607706 200 35 8 7
4.609706 200 35 8 7
4.611706 200 35 8 7
4.613706 200 35 8 7
4.615706 200 35 8 7
4.617706 200 35 8 7
4.619706 200 35 8 7
4.621706 200 35 8 7
4.623706 201 34 8 7
4.625706 201 34 8 7
4.627706 201 34 8 7
4.629706 202 34 8 7
4.631706 202 34 8 7
4.633706 202 34 8 7
4.635706 203 34 8 7
4.637706 203 34 8 7
4.639706 203 34 8 7
4.641706 204 33 8 7
4.643706 204 33 8 7
4.645706 204 33 8 7
4.647706 205 33 8 7
4.649706 205 33 8 7
4.651706 206 33 8 7
4.653706 206 33 8 7
4.655706 206 33 8 7
4.657706 207 32 8 7
4.659706 207 32 8 7
4.661706 207 32 8 7
4.663706 207 32 8 7
4.665706 207 32 8 7
4.667706 207 32 8 7
4.669706 207 32 8 7
4.671706 207 32 8 7
4.673706 208 31 8 7
4.675706 208 31 8 7
4.677706 208 31 8 7
4.679706 208 31 8 7
4.681706 208 31 8 7
4.683706 208 31 8 7
4.685706 208 31 8 7
4.687706 208 31 8 7
4.689706 208 31 8 7
4.691706 209 31 8 7
4.693706 209 31 8 7
4.695706 209 31 8 7
4.697706 209 31 8 7
4.699706 209 31 8 7
4.701706 209 31 8 7
4.703706 209 31 8 7
4.705706 209 31 8 7
4.707706 209 31 8 7
4.709706 209 31 8 7
4.711706 209 31 8 7
4.713706 209 31 8 7
4.715706 209 31 8 7
4.717706 209 31 8 7
4.719706 209 31 8 7
4.721706 209 31 8 7
4.723706 209 31 8 7
4.725706 209 31 8 7
4.727706 210 31 8 7
4.729706 210 31 8 7
4.731706 211 31 8 7
4.733706 211 31 8 7
4.735706 212 31 8 7
4.737706 212 31 8 7
4.739706 213 31 8 7
4.741706 213 31 8 7
4.743706 214 31 8 7
4.745706 214 31 8 7
4.747706 215 31 8 7
4.749706 216 31 8 7
4.751706 216 31 8 7
4.753706 217 31 8 7
4.755706 217 31 8 7
4.757706 218 32 8 7
4.759706 218 32 8 7
4.761706 218 32 8 7
4.763706 219 32 8 7
4.765706 219 32 8 7
4.767706 219 32 8 7
4.769706 220 32 8 7
4.771706 220 32 8 7
4.773706 221 32 8 7
4.775706 221 32 8 7
4.777706 221 32 8 7
4.779706 222 32 8 7
4.781706 222 32 8 7
4.783706 222 32 8 7
4.785706 223 32 8 7
4.787706 223 32 8 7
4.789706 223 32 8 7
4.791706 224 33 7 6
4.793706 224 33 7 6
4.795706 224 33 7 6
4.797706 224 33 7 6
4.799706 225 33 7 6
4.801706 225 33 7 6
4.803706 225 33 7 6
4.805706 225 33 7 6
4.807706 226 34 6 5
4.809706 226 34 6 5
4.811706 226 34 6 5
4.813706 226 34 6 5
4.815706 227 34 6 5
4.817706 227 34 6 5
4.819706 227 34 6 5
4.821706 227 34 6 5
4.823706 228 35 6 5
4.825706 228 35 6 5
4.827706 228 35 6 5
4.829706 228 35 6 5
4.831706 229 35 6 5
4.833706 229 35 6 5
4.835706 229 36 6 5
4.837706 230 36 6 5
4.839706 230 36 6 5
4.841706 230 36 6 5
4.843706 231 36 6 5
4.845706 231 36 6 5
4.847706 231 37 6 5
4.849706 231 37 6 5
4.851706 232 37 6 5
4.853706 232 37 6 5
4.855706 232 37 6 5
4.857706 233 38 6 5
4.859706 233 38 6 5
4.861706 233 38 6 5
4.863706 233 38 6 5
4.865706 233 38 6 5
4.867706 233 38 6 5
4.869706 233 38 6 5
4.871706 233 38 6 5
4.873706 233 38 6 5
4.875706 233 38 6 5
4.877706 233 38 6 5
4.879706 233 38 6 5
4.881706 233 38 6 5
4.883706 233 38 6 5
4.885706 233 38 6 5
4.887706 233 38 6 5
4.889706 233 38 6 5
4.891706 233 38 6 5
4.893706 233 38 6 5
4.895706 233 38 6 5
4.897706 233 38 6 6
4.899706 234 38 7 6
4.901706 234 38 7 6
4.903706 234 38 7 7
4.905706 234 38 7 7
4.907706 235 39 8 7
4.909706 235 39 8 7
4.911706 235 39 8 8
4.913706 235 39 8 8
4.915706 236 39 9 8
4.917706 236 39 9 9
4.919706 236 39 9 9
4.921706 236 39 9 9
4.923706 237 40 10 10
4.925706 237 40 10 10
4.927706 237 40 10 10
4.929706 237 40 10 10
4.931706 237 40 10 10
4.933706 237 40 10 10
4.935706 237 41 10 10
4.937706 237 41 10 10
4.939706 237 41 10 10
4.941706 237 41 10 10
4.943706 237 41 10 10
4.945706 237 41 10 10
4.947706 237 42 10 10
4.949706 237 42 10 10
4.951706 237 42 10 10
4.953706 237 42 10 10
4.955706 237 42 10 10
4.957706 238 43 9 9
4.959706 238 43 9 9
4.961706 238 43 9 9
4.963706 239 44 9 8
4.965706 239 44 8 8
4.967706 239 45 8 8
4.969706 240 45 8 8
4.971706 240 46 8 7
4.973706 241 46 7 7
4.975706 241 46 7 7
4.977706 241 47 7 6
4.979706 242 47 7 6
4.981706 242 48 7 6
4.983706 242 48 6 5
4.985706 243 49 6 5
4.987706 243 49 6 5
4.989706 243 49 6 5
4.991706 244 50 6 5
4.993706 244 50 6 5
4.995706 244 50 6 5
4.997706 244 50 6 6
4.999706 244 50 7 6
5.001706 244 51 7 6
5.003706 244 51 7 7
5.005706 244 51 7 7
5.007706 244 51 8 7
5.009706 244 51 8 7
5.011706 244 51 8 8
5.013706 244 52 8 8
5.015706 244 52 9 8
5.017706 244 52 9 9
5.019706 244 52 9 9
5.021706 244 52 9 9
5.023706 244 53 10 10
5.025706 244 53 10 10
5.027706 243 53 10 10
5.029706 243 53 10 10
5.031706 242 53 10 10
5.033706 241 53 10 10
5.035706 241 53 10 10
5.037706 240 53 10 10
5.039706 239 53 10 10
5.041706 239 53 10 10
5.043706 238 53 10 10
5.045706 237 53 10 10
5.047706 237 53 10 10
5.049706 236 53 10 10
5.051706 235 53 10 10
5.053706 235 53 10 10
5.055706 234 53 10 10
5.057706 233 52 10 10
5.059706 233 52 10 10
5.061706 232 52 10 10
5.063706 232 52 10 10
5.065706 231 52 10 10
5.067706 231 52 10 10
5.069706 230 52 10 10
5.071706 230 52 10 10
5.073706 229 51 10 10
5.075706 229 51 10 10
5.077706 229 51 10 10
5.079706 228 51 10 10
5.081706 228 51 10 10
5.083706 227 51 10 10
5.085706 227 51 10 10
5.087706 226 51 10 10
5.089706 226 51 10 10
5.091706 225 51 10 10
5.093706 225 51 10 10
5.095706 224 51 10 10
5.097706 224 51 10 10
5.099706 223 51 10 10
5.101706 223 51 10 10
5.103706 222 51 10 10
5.105706 222 51 10 10
5.107706 221 51 10 10
5.109706 221 51 10 10
5.111706 220 51 10 10
5.113706 220 51 10 10
5.115706 219 51 10 10
5.117706 219 51 10 10
5.119706 218 51 10 10
5.121706 218 51 10 10
5.123706 217 50 9 9
5.125706 204 47 9 9
5.127706 191 44 8 8
5.129706 178 41 8 8
5.131706 165 38 7 7
5.133706 152 35 6 6
5.135706 139 32 6 6
5.137706 126 29 5 5
5.139706 113 26 5 5
5.141706 99 23 4 4
5.143706 86 20 3 3
5.145706 73 17 3 3
5.147706 60 14 2 2
5.149706 47 11 2 2
5.151706 34 8 1 1
5.153706 21 5 0 0
5.155706 8 1 0 0
5.157706 0 0 0 0
5.159706 0 0 0 0
5.161706 0 0 0 0
5.163706 0 0 0 0
5.165706 0 0 0 0
5.167706 0 0 0 0
5.169706 0 0 0 0
5.171706 0 0 0 0
5.173706 0 0 0 0
5.175706 0 0 0 0
5.177706 0 0 0 0
5.179706 0 0 0 0
5.181706 0 0 0 0
5.183706 0 0 0 0
5.185706 0 0 0 0
5.187706 0 0 0 0
5.189706 0 0 0 0
5.191706 8 2 0 0
5.193706 20 5 0 0
5.195706 32 8 1 1
5.197706 45 11 1 1
5.199706 57 15 2 1
5.201706 69 18 2 2
5.203706 81 21 3 2
5.205706 94 24 3 3
5.207706 106 28 4 3
5.209706 118 31 4 4
5.211706 130 34 5 4
5.213706 143 37 5 4
5.215706 155 41 6 5
5.217706 167 44 6 5
5.219706 179 47 7 6
5.221706 192 50 7 6
5.223706 204 54 8 7
5.225706 204 54 8 7
5.227706 204 54 8 7
5.229706 204 54 8 7
5.231706 204 54 8 7
5.233706 204 54 8 7
5.235706 204 54 8 7
5.237706 204 54 8 7
5.239706 204 54 8 7
5.241706 204 54 8 7
5.243706 204 54 8 7
5.245706 204 54 8 7
5.247706 204 54 8 7
5.249706 204 54 8 7
5.251706 204 54 8 7
5.253706 204 54 8 7
5.255706 204 54 8 7
5.257706 203 54 8 7
5.259706 203 54 8 7
5.261706 203 54 8 7
5.263706 202 54 8 7
5.265706 202 55 8 7
5.267706 202 55 8 7
5.269706 201 55 8 7
5.271706 201 55 8 7
5.273706 200 56 8 7
5.275706 200 56 8 7
5.277706 200 56 8 7
5.279706 199 56 8 7
5.281706 199 56 8 7
5.283706 199 57 8 7
5.285706 198 57 8 7
5.287706 198 57 8 7
5.289706 198 57 8 7
5.291706 197 58 8 7
5.293706 197 58 8 7
5.295706 197 58 8 7
5.297706 197 58 8 7
5.299706 197 58 8 7
5.301706 197 58 8 7
5.303706 197 58 8 7
5.305706 197 58 8 7
5.307706 196 58 8 7
5.309706 196 58 8 7
5.311706 196 58 8 7
5.313706 196 58 8 7
5.315706 196 58 8 7
5.317706 196 58 8 7
5.319706 196 58 8 7
5.321706 196 58 8 7
5.323706 195 59 8 7
5.325706 195 59 8 7
5.327706 195 59 8 7
5.329706 195 59 8 7
5.331706 195 59 8 7
5.333706 195 59 8 7
5.335706 195 59 8 7
5.337706 195 59 8 7
5.339706 195 59 8 7
5.341706 195 59 8 7
5.343706 195 59 8 7
5.345706 195 59 8 7
5.347706 195 59 8 7
5.349706 195 59 8 7
5.351706 195 59 8 7
5.353706 195 59 8 7
5.355706 195 59 8 7
5.357706 194 60 8 7
5.359706 194 60 8 7
5.361706 194 60 8 7
5.363706 194 60 8 7
5.365706 194 60 8 7
5.367706 194 60 8 7
5.369706 194 60 8 7
5.371706 194 60 8 7
5.373706 193 60 8 7
5.375706 193 60 8 7
5.377706 193 60 8 7
5.379706 193 60 8 7
5.381706 193 60 8 7
5.383706 193 60 8 7
5.385706 193 60 8 7
5.387706 193 60 8 7
5.389706 193 60 8 7
5.391706 192 60 8 7
5.393706 192 60 8 7
5.395706 192 60 8 7
5.397706 191 61 8 7
5.399706 191 61 8 7
5.401706 190 62 8 7
5.403706 190 62 8 7
5.405706 190 62 8 7
5.407706 189 63 8 7
5.409706 189 63 8 7
5.411706 189 63 8 7
5.413706 188 64 8 7
5.415706 188 64 8 7
5.417706 188 64 8 7
5.419706 187 65 8 7
5.421706 187 65 8 7
5.423706 186 66 8 7
5.425706 186 66 8 7
5.427706 186 66 8 7
5.429706 186 66 8 7
5.431706 186 66 8 7
5.433706 186 66 8 7
5.435706 186 66 8 7
5.437706 186 66 8 7
5.439706 186 66 8 7
5.441706 186 67 8 7
5.443706 186 67 8 7
5.445706 186 67 8 7
5.447706 186 67 8 7
5.449706 186 67 8 7
5.451706 186 67 8 7
5.453706 186 67 8 7
5.455706 186 67 8 7
5.457706 185 68 8 7
5.459706 185 68 8 7
5.461706 185 68 8 7
5.463706 185 68 8 7
5.465706 185 69 8 7
5.467706 185 69 8 7
5.469706 185 69 8 7
5.471706 185 69 8 7
5.473706 185 70 8 7
5.475706 185 70 8 7
5.477706 185 70 8 7
5.479706 185 70 8 7
5.481706 185 70 8 7
5.483706 185 71 8 7
5.485706 185 71 8 7
5.487706 185 71 8 7
5.489706 185 71 8 7
5.491706 184 72 8 7
5.493706 184 72 8 7
5.495706 184 72 8 7
5.497706 184 72 8 7
5.499706 184 72 8 7
5.501706 183 73 8 7
5.503706 183 73 8 7
5.505706 183 73 8 7
5.507706 183 73 8 7
5.509706 183 73 8 7
5.511706 183 73 8 7
5.513706 182 74 8 7
5.515706 182 74 8 7
5.517706 182 74 8 7
5.519706 182 74 8 7
5.521706 182 74 8 7
5.523706 182 75 8 7
5.525706 182 75 8 7
5.527706 182 75 8 7
5.529706 182 76 8 7
5.531706 182 76 8 7
5.533706 182 77 8 7
5.535706 182 77 8 7
5.537706 182 77 8 7
5.539706 182 78 8 7
5.541706 182 78 8 7
5.543706 182 79 8 7
5.545706 182 79 8 7
5.547706 182 80 8 7
5.549706 182 80 8 7
5.551706 182 80 8 7
5.553706 182 81 8 7
5.555706 182 81 8 7
5.557706 182 81 8 7
5.559706 182 81 8 7
5.561706 183 80 8 7
5.563706 184 79 8 7
5.565706 184 79 8 7
5.567706 185 78 8 7
5.569706 185 78 8 7
5.571706 186 77 8 7
5.573706 187 76 8 7
5.575706 187 76 8 7
5.577706 188 75 8 7
5.579706 188 75 8 7
5.581706 189 74 8 7
5.583706 190 73 8 7
5.585706 190 73 8 7
5.587706 191 72 8 7
5.589706 191 72 8 7
5.591706 192 71 8 7
5.593706 192 71 8 7
5.595706 192 71 8 7
5.597706 193 71 8 7
5.599706 193 71 8 7
5.601706 193 71 8 7
5.603706 194 71 8 7
5.605706 194 71 8 7
5.607706 194 71 8 7
5.609706 194 71 8 7
5.611706 195 71 8 7
5.613706 195 71 8 7
5.615706 195 71 8 7
5.617706 196 71 8 7
5.619706 196 71 8 7
5.621706 196 71 8 7
5.623706 196 70 7 6
5.625706 184 66 7 6
5.627706 173 62 7 6
5.629706 161 58 6 5
5.631706 149 53 6 5
5.633706 137 49 5 4
5.635706 125 45 5 4
5.637706 113 41 4 4
5.639706 102 36 4 3
5.641706 90 32 3 3
5.643706 78 28 3 2
5.645706 66 24 2 2
5.647706 54 19 2 1
5.649706 43 15 1 1
5.651706 31 11 1 1
5.653706 19 6 0 0
5.655706 7 2 0 0
5.657706 0 0 0 0
5.659706 0 0 0 0
5.661706 0 0 0 0
5.663706 0 0 0 0
5.665706 0 0 0 0
5.667706 0 0 0 0
5.669706 0 0 0 0
5.671706 0 0 0 0
5.673706 0 0 0 0
5.675706 0 0 0 0
5.677706 0 0 0 0
5.679706 0 0 0 0
5.681706 0 0 0 0
5.683706 0 0 0 0
5.685706 0 0 0 0
5.687706 0 0 0 0
5.689706 0 0 0 0
5.691706 0 0 0 0
5.693706 0 0 0 0
5.695706 0 0 0 0
5.697706 0 0 0 0
5.699706 0 0 0 0
5.701706 0 0 0 0
5.703706 0 0 0 0
5.705706 0 0 0 0
5.707706 0 0 0 0
5.709706 0 0 0 0
5.711706 0 0 0 0
5.713706 0 0 0 0
5.715706 0 0 0 0
5.717706 0 0 0 0
5.719706 0 0 0 0
5.721706 0 0 0 0
5.723706 0 0 0 0
5.725706 0 0 0 0
5.727706 0 0 0 0
5.729706 0 0 0 0
5.731706 0 0 0 0
5.733706 0 0 0 0
5.735706 0 0 0 0
5.737706 0 0 0 0
5.739706 0 0 0 0
5.741706 0 0 0 0
5.743706 0 0 0 0
5.745706 0 0 0 0
5.747706 0 0 0 0
5.749706 0 0 0 0
5.751706 0 0 0 0
5.753706 0 0 0 0
5.755706 0 0 0 0
5.757706 0 0 0 0
5.759706 0 0 0 0
5.761706 0 0 0 0
5.763706 0 0 0 0
5.765706 0 0 0 0
5.767706 0 0 0 0
5.769706 0 0 0 0
5.771706 0 0 0 0
5.773706 0 0 0 0
5.775706 0 0 0 0
5.777706 0 0 0 0
5.779706 0 0 0 0
5.781706 0 0 0 0
5.783706 0 0 0 0
5.785706 0 0 0 0
5.787706 0 0 0 0
5.789706 0 0 0 0
5.791706 0 0 0 0
5.793706 0 0 0 0
5.795706 0 0 0 0
5.797706 0 0 0 0
5.799706 0 0 0 0
5.801706 0 0 0 0
5.803706 0 0 0 0
5.805706 0 0 0 0
5.807706 0 0 0 0
5.809706 0 0 0 0
5.811706 0 0 0 0
5.813706 0 0 0 0
5.815706 0 0 0 0
5.817706 0 0 0 0
5.819706 0 0 0 0
5.821706 0 0 0 0
5.823706 0 0 0 0
5.825706 0 0 0 0
5.827706 0 0 0 0
5.829706 0 0 0 0
5.831706 0 0 0 0
5.833706 0 0 0 0
5.835706 0 0 0 0
5.837706 0 0 0 0
5.839706 0 0 0 0
5.841706 0 0 0 0
5.843706 0 0 0 0
5.845706 0 0 0 0
5.847706 0 0 0 0
5.849706 0 0 0 0
5.851706 0 0 0 0
5.853706 0 0 0 0
5.855706 0 0 0 0
5.857706 4 1 0 0
5.859706 18 6 0 0
5.861706 32 11 1 0
5.863706 46 16 1 1
5.865706 60 20 2 1
5.867706 74 25 2 2
5.869706 88 30 3 2
5.871706 102 35 3 3
5.873706 115 40 4 3
5.875706 129 44 4 3
5.877706 143 49 4 4
5.879706 157 54 5 4
5.881706 171 59 5 5
5.883706 185 64 6 5
5.885706 199 68 6 6
5.887706 212 73 7 6
5.889706 226 78 7 6
5.891706 231 80 8 7
5.893706 231 80 8 7
5.895706 231 80 8 7
5.897706 231 80 8 7
5.899706 231 81 8 7
5.901706 232 81 8 7
5.903706 232 81 8 7
5.905706 232 81 8 7
5.907706 232 82 8 7
5.909706 232 82 8 7
5.911706 232 82 8 7
5.913706 233 82 8 7
5.915706 233 83 8 7
5.917706 233 83 8 7
5.919706 233 83 8 7
5.921706 233 83 8 7
5.923706 234 84 8 7
5.925706 234 84 8 7
5.927706 234 84 8 7
5.929706 234 84 8 7
5.931706 235 84 8 7
5.933706 235 85 8 7
5.935706 235 85 8 7
5.937706 236 85 8 7
5.939706 236 85 8 7
5.941706 236 86 8 7
5.943706 237 86 8 7
5.945706 237 86 8 7
5.947706 237 86 8 7
5.949706 237 87 8 7
5.951706 238 87 8 7
5.953706 238 87 8 7
5.955706 238 87 8 7
5.957706 239 88 8 7
5.959706 239 88 8 7
5.961706 239 88 8 7
5.963706 240 89 8 7
5.965706 240 89 8 7
5.967706 240 89 8 7
5.969706 240 90 8 7
5.971706 241 90 8 7
5.973706 241 91 8 7
5.975706 241 91 8 7
5.977706 242 91 8 7
5.979706 242 92 8 7
5.981706 242 92 8 7
5.983706 243 92 8 7
5.985706 243 93 8 7
5.987706 243 93 8 7
5.989706 243 93 8 7
5.991706 244 94 8 7
5.993706 244 94 8 7
5.995706 244 94 8 7
5.997706 244 94 8 7
5.999706 244 94 8 7
6.001706 244 94 8 7
6.003706 244 94 8 7
6.005706 244 94 8 7
6.007706 244 94 8 7
6.009706 244 94 8 7
6.011706 244 94 8 7
6.013706 244 94 8 7
6.015706 244 94 8 7
6.017706 244 94 8 7
6.019706 244 94 8 7
6.021706 244 94 8 7
6.023706 243 93 7 6
6.025706 228 88 7 6
6.027706 214 82 7 6
6.029706 199 76 6 5
6.031706 185 71 6 5
6.033706 170 65 5 4
6.035706 155 60 5 4
6.037706 141 54 4 4
6.039706 126 48 4 3
6.041706 111 43 3 3
6.043706 97 37 3 2
6.045706 82 31 2 2
6.047706 67 26 2 1
6.049706 53 20 1 1
6.051706 38 14 1 1
6.053706 23 9 0 0
6.055706 9 3 0 0
6.057706 4 1 0 0
6.059706 16 5 0 0
6.061706 29 8 1 1
6.063706 41 12 2 2
6.065706 53 16 2 2
6.067706 66 20 3 3
6.069706 78 24 3 3
6.071706 90 27 4 4
6.073706 103 31 5 5
6.075706 115 35 5 5
6.077706 128 39 6 6
6.079706 140 42 6 6
6.081706 152 46 7 7
6.083706 165 50 8 8
6.085706 177 54 8 8
6.087706 189 58 9 9
6.089706 202 61 9 9
6.091706 205 62 10 10
6.093706 204 62 10 10
6.095706 203 61 10 10
6.097706 202 61 10 10
6.099706 201 61 10 10
6.101706 200 60 10 10
6.103706 199 60 10 10
6.105706 198 59 10 10
6.107706 197 59 10 10
6.109706 196 58 10 10
6.111706 195 58 10 10
6.113706 194 58 10 10
6.115706 193 57 10 10
6.117706 192 57 10 10
6.119706 191 56 10 10
6.121706 190 56 10 10
6.123706 189 55 9 9
6.125706 189 55 9 9
6.127706 189 55 9 9
6.129706 188 55 9 8
6.131706 188 55 8 8
6.133706 187 55 8 8
6.135706 187 54 8 7
6.137706 187 54 7 7
6.139706 186 54 7 7
6.141706 186 54 7 6
6.143706 185 54 6 6
6.145706 185 54 6 6
6.147706 184 53 6 5
6.149706 184 53 6 5
6.151706 184 53 5 4
6.153706 183 53 5 4
6.155706 183 53 5 4
6.157706 182 52 5 4
6.159706 182 52 5 4
6.161706 182 52 5 4
6.163706 181 52 5 4
6.165706 181 52 5 4
6.167706 180 52 5 4
6.169706 180 51 5 4
6.171706 179 51 5 4
6.173706 179 51 5 4
6.175706 179 51 5 4
6.177706 178 51 5 4
6.179706 178 50 5 4
6.181706 177 50 5 4
6.183706 177 50 5 4
6.185706 176 50 5 4
6.187706 176 50 5 4
6.189706 176 50 5 4
6.191706 175 49 5 4
6.193706 175 49 5 4
6.195706 175 49 5 4
6.197706 174 48 6 5
6.199706 174 48 6 5
6.201706 174 48 6 6
6.203706 173 47 7 6
6.205706 173 47 7 6
6.207706 173 47 7 7
6.209706 173 47 7 7
6.211706 172 46 8 7
6.213706 172 46 8 8
6.215706 172 46 8 8
6.217706 171 45 9 8
6.219706 171 45 9 9
6.221706 171 45 9 9
6.223706 170 44 10 10
6.225706 170 44 10 10
6.227706 170 44 10 10
6.229706 169 44 10 10
6.231706 169 44 10 10
6.233706 168 44 10 10
6.235706 168 44 10 10
6.237706 167 44 10 10
6.239706 167 44 10 10
6.241706 166 43 10 10
6.243706 166 43 10 10
6.245706 165 43 10 10
6.247706 165 43 10 10
6.249706 164 43 10 10
6.251706 164 43 10 10
6.253706 163 43 10 10
6.255706 163 43 10 10
6.257706 162 42 10 10
6.259706 162 42 10 10
6.261706 162 42 10 10
6.263706 161 42 10 10
6.265706 161 42 10 10
6.267706 161 42 10 10
6.269706 161 42 10 10
6.271706 160 42 10 10
6.273706 160 42 10 10
6.275706 160 42 10 10
6.277706 159 42 10 10
6.279706 159 42 10 10
6.281706 159 42 10 10
6.283706 158 42 10 10
6.285706 158 42 10 10
6.287706 158 42 10 10
6.289706 158 42 10 10
6.291706 157 41 10 10
6.293706 157 41 10 10
6.295706 157 41 10 10
6.297706 157 41 10 10
6.299706 156 41 10 10
6.301706 156 41 10 10
6.303706 156 41 10 10
6.305706 156 41 10 10
6.307706 155 41 10 10
6.309706 155 41 10 10
6.311706 155 41 10 10
6.313706 155 41 10 10
6.315706 154 41 10 10
6.317706 154 41 10 10
6.319706 154 41 10 10
6.321706 154 41 10 10
6.323706 153 40 10 10
6.325706 153 40 10 10
6.327706 153 40 10 10
6.329706 152 40 10 10
6.331706 152 40 10 10
6.333706 152 40 10 10
6.335706 151 40 10 10
6.337706 151 40 10 10
6.339706 151 40 10 10
6.341706 150 40 10 10
6.343706 150 40 10 10
6.345706 150 40 10 10
6.347706 149 40 10 10
6.349706 149 40 10 10
6.351706 148 40 10 10
6.353706 148 40 10 10
6.355706 148 40 10 10
6.357706 147 40 10 10
6.359706 147 40 10 10
6.361706 147 40 10 10
6.363706 147 40 10 10
6.365706 147 40 10 10
6.367706 147 40 10 10
6.369706 147 40 10 10
6.371706 147 40 10 10
6.373706 146 40 10 10
6.375706 146 40 10 10
6.377706 146 40 10 10
6.379706 146 40 10 10
6.381706 146 40 10 10
6.383706 146 40 10 10
6.385706 146 40 10 10
6.387706 146 40 10 10
6.389706 146 40 10 10
6.391706 145 39 10 10
6.393706 145 39 10 10
6.395706 145 39 10 10
6.397706 145 39 10 10
6.399706 144 39 10 10
6.401706 144 39 10 10
6.403706 144 39 10 10
6.405706 144 39 10 10
6.407706 143 39 10 10
6.409706 143 39 10 10
6.411706 143 39 10 10
6.413706 143 39 10 10
6.415706 142 39 10 10
6.417706 142 39 10 10
6.419706 142 39 10 10
6.421706 142 39 10 10
6.423706 141 39 10 10
6.425706 141 39 10 10
6.427706 141 39 10 10
6.429706 141 39 10 10
6.431706 141 39 10 10
6.433706 140 39 10 10
6.435706 140 39 10 10
6.437706 140 39 10 10
6.439706 140 39 10 10
6.441706 139 40 10 10
6.443706 139 40 10 10
6.445706 139 40 10 10
6.447706 139 40 10 10
6.449706 138 40 10 10
6.451706 138 40 10 10
6.453706 138 40 10 10
6.455706 138 40 10 10
6.457706 137 41 10 10
6.459706 137 41 10 10
6.461706 137 41 10 10
6.463706 137 41 10 10
6.465706 137 41 10 10
6.467706 137 41 10 10
6.469706 136 41 10 10
6.471706 136 41 10 10
6.473706 136 41 10 10
6.475706 136 41 10 10
6.477706 136 41 10 10
6.479706 135 41 10 10
6.481706 135 41 10 10
6.483706 135 41 10 10
6.485706 135 41 10 10
6.487706 135 41 10 10
6.489706 135 41 10 10
6.491706 134 42 10 10
6.493706 134 42 10 10
6.495706 134 42 10 10
6.497706 134 42 10 10
6.499706 133 42 10 10
6.501706 133 42 10 10
6.503706 133 42 10 10
6.505706 133 42 10 10
6.507706 132 43 10 10
6.509706 132 43 10 10
6.511706 132 43 10 10
6.513706 132 43 10 10
6.515706 131 43 10 10
6.517706 131 43 10 10
6.519706 131 43 10 10
6.521706 131 43 10 10
6.523706 130 44 10 10
6.525706 130 44 10 10
6.527706 130 44 10 10
6.529706 130 44 10 10
6.531706 130 44 10 10
6.533706 130 44 10 10
6.535706 129 44 10 10
6.537706 129 44 10 10
6.539706 129 44 10 10
6.541706 129 45 10 10
6.543706 129 45 10 10
6.545706 129 45 10 10
6.547706 128 45 10 10
6.549706 128 45 10 10
6.551706 128 45 10 10
6.553706 128 45 10 10
6.555706 128 45 10 10
6.557706 127 46 10 10
6.559706 127 46 10 10
6.561706 127 46 10 10
6.563706 127 46 10 10
6.565706 127 46 10 10
6.567706 127 46 10 10
6.569706 127 46 10 10
6.571706 127 46 10 10
6.573706 127 46 10 10
6.575706 127 46 10 10
6.577706 127 46 10 10
6.579706 127 46 10 10
6.581706 127 46 10 10
6.583706 127 46 10 10
6.585706 127 46 10 10
6.587706 127 46 10 10
6.589706 127 46 10 10
6.591706 126 46 10 10
6.593706 126 46 10 10
6.595706 126 46 10 10
6.597706 125 46 10 10
6.599706 125 47 10 10
6.601706 124 47 10 10
6.603706 124 47 10 10
6.605706 124 47 10 10
6.607706 123 48 10 10
6.609706 123 48 10 10
6.611706 123 48 10 10
6.613706 122 48 10 10
6.615706 122 49 10 10
6.617706 122 49 10 10
6.619706 121 49 10 10
6.621706 121 49 10 10
6.623706 120 50 10 10
6.625706 120 50 10 10
6.627706 120 50 10 10
6.629706 120 50 10 10
6.631706 120 50 10 10
6.633706 120 50 10 10
6.635706 120 51 10 10
6.637706 120 51 10 10
6.639706 120 51 10 10
6.641706 120 51 10 10
6.643706 120 51 10 10
6.645706 120 51 10 10
6.647706 120 52 10 10
6.649706 120 52 10 10
6.651706 120 52 10 10
6.653706 120 52 10 10
6.655706 120 52 10 10
6.657706 119 53 10 10
6.659706 119 53 10 10
6.661706 119 53 10 10
6.663706 119 53 10 10
6.665706 119 53 10 10
6.667706 119 53 10 10
6.669706 119 53 10 10
6.671706 119 53 10 10
6.673706 119 53 10 10
6.675706 119 53 10 10
6.677706 119 53 10 10
6.679706 119 53 10 10
6.681706 119 53 10 10
6.683706 119 53 10 10
6.685706 119 53 10 10
6.687706 119 53 10 10
6.689706 119 53 10 10
6.691706 118 54 10 10
6.693706 118 54 10 10
6.695706 118 54 10 10
6.697706 118 54 10 10
6.699706 118 55 10 10
6.701706 118 55 10 10
6.703706 118 55 10 10
6.705706 118 55 10 10
6.707706 118 56 10 10
6.709706 118 56 10 10
6.711706 118 56 10 10
6.713706 118 56 10 10
6.715706 118 57 10 10
6.717706 118 57 10 10
6.719706 118 57 10 10
6.721706 118 57 10 10
6.723706 117 58 10 10
6.725706 117 58 10 10
6.727706 117 58 10 10
6.729706 117 58 10 10
6.731706 116 58 10 10
6.733706 116 59 10 10
6.735706 116 59 10 10
6.737706 115 59 10 10
6.739706 115 59 10 10
6.741706 115 60 10 10
6.743706 114 60 10 10
6.745706 114 60 10 10
6.747706 114 60 10 10
6.749706 114 61 10 10
6.751706 113 61 10 10
6.753706 113 61 10 10
6.755706 113 61 10 10
6.757706 113 62 10 10
6.759706 113 62 10 10
6.761706 113 62 10 10
6.763706 113 62 10 10
6.765706 113 62 10 10
6.767706 113 62 10 10
6.769706 113 63 10 10
6.771706 113 63 10 10
6.773706 113 63 10 10
6.775706 113 63 10 10
6.777706 113 63 10 10
6.779706 113 64 10 10
6.781706 113 64 10 10
6.783706 113 64 10 10
6.785706 113 64 10 10
6.787706 113 64 10 10
6.789706 113 64 10 10
6.791706 112 65 10 10
6.793706 112 65 10 10
6.795706 112 65 10 10
6.797706 112 66 10 10
6.799706 112 66 10 10
6.801706 112 66 10 10
6.803706 112 67 10 10
6.805706 112 67 10 10
6.807706 112 67 10 10
6.809706 112 67 10 10
6.811706 112 68 10 10
6.813706 112 68 10 10
6.815706 112 68 10 10
6.817706 112 69 10 10
6.819706 112 69 10 10
6.821706 112 69 10 10
6.823706 111 70 10 10
6.825706 111 70 10 10
6.827706 111 70 10 10
6.829706 111 70 10 10
6.831706 111 70 10 10
6.833706 111 71 10 10
6.835706 110 71 10 10
6.837706 110 71 10 10
6.839706 110 71 10 10
6.841706 110 72 10 10
6.843706 110 72 10 10
6.845706 110 72 10 10
6.847706 109 72 10 10
6.849706 109 73 10 10
6.851706 109 73 10 10
6.853706 109 73 10 10
6.855706 109 73 10 10
6.857706 108 74 10 10
6.859706 108 74 10 10
6.861706 108 74 10 10
6.863706 108 74 10 10
6.865706 108 74 10 10
6.867706 108 74 10 10
6.869706 108 74 10 10
6.871706 108 74 10 10
6.873706 107 74 10 10
6.875706 107 74 10 10
6.877706 107 74 10 10
6.879706 107 74 10 10
6.881706 107 74 10 10
6.883706 107 74 10 10
6.885706 107 74 10 10
6.887706 107 74 10 10
6.889706 107 74 10 10
6.891706 107 75 10 10
6.893706 107 75 10 10
6.895706 107 75 10 10
6.897706 107 76 10 10
6.899706 107 76 10 10
6.901706 107 76 10 10
6.903706 107 77 10 10
6.905706 107 77 10 10
6.907706 107 77 10 10
6.909706 107 77 10 10
6.911706 107 78 10 10
6.913706 107 78 10 10
6.915706 107 78 10 10
6.917706 107 79 10 10
6.919706 107 79 10 10
6.921706 107 79 10 10
6.923706 106 80 10 10
6.925706 106 80 10 10
6.927706 106 80 10 10
6.929706 106 80 10 10
6.931706 106 80 10 10
6.933706 106 81 10 10
6.935706 105 81 10 10
6.937706 105 81 10 10
6.939706 105 81 10 10
6.941706 105 82 10 10
6.943706 105 82 10 10
6.945706 105 82 10 10
6.947706 104 82 10 10
6.949706 104 83 10 10
6.951706 104 83 10 10
6.953706 104 83 10 10
6.955706 104 83 10 10
6.957706 103 84 10 10
6.959706 103 84 10 10
6.961706 103 84 10 10
6.963706 103 85 10 10
6.965706 103 85 10 10
6.967706 103 85 10 10
6.969706 103 85 10 10
6.971706 103 86 10 10
6.973706 103 86 10 10
6.975706 103 86 10 10
6.977706 103 87 10 10
6.979706 103 87 10 10
6.981706 103 87 10 10
6.983706 103 88 10 10
6.985706 103 88 10 10
6.987706 103 88 10 10
6.989706 103 88 10 10
6.991706 103 89 10 10
6.993706 103 89 10 10
6.995706 103 90 10 10
6.997706 103 90 10 10
6.999706 103 91 10 10
7.001706 103 92 10 10
7.003706 103 92 10 10
7.005706 103 93 10 10
7.007706 103 93 10 10
7.009706 103 94 10 10
7.011706 103 94 10 10
7.013706 103 95 10 10
7.015706 103 95 10 10
7.017706 103 96 10 10
7.019706 103 96 10 10
7.021706 103 97 10 10
7.023706 102 98 10 10
7.025706 102 98 10 10
7.027706 102 98 10 10
7.029706 102 98 10 10
7.031706 102 99 10 10
7.033706 102 99 10 10
7.035706 102 99 10 10
7.037706 102 100 10 10
7.039706 102 100 10 10
7.041706 102 100 10 10
7.043706 102 101 10 10
7.045706 102 101 10 10
7.047706 102 101 10 10
7.049706 102 101 10 10
7.051706 102 102 10 10
7.053706 102 102 10 10
7.055706 102 102 10 10
7.057706 101 103 10 10
7.059706 101 103 10 10
7.061706 101 103 10 10
7.063706 101 103 10 10
7.065706 101 103 10 10
7.067706 101 103 10 10
7.069706 101 103 10 10
7.071706 101 103 10 10
7.073706 100 103 10 10
7.075706 100 103 10 10
7.077706 100 103 10 10
7.079706 100 103 10 10
7.081706 100 103 10 10
7.083706 100 103 10 10
7.085706 100 103 10 10
7.087706 100 103 10 10
7.089706 100 103 10 10
7.091706 99 103 10 10
7.093706 99 103 10 10
7.095706 99 104 10 10
7.097706 99 104 10 10
7.099706 99 104 10 10
7.101706 99 105 10 10
7.103706 99 105 10 10
7.105706 99 106 10 10
7.107706 98 106 10 10
7.109706 98 107 10 10
7.111706 98 107 10 10
7.113706 98 107 10 10
7.115706 98 108 10 10
7.117706 98 108 10 10
7.119706 98 109 10 10
7.121706 98 109 10 10
7.123706 97 110 10 10
7.125706 97 110 10 10
7.127706 97 110 10 10
7.129706 97 111 10 10
7.131706 97 111 10 10
7.133706 97 111 10 10
7.135706 97 112 10 10
7.137706 97 112 10 10
7.139706 97 112 10 10
7.141706 97 113 10 10
7.143706 97 113 10 10
7.145706 97 113 10 10
7.147706 97 114 10 10
7.149706 97 114 10 10
7.151706 97 115 10 10
7.153706 97 115 10 10
7.155706 97 115 10 10
7.157706 96 116 10 10
7.159706 96 116 10 10
7.161706 96 116 10 10
7.163706 96 116 10 10
7.165706 96 117 10 10
7.167706 96 117 10 10
7.169706 96 117 10 10
7.171706 96 117 10 10
7.173706 96 118 10 10
7.175706 96 118 10 10
7.177706 96 118 10 10
7.179706 96 118 10 10
7.181706 96 118 10 10
7.183706 96 119 10 10
7.185706 96 119 10 10
7.187706 96 119 10 10
7.189706 96 119 10 10
7.191706 96 120 10 10
7.193706 96 120 10 10
7.195706 96 121 10 10
7.197706 96 121 10 10
7.199706 96 121 10 10
7.201706 96 122 10 10
7.203706 96 122 10 10
7.205706 96 123 10 10
7.207706 96 123 10 10
7.209706 96 124 10 10
7.211706 96 124 10 10
7.213706 96 124 10 10
7.215706 96 125 10 10
7.217706 96 125 10 10
7.219706 96 126 10 10
7.221706 96 126 10 10
7.223706 96 127 10 10
7.225706 96 127 10 10
7.227706 96 127 10 10
7.229706 96 127 10 10
7.231706 96 128 10 10
7.233706 96 128 10 10
7.235706 96 128 10 10
7.237706 96 129 10 10
7.239706 96 129 10 10
7.241706 95 129 10 10
7.243706 95 130 10 10
7.245706 95 130 10 10
7.247706 95 130 10 10
7.249706 95 130 10 10
7.251706 95 131 10 10
7.253706 95 131 10 10
7.255706 95 131 10 10
7.257706 94 132 10 10
7.259706 94 132 10 10
7.261706 94 132 10 10
7.263706 94 133 10 10
7.265706 94 133 10 10
7.267706 94 133 10 10
7.269706 94 134 10 10
7.271706 94 134 10 10
7.273706 94 135 10 10
7.275706 94 135 10 10
7.277706 94 135 10 10
7.279706 94 136 10 10
7.281706 94 136 10 10
7.283706 94 136 10 10
7.285706 94 137 10 10
7.287706 94 137 10 10
7.289706 94 137 10 10
7.291706 94 138 10 10
7.293706 94 138 10 10
7.295706 94 138 10 10
7.297706 94 138 10 10
7.299706 94 138 10 10
7.301706 94 138 10 10
7.303706 94 138 10 10
7.305706 94 138 10 10
7.307706 94 138 10 10
7.309706 94 138 10 10
7.311706 94 138 10 10
7.313706 94 138 10 10
7.315706 94 138 10 10
7.317706 94 138 10 10
7.319706 94 138 10 10
7.321706 94 138 10 10
7.323706 94 137 10 10
7.325706 94 137 10 10
7.327706 94 137 10 10
7.329706 94 137 10 10
7.331706 94 137 10 10
7.333706 94 137 10 10
7.335706 94 137 10 10
7.337706 94 137 10 10
7.339706 94 137 10 10
7.341706 94 137 10 10
7.343706 94 137 10 10
7.345706 94 137 10 10
7.347706 94 137 10 10
7.349706 94 137 10 10
7.351706 94 137 10 10
7.353706 94 137 10 10
7.355706 94 137 10 10
7.357706 93 136 10 10
7.359706 93 136 10 10
7.361706 93 136 10 10
7.363706 93 136 10 10
7.365706 93 136 10 10
7.367706 93 136 10 10
7.369706 93 135 10 10
7.371706 93 135 10 10
7.373706 92 135 10 10
7.375706 92 135 10 10
7.377706 92 135 10 10
7.379706 92 134 10 10
7.381706 92 134 10 10
7.383706 92 134 10 10
7.385706 92 134 10 10
7.387706 92 134 10 10
7.389706 92 134 10 10
7.391706 92 134 10 10
7.393706 92 134 10 10
7.395706 92 134 10 10
7.397706 92 134 10 10
7.399706 92 134 10 10
7.401706 92 134 10 10
7.403706 92 134 10 10
7.405706 92 134 10 10
7.407706 92 134 10 10
7.409706 92 134 10 10
7.411706 92 134 10 10
7.413706 92 134 10 10
7.415706 92 134 10 10
7.417706 92 134 10 10
7.419706 92 134 10 10
7.421706 92 134 10 10
7.423706 92 133 10 10
7.425706 92 133 10 10
7.427706 92 133 10 10
7.429706 92 133 10 10
7.431706 92 133 10 10
7.433706 92 133 10 10
7.435706 92 133 10 10
7.437706 92 133 10 10
7.439706 92 133 10 10
7.441706 92 132 10 10
7.443706 92 132 10 10
7.445706 92 132 10 10
7.447706 92 132 10 10
7.449706 92 132 10 10
7.451706 92 132 10 10
7.453706 92 132 10 10
7.455706 92 132 10 10
7.457706 93 132 10 10
7.459706 93 132 10 10
7.461706 93 132 10 10
7.463706 93 132 10 10
7.465706 93 132 10 10
7.467706 93 132 10 10
7.469706 93 132 10 10
7.471706 93 132 10 10
7.473706 93 132 10 10
7.475706 93 132 10 10
7.477706 93 132 10 10
7.479706 93 132 10 10
7.481706 93 132 10 10
7.483706 93 132 10 10
7.485706 93 132 10 10
7.487706 93 132 10 10
7.489706 93 132 10 10
7.491706 93 132 10 10
7.493706 93 132 10 10
7.495706 93 132 10 10
7.497706 93 132 10 10
7.499706 93 132 10 10
7.501706 93 132 10 10
7.503706 93 132 10 10
7.505706 93 132 10 10
7.507706 93 132 10 10
7.509706 93 132 10 10
7.511706 93 132 10 10
7.513706 93 132 10 10
7.515706 93 132 10 10
7.517706 93 132 10 10
7.519706 93 132 10 10
7.521706 93 132 10 10
7.523706 93 132 10 10
7.525706 93 132 10 10
7.527706 93 132 10 10
7.529706 93 132 10 10
7.531706 93 132 10 10
7.533706 93 132 10 10
7.535706 93 132 10 10
7.537706 93 132 10 10
7.539706 93 132 10 10
7.541706 93 132 10 10
7.543706 93 132 10 10
7.545706 93 132 10 10
7.547706 93 132 10 10
7.549706 93 132 10 10
7.551706 93 132 10 10
7.553706 93 132 10 10
7.555706 93 132 10 10
7.557706 92 132 10 10
7.559706 92 132 10 10
7.561706 92 132 10 10
7.563706 92 132 10 10
7.565706 92 132 10 10
7.567706 92 132 10 10
7.569706 92 132 10 10
7.571706 92 132 10 10
7.573706 92 132 10 10
7.575706 92 132 10 10
7.577706 92 132 10 10
7.579706 92 132 10 10
7.581706 92 132 10 10
7.583706 92 132 10 10
7.585706 92 132 10 10
7.587706 92 132 10 10
7.589706 92 132 10 10
7.591706 92 132 10 10
7.593706 92 132 10 10
7.595706 92 132 10 10
7.597706 92 132 10 10
7.599706 92 132 10 10
7.601706 92 132 10 10
7.603706 92 132 10 10
7.605706 92 132 10 10
7.607706 92 132 10 10
7.609706 92 132 10 10
7.611706 92 132 10 10
7.613706 92 132 10 10
7.615706 92 132 10 10
7.617706 92 132 10 10
7.619706 92 132 10 10
7.621706 92 132 10 10
