0.004440 165 46 37 104
0.006440 165 45 36 104
0.008440 165 45 36 104
0.010440 165 45 36 104
0.012440 165 45 36 104
0.014440 165 45 36 104
0.016440 165 45 35 105
0.018440 165 45 35 105
0.020440 165 45 35 105
0.022440 165 45 35 105
0.024440 165 45 35 105
0.026440 165 45 35 105
0.028440 165 45 34 106
0.030440 165 45 34 106
0.032440 165 45 34 106
0.034440 165 45 34 106
0.036440 165 45 34 106
0.038440 166 44 34 107
0.040440 166 44 34 107
0.042440 166 44 34 107
0.044440 166 44 34 107
0.046440 166 44 34 107
0.048440 166 44 34 107
0.050440 166 44 34 107
0.052440 166 44 34 107
0.054440 166 44 34 107
0.056440 166 44 34 107
0.058440 166 44 34 107
0.060440 166 44 34 107
0.062440 166 44 34 107
0.064440 166 44 34 107
0.066440 166 44 34 107
0.068440 166 44 34 107
0.070440 166 44 34 107
0.072440 166 44 34 108
0.074440 166 44 34 108
0.076440 166 44 34 108
0.078440 166 44 34 108
0.080440 166 44 34 108
0.082440 166 44 34 108
0.084440 166 44 34 108
0.086440 166 44 34 108
0.088440 166 44 34 108
0.090440 166 44 34 108
0.092440 166 44 34 108
0.094440 166 44 34 108
0.096440 166 44 34 108
0.098440 166 44 34 108
0.100440 166 44 34 108
0.102440 166 44 34 108
0.104440 167 44 34 108
0.106440 167 44 34 108
0.108440 167 44 34 108
0.110440 167 44 34 108
0.112440 167 44 34 108
0.114440 167 44 34 108
0.116440 167 44 34 108
0.118440 167 44 34 108
0.120440 167 44 34 108
0.122440 167 44 34 108
0.124440 167 44 34 108
0.126440 167 44 34 108
0.128440 167 44 34 108
0.130440 167 44 34 108
0.132440 167 44 34 108
0.134440 167 44 34 108
0.136440 167 44 34 108
0.138440 167 44 34 108
0.140440 167 44 34 108
0.142440 167 44 34 108
0.144440 167 44 34 108
0.146440 167 44 34 108
0.148440 167 44 34 108
0.150440 167 44 34 108
0.152440 167 44 34 108
0.154440 167 44 34 108
0.156440 167 44 34 108
0.158440 167 44 34 108
0.160440 167 44 34 108
0.162440 167 44 34 108
0.164440 167 44 34 108
0.166440 167 44 34 108
0.168440 167 44 34 108
0.170440 167 44 34 108
0.172440 168 44 34 107
0.174440 168 44 34 107
0.176440 168 44 34 107
0.178440 168 44 34 107
0.180440 168 44 34 107
0.182440 168 44 34 107
0.184440 168 44 34 107
0.186440 168 44 34 107
0.188440 168 44 34 107
0.190440 168 44 34 107
0.192440 168 44 34 107
0.194440 168 44 34 107
0.196440 168 44 34 107
0.198440 168 44 34 107
0.200440 168 44 34 107
0.202440 168 44 34 107
0.204440 168 44 34 107
0.206440 168 44 34 107
0.208440 168 44 34 107
0.210440 168 44 34 107
0.212440 168 44 34 107
0.214440 168 44 34 107
0.216440 168 44 34 107
0.218440 168 44 34 107
0.220440 168 44 34 107
0.222440 168 44 34 107
0.224440 168 44 34 107
0.226440 168 44 34 107
0.228440 168 44 34 107
0.230440 168 44 34 107
0.232440 168 44 34 107
0.234440 168 44 34 107
0.236440 168 44 34 107
0.238440 168 44 33 108
0.240440 168 44 33 108
0.242440 168 44 33 108
0.244440 168 44 33 108
0.246440 168 44 33 108
0.248440 168 44 33 108
0.250440 168 44 33 108
0.252440 168 44 33 108
0.254440 168 44 33 108
0.256440 168 44 33 108
0.258440 168 44 33 108
0.260440 168 44 33 108
0.262440 168 44 33 108
0.264440 168 44 33 108
0.266440 168 44 33 108
0.268440 168 44 33 108
0.270440 168 44 33 108
0.272440 169 44 33 109
0.274440 169 44 33 109
0.276440 169 44 33 109
0.278440 169 44 33 109
0.280440 169 44 33 109
0.282440 169 44 33 109
0.284440 169 44 33 109
0.286440 169 44 33 109
0.288440 169 44 33 109
0.290440 169 44 33 109
0.292440 169 44 33 109
0.294440 169 44 33 109
0.296440 169 44 33 109
0.298440 169 44 33 109
0.300440 169 44 33 109
0.302440 169 44 33 109
0.304440 169 44 33 109
0.306440 169 44 33 109
0.308440 169 44 33 109
0.310440 169 44 33 109
0.312440 169 44 33 109
0.314440 169 44 33 109
0.316440 169 44 33 109
0.318440 169 44 33 109
0.320440 169 44 33 109
0.322440 169 44 33 109
0.324440 169 44 33 109
0.326440 169 44 33 109
0.328440 169 44 33 109
0.330440 169 44 33 109
0.332440 169 44 33 109
0.334440 169 44 33 109
0.336440 169 44 33 109
0.338440 169 44 33 108
0.340440 169 44 33 108
0.342440 169 44 33 108
0.344440 169 44 33 108
0.346440 169 44 33 108
0.348440 169 44 33 108
0.350440 169 44 33 108
0.352440 169 44 33 108
0.354440 169 44 33 107
0.356440 169 44 33 107
0.358440 169 44 33 107
0.360440 169 44 33 107
0.362440 169 44 33 107
0.364440 169 44 33 107
0.366440 169 44 33 107
0.368440 169 44 33 107
0.370440 169 44 33 107
0.372440 168 44 33 106
0.374440 168 44 33 106
0.376440 168 44 33 106
0.378440 168 44 33 106
0.380440 168 44 33 106
0.382440 168 44 33 106
0.384440 168 44 33 106
0.386440 168 44 33 106
0.388440 168 45 33 106
0.390440 168 45 33 106
0.392440 168 45 33 106
0.394440 168 45 33 106
0.396440 168 45 33 106
0.398440 168 45 33 106
0.400440 168 45 33 106
0.402440 168 45 33 106
0.404440 168 46 33 105
0.406440 168 46 33 105
0.408440 168 46 33 105
0.410440 168 46 33 105
0.412440 168 46 33 105
0.414440 168 46 33 105
0.416440 168 46 33 105
0.418440 168 46 33 105
0.420440 168 46 33 105
0.422440 168 46 33 105
0.424440 168 46 33 105
0.426440 168 46 33 105
0.428440 168 46 33 105
0.430440 168 46 33 105
0.432440 168 46 33 105
0.434440 168 46 33 105
0.436440 168 46 33 105
0.438440 168 46 33 104
0.440440 168 46 33 104
0.442440 168 46 33 104
0.444440 168 46 33 104
0.446440 168 46 33 104
0.448440 168 46 33 104
0.450440 168 46 33 104
0.452440 168 46 33 104
0.454440 168 46 33 104
0.456440 168 46 33 104
0.458440 168 46 33 104
0.460440 168 46 33 104
0.462440 168 46 33 104
0.464440 168 46 33 104
0.466440 168 46 33 104
0.468440 168 46 33 104
0.470440 168 46 33 104
0.472440 167 46 33 104
0.474440 167 46 33 104
0.476440 167 46 33 104
0.478440 167 46 33 104
0.480440 167 46 33 104
0.482440 167 46 33 104
0.484440 167 46 33 104
0.486440 167 46 33 104
0.488440 167 46 33 104
0.490440 167 46 33 104
0.492440 167 46 33 104
0.494440 167 46 33 104
0.496440 167 46 33 104
0.498440 167 46 33 104
0.500440 167 46 33 104
0.502440 167 46 33 104
0.504440 167 46 33 105
0.506440 167 46 33 105
0.508440 167 46 33 105
0.510440 167 46 33 105
0.512440 167 46 33 105
0.514440 167 46 33 105
0.516440 167 46 33 105
0.518440 167 46 33 105
0.520440 167 46 33 105
0.522440 167 46 33 105
0.524440 167 46 33 105
0.526440 167 46 33 105
0.528440 167 46 33 105
0.530440 167 46 33 105
0.532440 167 46 33 105
0.534440 167 46 33 105
0.536440 167 46 33 105
0.538440 166 45 33 106
0.540440 166 45 33 106
0.542440 166 45 33 106
0.544440 166 45 33 106
0.546440 166 45 33 106
0.548440 166 45 33 106
0.550440 166 45 33 106
0.552440 166 45 33 106
0.554440 166 45 33 106
0.556440 166 45 33 106
0.558440 166 45 33 106
0.560440 166 45 33 106
0.562440 166 45 33 106
0.564440 166 45 33 106
0.566440 166 45 33 106
0.568440 166 45 33 106
0.570440 166 45 33 106
0.572440 166 44 34 107
0.574440 166 44 34 107
0.576440 166 44 34 107
0.578440 166 44 34 107
0.580440 166 44 34 107
0.582440 166 44 34 107
0.584440 166 44 34 107
0.586440 166 44 34 107
0.588440 166 43 34 107
0.590440 166 43 34 107
0.592440 166 43 34 107
0.594440 166 43 34 107
0.596440 166 43 34 107
0.598440 166 43 34 107
0.600440 166 43 34 107
0.602440 166 43 34 107
0.604440 166 43 33 107
0.606440 166 43 33 107
0.608440 166 43 33 107
0.610440 166 43 33 107
0.612440 166 43 33 107
0.614440 166 43 33 107
0.616440 166 43 33 107
0.618440 166 43 33 107
0.620440 166 43 33 107
0.622440 166 43 33 107
0.624440 166 43 33 107
0.626440 166 43 33 107
0.628440 166 43 33 107
0.630440 166 43 33 107
0.632440 166 43 33 107
0.634440 166 43 33 107
0.636440 166 43 33 107
0.638440 166 43 33 107
0.640440 166 43 33 107
0.642440 166 43 33 107
0.644440 166 43 33 107
0.646440 166 43 33 107
0.648440 166 43 33 107
0.650440 166 43 33 107
0.652440 166 43 33 107
0.654440 166 43 33 107
0.656440 166 43 33 107
0.658440 166 43 33 107
0.660440 166 43 33 107
0.662440 166 43 33 107
0.664440 166 43 33 107
0.666440 166 43 33 107
0.668440 166 43 33 107
0.670440 166 43 33 107
0.672440 166 43 33 107
0.674440 166 43 33 107
0.676440 166 43 33 107
0.678440 166 43 33 107
0.680440 166 43 33 107
0.682440 166 43 33 107
0.684440 166 43 33 107
0.686440 166 43 33 107
0.688440 166 43 33 107
0.690440 166 43 33 107
0.692440 166 43 33 107
0.694440 166 43 33 107
0.696440 166 43 33 107
0.698440 166 43 33 107
0.700440 166 43 33 107
0.702440 166 43 33 107
0.704440 165 44 33 107
0.706440 165 44 33 107
0.708440 165 44 33 107
0.710440 165 44 33 107
0.712440 165 44 33 107
0.714440 165 44 33 107
0.716440 165 44 33 108
0.718440 165 44 33 108
0.720440 165 44 33 108
0.722440 165 44 33 108
0.724440 165 44 33 108
0.726440 165 44 33 108
0.728440 165 44 33 109
0.730440 165 44 33 109
0.732440 165 44 33 109
0.734440 165 44 33 109
0.736440 165 44 33 109
0.738440 165 44 32 109
0.740440 165 44 32 109
0.742440 165 44 32 109
0.744440 165 44 32 109
0.746440 165 44 32 109
0.748440 165 44 32 109
0.750440 165 44 32 109
0.752440 165 44 32 109
0.754440 165 44 32 108
0.756440 165 44 32 108
0.758440 165 44 32 108
0.760440 165 44 32 108
0.762440 165 44 32 108
0.764440 165 44 32 108
0.766440 165 44 32 108
0.768440 165 44 32 108
0.770440 165 44 32 108
0.772440 165 45 32 108
0.774440 165 45 32 108
0.776440 165 45 32 108
0.778440 165 45 32 108
0.780440 165 45 32 108
0.782440 165 45 32 108
0.784440 165 45 32 108
0.786440 165 45 32 108
0.788440 165 45 32 108
0.790440 165 45 32 108
0.792440 165 45 32 108
0.794440 165 45 32 108
0.796440 165 45 32 108
0.798440 165 45 32 108
0.800440 165 45 32 108
0.802440 165 45 32 108
0.804440 164 45 32 108
0.806440 164 45 32 108
0.808440 164 45 32 108
0.810440 164 45 32 108
0.812440 164 45 32 108
0.814440 164 45 32 108
0.816440 164 45 32 108
0.818440 164 45 32 108
0.820440 164 45 32 108
0.822440 163 45 32 108
0.824440 163 45 32 108
0.826440 163 45 32 108
0.828440 163 45 32 108
0.830440 163 45 32 108
0.832440 163 45 32 108
0.834440 163 45 32 108
0.836440 163 45 32 108
0.838440 162 45 33 108
0.840440 162 45 33 108
0.842440 162 45 33 108
0.844440 162 45 33 108
0.846440 162 45 33 108
0.848440 162 45 33 108
0.850440 162 45 33 108
0.852440 162 45 33 108
0.854440 162 45 33 107
0.856440 162 45 33 107
0.858440 162 45 33 107
0.860440 162 45 33 107
0.862440 162 45 33 107
0.864440 162 45 33 107
0.866440 162 45 33 107
0.868440 162 45 33 107
0.870440 162 45 33 107
0.872440 161 45 33 107
0.874440 161 45 33 107
0.876440 161 45 33 107
0.878440 161 45 33 107
0.880440 161 45 33 107
0.882440 160 45 33 107
0.884440 160 45 33 107
0.886440 160 45 33 107
0.888440 160 45 33 107
0.890440 160 45 33 107
0.892440 160 45 33 107
0.894440 159 45 33 107
0.896440 159 45 33 107
0.898440 159 45 33 107
0.900440 159 45 33 107
0.902440 159 45 33 107
0.904440 158 44 34 108
0.906440 158 44 34 108
0.908440 158 44 34 108
0.910440 158 44 34 108
0.912440 158 44 34 108
0.914440 158 44 34 108
0.916440 158 44 34 108
0.918440 158 44 34 108
0.920440 158 44 34 108
0.922440 157 44 34 108
0.924440 157 44 34 108
0.926440 157 44 34 108
0.928440 157 44 34 108
0.930440 157 44 34 108
0.932440 157 44 34 108
0.934440 157 44 34 108
0.936440 157 44 34 108
0.938440 156 43 35 107
0.940440 156 43 35 107
0.942440 156 43 35 107
0.944440 156 43 35 107
0.946440 156 43 35 107
0.948440 156 43 35 107
0.950440 156 43 35 107
0.952440 156 43 35 107
0.954440 155 43 36 107
0.956440 155 43 36 107
0.958440 155 43 36 107
0.960440 155 43 36 107
0.962440 155 43 36 107
0.964440 155 43 36 107
0.966440 155 43 36 107
0.968440 155 43 36 107
0.970440 155 43 36 107
0.972440 154 43 37 107
0.974440 154 43 37 107
0.976440 154 43 37 107
0.978440 154 43 37 107
0.980440 154 43 37 107
0.982440 153 43 38 107
0.984440 153 43 38 107
0.986440 153 43 38 107
0.988440 153 43 38 107
0.990440 153 43 38 107
0.992440 153 43 38 107
0.994440 152 43 39 107
0.996440 152 43 39 107
0.998440 152 43 39 107
1.000440 152 43 39 107
1.002440 152 43 39 107
1.004440 151 42 40 107
1.006440 151 42 40 107
1.008440 151 42 40 107
1.010440 151 42 40 107
1.012440 151 42 40 107
1.014440 151 42 40 107
1.016440 151 42 40 107
1.018440 151 42 40 107
1.020440 151 42 40 107
1.022440 151 42 41 107
1.024440 151 42 41 107
1.026440 151 42 41 107
1.028440 151 42 41 107
1.030440 151 42 41 107
1.032440 151 42 41 107
1.034440 151 42 41 107
1.036440 151 42 41 107
1.038440 150 41 42 108
1.040440 150 41 42 108
1.042440 150 41 42 108
1.044440 150 41 42 108
1.046440 149 41 43 108
1.048440 149 41 43 108
1.050440 149 41 43 108
1.052440 149 41 43 108
1.054440 148 41 44 109
1.056440 148 41 44 109
1.058440 148 41 44 109
1.060440 148 41 44 109
1.062440 148 41 44 109
1.064440 147 41 45 109
1.066440 147 41 45 109
1.068440 147 41 45 109
1.070440 147 41 45 109
1.072440 146 41 46 109
1.074440 146 41 46 109
1.076440 145 41 47 109
1.078440 145 41 47 109
1.080440 144 41 48 108
1.082440 143 41 48 108
1.084440 143 41 49 108
1.086440 142 41 49 108
1.088440 142 41 50 107
1.090440 141 41 50 107
1.092440 141 41 51 107
1.094440 140 41 51 107
1.096440 140 41 52 106
1.098440 139 41 52 106
1.100440 139 41 53 106
1.102440 138 41 53 106
1.104440 137 41 53 106
1.106440 137 41 53 106
1.108440 137 41 53 106
1.110440 137 41 53 106
1.112440 137 41 52 106
1.114440 137 41 52 106
1.116440 136 41 52 106
1.118440 136 41 51 106
1.120440 136 41 51 106
1.122440 136 40 51 107
1.124440 136 40 50 107
1.126440 136 40 50 107
1.128440 135 40 50 107
1.130440 135 40 50 107
1.132440 135 40 49 107
1.134440 135 40 49 107
1.136440 135 40 49 107
1.138440 134 40 48 107
1.140440 134 40 48 107
1.142440 134 40 48 107
1.144440 134 40 48 107
1.146440 133 40 48 107
1.148440 133 40 48 107
1.150440 133 40 48 107
1.152440 133 40 48 107
1.154440 132 40 47 107
1.156440 132 40 47 107
1.158440 132 40 47 107
1.160440 132 40 47 107
1.162440 132 40 47 107
1.164440 131 40 47 107
1.166440 131 40 47 107
1.168440 131 40 47 107
1.170440 131 40 47 107
1.172440 130 41 46 106
1.174440 130 41 46 106
1.176440 130 41 46 106
1.178440 130 41 46 106
1.180440 130 41 46 106
1.182440 130 41 45 106
1.184440 130 41 45 106
1.186440 130 41 45 106
1.188440 129 41 45 106
1.190440 129 41 45 106
1.192440 129 41 45 106
1.194440 129 41 44 106
1.196440 129 41 44 106
1.198440 129 41 44 106
1.200440 129 41 44 106
1.202440 129 41 44 106
1.204440 128 41 44 106
1.206440 128 41 44 106
1.208440 128 41 44 106
1.210440 127 41 44 106
1.212440 127 41 44 106
1.214440 126 41 44 106
1.216440 126 41 45 106
1.218440 126 41 45 106
1.220440 125 41 45 106
1.222440 125 41 45 106
1.224440 124 41 45 106
1.226440 124 41 45 106
1.228440 123 41 46 106
1.230440 123 41 46 106
1.232440 123 41 46 106
1.234440 122 41 46 106
1.236440 122 41 46 106
1.238440 121 42 47 105
1.240440 121 42 47 105
1.242440 121 42 47 105
1.244440 121 42 47 105
1.246440 121 42 47 105
1.248440 121 42 47 105
1.250440 121 42 47 105
1.252440 121 42 47 105
1.254440 121 42 48 105
1.256440 121 42 48 105
1.258440 121 42 48 105
1.260440 121 42 48 105
1.262440 121 42 48 105
1.264440 121 42 48 105
1.266440 121 42 48 105
1.268440 121 42 48 105
1.270440 121 42 48 105
1.272440 120 42 49 104
1.274440 120 42 49 104
1.276440 119 42 50 104
1.278440 119 42 50 104
1.280440 119 42 51 104
1.282440 118 42 51 104
1.284440 118 42 52 104
1.286440 117 42 52 104
1.288440 117 43 53 104
1.290440 116 43 53 104
1.292440 116 43 54 104
1.294440 116 43 54 104
1.296440 115 43 55 104
1.298440 115 43 55 104
1.300440 114 43 56 104
1.302440 114 43 56 104
1.304440 113 44 57 104
1.306440 113 44 57 104
1.308440 112 44 58 104
1.310440 112 44 58 104
1.312440 111 44 59 104
1.314440 111 44 59 104
1.316440 110 44 60 104
1.318440 110 44 60 104
1.320440 109 44 61 104
1.322440 109 44 61 104
1.324440 108 44 62 104
1.326440 108 44 62 104
1.328440 107 44 63 104
1.330440 106 44 64 104
1.332440 106 44 64 104
1.334440 105 44 65 104
1.336440 105 44 65 104
1.338440 104 45 66 103
1.340440 104 45 66 103
1.342440 104 45 66 103
1.344440 103 45 67 103
1.346440 103 45 67 103
1.348440 103 45 67 103
1.350440 102 45 67 103
1.352440 102 45 68 103
1.354440 101 45 68 102
1.356440 101 45 68 102
1.358440 101 45 69 102
1.360440 100 45 69 102
1.362440 100 45 69 102
1.364440 100 45 70 102
1.366440 99 45 70 102
1.368440 99 45 70 102
1.370440 99 45 70 102
1.372440 98 45 71 101
1.374440 98 45 71 101
1.376440 98 45 71 101
1.378440 98 45 71 101
1.380440 97 45 71 101
1.382440 97 45 71 101
1.384440 97 45 71 101
1.386440 97 45 71 101
1.388440 96 45 71 101
1.390440 96 45 71 101
1.392440 96 45 71 101
1.394440 96 45 71 101
1.396440 95 45 71 101
1.398440 95 45 71 101
1.400440 95 45 71 101
1.402440 95 45 71 101
1.404440 95 46 71 100
1.406440 95 46 71 100
1.408440 95 46 71 100
1.410440 95 46 71 100
1.412440 96 46 71 100
1.414440 96 46 70 100
1.416440 96 47 70 100
1.418440 97 47 70 100
1.420440 97 47 70 100
1.422440 97 47 69 99
1.424440 98 47 69 99
1.426440 98 47 69 99
1.428440 98 48 69 99
1.430440 98 48 68 99
1.432440 99 48 68 99
1.434440 99 48 68 99
1.436440 99 48 68 99
1.438440 100 49 68 98
1.440440 100 49 68 98
1.442440 100 49 68 98
1.444440 100 49 68 98
1.446440 100 49 68 98
1.448440 100 49 68 98
1.450440 100 49 68 98
1.452440 100 49 68 98
1.454440 100 50 68 98
1.456440 100 50 68 98
1.458440 100 50 68 98
1.460440 100 50 68 98
1.462440 100 50 68 98
1.464440 100 50 68 98
1.466440 100 50 68 98
1.468440 100 50 68 98
1.470440 100 50 68 98
1.472440 100 51 68 98
1.474440 100 51 68 98
1.476440 100 51 68 98
1.478440 100 51 68 98
1.480440 100 51 68 98
1.482440 99 51 68 98
1.484440 99 51 68 98
1.486440 99 51 68 98
1.488440 99 51 69 98
1.490440 99 51 69 98
1.492440 99 51 69 98
1.494440 98 51 69 98
1.496440 98 51 69 98
1.498440 98 51 69 98
1.500440 98 51 69 98
1.502440 98 51 69 98
1.504440 98 50 69 98
1.506440 98 50 69 98
1.508440 98 50 68 98
1.510440 98 50 68 98
1.512440 98 50 67 98
1.514440 98 50 67 98
1.516440 98 50 66 98
1.518440 98 50 66 98
1.520440 98 50 65 98
1.522440 98 50 65 98
1.524440 98 50 64 98
1.526440 98 50 64 98
1.528440 98 50 63 98
1.530440 98 50 62 98
1.532440 98 50 62 98
1.534440 98 50 61 98
1.536440 98 50 61 98
1.538440 99 50 60 99
1.540440 99 50 60 99
1.542440 99 50 60 99
1.544440 99 50 60 99
1.546440 99 50 60 99
1.548440 99 50 60 99
1.550440 99 50 60 99
1.552440 99 50 60 99
1.554440 99 50 60 99
1.556440 99 50 60 99
1.558440 99 50 60 99
1.560440 99 50 60 99
1.562440 99 50 60 99
1.564440 99 50 60 99
1.566440 99 50 60 99
1.568440 99 50 60 99
1.570440 99 50 60 99
1.572440 99 49 60 99
1.574440 99 49 60 99
1.576440 99 49 60 99
1.578440 99 49 60 99
1.580440 99 49 60 100
1.582440 99 49 61 100
1.584440 99 49 61 100
1.586440 99 49 61 100
1.588440 98 48 61 101
1.590440 98 48 61 101
1.592440 98 48 61 101
1.594440 98 48 62 101
1.596440 98 48 62 102
1.598440 98 48 62 102
1.600440 98 48 62 102
1.602440 98 48 62 102
1.604440 98 47 62 103
1.606440 98 47 62 103
1.608440 98 47 62 103
1.610440 98 47 62 103
1.612440 98 47 62 103
1.614440 98 47 62 103
1.616440 98 47 62 103
1.618440 98 47 62 103
1.620440 98 47 62 103
1.622440 98 47 61 103
1.624440 98 47 61 103
1.626440 98 47 61 103
1.628440 98 47 61 103
1.630440 98 47 61 103
1.632440 98 47 61 103
1.634440 98 47 61 103
1.636440 98 47 61 103
1.638440 99 46 60 104
1.640440 99 46 60 104
1.642440 99 46 60 104
1.644440 99 46 60 104
1.646440 99 46 60 104
1.648440 99 46 60 104
1.650440 99 46 59 104
1.652440 99 46 59 104
1.654440 99 46 59 104
1.656440 99 46 59 104
1.658440 99 46 59 104
1.660440 99 46 58 104
1.662440 99 46 58 104
1.664440 99 46 58 104
1.666440 99 46 58 104
1.668440 99 46 58 104
1.670440 99 46 58 104
1.672440 99 46 57 104
1.674440 99 46 57 104
1.676440 99 46 57 104
1.678440 99 46 57 104
1.680440 99 46 57 104
1.682440 99 46 56 104
1.684440 99 46 56 104
1.686440 99 46 56 104
1.688440 100 46 56 104
1.690440 100 46 56 104
1.692440 100 46 56 104
1.694440 100 46 55 104
1.696440 100 46 55 104
1.698440 100 46 55 104
1.700440 100 46 55 104
1.702440 100 46 55 104
1.704440 100 45 54 104
1.706440 100 45 54 104
1.708440 100 45 54 104
1.710440 100 45 54 104
1.712440 100 45 54 104
1.714440 100 45 53 104
1.716440 99 45 53 104
1.718440 99 45 53 104
1.720440 99 45 53 104
1.722440 99 45 52 104
1.724440 99 45 52 104
1.726440 99 45 52 104
1.728440 98 45 52 104
1.730440 98 45 51 104
1.732440 98 45 51 104
1.734440 98 45 51 104
1.736440 98 45 51 104
1.738440 97 45 51 105
1.740440 97 45 51 105
1.742440 97 45 51 105
1.744440 97 45 51 105
1.746440 97 45 51 105
1.748440 97 45 51 105
1.750440 96 45 51 105
1.752440 96 45 51 105
1.754440 96 45 51 105
1.756440 96 45 51 105
1.758440 96 45 51 105
1.760440 95 45 51 105
1.762440 95 45 51 105
1.764440 95 45 51 105
1.766440 95 45 51 105
1.768440 95 45 51 105
1.770440 95 45 51 105
1.772440 95 44 52 105
1.774440 95 44 52 105
1.776440 95 44 52 105
1.778440 95 44 52 105
1.780440 95 44 52 105
1.782440 95 44 52 105
1.784440 95 44 52 105
1.786440 95 44 52 105
1.788440 95 44 52 105
1.790440 95 44 52 105
1.792440 95 44 52 105
1.794440 95 44 52 105
1.796440 95 44 52 105
1.798440 95 44 52 105
1.800440 95 44 52 105
1.802440 95 44 52 105
1.804440 94 43 52 105
1.806440 94 43 52 105
1.808440 93 43 53 105
1.810440 93 43 54 105
1.812440 92 43 54 105
1.814440 91 43 55 105
1.816440 91 43 56 105
1.818440 90 43 57 105
1.820440 89 43 57 105
1.822440 89 43 58 106
1.824440 88 43 59 106
1.826440 87 43 59 106
1.828440 87 43 60 106
1.830440 86 43 61 106
1.832440 85 43 62 106
1.834440 85 43 62 106
1.836440 84 43 63 106
1.838440 84 43 63 106
1.840440 84 43 63 106
1.842440 85 43 62 106
1.844440 85 43 62 106
1.846440 86 43 61 105
1.848440 86 43 61 105
1.850440 87 43 60 105
1.852440 87 43 60 105
1.854440 88 43 59 104
1.856440 89 43 59 104
1.858440 89 43 59 104
1.860440 90 43 58 104
1.862440 90 43 58 104
1.864440 91 43 57 103
1.866440 91 43 57 103
1.868440 92 43 56 103
1.870440 92 43 56 103
1.872440 93 44 56 103
1.874440 93 44 56 103
1.876440 93 44 56 103
1.878440 93 44 56 103
1.880440 93 44 56 103
1.882440 93 44 56 103
1.884440 93 44 56 103
1.886440 93 44 56 103
1.888440 93 44 56 103
1.890440 93 44 56 103
1.892440 93 44 56 103
1.894440 93 44 56 103
1.896440 93 44 56 103
1.898440 93 44 56 103
1.900440 93 44 56 103
1.902440 93 44 56 103
1.904440 94 44 55 103
1.906440 94 44 55 103
1.908440 94 44 55 103
1.910440 94 44 55 103
1.912440 95 44 55 104
1.914440 95 43 54 104
1.916440 95 43 54 104
1.918440 96 43 54 105
1.920440 96 43 54 105
1.922440 96 42 53 105
1.924440 97 42 53 106
1.926440 97 42 53 106
1.928440 97 42 53 106
1.930440 97 41 52 106
1.932440 98 41 52 107
1.934440 98 41 52 107
1.936440 98 41 52 107
1.938440 99 41 51 108
1.940440 99 41 51 108
1.942440 99 41 51 108
1.944440 99 41 50 108
1.946440 100 41 50 108
1.948440 100 41 50 108
1.950440 100 41 49 108
1.952440 100 41 49 108
1.954440 101 42 48 108
1.956440 101 42 48 108
1.958440 101 42 48 108
1.960440 101 42 47 108
1.962440 101 42 47 108
1.964440 102 42 47 108
1.966440 102 42 46 108
1.968440 102 42 46 108
1.970440 102 42 46 108
1.972440 103 43 45 107
1.974440 103 43 45 107
1.976440 103 43 44 107
1.978440 103 43 44 107
1.980440 104 43 44 107
1.982440 104 43 43 107
1.984440 104 43 43 107
1.986440 104 43 42 107
1.988440 105 43 42 106
1.990440 105 43 41 106
1.992440 105 43 41 106
1.994440 105 43 41 106
1.996440 106 43 40 106
1.998440 106 43 40 106
2.000440 106 43 39 106
2.002440 106 43 39 106
2.004440 107 42 38 106
2.006440 107 42 38 106
2.008440 107 42 38 106
2.010440 107 42 38 106
2.012440 108 42 38 106
2.014440 108 42 38 106
2.016440 108 42 37 106
2.018440 109 42 37 106
2.020440 109 42 37 106
2.022440 109 42 37 106
2.024440 110 42 37 106
2.026440 110 42 37 106
2.028440 110 42 36 106
2.030440 110 42 36 106
2.032440 111 42 36 106
2.034440 111 42 36 106
2.036440 111 42 36 106
2.038440 112 42 36 107
2.040440 112 42 36 107
2.042440 112 42 36 107
2.044440 112 42 36 107
2.046440 112 42 36 107
2.048440 112 42 36 107
2.050440 112 42 36 107
2.052440 112 42 36 107
2.054440 112 42 36 107
2.056440 112 42 36 107
2.058440 112 42 36 107
2.060440 112 42 36 107
2.062440 112 42 36 107
2.064440 112 42 36 107
2.066440 112 42 36 107
2.068440 112 42 36 107
2.070440 112 42 36 107
2.072440 113 42 36 107
2.074440 113 42 36 107
2.076440 113 42 36 107
2.078440 113 42 36 107
2.080440 113 42 36 107
2.082440 113 42 36 107
2.084440 113 42 36 107
2.086440 113 42 36 107
2.088440 113 42 36 107
2.090440 113 42 36 107
2.092440 113 42 36 107
2.094440 113 42 36 107
2.096440 113 42 36 107
2.098440 113 42 36 107
2.100440 113 42 36 107
2.102440 113 42 36 107
2.104440 114 41 36 107
2.106440 114 41 36 107
2.108440 114 41 36 107
2.110440 114 41 36 107
2.112440 114 41 36 107
2.114440 114 41 36 107
2.116440 114 41 36 107
2.118440 114 41 36 107
2.120440 114 41 36 107
2.122440 114 40 36 107
2.124440 114 40 36 107
2.126440 114 40 36 107
2.128440 114 40 36 107
2.130440 114 40 36 107
2.132440 114 40 36 107
2.134440 114 40 36 107
2.136440 114 40 36 107
2.138440 115 40 36 108
2.140440 115 40 36 108
2.142440 115 40 36 108
2.144440 115 40 36 108
2.146440 115 40 36 108
2.148440 115 40 36 108
2.150440 115 40 36 108
2.152440 115 40 36 108
2.154440 116 41 37 108
2.156440 116 41 37 108
2.158440 116 41 37 108
2.160440 116 41 37 108
2.162440 116 41 37 108
2.164440 116 41 37 108
2.166440 116 41 37 108
2.168440 116 41 37 108
2.170440 116 41 37 108
2.172440 117 42 37 107
2.174440 117 42 37 107
2.176440 117 42 37 107
2.178440 117 42 37 107
2.180440 117 42 37 107
2.182440 117 42 37 106
2.184440 117 42 37 106
2.186440 117 42 37 106
2.188440 117 42 37 106
2.190440 117 42 37 106
2.192440 117 42 37 106
2.194440 117 42 37 105
2.196440 117 42 37 105
2.198440 117 42 37 105
2.200440 117 42 37 105
2.202440 117 42 37 105
2.204440 117 42 37 105
2.206440 117 42 37 105
2.208440 117 42 37 105
2.210440 117 42 37 105
2.212440 117 42 37 105
2.214440 117 42 37 105
2.216440 117 42 38 105
2.218440 117 42 38 105
2.220440 117 42 38 105
2.222440 118 42 38 106
2.224440 118 42 38 106
2.226440 118 42 38 106
2.228440 118 42 39 106
2.230440 118 42 39 106
2.232440 118 42 39 106
2.234440 118 42 39 106
2.236440 118 42 39 106
2.238440 119 42 40 107
2.240440 119 42 40 107
2.242440 119 42 40 107
2.244440 119 42 40 107
2.246440 119 42 40 107
2.248440 119 42 40 107
2.250440 119 42 40 107
2.252440 119 42 40 107
2.254440 119 42 41 107
2.256440 119 42 41 107
2.258440 119 42 41 107
2.260440 119 42 41 107
2.262440 119 42 41 107
2.264440 119 42 41 107
2.266440 119 42 41 107
2.268440 119 42 41 107
2.270440 119 42 41 107
2.272440 120 41 42 108
2.274440 120 41 42 108
2.276440 120 41 42 108
2.278440 120 41 42 108
2.280440 120 41 42 108
2.282440 120 41 42 108
2.284440 120 41 42 108
2.286440 120 41 42 108
2.288440 120 41 42 108
2.290440 120 41 42 108
2.292440 120 41 42 108
2.294440 120 41 42 108
2.296440 120 41 42 108
2.298440 120 41 42 108
2.300440 120 41 42 108
2.302440 120 41 42 108
2.304440 119 41 43 109
2.306440 119 41 43 109
2.308440 119 41 43 109
2.310440 119 41 43 109
2.312440 119 41 43 109
2.314440 119 41 43 109
2.316440 119 41 43 109
2.318440 119 41 43 109
2.320440 119 41 43 109
2.322440 119 41 43 109
2.324440 119 41 43 109
2.326440 119 41 43 109
2.328440 119 41 43 109
2.330440 119 41 43 109
2.332440 119 41 43 109
2.334440 119 41 43 109
2.336440 119 41 43 109
2.338440 119 41 43 109
2.340440 119 41 43 109
2.342440 119 41 43 109
2.344440 119 42 43 108
2.346440 119 42 43 108
2.348440 119 42 43 108
2.350440 119 43 43 108
2.352440 119 43 43 107
2.354440 120 44 42 107
2.356440 120 44 42 107
2.358440 120 44 42 106
2.360440 120 45 42 106
2.362440 120 45 42 106
2.364440 120 45 42 105
2.366440 120 46 42 105
2.368440 120 46 42 105
2.370440 120 46 42 105
2.372440 121 46 42 105
2.374440 121 46 42 105
2.376440 121 46 42 105
2.378440 121 46 42 105
2.380440 121 46 42 105
2.382440 121 45 42 105
2.384440 121 45 42 105
2.386440 121 45 42 105
2.388440 121 45 42 106
2.390440 121 45 42 106
2.392440 121 45 42 106
2.394440 121 44 42 106
2.396440 121 44 42 106
2.398440 121 44 42 106
2.400440 121 44 42 106
2.402440 121 44 42 106
2.404440 121 44 43 106
2.406440 121 44 43 106
2.408440 121 44 43 106
2.410440 121 44 43 106
2.412440 121 44 43 106
2.414440 121 44 43 106
2.416440 121 45 43 105
2.418440 121 45 43 105
2.420440 121 45 43 105
2.422440 121 45 43 105
2.424440 121 45 43 105
2.426440 121 45 43 105
2.428440 121 46 43 104
2.430440 121 46 43 104
2.432440 121 46 43 104
2.434440 121 46 43 104
2.436440 121 46 43 104
2.438440 120 47 44 103
2.440440 120 47 44 103
2.442440 120 47 44 103
2.444440 120 47 44 103
2.446440 120 47 44 103
2.448440 120 47 44 103
2.450440 120 47 44 103
2.452440 120 47 44 103
2.454440 119 48 45 102
2.456440 119 48 45 102
2.458440 119 48 45 102
2.460440 119 48 45 102
2.462440 119 48 45 102
2.464440 119 48 45 102
2.466440 119 48 45 102
2.468440 119 48 45 102
2.470440 119 48 45 102
2.472440 118 49 46 102
2.474440 118 49 46 102
2.476440 117 49 47 102
2.478440 117 49 47 102
2.480440 116 49 48 102
2.482440 116 49 48 102
2.484440 115 49 49 102
2.486440 115 49 49 102
2.488440 114 49 50 102
2.490440 114 49 50 102
2.492440 113 49 51 102
2.494440 113 49 51 102
2.496440 112 49 52 102
2.498440 112 49 52 102
2.500440 111 49 53 102
2.502440 111 49 53 102
2.504440 111 49 53 101
2.506440 111 49 53 101
2.508440 111 49 53 101
2.510440 111 49 53 101
2.512440 111 49 53 101
2.514440 111 49 53 101
2.516440 112 49 52 100
2.518440 112 49 52 100
2.520440 112 49 52 100
2.522440 112 49 52 100
2.524440 112 49 52 100
2.526440 112 49 52 100
2.528440 113 49 51 99
2.530440 113 49 51 99
2.532440 113 49 51 99
2.534440 113 49 51 99
2.536440 113 49 51 99
2.538440 113 50 51 99
2.540440 113 50 51 99
2.542440 113 50 51 99
2.544440 113 50 51 99
2.546440 113 50 52 99
2.548440 113 50 52 99
2.550440 112 50 52 99
2.552440 112 50 52 99
2.554440 112 50 53 99
2.556440 112 50 53 99
2.558440 112 50 53 99
2.560440 111 50 53 99
2.562440 111 50 53 99
2.564440 111 50 54 99
2.566440 111 50 54 99
2.568440 111 50 54 99
2.570440 111 50 54 99
2.572440 110 49 55 100
2.574440 110 49 55 100
2.576440 110 49 55 100
2.578440 110 49 55 100
2.580440 110 49 55 100
2.582440 110 49 55 100
2.584440 110 49 55 100
2.586440 110 49 55 100
2.588440 110 49 55 101
2.590440 110 49 55 101
2.592440 110 49 55 101
2.594440 110 49 55 101
2.596440 110 49 55 101
2.598440 110 49 55 101
2.600440 110 49 55 101
2.602440 110 49 55 101
2.604440 109 49 55 101
2.606440 109 49 55 101
2.608440 109 49 55 101
2.610440 109 49 55 101
2.612440 109 49 55 101
2.614440 109 49 55 101
2.616440 109 49 55 101
2.618440 109 49 55 101
2.620440 109 49 55 101
2.622440 108 49 56 101
2.624440 108 49 56 101
2.626440 108 49 56 101
2.628440 108 49 56 101
2.630440 108 49 56 101
2.632440 108 49 56 101
2.634440 108 49 56 101
2.636440 108 49 56 101
2.638440 107 50 57 101
2.640440 107 50 57 101
2.642440 107 50 57 101
2.644440 107 50 57 101
2.646440 107 50 57 101
2.648440 107 50 57 101
2.650440 107 50 58 101
2.652440 107 50 58 101
2.654440 106 50 58 101
2.656440 106 50 58 101
2.658440 106 50 58 101
2.660440 106 50 59 101
2.662440 106 50 59 101
2.664440 106 50 59 101
2.666440 106 50 59 101
2.668440 106 50 59 101
2.670440 106 50 59 101
2.672440 105 50 60 101
2.674440 105 50 60 101
2.676440 105 50 60 101
2.678440 105 50 60 101
2.680440 105 50 60 101
2.682440 105 50 60 101
2.684440 105 50 60 101
2.686440 105 50 60 101
2.688440 105 50 60 101
2.690440 105 50 60 101
2.692440 105 50 60 101
2.694440 105 50 60 101
2.696440 105 50 60 101
2.698440 105 50 60 101
2.700440 105 50 60 101
2.702440 105 50 60 101
2.704440 104 51 60 101
2.706440 104 51 60 101
2.708440 104 51 60 101
2.710440 104 51 60 101
2.712440 104 51 60 101
2.714440 104 51 60 101
2.716440 104 51 60 101
2.718440 104 51 60 101
2.720440 104 51 60 101
2.722440 103 51 61 100
2.724440 103 51 61 100
2.726440 103 51 61 100
2.728440 103 51 61 100
2.730440 103 51 61 100
2.732440 103 51 61 100
2.734440 103 51 61 100
2.736440 103 51 61 100
2.738440 102 52 62 100
2.740440 102 52 62 100
2.742440 102 52 62 100
2.744440 102 52 62 100
2.746440 102 52 62 100
2.748440 102 52 62 100
2.750440 101 52 62 100
2.752440 101 52 62 100
2.754440 101 52 63 100
2.756440 101 52 63 100
2.758440 101 52 63 100
2.760440 100 52 63 100
2.762440 100 52 63 100
2.764440 100 52 63 100
2.766440 100 52 63 100
2.768440 100 52 63 100
2.770440 100 52 63 100
2.772440 100 52 63 99
2.774440 100 52 63 99
2.776440 100 52 63 99
2.778440 100 52 63 99
2.780440 100 52 63 99
2.782440 100 52 63 99
2.784440 100 52 63 99
2.786440 100 52 63 99
2.788440 100 52 63 99
2.790440 100 52 63 99
2.792440 100 52 63 99
2.794440 100 52 63 99
2.796440 100 52 63 99
2.798440 100 52 63 99
2.800440 100 52 63 99
2.802440 100 52 63 99
2.804440 100 52 63 99
2.806440 100 52 63 99
2.808440 100 52 63 99
2.810440 100 52 63 99
2.812440 100 52 63 99
2.814440 100 52 63 99
2.816440 99 52 63 99
2.818440 99 52 63 99
2.820440 99 52 63 99
2.822440 99 52 63 99
2.824440 99 52 63 99
2.826440 99 52 63 99
2.828440 98 52 63 99
2.830440 98 52 63 99
2.832440 98 52 63 99
2.834440 98 52 63 99
2.836440 98 52 63 99
2.838440 97 52 63 99
2.840440 97 52 63 99
2.842440 96 52 64 99
2.844440 95 52 65 99
2.846440 94 52 65 99
2.848440 94 52 66 99
2.850440 93 52 66 99
2.852440 92 52 67 99
2.854440 91 52 68 99
2.856440 91 52 68 99
2.858440 90 52 69 99
2.860440 89 52 69 99
2.862440 89 52 70 99
2.864440 88 52 71 99
2.866440 87 52 71 99
2.868440 86 52 72 99
2.870440 86 52 72 99
2.872440 86 52 72 98
2.874440 87 52 71 98
2.876440 87 52 71 98
2.878440 88 52 70 98
2.880440 89 52 70 98
2.882440 89 52 69 98
2.884440 90 52 68 98
2.886440 91 52 68 98
2.888440 91 52 67 97
2.890440 92 52 67 97
2.892440 93 52 66 97
2.894440 93 52 65 97
2.896440 94 52 65 97
2.898440 95 52 64 97
2.900440 95 52 64 97
2.902440 96 52 63 97
2.904440 97 52 63 97
2.906440 97 52 63 97
2.908440 97 52 63 97
2.910440 97 52 63 97
2.912440 97 52 63 97
2.914440 97 52 63 97
2.916440 97 52 63 97
2.918440 97 52 63 97
2.920440 97 52 63 97
2.922440 97 52 63 98
2.924440 97 52 63 98
2.926440 97 52 63 98
2.928440 97 52 63 98
2.930440 97 52 63 98
2.932440 97 52 63 98
2.934440 97 52 63 98
2.936440 97 52 63 98
2.938440 97 52 64 98
2.940440 97 52 64 98
2.942440 97 52 64 98
2.944440 97 52 64 98
2.946440 97 52 64 98
2.948440 97 52 64 98
2.950440 97 52 64 98
2.952440 97 52 64 98
2.954440 97 52 64 98
2.956440 97 52 64 98
2.958440 97 52 64 98
2.960440 97 52 64 98
2.962440 97 52 64 98
2.964440 97 52 64 98
2.966440 97 52 64 98
2.968440 97 52 64 98
2.970440 97 52 64 98
2.972440 97 51 64 97
2.974440 97 51 64 97
2.976440 97 51 64 97
2.978440 98 51 64 97
2.980440 98 51 63 97
2.982440 99 51 63 96
2.984440 99 51 63 96
2.986440 99 51 63 96
2.988440 100 51 62 96
2.990440 100 51 62 96
2.992440 100 51 62 96
2.994440 101 51 62 95
2.996440 101 51 61 95
2.998440 101 51 61 95
3.000440 102 51 61 95
3.002440 102 51 61 95
3.004440 103 51 61 94
3.006440 103 51 61 94
3.008440 103 51 61 94
3.010440 103 51 61 94
3.012440 103 51 61 94
3.014440 103 51 61 94
3.016440 103 51 61 94
3.018440 103 51 61 94
3.020440 103 51 61 94
3.022440 103 52 62 94
3.024440 103 52 62 94
3.026440 103 52 62 94
3.028440 103 52 62 94
3.030440 103 52 62 94
3.032440 103 52 62 94
3.034440 103 52 62 94
3.036440 103 52 62 94
3.038440 103 52 63 94
3.040440 103 52 63 94
3.042440 103 52 63 94
3.044440 103 52 63 94
3.046440 103 52 63 94
3.048440 103 52 63 94
3.050440 102 52 63 94
3.052440 102 52 63 94
3.054440 102 52 64 94
3.056440 102 52 64 94
3.058440 102 52 64 94
3.060440 101 52 64 94
3.062440 101 52 64 94
3.064440 101 52 64 94
3.066440 101 52 64 94
3.068440 101 52 64 94
3.070440 101 52 64 94
3.072440 101 51 64 95
3.074440 101 51 64 95
3.076440 101 51 64 95
3.078440 102 51 63 96
3.080440 102 51 63 96
3.082440 102 51 62 96
3.084440 103 51 62 97
3.086440 103 51 62 97
3.088440 103 50 61 97
3.090440 103 50 61 97
3.092440 104 50 61 98
3.094440 104 50 60 98
3.096440 104 50 60 98
3.098440 105 50 60 99
3.100440 105 50 59 99
3.102440 105 50 59 99
3.104440 105 50 59 99
3.106440 105 50 59 99
3.108440 105 50 59 99
3.110440 105 50 59 99
3.112440 105 50 59 99
3.114440 105 50 60 99
3.116440 105 50 60 98
3.118440 105 50 60 98
3.120440 105 50 60 98
3.122440 105 50 61 98
3.124440 105 50 61 98
3.126440 105 50 61 98
3.128440 105 50 61 97
3.130440 105 50 62 97
3.132440 105 50 62 97
3.134440 105 50 62 97
3.136440 105 50 62 97
3.138440 105 50 62 97
3.140440 105 50 62 97
3.142440 105 50 62 97
3.144440 105 50 62 97
3.146440 105 50 62 97
3.148440 105 50 62 97
3.150440 105 50 62 97
3.152440 105 50 62 97
3.154440 105 50 62 97
3.156440 105 50 62 97
3.158440 105 50 62 97
3.160440 105 50 62 97
3.162440 105 50 62 97
3.164440 105 50 62 97
3.166440 105 50 62 97
3.168440 105 50 62 97
3.170440 105 50 62 97
3.172440 106 50 62 97
3.174440 106 50 62 97
3.176440 106 50 62 97
3.178440 106 50 62 97
3.180440 106 50 62 97
3.182440 106 50 62 97
3.184440 106 50 62 97
3.186440 106 50 62 97
3.188440 106 50 62 97
3.190440 106 50 62 97
3.192440 106 50 62 97
3.194440 106 50 62 97
3.196440 106 50 62 97
3.198440 106 50 62 97
3.200440 106 50 62 97
3.202440 106 50 62 97
3.204440 107 49 61 98
3.206440 107 49 61 98
3.208440 107 49 61 98
3.210440 107 49 61 98
3.212440 107 49 61 98
3.214440 107 49 61 98
3.216440 108 49 60 98
3.218440 108 49 60 98
3.220440 108 49 60 98
3.222440 108 49 60 99
3.224440 108 49 60 99
3.226440 108 49 60 99
3.228440 109 49 59 99
3.230440 109 49 59 99
3.232440 109 49 59 99
3.234440 109 49 59 99
3.236440 109 49 59 99
3.238440 110 49 58 99
3.240440 110 49 58 99
3.242440 110 49 58 99
3.244440 110 49 58 99
3.246440 110 49 58 99
3.248440 110 49 58 99
3.250440 110 49 58 99
3.252440 110 49 58 99
3.254440 110 50 58 99
3.256440 110 50 58 99
3.258440 110 50 58 99
3.260440 110 50 58 99
3.262440 110 50 58 99
3.264440 110 50 58 99
3.266440 110 50 58 99
3.268440 110 50 58 99
3.270440 110 50 58 99
3.272440 111 51 57 99
3.274440 111 51 57 99
3.276440 111 51 57 99
3.278440 111 51 57 99
3.280440 111 51 57 99
3.282440 111 51 57 99
3.284440 111 51 57 99
3.286440 111 51 57 99
3.288440 112 51 57 99
3.290440 112 51 57 99
3.292440 112 51 57 99
3.294440 112 51 57 99
3.296440 112 51 57 99
3.298440 112 51 57 99
3.300440 112 51 57 99
3.302440 112 51 57 99
3.304440 113 50 57 98
3.306440 113 50 57 98
3.308440 113 50 57 98
3.310440 113 50 57 98
3.312440 113 50 57 98
3.314440 113 50 57 98
3.316440 113 50 57 98
3.318440 113 50 57 98
3.320440 113 50 57 98
3.322440 113 50 58 98
3.324440 113 50 58 98
3.326440 113 50 58 98
3.328440 113 50 58 98
3.330440 113 50 58 98
3.332440 113 50 58 98
3.334440 113 50 58 98
3.336440 113 50 58 98
3.338440 114 50 59 98
3.340440 114 50 59 98
3.342440 114 50 59 98
3.344440 114 50 59 98
3.346440 114 50 59 98
3.348440 114 50 59 98
3.350440 114 50 59 98
3.352440 114 50 59 98
3.354440 114 50 60 98
3.356440 114 50 60 98
3.358440 114 50 60 98
3.360440 114 50 60 98
3.362440 114 50 60 98
3.364440 114 50 60 98
3.366440 114 50 60 98
3.368440 114 50 60 98
3.370440 114 50 60 98
3.372440 114 51 60 98
3.374440 114 51 60 98
3.376440 114 51 60 98
3.378440 114 51 60 98
3.380440 114 51 60 98
3.382440 114 51 59 98
3.384440 114 51 59 98
3.386440 114 51 59 98
3.388440 114 51 59 99
3.390440 114 51 59 99
3.392440 114 51 59 99
3.394440 114 51 58 99
3.396440 114 51 58 99
3.398440 114 51 58 99
3.400440 114 51 58 99
3.402440 114 51 58 99
3.404440 114 50 57 100
3.406440 114 50 57 100
3.408440 114 50 57 100
3.410440 114 50 57 100
3.412440 115 50 57 100
3.414440 115 50 57 100
3.416440 115 49 57 100
3.418440 116 49 57 100
3.420440 116 49 57 100
3.422440 116 49 57 101
3.424440 117 49 57 101
3.426440 117 49 57 101
3.428440 117 48 57 101
3.430440 117 48 57 101
3.432440 118 48 57 101
3.434440 118 48 57 101
3.436440 118 48 57 101
3.438440 119 48 56 102
3.440440 119 48 56 102
3.442440 119 48 56 102
3.444440 119 48 56 102
3.446440 119 48 56 102
3.448440 119 48 56 102
3.450440 119 48 56 102
3.452440 119 48 56 102
3.454440 120 48 55 102
3.456440 120 48 55 102
3.458440 120 48 55 102
3.460440 120 48 55 102
3.462440 120 48 55 102
3.464440 120 48 55 102
3.466440 120 48 55 102
3.468440 120 48 55 102
3.470440 120 48 55 102
3.472440 121 47 54 102
3.474440 121 47 54 102
3.476440 121 47 54 102
3.478440 121 47 54 102
3.480440 121 47 54 102
3.482440 122 47 54 102
3.484440 122 47 54 102
3.486440 122 47 54 102
3.488440 122 47 53 102
3.490440 122 47 53 102
3.492440 122 47 53 102
3.494440 123 47 53 102
3.496440 123 47 53 102
3.498440 123 47 53 102
3.500440 123 47 53 102
3.502440 123 47 53 102
3.504440 124 47 53 102
3.506440 124 47 53 102
3.508440 124 47 53 102
3.510440 124 47 53 102
3.512440 124 47 53 102
3.514440 124 47 53 102
3.516440 124 47 53 102
3.518440 124 47 53 102
3.520440 124 47 53 102
3.522440 124 47 53 102
3.524440 124 47 53 102
3.526440 124 47 53 102
3.528440 124 47 53 102
3.530440 124 47 53 102
3.532440 124 47 53 102
3.534440 124 47 53 102
3.536440 124 47 53 102
3.538440 124 46 52 102
3.540440 124 46 52 102
3.542440 124 46 52 102
3.544440 124 46 52 102
3.546440 124 46 52 102
3.548440 124 46 52 102
3.550440 124 46 52 102
3.552440 124 46 52 102
3.554440 124 45 52 103
3.556440 124 45 52 103
3.558440 124 45 52 103
3.560440 124 45 52 103
3.562440 124 45 52 103
3.564440 124 45 52 103
3.566440 124 45 52 103
3.568440 124 45 52 103
3.570440 124 45 52 103
3.572440 125 45 52 104
3.574440 125 45 52 104
3.576440 125 45 52 104
3.578440 125 45 52 104
3.580440 125 45 52 104
3.582440 125 45 52 104
3.584440 125 45 52 104
3.586440 125 45 52 104
3.588440 126 45 52 105
3.590440 126 45 52 105
3.592440 126 45 52 105
3.594440 126 45 52 105
3.596440 126 45 52 105
3.598440 126 45 52 105
3.600440 126 45 52 105
3.602440 126 45 52 105
3.604440 127 45 51 105
3.606440 127 45 51 105
3.608440 127 45 51 105
3.610440 127 45 51 105
3.612440 127 45 51 105
3.614440 127 45 51 105
3.616440 127 45 50 105
3.618440 127 45 50 105
3.620440 127 45 50 105
3.622440 128 46 50 104
3.624440 128 46 50 104
3.626440 128 46 50 104
3.628440 128 46 49 104
3.630440 128 46 49 104
3.632440 128 46 49 104
3.634440 128 46 49 104
3.636440 128 46 49 104
3.638440 129 47 48 103
3.640440 129 47 48 103
3.642440 129 47 48 103
3.644440 129 47 48 103
3.646440 129 47 48 103
3.648440 129 47 48 103
3.650440 129 47 48 103
3.652440 129 47 48 103
3.654440 129 47 48 102
3.656440 129 47 48 102
3.658440 129 47 48 102
3.660440 129 47 48 102
3.662440 129 47 48 102
3.664440 129 47 48 102
3.666440 129 47 48 102
3.668440 129 47 48 102
3.670440 129 47 48 102
3.672440 128 48 48 101
3.674440 128 48 48 101
3.676440 128 48 48 101
3.678440 128 48 49 101
3.680440 128 48 49 101
3.682440 128 48 49 100
3.684440 128 48 50 100
3.686440 128 48 50 100
3.688440 128 48 50 100
3.690440 128 48 50 100
3.692440 128 48 51 100
3.694440 128 48 51 99
3.696440 128 48 51 99
3.698440 128 48 52 99
3.700440 128 48 52 99
3.702440 128 48 52 99
3.704440 128 49 53 98
3.706440 128 49 53 98
3.708440 128 49 53 98
3.710440 128 49 53 98
3.712440 128 49 53 98
3.714440 128 49 53 98
3.716440 129 49 53 97
3.718440 129 49 53 97
3.720440 129 49 53 97
3.722440 129 50 53 97
3.724440 129 50 53 97
3.726440 129 50 53 97
3.728440 130 50 53 96
3.730440 130 50 53 96
3.732440 130 50 53 96
3.734440 130 50 53 96
3.736440 130 50 53 96
3.738440 131 51 54 95
3.740440 131 51 54 95
3.742440 131 51 54 95
3.744440 131 51 55 95
3.746440 131 51 55 95
3.748440 131 51 55 95
3.750440 131 51 55 95
3.752440 131 51 56 95
3.754440 131 51 56 94
3.756440 131 51 56 94
3.758440 131 51 57 94
3.760440 131 51 57 94
3.762440 131 51 57 94
3.764440 131 51 58 94
3.766440 131 51 58 94
3.768440 131 51 58 94
3.770440 131 51 58 94
3.772440 132 52 58 94
3.774440 132 52 58 94
3.776440 132 52 58 94
3.778440 132 52 58 94
3.780440 132 52 58 94
3.782440 133 52 58 94
3.784440 133 52 58 94
3.786440 133 52 58 94
3.788440 133 52 57 95
3.790440 133 52 57 95
3.792440 133 52 57 95
3.794440 134 52 57 95
3.796440 134 52 57 95
3.798440 134 52 57 95
3.800440 134 52 57 95
3.802440 134 52 57 95
3.804440 135 51 57 96
3.806440 135 51 57 96
3.808440 135 51 57 96
3.810440 135 51 57 96
3.812440 135 51 57 96
3.814440 135 51 57 96
3.816440 135 51 57 96
3.818440 135 51 57 96
3.820440 135 51 57 96
3.822440 136 51 57 96
3.824440 136 51 57 96
3.826440 136 51 57 96
3.828440 136 51 57 96
3.830440 136 51 57 96
3.832440 136 51 57 96
3.834440 136 51 57 96
3.836440 136 51 57 96
3.838440 137 51 58 96
3.840440 137 51 58 96
3.842440 137 51 58 96
3.844440 137 51 58 96
3.846440 137 51 58 96
3.848440 137 51 58 96
3.850440 137 51 58 97
3.852440 137 51 58 97
3.854440 137 51 58 97
3.856440 137 51 58 97
3.858440 137 51 58 97
3.860440 137 51 58 98
3.862440 137 51 58 98
3.864440 137 51 58 98
3.866440 137 51 58 98
3.868440 137 51 58 98
3.870440 137 51 58 98
3.872440 138 51 59 99
3.874440 138 51 59 99
3.876440 138 51 59 99
3.878440 138 51 59 99
3.880440 138 51 59 99
3.882440 138 51 59 99
3.884440 138 51 59 99
3.886440 138 51 59 99
3.888440 138 51 59 99
3.890440 138 51 59 99
3.892440 138 51 59 99
3.894440 138 51 59 99
3.896440 138 51 59 99
3.898440 138 51 59 99
3.900440 138 51 59 99
3.902440 138 51 59 99
3.904440 139 51 58 99
3.906440 139 51 58 99
3.908440 139 51 58 99
3.910440 139 51 58 99
3.912440 139 51 58 99
3.914440 139 51 58 99
3.916440 140 51 58 99
3.918440 140 51 58 99
3.920440 140 51 58 99
3.922440 140 51 57 98
3.924440 140 51 57 98
3.926440 140 51 57 98
3.928440 141 51 57 98
3.930440 141 51 57 98
3.932440 141 51 57 98
3.934440 141 51 57 98
3.936440 141 51 57 98
3.938440 142 50 56 98
3.940440 142 50 56 98
3.942440 142 50 56 98
3.944440 142 50 56 98
3.946440 142 50 56 98
3.948440 142 50 56 98
3.950440 143 50 56 98
3.952440 143 50 56 98
3.954440 143 50 56 98
3.956440 143 50 56 98
3.958440 143 50 56 98
3.960440 144 50 56 98
3.962440 144 50 56 98
3.964440 144 50 56 98
3.966440 144 50 56 98
3.968440 144 50 56 98
3.970440 144 50 56 98
3.972440 145 50 55 99
3.974440 145 50 55 99
3.976440 146 50 55 99
3.978440 146 50 55 99
3.980440 146 50 54 99
3.982440 147 50 54 99
3.984440 147 50 54 99
3.986440 148 50 54 99
3.988440 148 50 53 99
3.990440 149 50 53 99
3.992440 149 50 53 99
3.994440 149 50 53 99
3.996440 150 50 52 99
3.998440 150 50 52 99
4.000440 151 50 52 99
4.002440 151 50 52 99
4.004440 151 49 52 99
4.006440 151 49 52 99
4.008440 151 49 52 99
4.010440 151 49 52 99
4.012440 151 49 52 99
4.014440 151 49 52 99
4.016440 151 48 52 99
4.018440 151 48 52 99
4.020440 151 48 52 99
4.022440 151 48 52 100
4.024440 151 48 52 100
4.026440 151 48 52 100
4.028440 151 47 52 100
4.030440 151 47 52 100
4.032440 151 47 52 100
4.034440 151 47 52 100
4.036440 151 47 52 100
4.038440 151 46 52 101
4.040440 151 46 52 101
4.042440 151 46 52 101
4.044440 152 46 52 101
4.046440 152 46 52 101
4.048440 152 46 52 101
4.050440 152 46 51 101
4.052440 153 46 51 101
4.054440 153 46 51 101
4.056440 153 46 51 101
4.058440 154 46 51 101
4.060440 154 46 50 101
4.062440 154 46 50 101
4.064440 155 46 50 101
4.066440 155 46 50 101
4.068440 155 46 50 101
4.070440 155 46 50 101
4.072440 156 45 49 101
4.074440 156 45 49 101
4.076440 156 45 49 101
4.078440 156 45 49 101
4.080440 156 45 49 101
4.082440 156 45 49 102
4.084440 156 45 49 102
4.086440 156 45 49 102
4.088440 157 45 48 102
4.090440 157 45 48 102
4.092440 157 45 48 102
4.094440 157 45 48 103
4.096440 157 45 48 103
4.098440 157 45 48 103
4.100440 157 45 48 103
4.102440 157 45 48 103
4.104440 158 44 48 104
4.106440 158 44 48 104
4.108440 158 44 48 104
4.110440 158 44 48 104
4.112440 158 44 48 104
4.114440 158 44 48 104
4.116440 158 44 48 104
4.118440 158 44 48 104
4.120440 158 44 48 104
4.122440 158 43 48 104
4.124440 158 43 48 104
4.126440 158 43 48 104
4.128440 158 43 48 104
4.130440 158 43 48 104
4.132440 158 43 48 104
4.134440 158 43 48 104
4.136440 158 43 48 104
4.138440 159 42 47 104
4.140440 159 42 47 104
4.142440 159 42 47 104
4.144440 159 42 47 104
4.146440 159 42 47 104
4.148440 159 42 47 104
4.150440 159 42 47 104
4.152440 159 42 47 104
4.154440 160 42 46 104
4.156440 160 42 46 104
4.158440 160 42 46 104
4.160440 160 42 46 104
4.162440 160 42 46 104
4.164440 160 42 46 104
4.166440 160 42 46 104
4.168440 160 42 46 104
4.170440 160 42 46 104
4.172440 161 42 45 105
4.174440 161 42 45 105
4.176440 161 42 45 105
4.178440 162 42 45 105
4.180440 162 42 45 105
4.182440 162 42 44 105
4.184440 163 42 44 105
4.186440 163 42 44 105
4.188440 163 42 44 105
4.190440 163 42 44 105
4.192440 164 42 44 105
4.194440 164 42 43 105
4.196440 164 42 43 105
4.198440 165 42 43 105
4.200440 165 42 43 105
4.202440 165 42 43 105
4.204440 166 43 42 105
4.206440 166 43 42 105
4.208440 166 43 42 105
4.210440 166 43 42 105
4.212440 166 43 42 105
4.214440 166 43 41 105
4.216440 166 43 41 105
4.218440 166 43 41 105
4.220440 166 43 41 105
4.222440 166 43 40 105
4.224440 166 43 40 105
4.226440 166 43 40 105
4.228440 166 43 40 105
4.230440 166 43 39 105
4.232440 166 43 39 105
4.234440 166 43 39 105
4.236440 166 43 39 105
4.238440 166 44 38 104
4.240440 166 44 38 104
4.242440 166 44 38 104
4.244440 166 44 38 104
4.246440 166 44 38 104
4.248440 166 44 38 104
4.250440 166 44 38 104
4.252440 166 44 38 104
4.254440 167 44 37 103
4.256440 167 44 37 103
4.258440 167 44 37 103
4.260440 167 44 37 103
4.262440 167 44 37 103
4.264440 167 44 37 103
4.266440 167 44 37 103
4.268440 167 44 37 103
4.270440 167 44 37 103
4.272440 168 45 37 102
4.274440 168 45 37 102
4.276440 168 45 37 102
4.278440 168 45 37 102
4.280440 168 45 37 102
4.282440 168 45 37 102
4.284440 168 45 37 102
4.286440 168 45 37 102
4.288440 169 45 37 101
4.290440 169 45 37 101
4.292440 169 45 37 101
4.294440 169 45 37 101
4.296440 169 45 37 101
4.298440 169 45 37 101
4.300440 169 45 37 101
4.302440 169 45 37 101
4.304440 170 46 36 101
4.306440 170 46 36 101
4.308440 170 46 36 101
4.310440 170 46 36 101
4.312440 170 46 36 101
4.314440 170 46 36 101
4.316440 170 46 36 101
4.318440 170 46 36 101
4.320440 170 46 36 101
4.322440 170 46 36 101
4.324440 170 46 36 101
4.326440 170 46 36 101
4.328440 170 46 36 101
4.330440 170 46 36 101
4.332440 170 46 36 101
4.334440 170 46 36 101
4.336440 170 46 36 101
4.338440 170 47 35 101
4.340440 170 47 35 101
4.342440 170 47 35 101
4.344440 170 47 35 101
4.346440 170 47 35 101
4.348440 170 47 35 101
4.350440 171 47 35 102
4.352440 171 47 35 102
4.354440 171 47 34 102
4.356440 171 47 34 102
4.358440 171 47 34 102
4.360440 172 47 34 103
4.362440 172 47 34 103
4.364440 172 47 34 103
4.366440 172 47 34 103
4.368440 172 47 34 103
4.370440 172 47 34 103
4.372440 173 47 34 103
4.374440 173 47 34 103
4.376440 173 47 34 103
4.378440 173 47 34 103
4.380440 173 47 34 103
4.382440 173 47 34 103
4.384440 173 47 34 103
4.386440 173 47 34 103
4.388440 173 47 35 103
4.390440 173 47 35 103
4.392440 173 47 35 103
4.394440 173 47 35 103
4.396440 173 47 35 103
4.398440 173 47 35 103
4.400440 173 47 35 103
4.402440 173 47 35 103
4.404440 173 47 36 102
4.406440 173 47 36 102
4.408440 173 47 36 102
4.410440 173 47 36 102
4.412440 173 47 36 102
4.414440 173 47 36 102
4.416440 173 47 36 102
4.418440 173 47 36 102
4.420440 173 47 36 102
4.422440 173 47 36 102
4.424440 173 47 36 102
4.426440 173 47 36 102
4.428440 173 47 36 102
4.430440 173 47 36 102
4.432440 173 47 36 102
4.434440 173 47 36 102
4.436440 173 47 36 102
4.438440 173 47 37 102
4.440440 173 47 37 102
4.442440 173 47 37 102
4.444440 173 47 37 102
4.446440 173 47 37 102
4.448440 173 47 37 102
4.450440 173 47 37 102
4.452440 173 47 37 102
4.454440 173 47 37 102
4.456440 173 47 37 102
4.458440 173 47 37 102
4.460440 173 47 37 102
4.462440 173 47 37 102
4.464440 173 47 37 102
4.466440 173 47 37 102
4.468440 173 47 37 102
4.470440 173 47 37 102
4.472440 173 46 37 103
4.474440 173 46 37 103
4.476440 173 46 37 103
4.478440 173 46 37 103
4.480440 173 46 37 103
4.482440 173 46 37 103
4.484440 173 46 37 103
4.486440 173 46 37 103
4.488440 173 46 37 103
4.490440 173 46 37 103
4.492440 173 46 37 103
4.494440 173 46 37 103
4.496440 173 46 37 103
4.498440 173 46 37 103
4.500440 173 46 37 103
4.502440 173 46 37 103
4.504440 174 46 37 104
4.506440 174 46 37 104
4.508440 174 46 37 104
4.510440 174 46 37 104
4.512440 174 46 37 104
4.514440 174 46 37 104
4.516440 174 46 37 104
4.518440 174 46 37 104
4.520440 174 46 37 104
4.522440 174 46 37 104
4.524440 174 46 37 104
4.526440 174 46 37 104
4.528440 174 46 37 104
4.530440 174 46 37 104
4.532440 174 46 37 104
4.534440 174 46 37 104
4.536440 174 46 37 104
4.538440 174 46 37 104
4.540440 174 46 37 104
4.542440 174 46 37 104
4.544440 174 46 37 104
4.546440 174 46 37 104
4.548440 174 46 37 104
4.550440 174 46 37 104
4.552440 174 46 37 104
4.554440 174 46 38 104
4.556440 174 46 38 104
4.558440 174 46 38 104
4.560440 174 46 38 104
4.562440 174 46 38 104
4.564440 174 46 38 104
4.566440 174 46 38 104
4.568440 174 46 38 104
4.570440 174 46 38 104
4.572440 174 46 38 104
4.574440 174 46 38 104
4.576440 174 46 38 104
4.578440 174 46 38 104
4.580440 174 46 38 104
4.582440 174 46 38 104
4.584440 174 46 38 104
4.586440 174 46 38 104
4.588440 174 46 37 104
4.590440 174 46 37 104
4.592440 174 46 37 104
4.594440 174 46 37 104
4.596440 174 46 37 104
4.598440 174 46 37 104
4.600440 174 46 37 104
4.602440 174 46 37 104
4.604440 174 46 37 104
4.606440 174 46 37 104
4.608440 174 46 37 104
4.610440 174 46 37 104
4.612440 174 46 37 104
4.614440 174 46 37 104
4.616440 174 46 37 104
4.618440 174 46 37 104
4.620440 174 46 37 104
4.622440 174 46 37 103
4.624440 174 46 37 103
4.626440 174 46 37 103
4.628440 174 46 37 103
4.630440 174 46 37 103
4.632440 174 46 37 103
4.634440 174 46 37 103
4.636440 174 46 37 103
4.638440 174 46 37 103
4.640440 174 46 37 103
4.642440 174 46 37 103
4.644440 174 46 37 103
4.646440 174 46 37 103
4.648440 174 46 37 103
4.650440 174 46 37 103
4.652440 174 46 37 103
4.654440 174 46 37 103
4.656440 174 46 37 103
4.658440 174 46 37 103
4.660440 174 46 37 103
4.662440 174 46 37 103
4.664440 174 46 37 103
4.666440 174 46 37 103
4.668440 174 46 37 103
4.670440 174 46 37 103
4.672440 175 46 37 103
4.674440 175 46 37 103
4.676440 175 46 37 103
4.678440 175 46 37 103
4.680440 175 46 37 103
4.682440 175 46 37 103
4.684440 175 46 37 103
4.686440 175 46 37 103
4.688440 175 46 37 103
4.690440 175 46 37 103
4.692440 175 46 37 103
4.694440 175 46 37 103
4.696440 175 46 37 103
4.698440 175 46 37 103
4.700440 175 46 37 103
4.702440 175 46 37 103
4.704440 174 46 38 103
4.706440 174 46 38 103
4.708440 174 46 38 103
4.710440 174 46 38 103
4.712440 174 46 38 103
4.714440 174 46 38 103
4.716440 174 46 38 103
4.718440 174 46 38 103
4.720440 174 46 38 103
4.722440 174 46 38 103
4.724440 174 46 38 103
4.726440 174 46 38 103
4.728440 174 46 38 103
4.730440 174 46 38 103
4.732440 174 46 38 103
4.734440 174 46 38 103
4.736440 174 46 38 103
4.738440 174 46 38 103
4.740440 174 46 38 103
4.742440 174 46 38 103
4.744440 174 46 38 103
4.746440 174 46 38 103
4.748440 174 46 38 103
4.750440 174 46 38 103
4.752440 174 46 38 103
4.754440 174 46 38 103
4.756440 174 46 38 103
4.758440 174 46 38 103
4.760440 174 46 38 103
4.762440 174 46 38 103
4.764440 174 46 38 103
4.766440 174 46 38 103
4.768440 174 46 38 103
4.770440 174 46 38 103
4.772440 175 46 37 103
4.774440 175 46 37 103
4.776440 175 46 37 103
4.778440 175 46 37 103
4.780440 175 46 37 103
4.782440 175 46 37 103
4.784440 175 46 37 103
4.786440 175 46 37 103
4.788440 175 46 37 103
4.790440 175 46 37 103
4.792440 175 46 37 103
4.794440 175 46 37 103
4.796440 175 46 37 103
4.798440 175 46 37 103
4.800440 175 46 37 103
4.802440 175 46 37 103
4.804440 175 46 37 103
4.806440 175 46 37 103
4.808440 175 46 37 103
4.810440 175 46 37 103
4.812440 175 46 37 103
4.814440 175 46 37 103
4.816440 175 46 37 103
4.818440 175 46 37 103
4.820440 175 46 37 103
4.822440 175 46 37 103
4.824440 175 46 37 103
4.826440 175 46 37 103
4.828440 175 46 37 103
4.830440 175 46 37 103
4.832440 175 46 37 103
4.834440 175 46 37 103
4.836440 175 46 37 103
4.838440 176 46 37 103
4.840440 176 46 37 103
4.842440 176 46 37 103
4.844440 176 46 37 103
4.846440 176 46 37 103
4.848440 176 46 37 103
4.850440 176 46 37 103
4.852440 176 46 37 103
4.854440 176 46 37 103
4.856440 176 46 37 103
4.858440 176 46 37 103
4.860440 176 46 37 103
4.862440 176 46 37 103
4.864440 176 46 37 103
4.866440 176 46 37 103
4.868440 176 46 37 103
4.870440 176 46 37 103
4.872440 177 47 37 103
4.874440 177 47 37 103
4.876440 177 47 37 103
4.878440 177 47 37 103
4.880440 177 47 37 103
4.882440 177 47 37 103
4.884440 177 47 37 103
4.886440 177 47 37 103
4.888440 177 47 37 103
4.890440 177 47 37 103
4.892440 177 47 37 103
4.894440 177 47 37 103
4.896440 177 47 37 103
4.898440 177 47 37 103
4.900440 177 47 37 103
4.902440 177 47 37 103
4.904440 178 47 37 103
4.906440 178 47 37 103
4.908440 178 47 37 103
4.910440 178 47 37 103
4.912440 178 47 37 103
4.914440 178 47 37 103
4.916440 178 47 37 103
4.918440 178 47 37 103
4.920440 178 47 37 103
4.922440 178 47 37 103
4.924440 178 47 37 103
4.926440 178 47 37 103
4.928440 178 47 37 103
4.930440 178 47 37 103
4.932440 178 47 37 103
4.934440 178 47 37 103
4.936440 178 47 37 103
4.938440 178 47 36 102
4.940440 178 47 36 102
4.942440 178 47 36 102
4.944440 178 47 36 102
4.946440 178 47 36 102
4.948440 178 47 36 102
4.950440 178 47 36 102
4.952440 178 47 36 102
4.954440 178 47 36 102
4.956440 178 47 36 102
4.958440 178 47 36 102
4.960440 178 47 36 102
4.962440 178 47 36 102
4.964440 178 47 36 102
4.966440 178 47 36 102
4.968440 178 47 36 102
4.970440 178 47 36 102
4.972440 178 47 35 102
4.974440 178 47 35 102
4.976440 178 47 35 102
4.978440 178 47 35 102
4.980440 178 47 35 102
4.982440 178 47 35 102
4.984440 178 47 35 102
4.986440 178 47 35 102
4.988440 178 47 35 102
4.990440 178 47 35 102
4.992440 178 47 35 102
4.994440 178 47 35 102
4.996440 178 47 35 102
4.998440 178 47 35 102
5.000440 178 47 35 102
5.002440 178 47 35 102
5.004440 179 47 34 101
5.006440 179 47 34 101
5.008440 179 47 34 101
5.010440 179 47 34 101
5.012440 179 47 34 101
5.014440 179 47 34 101
5.016440 179 47 34 101
5.018440 179 47 34 101
5.020440 179 47 34 101
5.022440 179 47 34 101
5.024440 179 47 34 101
5.026440 179 47 34 101
5.028440 179 47 34 101
5.030440 179 47 34 101
5.032440 179 47 34 101
5.034440 179 47 34 101
5.036440 179 47 34 101
5.038440 179 47 34 101
5.040440 179 47 34 101
5.042440 179 47 34 101
5.044440 179 47 34 101
5.046440 179 47 34 101
5.048440 179 47 34 101
5.050440 179 47 34 101
5.052440 179 47 34 101
5.054440 179 47 34 102
5.056440 179 47 34 102
5.058440 179 47 34 102
5.060440 179 47 34 102
5.062440 179 47 34 102
5.064440 179 47 34 102
5.066440 179 47 34 102
5.068440 179 47 34 102
5.070440 179 47 34 102
5.072440 179 47 34 103
5.074440 179 47 34 103
5.076440 179 47 34 103
5.078440 179 47 34 103
5.080440 179 47 34 103
5.082440 179 47 34 103
5.084440 179 47 34 103
5.086440 179 47 34 103
5.088440 179 47 34 103
5.090440 179 47 34 103
5.092440 179 47 34 103
5.094440 179 47 34 103
5.096440 179 47 34 103
5.098440 179 47 34 103
5.100440 179 47 34 103
5.102440 179 47 34 103
5.104440 180 48 33 102
5.106440 180 48 33 102
5.108440 180 48 33 102
5.110440 180 48 33 102
5.112440 180 48 33 102
5.114440 180 48 33 102
5.116440 180 48 33 102
5.118440 180 48 33 102
5.120440 180 48 33 102
5.122440 181 49 33 102
5.124440 181 49 33 102
5.126440 181 49 33 102
5.128440 181 49 33 102
5.130440 181 49 33 102
5.132440 181 49 33 102
5.134440 181 49 33 102
5.136440 181 49 33 102
