0.027162 47 68 5 6
0.029162 46 68 5 6
0.031162 46 68 5 6
0.033162 46 68 5 6
0.035162 46 68 6 6
0.037162 45 68 6 7
0.039162 45 68 6 7
0.041162 45 68 7 7
0.043162 45 68 7 7
0.045162 44 68 7 8
0.047162 44 68 7 8
0.049162 44 68 8 8
0.051162 44 68 8 8
0.053162 43 68 8 9
0.055162 43 68 9 9
0.057162 43 68 9 9
0.059162 43 68 9 9
0.061162 42 69 10 10
0.063162 42 69 10 10
0.065162 42 69 10 10
0.067162 42 69 10 10
0.069162 41 70 10 10
0.071162 41 70 10 10
0.073162 41 70 10 10
0.075162 41 70 10 10
0.077162 41 70 10 10
0.079162 40 71 10 10
0.081162 40 71 10 10
0.083162 40 71 10 10
0.085162 40 71 10 10
0.087162 39 72 10 10
0.089162 39 72 10 10
0.091162 39 72 10 10
0.093162 39 72 10 10
0.095162 38 73 10 10
0.097162 38 73 10 10
0.099162 38 73 10 10
0.101162 38 73 10 10
0.103162 38 73 10 10
0.105162 37 73 10 10
0.107162 37 73 10 10
0.109162 37 73 10 10
0.111162 37 74 10 10
0.113162 37 74 10 10
0.115162 37 74 10 10
0.117162 36 74 10 10
0.119162 36 74 10 10
0.121162 36 74 10 10
0.123162 36 74 10 10
0.125162 36 74 10 10
0.127162 35 75 10 10
0.129162 35 75 10 10
0.131162 35 75 10 10
0.133162 35 75 10 10
0.135162 35 75 10 10
0.137162 34 76 10 10
0.139162 34 76 10 10
0.141162 34 76 10 10
0.143162 34 76 10 10
0.145162 33 77 10 10
0.147162 33 77 10 10
0.149162 33 77 10 10
0.151162 33 77 10 10
0.153162 32 78 10 10
0.155162 32 78 10 10
0.157162 32 78 10 10
0.159162 32 78 10 10
0.161162 31 79 9 9
0.163162 31 79 9 9
0.165162 31 79 9 9
0.167162 31 80 9 8
0.169162 31 80 8 8
0.171162 31 80 8 8
0.173162 31 80 8 8
0.175162 31 81 8 7
0.177162 31 81 7 7
0.179162 31 81 7 7
0.181162 31 82 7 6
0.183162 31 82 7 6
0.185162 31 82 7 6
0.187162 31 83 6 5
0.189162 31 83 6 5
0.191162 31 83 6 5
0.193162 31 83 6 5
0.195162 30 84 6 5
0.197162 30 84 6 5
0.199162 30 84 6 5
0.201162 30 84 6 6
0.203162 30 84 7 6
0.205162 30 85 7 6
0.207162 30 85 7 7
0.209162 30 85 7 7
0.211162 29 85 8 7
0.213162 29 85 8 7
0.215162 29 85 8 8
0.217162 29 86 8 8
0.219162 29 86 9 8
0.221162 29 86 9 9
0.223162 29 86 9 9
0.225162 29 86 9 9
0.227162 28 87 9 9
0.229162 28 87 9 9
0.231162 28 87 9 9
0.233162 28 87 8 9
0.235162 28 88 8 8
0.237162 28 88 8 8
0.239162 28 88 7 8
0.241162 28 89 7 7
0.243162 28 89 7 7
0.245162 27 89 6 7
0.247162 27 90 6 6
0.249162 27 90 6 6
0.251162 27 90 5 6
0.253162 27 90 5 6
0.255162 27 91 4 5
0.257162 27 91 4 5
0.259162 27 91 4 5
0.261162 27 92 4 5
0.263162 27 92 4 5
0.265162 27 92 4 5
0.267162 27 92 4 5
0.269162 27 92 4 5
0.271162 27 92 4 5
0.273162 27 92 4 5
0.275162 27 92 4 5
0.277162 27 92 4 5
0.279162 27 92 4 5
0.281162 27 92 4 5
0.283162 27 92 4 5
0.285162 27 92 4 5
0.287162 27 92 4 5
0.289162 27 92 4 5
0.291162 27 92 4 5
0.293162 27 92 4 5
0.295162 27 91 4 5
0.297162 27 91 4 5
0.299162 28 91 4 5
0.301162 28 91 4 5
0.303162 29 90 4 5
0.305162 29 90 4 5
0.307162 30 90 4 5
0.309162 30 90 4 5
0.311162 31 89 5 6
0.313162 31 89 5 6
0.315162 32 89 5 6
0.317162 32 89 5 6
0.319162 33 88 5 6
0.321162 33 88 5 6
0.323162 34 88 5 6
0.325162 34 88 5 6
0.327162 35 87 6 6
0.329162 35 87 6 6
0.331162 36 86 6 6
0.333162 37 86 6 6
0.335162 38 85 6 6
0.337162 38 84 6 6
0.339162 39 84 6 6
0.341162 40 83 6 6
0.343162 41 82 6 6
0.345162 42 82 6 6
0.347162 42 81 6 6
0.349162 43 80 6 6
0.351162 44 80 6 6
0.353162 45 79 6 6
0.355162 45 78 6 6
0.357162 46 78 6 6
0.359162 47 77 6 6
0.361162 48 76 6 6
0.363162 48 76 6 6
0.365162 49 76 6 6
0.367162 49 75 6 6
0.369162 50 75 7 7
0.371162 50 74 7 7
0.373162 51 74 7 7
0.375162 51 73 7 7
0.377162 52 73 8 8
0.379162 52 73 8 8
0.381162 52 72 8 8
0.383162 53 72 8 8
0.385162 53 71 8 8
0.387162 54 71 9 9
0.389162 54 70 9 9
0.391162 55 70 9 9
0.393162 55 70 9 9
0.395162 56 69 9 9
0.397162 57 68 9 9
0.399162 57 68 9 9
0.401162 58 67 9 9
0.403162 59 67 8 9
0.405162 60 66 8 9
0.407162 60 65 8 9
0.409162 61 65 8 9
0.411162 62 64 7 8
0.413162 62 64 7 8
0.415162 63 63 7 8
0.417162 64 62 7 8
0.419162 65 62 6 8
0.421162 65 61 6 8
0.423162 66 61 6 8
0.425162 67 60 6 8
0.427162 68 59 6 8
0.429162 68 59 6 8
0.431162 68 59 6 8
0.433162 69 58 6 8
0.435162 69 58 6 8
0.437162 70 58 7 8
0.439162 70 57 7 8
0.441162 70 57 7 8
0.443162 71 57 7 8
0.445162 71 56 8 9
0.447162 72 56 8 9
0.449162 72 56 8 9
0.451162 73 55 8 9
0.453162 73 55 9 9
0.455162 73 54 9 9
0.457162 74 54 9 9
0.459162 74 54 9 9
0.461162 75 53 10 10
0.463162 75 53 10 10
0.465162 75 53 10 10
0.467162 76 52 10 10
0.469162 76 52 10 10
0.471162 77 52 10 10
0.473162 77 52 10 10
0.475162 78 51 10 10
0.477162 78 51 10 10
0.479162 78 51 10 10
0.481162 79 50 10 10
0.483162 79 50 10 10
0.485162 80 50 10 10
0.487162 80 49 10 10
0.489162 81 49 10 10
0.491162 81 49 10 10
0.493162 81 49 10 10
0.495162 82 48 10 10
0.497162 82 48 10 10
0.499162 83 48 10 10
0.501162 83 47 10 10
0.503162 84 47 10 10
0.505162 84 46 10 10
0.507162 85 46 10 10
0.509162 85 46 10 10
0.511162 86 45 10 10
0.513162 86 45 10 10
0.515162 87 45 10 10
0.517162 87 44 10 10
0.519162 88 44 10 10
0.521162 88 44 10 10
0.523162 89 43 10 10
0.525162 89 43 10 10
0.527162 90 42 10 10
0.529162 90 42 10 10
0.531162 90 42 10 10
0.533162 90 42 10 10
0.535162 91 42 10 10
0.537162 91 42 10 10
0.539162 91 41 10 10
0.541162 92 41 10 10
0.543162 92 41 10 10
0.545162 92 41 10 10
0.547162 93 41 10 10
0.549162 93 41 10 10
0.551162 93 40 10 10
0.553162 93 40 10 10
0.555162 94 40 10 10
0.557162 94 40 10 10
0.559162 94 40 10 10
0.561162 95 39 10 10
0.563162 95 39 10 10
0.565162 96 39 10 10
0.567162 96 39 10 10
0.569162 97 38 10 10
0.571162 97 38 10 10
0.573162 98 38 10 10
0.575162 98 38 10 10
0.577162 99 37 10 10
0.579162 99 37 10 10
0.581162 99 37 10 10
0.583162 100 37 10 10
0.585162 100 37 10 10
0.587162 101 36 10 10
0.589162 101 36 10 10
0.591162 102 36 10 10
0.593162 102 36 10 10
0.595162 103 35 10 10
0.597162 103 35 10 10
0.599162 103 35 10 10
0.601162 104 35 10 10
0.603162 104 35 10 10
0.605162 104 35 10 10
0.607162 105 35 10 10
0.609162 105 35 10 10
0.611162 105 34 10 10
0.613162 105 34 10 10
0.615162 106 34 10 10
0.617162 106 34 10 10
0.619162 106 34 10 10
0.621162 107 34 10 10
0.623162 107 34 10 10
0.625162 107 34 10 10
0.627162 108 33 10 10
0.629162 108 33 10 10
0.631162 108 33 10 10
0.633162 108 33 10 10
0.635162 109 33 10 10
0.637162 109 33 10 10
0.639162 109 33 10 10
0.641162 110 33 10 10
0.643162 110 33 10 10
0.645162 110 32 10 10
0.647162 111 32 10 10
0.649162 111 32 10 10
0.651162 111 32 10 10
0.653162 111 32 10 10
0.655162 112 32 10 10
0.657162 112 32 10 10
0.659162 112 32 10 10
0.661162 113 31 9 9
0.663162 113 31 9 9
0.665162 114 31 9 9
0.667162 114 31 9 9
0.669162 115 31 8 8
0.671162 115 31 8 8
0.673162 116 31 8 8
0.675162 116 31 8 8
0.677162 117 31 7 7
0.679162 117 31 7 7
0.681162 117 31 7 7
0.683162 118 31 7 7
0.685162 118 31 7 7
0.687162 119 31 6 6
0.689162 119 31 6 6
0.691162 120 31 6 6
0.693162 120 31 6 6
0.695162 121 30 6 6
0.697162 121 30 6 6
0.699162 121 30 6 6
0.701162 121 30 6 6
0.703162 121 30 7 7
0.705162 122 30 7 7
0.707162 122 30 7 7
0.709162 122 30 7 7
0.711162 122 29 8 8
0.713162 122 29 8 8
0.715162 122 29 8 8
0.717162 123 29 8 8
0.719162 123 29 9 9
0.721162 123 29 9 9
0.723162 123 29 9 9
0.725162 123 29 9 9
0.727162 124 28 10 10
0.729162 124 28 10 10
0.731162 124 28 10 10
0.733162 124 28 10 10
0.735162 125 28 10 10
0.737162 125 28 10 10
0.739162 125 28 10 10
0.741162 126 28 10 10
0.743162 126 28 10 10
0.745162 126 27 10 10
0.747162 127 27 10 10
0.749162 127 27 10 10
0.751162 127 27 10 10
0.753162 127 27 10 10
0.755162 128 27 10 10
0.757162 128 27 10 10
0.759162 128 27 10 10
0.761162 129 27 10 10
0.763162 129 27 10 10
0.765162 129 27 10 10
0.767162 130 27 10 10
0.769162 130 27 10 10
0.771162 130 27 10 10
0.773162 131 27 10 10
0.775162 131 27 10 10
0.777162 132 28 10 10
0.779162 132 28 10 10
0.781162 132 28 10 10
0.783162 133 28 10 10
0.785162 133 28 10 10
0.787162 133 28 10 10
0.789162 134 28 10 10
0.791162 134 28 10 10
0.793162 134 28 10 10
0.795162 135 28 10 10
0.797162 135 28 10 10
0.799162 135 28 10 10
0.801162 135 28 10 10
0.803162 136 28 10 10
0.805162 136 28 10 10
0.807162 136 28 10 10
0.809162 136 28 10 10
0.811162 137 27 10 10
0.813162 137 27 10 10
0.815162 137 27 10 10
0.817162 137 27 10 10
0.819162 138 27 10 10
0.821162 138 27 10 10
0.823162 138 27 10 10
0.825162 138 27 10 10
0.827162 139 26 10 10
0.829162 139 26 10 10
0.831162 139 26 10 10
0.833162 139 26 10 10
0.835162 139 26 10 10
0.837162 140 26 10 10
0.839162 140 26 10 10
0.841162 140 26 10 10
0.843162 140 26 10 10
0.845162 141 26 10 10
0.847162 141 26 10 10
0.849162 141 26 10 10
0.851162 141 26 10 10
0.853162 142 26 10 10
0.855162 142 26 10 10
0.857162 142 26 10 10
0.859162 142 26 10 10
0.861162 143 26 10 10
0.863162 143 26 10 10
0.865162 143 26 10 10
0.867162 143 26 10 10
0.869162 144 26 10 10
0.871162 144 26 10 10
0.873162 144 26 10 10
0.875162 144 26 10 10
0.877162 145 26 10 10
0.879162 145 26 10 10
0.881162 145 26 10 10
0.883162 145 26 10 10
0.885162 145 26 10 10
0.887162 146 26 10 10
0.889162 146 26 10 10
0.891162 146 26 10 10
0.893162 146 26 10 10
0.895162 147 26 10 10
0.897162 147 26 10 10
0.899162 147 26 10 10
0.901162 147 26 10 10
0.903162 148 26 10 10
0.905162 148 26 10 10
0.907162 148 26 10 10
0.909162 148 26 10 10
0.911162 149 26 10 10
0.913162 149 26 10 10
0.915162 149 26 10 10
0.917162 149 26 10 10
0.919162 150 26 10 10
0.921162 150 26 10 10
0.923162 150 26 10 10
0.925162 150 26 10 10
0.927162 151 26 10 10
0.929162 151 26 10 10
0.931162 151 26 10 10
0.933162 151 26 10 10
0.935162 151 26 10 10
0.937162 152 26 10 10
0.939162 152 26 10 10
0.941162 152 26 10 10
0.943162 152 26 10 10
0.945162 153 27 10 10
0.947162 153 27 10 10
0.949162 153 27 10 10
0.951162 153 27 10 10
0.953162 154 27 10 10
0.955162 154 27 10 10
0.957162 154 27 10 10
0.959162 154 27 10 10
0.961162 155 28 10 10
0.963162 155 28 10 10
0.965162 155 28 10 10
0.967162 155 28 10 10
0.969162 155 28 10 10
0.971162 155 28 10 10
0.973162 156 28 10 10
0.975162 156 28 10 10
0.977162 156 28 10 10
0.979162 156 28 10 10
0.981162 156 28 10 10
0.983162 157 28 10 10
0.985162 157 28 10 10
0.987162 157 28 10 10
0.989162 157 28 10 10
0.991162 157 28 10 10
0.993162 157 28 10 10
0.995162 158 29 9 9
0.997162 158 29 9 9
0.999162 158 29 9 9
1.001162 159 29 8 9
1.003162 159 29 8 8
1.005162 160 29 8 8
1.007162 160 29 7 8
1.009162 160 29 7 8
1.011162 161 30 7 7
1.013162 161 30 7 7
1.015162 161 30 6 7
1.017162 162 30 6 7
1.019162 162 30 6 6
1.021162 162 30 5 6
1.023162 163 30 5 6
1.025162 163 30 5 6
1.027162 164 31 5 6
1.029162 164 31 5 6
1.031162 164 31 5 6
1.033162 164 31 5 6
1.035162 164 31 6 6
1.037162 164 31 6 7
1.039162 165 31 6 7
1.041162 165 31 7 7
1.043162 165 31 7 7
1.045162 165 31 7 8
1.047162 165 31 8 8
1.049162 165 31 8 8
1.051162 166 31 8 8
1.053162 166 31 8 9
1.055162 166 31 9 9
1.057162 166 31 9 9
1.059162 166 31 9 9
1.061162 167 32 10 10
1.063162 167 32 10 10
1.065162 167 32 10 10
1.067162 167 32 10 10
1.069162 167 32 10 10
1.071162 167 32 10 10
1.073162 167 32 10 10
1.075162 167 32 10 10
1.077162 167 33 10 10
1.079162 167 33 10 10
1.081162 167 33 10 10
1.083162 167 33 10 10
1.085162 167 33 10 10
1.087162 167 33 10 10
1.089162 167 33 10 10
1.091162 167 33 10 10
1.093162 167 33 10 10
1.095162 168 34 9 9
1.097162 168 34 9 9
1.099162 168 34 9 9
1.101162 169 34 8 9
1.103162 169 35 8 8
1.105162 170 35 8 8
1.107162 170 35 7 8
1.109162 170 35 7 8
1.111162 171 36 7 7
1.113162 171 36 7 7
1.115162 171 36 6 7
1.117162 172 36 6 7
1.119162 172 37 6 6
1.121162 172 37 5 6
1.123162 173 37 5 6
1.125162 173 37 5 6
1.127162 174 38 5 6
1.129162 174 38 5 6
1.131162 174 38 5 6
1.133162 174 38 5 6
1.135162 174 38 6 6
1.137162 174 38 6 7
1.139162 174 38 6 7
1.141162 174 38 7 7
1.143162 174 38 7 7
1.145162 175 38 7 8
1.147162 175 38 8 8
1.149162 175 38 8 8
1.151162 175 38 8 8
1.153162 175 38 8 9
1.155162 175 38 9 9
1.157162 175 38 9 9
1.159162 175 38 9 9
1.161162 176 38 10 10
1.163162 176 38 10 10
1.165162 176 38 10 10
1.167162 176 38 10 10
1.169162 176 38 10 10
1.171162 176 38 10 10
1.173162 176 39 10 10
1.175162 176 39 10 10
1.177162 177 39 10 10
1.179162 177 39 10 10
1.181162 177 39 10 10
1.183162 177 40 10 10
1.185162 177 40 10 10
1.187162 177 40 10 10
1.189162 177 40 10 10
1.191162 177 40 10 10
1.193162 177 40 10 10
1.195162 178 41 10 10
1.197162 178 41 10 10
1.199162 178 41 10 10
1.201162 178 41 10 10
1.203162 178 41 10 10
1.205162 179 42 10 10
1.207162 179 42 10 10
1.209162 179 42 10 10
1.211162 179 42 10 10
1.213162 179 42 10 10
1.215162 179 42 10 10
1.217162 180 43 10 10
1.219162 180 43 10 10
1.221162 180 43 10 10
1.223162 180 43 10 10
1.225162 180 43 10 10
1.227162 181 44 10 10
1.229162 181 44 10 10
1.231162 181 44 10 10
1.233162 181 44 10 10
1.235162 181 44 10 10
1.237162 181 44 10 10
1.239162 181 44 10 10
1.241162 181 44 10 10
1.243162 181 44 10 10
1.245162 182 45 10 10
1.247162 182 45 10 10
1.249162 182 45 10 10
1.251162 182 45 10 10
1.253162 182 45 10 10
1.255162 182 45 10 10
1.257162 182 45 10 10
1.259162 182 45 10 10
1.261162 183 46 10 10
1.263162 183 46 10 10
1.265162 183 46 10 10
1.267162 183 46 10 10
1.269162 183 47 10 10
1.271162 183 47 10 10
1.273162 184 47 10 10
1.275162 184 47 10 10
1.277162 184 48 10 10
1.279162 184 48 10 10
1.281162 184 48 10 10
1.283162 185 48 10 10
1.285162 185 48 10 10
1.287162 185 49 10 10
1.289162 185 49 10 10
1.291162 185 49 10 10
1.293162 185 49 10 10
1.295162 186 50 10 10
1.297162 186 50 10 10
1.299162 186 50 10 10
1.301162 186 50 10 10
1.303162 187 50 10 10
1.305162 187 51 10 10
1.307162 187 51 10 10
1.309162 187 51 10 10
1.311162 188 51 10 10
1.313162 188 51 10 10
1.315162 188 51 10 10
1.317162 188 52 10 10
1.319162 189 52 10 10
1.321162 189 52 10 10
1.323162 189 52 10 10
1.325162 189 52 10 10
1.327162 190 53 10 10
1.329162 190 53 10 10
1.331162 190 53 10 10
1.333162 190 53 10 10
1.335162 190 53 10 10
1.337162 190 54 10 10
1.339162 190 54 10 10
1.341162 190 54 10 10
1.343162 190 54 10 10
1.345162 191 55 10 10
1.347162 191 55 10 10
1.349162 191 55 10 10
1.351162 191 55 10 10
1.353162 191 56 10 10
1.355162 191 56 10 10
1.357162 191 56 10 10
1.359162 191 56 10 10
1.361162 192 57 9 9
1.363162 192 57 9 9
1.365162 192 57 9 9
1.367162 192 58 8 8
1.369162 193 58 8 8
1.371162 193 59 8 8
1.373162 193 59 8 8
1.375162 193 60 7 7
1.377162 194 60 7 7
1.379162 194 60 7 7
1.381162 194 61 6 6
1.383162 194 61 6 6
1.385162 194 62 6 6
1.387162 195 62 5 5
1.389162 195 63 5 5
1.391162 195 63 5 5
1.393162 195 63 5 5
1.395162 196 64 5 5
1.397162 196 64 5 5
1.399162 196 64 5 5
1.401162 196 64 6 6
1.403162 196 64 6 6
1.405162 196 64 6 6
1.407162 196 64 7 7
1.409162 196 64 7 7
1.411162 196 64 7 7
1.413162 196 64 7 7
1.415162 196 64 8 8
1.417162 196 64 8 8
1.419162 196 64 8 8
1.421162 196 64 9 9
1.423162 196 64 9 9
1.425162 196 64 9 9
1.427162 197 65 10 10
1.429162 197 65 10 10
1.431162 197 65 10 10
1.433162 197 66 10 10
1.435162 197 66 10 10
1.437162 197 66 10 10
1.439162 198 67 10 10
1.441162 198 67 10 10
1.443162 198 67 10 10
1.445162 198 68 10 10
1.447162 198 68 10 10
1.449162 198 68 10 10
1.451162 199 69 10 10
1.453162 199 69 10 10
1.455162 199 70 10 10
1.457162 199 70 10 10
1.459162 199 70 10 10
1.461162 200 71 10 10
1.463162 200 71 10 10
1.465162 200 71 10 10
1.467162 200 71 10 10
1.469162 200 71 10 10
1.471162 200 71 10 10
1.473162 200 72 10 10
1.475162 200 72 10 10
1.477162 200 72 10 10
1.479162 200 72 10 10
1.481162 200 72 10 10
1.483162 200 73 10 10
1.485162 200 73 10 10
1.487162 200 73 10 10
1.489162 200 73 10 10
1.491162 200 73 10 10
1.493162 200 73 10 10
1.495162 201 74 10 10
1.497162 201 74 10 10
1.499162 201 74 10 10
1.501162 201 74 10 10
1.503162 201 74 10 10
1.505162 201 75 10 10
1.507162 201 75 10 10
1.509162 201 75 10 10
1.511162 202 75 10 10
1.513162 202 75 10 10
1.515162 202 75 10 10
1.517162 202 76 10 10
1.519162 202 76 10 10
1.521162 202 76 10 10
1.523162 202 76 10 10
1.525162 202 76 10 10
1.527162 203 77 10 10
1.529162 203 77 10 10
1.531162 203 77 10 10
1.533162 203 78 10 10
1.535162 203 78 10 10
1.537162 203 78 10 10
1.539162 203 79 10 10
1.541162 203 79 10 10
1.543162 203 79 10 10
1.545162 204 80 10 10
1.547162 204 80 10 10
1.549162 204 80 10 10
1.551162 204 81 10 10
1.553162 204 81 10 10
1.555162 204 82 10 10
1.557162 204 82 10 10
1.559162 204 82 10 10
1.561162 205 83 9 9
1.563162 205 83 9 9
1.565162 205 83 9 9
1.567162 205 84 8 9
1.569162 206 84 8 8
1.571162 206 84 8 8
1.573162 206 85 8 8
1.575162 206 85 7 8
1.577162 207 86 7 7
1.579162 207 86 7 7
1.581162 207 86 6 7
1.583162 207 87 6 7
1.585162 207 87 6 7
1.587162 208 87 5 6
1.589162 208 88 5 6
1.591162 208 88 5 6
1.593162 208 88 5 6
1.595162 209 89 5 6
1.597162 209 89 5 6
1.599162 209 89 5 6
1.601162 209 89 6 6
1.603162 209 89 6 7
1.605162 209 90 6 7
1.607162 209 90 7 7
1.609162 209 90 7 7
1.611162 209 90 7 8
1.613162 209 90 7 8
1.615162 209 90 8 8
1.617162 209 91 8 8
1.619162 209 91 8 9
1.621162 209 91 9 9
1.623162 209 91 9 9
1.625162 209 91 9 9
1.627162 209 92 10 10
1.629162 209 92 10 10
1.631162 209 92 10 10
1.633162 209 93 10 10
1.635162 209 93 10 10
1.637162 209 93 10 10
1.639162 210 94 10 10
1.641162 210 94 10 10
1.643162 210 94 10 10
1.645162 210 95 10 10
1.647162 210 95 10 10
1.649162 210 95 10 10
1.651162 211 96 10 10
1.653162 211 96 10 10
1.655162 211 97 10 10
1.657162 211 97 10 10
1.659162 211 97 10 10
1.661162 212 98 10 10
1.663162 212 98 10 10
1.665162 212 98 10 10
1.667162 212 99 10 10
1.669162 212 99 10 10
1.671162 212 99 10 10
1.673162 212 99 10 10
1.675162 212 100 10 10
1.677162 213 100 10 10
1.679162 213 100 10 10
1.681162 213 101 10 10
1.683162 213 101 10 10
1.685162 213 101 10 10
1.687162 213 102 10 10
1.689162 213 102 10 10
1.691162 213 102 10 10
1.693162 213 102 10 10
1.695162 214 103 9 9
1.697162 214 103 9 9
1.699162 214 104 9 9
1.701162 214 104 9 9
1.703162 214 105 8 8
1.705162 214 105 8 8
1.707162 214 106 8 8
1.709162 214 106 8 8
1.711162 215 107 7 7
1.713162 215 107 7 7
1.715162 215 108 7 7
1.717162 215 108 7 7
1.719162 215 109 6 6
1.721162 215 109 6 6
1.723162 215 110 6 6
1.725162 215 110 6 6
1.727162 215 111 6 6
1.729162 215 111 6 6
1.731162 215 111 6 6
1.733162 215 111 6 6
1.735162 215 111 6 6
1.737162 215 111 7 7
1.739162 215 112 7 7
1.741162 215 112 7 7
1.743162 215 112 7 7
1.745162 215 112 8 8
1.747162 215 112 8 8
1.749162 215 112 8 8
1.751162 215 113 8 8
1.753162 215 113 9 9
1.755162 215 113 9 9
1.757162 215 113 9 9
1.759162 215 113 9 9
1.761162 215 114 9 9
1.763162 215 114 9 9
1.765162 215 114 9 9
1.767162 215 115 9 9
1.769162 216 115 8 9
1.771162 216 115 8 9
1.773162 216 115 8 8
1.775162 216 116 8 8
1.777162 217 116 7 8
1.779162 217 116 7 8
1.781162 217 117 7 8
1.783162 217 117 7 7
1.785162 217 117 7 7
1.787162 218 118 6 7
1.789162 218 118 6 7
1.791162 218 118 6 7
1.793162 218 118 6 7
1.795162 219 119 6 7
1.797162 219 119 6 7
1.799162 219 120 6 7
1.801162 219 120 6 7
1.803162 219 120 7 7
1.805162 219 121 7 8
1.807162 219 121 7 8
1.809162 219 122 7 8
1.811162 219 122 8 8
1.813162 219 123 8 8
1.815162 219 123 8 8
1.817162 219 123 8 9
1.819162 219 124 9 9
1.821162 219 124 9 9
1.823162 219 125 9 9
1.825162 219 125 9 9
1.827162 220 126 10 10
1.829162 220 127 10 10
1.831162 220 128 10 10
1.833162 220 129 10 10
1.835162 220 130 10 10
1.837162 220 131 10 10
1.839162 220 132 10 10
1.841162 220 133 10 10
1.843162 220 134 10 10
1.845162 221 135 10 10
1.847162 221 136 10 10
1.849162 221 137 10 10
1.851162 221 138 10 10
1.853162 221 139 10 10
1.855162 221 140 10 10
1.857162 221 141 10 10
1.859162 221 142 10 10
1.861162 222 143 10 10
1.863162 222 143 10 10
1.865162 222 143 10 10
1.867162 222 143 10 10
1.869162 222 143 10 10
1.871162 222 143 10 10
1.873162 222 143 10 10
1.875162 222 143 10 10
1.877162 222 143 10 10
1.879162 222 143 10 10
1.881162 222 143 10 10
1.883162 222 143 10 10
1.885162 222 143 10 10
1.887162 222 143 10 10
1.889162 222 143 10 10
1.891162 222 143 10 10
1.893162 222 143 10 10
1.895162 223 143 9 9
1.897162 223 143 9 9
1.899162 223 143 9 9
1.901162 223 143 8 9
1.903162 223 143 8 9
1.905162 224 144 8 9
1.907162 224 144 7 9
1.909162 224 144 7 9
1.911162 224 144 7 8
1.913162 224 144 7 8
1.915162 224 144 6 8
1.917162 225 145 6 8
1.919162 225 145 6 8
1.921162 225 145 5 8
1.923162 225 145 5 8
1.925162 225 145 5 8
1.927162 225 146 5 8
1.929162 225 146 5 8
1.931162 225 146 5 8
1.933162 225 146 5 8
1.935162 225 147 5 8
1.937162 225 147 5 8
1.939162 225 147 5 8
1.941162 225 148 5 8
1.943162 225 148 5 8
1.945162 225 148 5 8
1.947162 225 149 5 8
1.949162 225 149 5 8
1.951162 225 149 5 8
1.953162 225 149 5 8
1.955162 225 150 5 8
1.957162 225 150 5 8
1.959162 225 150 5 8
1.961162 224 151 6 8
1.963162 224 151 6 8
1.965162 224 151 6 8
1.967162 224 151 6 8
1.969162 224 151 6 8
1.971162 224 151 6 8
1.973162 223 152 6 8
1.975162 223 152 6 8
1.977162 223 152 7 9
1.979162 223 152 7 9
1.981162 223 152 7 9
1.983162 222 153 7 9
1.985162 222 153 7 9
1.987162 222 153 7 9
1.989162 222 153 7 9
1.991162 222 153 7 9
1.993162 222 153 7 9
1.995162 221 153 7 9
1.997162 220 152 7 9
1.999162 219 152 7 9
2.001162 219 151 7 9
2.003162 218 150 7 9
2.005162 217 150 7 9
2.007162 216 149 7 9
2.009162 216 148 7 9
2.011162 215 148 6 8
2.013162 214 147 6 8
2.015162 213 146 6 8
2.017162 212 146 6 8
2.019162 212 145 6 8
2.021162 211 144 6 8
2.023162 210 144 6 8
2.025162 209 143 6 8
2.027162 208 142 6 8
2.029162 208 142 6 8
2.031162 208 142 6 8
2.033162 207 141 6 8
2.035162 207 141 6 8
2.037162 206 141 6 8
2.039162 206 140 6 8
2.041162 206 140 6 8
2.043162 205 140 6 8
2.045162 205 139 6 8
2.047162 204 139 6 8
2.049162 204 139 6 8
2.051162 203 138 6 8
2.053162 203 138 6 8
2.055162 203 137 6 8
2.057162 202 137 6 8
2.059162 202 137 6 8
2.061162 201 136 5 7
2.063162 201 136 5 7
2.065162 200 135 5 7
2.067162 199 134 5 7
2.069162 199 134 5 7
2.071162 198 133 5 7
2.073162 198 133 5 6
2.075162 197 132 5 6
2.077162 196 131 4 6
2.079162 196 131 4 6
2.081162 195 130 4 6
2.083162 195 130 4 5
2.085162 194 129 4 5
2.087162 193 128 4 5
2.089162 193 128 4 5
2.091162 192 127 4 5
2.093162 192 127 4 5
2.095162 191 126 4 5
2.097162 190 126 4 5
2.099162 190 125 4 5
2.101162 189 125 4 5
2.103162 188 125 4 5
2.105162 188 124 4 5
2.107162 187 124 4 5
2.109162 186 123 4 5
2.111162 186 123 4 5
2.113162 185 122 4 5
2.115162 184 122 4 5
2.117162 184 122 4 5
2.119162 183 121 4 5
2.121162 182 121 4 5
2.123162 182 120 4 5
2.125162 181 120 4 5
2.127162 180 119 5 6
2.129162 180 119 5 6
2.131162 180 119 5 6
2.133162 179 119 5 6
2.135162 179 119 5 6
2.137162 178 118 5 6
2.139162 178 118 5 6
2.141162 177 118 5 6
2.143162 177 118 5 6
2.145162 176 117 5 6
2.147162 176 117 5 6
2.149162 175 117 5 6
2.151162 175 117 5 6
2.153162 174 116 5 6
2.155162 174 116 5 6
2.157162 173 116 5 6
2.159162 173 116 5 6
2.161162 172 115 5 6
2.163162 172 115 5 6
2.165162 171 115 5 6
2.167162 170 114 6 6
2.169162 170 114 6 7
2.171162 169 114 6 7
2.173162 169 113 6 7
2.175162 168 113 7 7
2.177162 167 112 7 8
2.179162 167 112 7 8
2.181162 166 112 8 8
2.183162 166 111 8 8
2.185162 165 111 8 8
2.187162 164 111 9 9
2.189162 164 110 9 9
2.191162 163 110 9 9
2.193162 163 110 9 9
2.195162 162 109 10 10
2.197162 162 109 10 10
2.199162 161 109 10 10
2.201162 161 108 10 10
2.203162 161 108 10 10
2.205162 160 108 10 10
2.207162 160 107 10 10
2.209162 159 107 10 10
2.211162 159 107 10 10
2.213162 158 107 10 10
2.215162 158 106 10 10
2.217162 158 106 10 10
2.219162 157 106 10 10
2.221162 157 105 10 10
2.223162 156 105 10 10
2.225162 156 105 10 10
2.227162 155 104 10 10
2.229162 155 104 10 10
2.231162 155 104 10 10
2.233162 154 104 10 10
2.235162 154 103 10 10
2.237162 153 103 10 10
2.239162 153 103 10 10
2.241162 152 102 10 10
2.243162 152 102 10 10
2.245162 151 102 10 10
2.247162 151 101 10 10
2.249162 150 101 10 10
2.251162 150 101 10 10
2.253162 149 101 10 10
2.255162 149 100 10 10
2.257162 148 100 10 10
2.259162 148 100 10 10
2.261162 147 99 10 10
2.263162 147 99 10 10
2.265162 146 99 10 10
2.267162 146 99 10 10
2.269162 145 99 10 10
2.271162 145 99 10 10
2.273162 144 98 10 10
2.275162 144 98 10 10
2.277162 143 98 10 10
2.279162 143 98 10 10
2.281162 143 98 10 10
2.283162 142 97 10 10
2.285162 142 97 10 10
2.287162 141 97 10 10
2.289162 141 97 10 10
2.291162 140 97 10 10
2.293162 140 97 10 10
2.295162 139 96 10 10
2.297162 139 96 10 10
2.299162 138 96 10 10
2.301162 138 96 10 10
2.303162 138 96 10 10
2.305162 137 95 10 10
2.307162 137 95 10 10
2.309162 136 95 10 10
2.311162 136 95 10 10
2.313162 135 95 10 10
2.315162 135 95 10 10
2.317162 135 94 10 10
2.319162 134 94 10 10
2.321162 134 94 10 10
2.323162 133 94 10 10
2.325162 133 94 10 10
2.327162 132 93 10 10
2.329162 132 93 10 10
2.331162 132 93 10 10
2.333162 132 93 10 10
2.335162 132 93 10 10
2.337162 132 93 10 10
2.339162 132 93 10 10
2.341162 132 93 10 10
2.343162 132 93 10 10
2.345162 131 92 10 10
2.347162 131 92 10 10
2.349162 131 92 10 10
2.351162 131 92 10 10
2.353162 131 92 10 10
2.355162 131 92 10 10
2.357162 131 92 10 10
2.359162 131 92 10 10
2.361162 130 91 10 10
2.363162 130 91 10 10
2.365162 130 91 10 10
2.367162 129 91 10 10
2.369162 129 91 10 10
2.371162 129 91 10 10
2.373162 128 91 10 10
2.375162 128 91 10 10
2.377162 127 91 10 10
2.379162 127 91 10 10
2.381162 127 91 10 10
2.383162 126 91 10 10
2.385162 126 91 10 10
2.387162 126 91 10 10
2.389162 125 91 10 10
2.391162 125 91 10 10
2.393162 125 91 10 10
2.395162 124 90 10 10
2.397162 124 90 10 10
2.399162 123 90 10 10
2.401162 123 90 10 10
2.403162 123 90 10 10
2.405162 122 90 10 10
2.407162 122 90 10 10
2.409162 121 90 10 10
2.411162 121 90 10 10
2.413162 120 90 10 10
2.415162 120 90 10 10
2.417162 120 90 10 10
2.419162 119 90 10 10
2.421162 119 90 10 10
2.423162 118 90 10 10
2.425162 118 90 10 10
2.427162 117 89 10 10
2.429162 117 89 10 10
2.431162 117 89 10 10
2.433162 116 89 10 10
2.435162 116 89 10 10
2.437162 116 89 10 10
2.439162 115 89 10 10
2.441162 115 89 10 10
2.443162 115 89 10 10
2.445162 114 89 10 10
2.447162 114 89 10 10
2.449162 114 89 10 10
2.451162 113 89 10 10
2.453162 113 89 10 10
2.455162 112 89 10 10
2.457162 112 89 10 10
2.459162 112 89 10 10
2.461162 111 89 10 10
2.463162 111 89 10 10
2.465162 111 89 10 10
2.467162 111 89 10 10
2.469162 111 89 10 10
2.471162 111 89 10 10
2.473162 110 89 10 10
2.475162 110 89 10 10
2.477162 110 89 10 10
2.479162 110 89 10 10
2.481162 110 89 10 10
2.483162 109 89 10 10
2.485162 109 89 10 10
2.487162 109 89 10 10
2.489162 109 89 10 10
2.491162 109 89 10 10
2.493162 109 89 10 10
2.495162 108 89 10 10
2.497162 108 89 10 10
2.499162 108 89 10 10
2.501162 107 89 10 10
2.503162 107 89 10 10
2.505162 107 89 10 10
2.507162 106 89 10 10
2.509162 106 89 10 10
2.511162 106 89 10 10
2.513162 106 89 10 10
2.515162 105 89 10 10
2.517162 105 89 10 10
2.519162 105 89 10 10
2.521162 104 89 10 10
2.523162 104 89 10 10
2.525162 104 89 10 10
2.527162 103 89 10 10
2.529162 103 89 10 10
2.531162 103 89 10 10
2.533162 103 89 10 10
2.535162 102 89 10 10
2.537162 102 89 10 10
2.539162 102 89 10 10
2.541162 101 89 10 10
2.543162 101 89 10 10
2.545162 101 89 10 10
2.547162 100 89 10 10
2.549162 100 89 10 10
2.551162 100 89 10 10
2.553162 100 89 10 10
2.555162 99 89 10 10
2.557162 99 89 10 10
2.559162 99 89 10 10
2.561162 98 90 10 10
2.563162 98 90 10 10
2.565162 98 90 10 10
2.567162 97 90 10 10
2.569162 97 90 10 10
2.571162 97 90 10 10
2.573162 97 90 10 10
2.575162 96 90 10 10
2.577162 96 90 10 10
2.579162 96 90 10 10
2.581162 95 90 10 10
2.583162 95 90 10 10
2.585162 95 90 10 10
2.587162 94 90 10 10
2.589162 94 90 10 10
2.591162 94 90 10 10
2.593162 94 90 10 10
2.595162 93 90 10 10
2.597162 93 90 10 10
2.599162 93 90 10 10
2.601162 92 90 10 10
2.603162 92 90 10 10
2.605162 92 90 10 10
2.607162 91 90 10 10
2.609162 91 90 10 10
2.611162 91 90 10 10
2.613162 91 90 10 10
2.615162 90 90 10 10
2.617162 90 90 10 10
2.619162 90 90 10 10
2.621162 89 90 10 10
2.623162 89 90 10 10
2.625162 89 90 10 10
2.627162 88 91 10 10
2.629162 88 91 10 10
2.631162 88 91 10 10
2.633162 88 91 10 10
2.635162 88 91 10 10
2.637162 87 91 10 10
2.639162 87 91 10 10
2.641162 87 91 10 10
2.643162 87 91 10 10
2.645162 86 91 10 10
2.647162 86 91 10 10
2.649162 86 91 10 10
2.651162 86 91 10 10
2.653162 85 91 10 10
2.655162 85 91 10 10
2.657162 85 91 10 10
2.659162 85 91 10 10
2.661162 84 92 10 10
2.663162 84 92 10 10
2.665162 84 92 10 10
2.667162 84 92 10 10
2.669162 83 92 10 10
2.671162 83 92 10 10
2.673162 83 92 10 10
2.675162 83 92 10 10
2.677162 82 92 10 10
2.679162 82 92 10 10
2.681162 82 92 10 10
2.683162 82 92 10 10
2.685162 82 92 10 10
2.687162 81 92 10 10
2.689162 81 92 10 10
2.691162 81 92 10 10
2.693162 81 92 10 10
2.695162 80 93 10 10
2.697162 80 93 10 10
2.699162 80 93 10 10
2.701162 80 93 10 10
2.703162 79 93 10 10
2.705162 79 93 10 10
2.707162 79 93 10 10
2.709162 79 93 10 10
2.711162 78 93 10 10
2.713162 78 93 10 10
2.715162 78 93 10 10
2.717162 78 93 10 10
2.719162 77 93 10 10
2.721162 77 93 10 10
2.723162 77 93 10 10
2.725162 77 93 10 10
2.727162 76 94 10 10
2.729162 76 94 10 10
2.731162 76 94 10 10
2.733162 76 94 10 10
2.735162 75 94 10 10
2.737162 75 94 10 10
2.739162 75 95 10 10
2.741162 74 95 10 10
2.743162 74 95 10 10
2.745162 74 95 10 10
2.747162 73 95 10 10
2.749162 73 95 10 10
2.751162 73 96 10 10
2.753162 73 96 10 10
2.755162 72 96 10 10
2.757162 72 96 10 10
2.759162 72 96 10 10
2.761162 71 97 10 10
2.763162 71 97 10 10
2.765162 71 97 10 10
2.767162 71 97 10 10
2.769162 71 97 10 10
2.771162 71 97 10 10
2.773162 70 97 10 10
2.775162 70 97 10 10
2.777162 70 98 10 10
2.779162 70 98 10 10
2.781162 70 98 10 10
2.783162 69 98 10 10
2.785162 69 98 10 10
2.787162 69 98 10 10
2.789162 69 98 10 10
2.791162 69 98 10 10
2.793162 69 98 10 10
2.795162 68 99 10 10
2.797162 68 99 10 10
2.799162 68 99 10 10
2.801162 68 99 10 10
2.803162 68 99 10 10
2.805162 68 99 10 10
2.807162 68 99 10 10
2.809162 68 99 10 10
2.811162 68 99 10 10
2.813162 68 99 10 10
2.815162 68 99 10 10
2.817162 68 99 10 10
2.819162 68 99 10 10
2.821162 68 99 10 10
2.823162 68 99 10 10
2.825162 68 99 10 10
2.827162 67 99 10 10
2.829162 67 99 10 10
2.831162 67 99 10 10
2.833162 66 99 10 10
2.835162 66 100 10 10
2.837162 66 100 10 10
2.839162 65 100 10 10
2.841162 65 101 10 10
2.843162 65 101 10 10
2.845162 64 101 10 10
2.847162 64 102 10 10
2.849162 64 102 10 10
2.851162 63 102 10 10
2.853162 63 102 10 10
2.855162 62 103 10 10
2.857162 62 103 10 10
2.859162 62 103 10 10
2.861162 61 104 9 9
2.863162 61 104 9 9
2.865162 61 104 9 9
2.867162 61 105 9 8
2.869162 61 105 8 8
2.871162 61 106 8 8
2.873162 61 106 8 8
2.875162 61 107 8 7
2.877162 60 107 7 7
2.879162 60 107 7 7
2.881162 60 108 7 6
2.883162 60 108 7 6
2.885162 60 109 7 6
2.887162 60 109 6 5
2.889162 60 110 6 5
2.891162 60 110 6 5
2.893162 60 110 6 5
2.895162 60 110 6 5
2.897162 60 110 6 5
2.899162 60 110 6 5
2.901162 60 110 6 6
2.903162 60 110 7 6
2.905162 60 109 7 6
2.907162 60 109 7 7
2.909162 60 109 7 7
2.911162 60 109 8 7
2.913162 60 109 8 7
2.915162 60 109 8 8
2.917162 60 108 8 8
2.919162 60 108 9 8
2.921162 60 108 9 9
2.923162 60 108 9 9
2.925162 60 108 9 9
2.927162 60 108 10 10
2.929162 60 108 10 10
2.931162 61 108 10 10
2.933162 62 108 10 10
2.935162 62 108 10 10
2.937162 63 108 10 10
2.939162 64 108 10 10
2.941162 65 108 10 10
2.943162 65 108 10 10
2.945162 66 109 10 10
2.947162 67 109 10 10
2.949162 67 109 10 10
2.951162 68 109 10 10
2.953162 69 109 10 10
2.955162 70 109 10 10
2.957162 70 109 10 10
2.959162 71 109 10 10
2.961162 72 110 9 9
2.963162 73 110 9 9
2.965162 74 110 9 9
2.967162 75 110 9 9
2.969162 76 110 9 8
2.971162 77 110 9 8
2.973162 78 110 8 8
2.975162 79 110 8 8
2.977162 80 110 8 7
2.979162 80 110 8 7
2.981162 81 110 8 7
2.983162 82 110 7 7
2.985162 83 110 7 7
2.987162 84 110 7 6
2.989162 85 110 7 6
2.991162 86 110 7 6
2.993162 87 110 7 6
2.995162 88 110 7 6
2.997162 89 110 7 6
2.999162 91 109 7 6
3.001162 92 109 7 6
3.003162 93 109 7 7
3.005162 94 108 8 7
3.007162 95 108 8 7
3.009162 96 107 8 7
3.011162 97 107 8 8
3.013162 99 106 8 8
3.015162 100 106 8 8
3.017162 101 106 9 8
3.019162 102 105 9 9
3.021162 103 105 9 9
3.023162 104 104 9 9
3.025162 105 104 9 9
3.027162 107 104 9 9
3.029162 107 104 9 9
3.031162 108 104 9 9
3.033162 108 104 9 9
3.035162 109 104 9 8
3.037162 110 104 9 8
3.039162 110 104 8 8
3.041162 111 104 8 7
3.043162 111 104 8 7
3.045162 112 105 8 7
3.047162 113 105 8 6
3.049162 113 105 8 6
3.051162 114 105 7 6
3.053162 114 105 7 6
3.055162 115 105 7 5
3.057162 116 105 7 5
3.059162 116 105 7 5
3.061162 117 105 7 5
3.063162 118 105 7 5
3.065162 120 105 7 5
3.067162 121 104 7 6
3.069162 123 104 7 6
3.071162 124 104 7 6
3.073162 126 103 8 6
3.075162 127 103 8 7
3.077162 129 102 8 7
3.079162 130 102 8 7
3.081162 131 102 8 8
3.083162 133 101 9 8
3.085162 134 101 9 8
3.087162 136 101 9 9
3.089162 137 100 9 9
3.091162 139 100 9 9
3.093162 140 100 9 9
3.095162 141 100 10 10
3.097162 142 100 10 10
3.099162 142 100 10 10
3.101162 143 101 10 10
3.103162 143 101 10 10
3.105162 144 101 10 10
3.107162 145 102 10 10
3.109162 145 102 10 10
3.111162 146 102 11 10
3.113162 146 102 11 10
3.115162 147 103 11 10
3.117162 148 103 11 10
3.119162 148 103 11 10
3.121162 149 104 11 10
3.123162 149 104 11 10
3.125162 150 104 11 10
3.127162 151 104 11 10
3.129162 151 104 11 10
3.131162 152 104 11 10
3.133162 153 103 11 10
3.135162 154 103 11 10
3.137162 155 102 11 10
3.139162 156 102 11 10
3.141162 157 102 11 10
3.143162 158 101 11 10
3.145162 159 101 10 10
3.147162 160 100 10 10
3.149162 160 100 10 10
3.151162 161 99 10 10
3.153162 162 99 10 10
3.155162 163 99 10 10
3.157162 164 98 10 10
3.159162 165 98 10 10
3.161162 166 98 9 9
3.163162 167 98 9 9
3.165162 167 98 9 9
3.167162 168 98 9 8
3.169162 169 98 8 8
3.171162 170 98 8 8
3.173162 170 98 8 8
3.175162 171 98 8 7
3.177162 172 99 7 7
3.179162 173 99 7 7
3.181162 174 99 7 6
3.183162 174 99 7 6
3.185162 175 99 7 6
3.187162 176 99 6 5
3.189162 177 99 6 5
3.191162 177 99 6 5
3.193162 178 99 6 5
3.195162 179 99 6 5
3.197162 180 99 6 5
3.199162 180 99 6 5
3.201162 181 99 6 6
3.203162 181 99 7 6
3.205162 182 99 7 6
3.207162 183 99 7 7
3.209162 183 99 7 7
3.211162 184 99 8 7
3.213162 184 99 8 7
3.215162 185 99 8 8
3.217162 186 99 8 8
3.219162 186 99 9 8
3.221162 187 99 9 9
3.223162 187 99 9 9
3.225162 188 99 9 9
3.227162 189 99 10 10
3.229162 189 99 10 10
3.231162 189 99 10 10
3.233162 189 99 10 10
3.235162 189 99 10 10
3.237162 189 99 10 10
3.239162 189 99 10 10
3.241162 189 99 10 10
3.243162 189 99 10 10
3.245162 189 99 10 10
3.247162 189 99 10 10
3.249162 189 99 10 10
3.251162 189 99 10 10
3.253162 189 99 10 10
3.255162 189 99 10 10
3.257162 189 99 10 10
3.259162 189 99 10 10
3.261162 190 99 10 10
3.263162 191 99 10 10
3.265162 192 99 10 10
3.267162 193 99 10 10
3.269162 194 99 10 10
3.271162 195 99 10 10
3.273162 196 99 10 10
3.275162 197 99 10 10
3.277162 198 99 10 10
3.279162 199 99 10 10
3.281162 200 99 10 10
3.283162 201 99 10 10
3.285162 202 99 10 10
3.287162 203 99 10 10
3.289162 204 99 10 10
3.291162 205 99 10 10
3.293162 206 99 10 10
3.295162 207 99 9 9
3.297162 207 99 9 9
3.299162 208 99 9 9
3.301162 208 99 9 9
3.303162 209 99 9 8
3.305162 209 100 8 8
3.307162 210 100 8 8
3.309162 210 100 8 8
3.311162 211 100 8 7
3.313162 211 100 8 7
3.315162 212 100 8 7
3.317162 212 101 7 7
3.319162 213 101 7 6
3.321162 213 101 7 6
3.323162 214 101 7 6
3.325162 214 101 7 6
3.327162 215 102 7 6
3.329162 215 102 7 6
3.331162 215 102 7 6
3.333162 216 102 7 6
3.335162 216 102 7 6
3.337162 217 102 7 7
3.339162 217 102 8 7
3.341162 217 102 8 7
3.343162 218 102 8 7
3.345162 218 102 8 8
3.347162 219 102 8 8
3.349162 219 102 8 8
3.351162 220 102 9 8
3.353162 220 102 9 9
3.355162 220 102 9 9
3.357162 221 102 9 9
3.359162 221 102 9 9
3.361162 222 102 10 10
3.363162 222 102 10 10
3.365162 222 102 10 10
3.367162 223 102 10 10
3.369162 223 102 10 10
3.371162 223 102 10 10
3.373162 224 102 10 10
3.375162 224 102 10 10
3.377162 225 102 10 10
3.379162 225 102 10 10
3.381162 225 102 10 10
3.383162 226 102 10 10
3.385162 226 102 10 10
3.387162 226 102 10 10
3.389162 227 102 10 10
3.391162 227 102 10 10
3.393162 227 102 10 10
3.395162 228 103 9 9
3.397162 228 103 9 9
3.399162 229 103 9 9
3.401162 229 104 9 8
3.403162 230 104 9 8
3.405162 231 104 8 8
3.407162 231 105 8 7
3.409162 232 105 8 7
3.411162 232 105 8 7
3.413162 233 105 8 7
3.415162 233 106 8 6
3.417162 234 106 7 6
3.419162 234 106 7 6
3.421162 235 107 7 5
3.423162 235 107 7 5
3.425162 236 107 7 5
3.427162 237 107 7 5
3.429162 237 107 7 5
3.431162 237 107 7 5
3.433162 237 107 7 5
3.435162 237 107 7 6
3.437162 237 107 7 6
3.439162 237 107 8 6
3.441162 237 107 8 7
3.443162 237 107 8 7
3.445162 238 107 8 7
3.447162 238 107 8 8
3.449162 238 107 8 8
3.451162 238 107 9 8
3.453162 238 107 9 8
3.455162 238 107 9 9
3.457162 238 107 9 9
3.459162 238 107 9 9
3.461162 239 107 10 10
3.463162 239 107 10 10
3.465162 240 107 10 10
3.467162 241 107 10 10
3.469162 241 107 10 10
3.471162 242 107 10 10
3.473162 242 107 10 10
3.475162 243 107 10 10
3.477162 244 107 10 10
3.479162 244 107 10 10
3.481162 245 107 10 10
3.483162 245 107 10 10
3.485162 246 107 10 10
3.487162 247 107 10 10
3.489162 247 107 10 10
3.491162 248 107 10 10
3.493162 248 107 10 10
3.495162 248 108 10 10
3.497162 247 108 10 10
3.499162 246 108 10 10
3.501162 246 108 10 10
3.503162 245 108 10 10
3.505162 244 108 10 10
3.507162 243 108 10 10
3.509162 243 108 10 10
3.511162 242 108 10 10
3.513162 241 108 10 10
3.515162 240 108 10 10
3.517162 239 108 10 10
3.519162 239 108 10 10
3.521162 238 108 10 10
3.523162 237 108 10 10
3.525162 236 108 10 10
3.527162 235 108 9 9
3.529162 235 108 9 9
3.531162 235 108 9 9
3.533162 235 108 9 9
3.535162 235 108 9 9
3.537162 235 108 9 8
3.539162 235 108 8 8
3.541162 235 108 8 8
3.543162 235 108 8 8
3.545162 235 108 8 7
3.547162 235 108 8 7
3.549162 235 108 8 7
3.551162 235 108 7 7
3.553162 235 108 7 6
3.555162 235 108 7 6
3.557162 235 108 7 6
3.559162 235 108 7 6
3.561162 234 107 7 6
3.563162 233 107 7 6
3.565162 232 107 7 6
3.567162 231 107 7 6
3.569162 231 107 7 7
3.571162 230 107 7 7
3.573162 229 107 8 7
3.575162 228 107 8 7
3.577162 227 107 8 8
3.579162 226 107 8 8
3.581162 225 107 8 8
3.583162 224 107 9 8
3.585162 223 107 9 8
3.587162 222 107 9 9
3.589162 222 107 9 9
3.591162 221 107 9 9
3.593162 220 107 9 9
3.595162 219 106 10 10
3.597162 218 106 10 10
3.599162 218 106 10 10
3.601162 217 106 10 10
3.603162 216 106 10 10
3.605162 216 105 11 10
3.607162 215 105 11 10
3.609162 214 105 11 10
3.611162 214 105 11 10
3.613162 213 105 11 10
3.615162 212 105 11 10
3.617162 212 104 12 10
3.619162 211 104 12 10
3.621162 210 104 12 10
3.623162 210 104 12 10
3.625162 209 104 12 10
3.627162 208 103 13 10
3.629162 208 103 13 10
3.631162 207 103 13 10
3.633162 206 103 13 10
3.635162 205 103 13 10
3.637162 204 103 13 10
3.639162 203 103 13 10
3.641162 203 103 13 10
3.643162 202 103 13 10
3.645162 201 103 13 10
3.647162 200 103 13 10
3.649162 199 103 13 10
3.651162 198 103 13 10
3.653162 198 103 13 10
3.655162 197 103 13 10
3.657162 196 103 13 10
3.659162 195 103 13 10
3.661162 194 102 13 10
3.663162 194 102 13 10
3.665162 193 102 13 10
3.667162 192 102 13 10
3.669162 192 102 13 10
3.671162 191 102 13 10
3.673162 191 102 13 10
3.675162 190 102 13 10
3.677162 189 101 13 10
3.679162 189 101 13 10
3.681162 188 101 13 10
3.683162 188 101 13 10
3.685162 187 101 13 10
3.687162 186 101 13 10
3.689162 186 101 13 10
3.691162 185 101 13 10
3.693162 185 101 13 10
3.695162 184 100 13 10
3.697162 184 100 13 10
3.699162 183 100 13 10
3.701162 183 100 13 10
3.703162 182 100 13 10
3.705162 182 100 13 10
3.707162 181 100 13 10
3.709162 181 100 13 10
3.711162 180 100 13 10
3.713162 180 100 13 10
3.715162 179 100 13 10
3.717162 179 100 13 10
3.719162 178 100 13 10
3.721162 178 100 13 10
3.723162 177 100 13 10
3.725162 177 100 13 10
3.727162 176 100 12 9
3.729162 176 100 12 9
3.731162 176 100 12 9
3.733162 175 100 11 9
3.735162 175 100 11 9
3.737162 174 100 10 8
3.739162 174 100 10 8
3.741162 174 100 10 8
3.743162 173 100 9 8
3.745162 173 101 9 7
3.747162 172 101 8 7
3.749162 172 101 8 7
3.751162 171 101 7 7
3.753162 171 101 7 6
3.755162 171 101 7 6
3.757162 170 101 6 6
3.759162 170 101 6 6
3.761162 169 101 6 6
3.763162 169 101 6 6
3.765162 168 101 6 6
3.767162 167 101 6 6
3.769162 167 100 7 7
3.771162 166 100 7 7
3.773162 165 100 7 7
3.775162 165 100 7 7
3.777162 164 99 8 8
3.779162 163 99 8 8
3.781162 163 99 8 8
3.783162 162 99 8 8
3.785162 161 99 8 8
3.787162 161 98 9 9
3.789162 160 98 9 9
3.791162 159 98 9 9
3.793162 159 98 9 9
3.795162 158 97 10 10
3.797162 158 97 10 10
3.799162 158 97 10 10
3.801162 158 97 10 10
3.803162 158 97 10 10
3.805162 157 97 10 10
3.807162 157 97 10 10
3.809162 157 97 10 10
3.811162 157 97 10 10
3.813162 157 97 10 10
3.815162 157 97 10 10
3.817162 156 97 10 10
3.819162 156 97 10 10
3.821162 156 97 10 10
3.823162 156 97 10 10
3.825162 156 97 10 10
3.827162 155 97 10 10
3.829162 155 97 10 10
3.831162 154 97 10 10
3.833162 153 97 10 10
3.835162 152 97 10 10
3.837162 151 98 10 10
3.839162 150 98 10 10
3.841162 150 98 10 10
3.843162 149 98 10 10
3.845162 148 99 10 10
3.847162 147 99 10 10
3.849162 146 99 10 10
3.851162 145 99 10 10
3.853162 145 100 10 10
3.855162 144 100 10 10
3.857162 143 100 10 10
3.859162 142 100 10 10
3.861162 141 101 9 9
3.863162 141 101 9 9
3.865162 141 101 9 9
3.867162 140 101 9 8
3.869162 140 101 8 8
3.871162 140 101 8 8
3.873162 140 102 8 8
3.875162 139 102 8 7
3.877162 139 102 7 7
3.879162 139 102 7 7
3.881162 138 102 7 6
3.883162 138 103 7 6
3.885162 138 103 7 6
3.887162 137 103 6 5
3.889162 137 103 6 5
3.891162 137 103 6 5
3.893162 137 103 6 5
3.895162 136 103 6 5
3.897162 135 103 6 5
3.899162 134 103 6 5
3.901162 133 103 6 6
3.903162 132 103 7 6
3.905162 131 103 7 6
3.907162 130 103 7 7
3.909162 129 103 7 7
3.911162 128 103 8 7
3.913162 127 103 8 7
3.915162 126 103 8 8
3.917162 125 103 8 8
3.919162 124 103 9 8
3.921162 123 103 9 9
3.923162 122 103 9 9
3.925162 121 103 9 9
3.927162 120 103 10 10
3.929162 120 103 10 10
3.931162 120 103 10 10
3.933162 120 103 10 10
3.935162 120 103 10 10
3.937162 120 104 10 10
3.939162 120 104 10 10
3.941162 120 104 10 10
3.943162 120 104 10 10
3.945162 120 105 10 10
3.947162 120 105 10 10
3.949162 120 105 10 10
3.951162 120 105 10 10
3.953162 120 106 10 10
3.955162 120 106 10 10
3.957162 120 106 10 10
3.959162 120 106 10 10
3.961162 119 107 10 10
3.963162 119 107 10 10
3.965162 119 107 10 10
3.967162 118 107 10 10
3.969162 118 107 10 10
3.971162 118 107 10 10
3.973162 117 107 10 10
3.975162 117 107 10 10
3.977162 116 108 10 10
3.979162 116 108 10 10
3.981162 116 108 10 10
3.983162 115 108 10 10
3.985162 115 108 10 10
3.987162 115 108 10 10
3.989162 114 108 10 10
3.991162 114 108 10 10
3.993162 114 108 10 10
3.995162 113 109 10 10
3.997162 113 109 10 10
3.999162 112 109 10 10
4.001162 112 109 10 10
4.003162 112 109 10 10
4.005162 111 109 10 10
4.007162 111 109 10 10
4.009162 110 109 10 10
4.011162 110 110 10 10
4.013162 109 110 10 10
4.015162 109 110 10 10
4.017162 109 110 10 10
4.019162 108 110 10 10
4.021162 108 110 10 10
4.023162 107 110 10 10
4.025162 107 110 10 10
4.027162 106 111 9 9
4.029162 106 111 9 9
4.031162 106 111 9 9
4.033162 105 111 9 9
4.035162 105 111 9 9
4.037162 104 112 9 8
4.039162 104 112 8 8
4.041162 104 112 8 8
4.043162 103 112 8 8
4.045162 103 113 8 7
4.047162 102 113 8 7
4.049162 102 113 8 7
4.051162 101 113 7 7
4.053162 101 114 7 6
4.055162 101 114 7 6
4.057162 100 114 7 6
4.059162 100 114 7 6
4.061162 99 115 7 6
4.063162 99 115 7 6
4.065162 99 115 7 6
4.067162 98 115 7 6
4.069162 98 115 7 7
4.071162 98 115 7 7
4.073162 97 115 8 7
4.075162 97 115 8 7
4.077162 96 115 8 8
4.079162 96 115 8 8
4.081162 96 115 8 8
4.083162 95 115 9 8
4.085162 95 115 9 8
4.087162 95 115 9 9
4.089162 94 115 9 9
4.091162 94 115 9 9
4.093162 94 115 9 9
4.095162 93 116 10 10
4.097162 93 116 10 10
4.099162 93 116 10 10
4.101162 93 117 10 10
4.103162 93 117 10 10
4.105162 93 118 10 10
4.107162 93 118 10 10
4.109162 93 118 10 10
4.111162 92 119 10 10
4.113162 92 119 10 10
4.115162 92 119 10 10
4.117162 92 120 10 10
4.119162 92 120 10 10
4.121162 92 120 10 10
4.123162 92 121 10 10
4.125162 92 121 10 10
4.127162 92 121 10 10
4.129162 92 121 10 10
4.131162 92 121 10 10
4.133162 92 121 10 10
4.135162 92 121 10 10
4.137162 92 121 10 10
4.139162 92 121 10 10
4.141162 92 121 10 10
4.143162 92 121 10 10
4.145162 92 121 10 10
4.147162 92 121 10 10
4.149162 92 121 10 10
4.151162 92 121 10 10
4.153162 92 121 10 10
4.155162 92 121 10 10
4.157162 92 121 10 10
4.159162 92 121 10 10
4.161162 92 121 9 9
4.163162 92 121 9 9
4.165162 92 121 9 9
4.167162 92 121 9 9
4.169162 92 121 8 9
4.171162 92 121 8 9
4.173162 92 122 8 8
4.175162 92 122 8 8
4.177162 92 122 7 8
4.179162 92 122 7 8
4.181162 92 122 7 8
4.183162 92 123 7 7
4.185162 92 123 7 7
4.187162 92 123 6 7
4.189162 92 123 6 7
4.191162 92 123 6 7
4.193162 92 123 6 7
4.195162 89 118 5 6
4.197162 83 111 5 6
4.199162 78 104 5 5
4.201162 72 96 4 5
4.203162 66 89 4 5
4.205162 61 81 3 4
4.207162 55 74 3 4
4.209162 50 66 3 3
4.211162 44 59 2 3
4.213162 38 51 2 2
4.215162 33 44 2 2
4.217162 27 37 1 2
4.219162 22 29 1 1
4.221162 16 22 1 1
4.223162 11 14 0 0
4.225162 5 7 0 0
4.227162 0 0 0 0
4.229162 0 0 0 0
4.231162 0 0 0 0
4.233162 0 0 0 0
4.235162 0 0 0 0
4.237162 0 0 0 0
4.239162 0 0 0 0
4.241162 0 0 0 0
4.243162 0 0 0 0
4.245162 0 0 0 0
4.247162 0 0 0 0
4.249162 0 0 0 0
4.251162 0 0 0 0
4.253162 0 0 0 0
4.255162 0 0 0 0
4.257162 0 0 0 0
4.259162 0 0 0 0
4.261162 0 0 0 0
4.263162 0 0 0 0
4.265162 0 0 0 0
4.267162 0 0 0 0
4.269162 0 0 0 0
4.271162 0 0 0 0
4.273162 0 0 0 0
4.275162 0 0 0 0
4.277162 0 0 0 0
4.279162 0 0 0 0
4.281162 0 0 0 0
4.283162 0 0 0 0
4.285162 0 0 0 0
4.287162 0 0 0 0
4.289162 0 0 0 0
4.291162 0 0 0 0
4.293162 0 0 0 0
4.295162 0 0 0 0
4.297162 0 0 0 0
4.299162 0 0 0 0
4.301162 0 0 0 0
4.303162 0 0 0 0
4.305162 0 0 0 0
4.307162 0 0 0 0
4.309162 0 0 0 0
4.311162 0 0 0 0
4.313162 0 0 0 0
4.315162 0 0 0 0
4.317162 0 0 0 0
4.319162 0 0 0 0
4.321162 0 0 0 0
4.323162 0 0 0 0
4.325162 0 0 0 0
4.327162 0 0 0 0
4.329162 0 0 0 0
4.331162 0 0 0 0
4.333162 0 0 0 0
4.335162 0 0 0 0
4.337162 0 0 0 0
4.339162 0 0 0 0
4.341162 0 0 0 0
4.343162 0 0 0 0
4.345162 0 0 0 0
4.347162 0 0 0 0
4.349162 0 0 0 0
4.351162 0 0 0 0
4.353162 0 0 0 0
4.355162 0 0 0 0
4.357162 0 0 0 0
4.359162 0 0 0 0
4.361162 0 0 0 0
4.363162 0 0 0 0
4.365162 0 0 0 0
4.367162 0 0 0 0
4.369162 0 0 0 0
4.371162 0 0 0 0
4.373162 0 0 0 0
4.375162 0 0 0 0
4.377162 0 0 0 0
4.379162 0 0 0 0
4.381162 0 0 0 0
4.383162 0 0 0 0
4.385162 0 0 0 0
4.387162 0 0 0 0
4.389162 0 0 0 0
4.391162 0 0 0 0
4.393162 0 0 0 0
4.395162 0 0 0 0
4.397162 0 0 0 0
4.399162 0 0 0 0
4.401162 0 0 0 0
4.403162 0 0 0 0
4.405162 0 0 0 0
4.407162 0 0 0 0
4.409162 0 0 0 0
4.411162 0 0 0 0
4.413162 0 0 0 0
4.415162 0 0 0 0
4.417162 0 0 0 0
4.419162 0 0 0 0
4.421162 0 0 0 0
4.423162 0 0 0 0
4.425162 0 0 0 0
4.427162 0 0 0 0
4.429162 0 0 0 0
4.431162 0 0 0 0
4.433162 0 0 0 0
4.435162 0 0 0 0
4.437162 0 0 0 0
4.439162 0 0 0 0
4.441162 0 0 0 0
4.443162 0 0 0 0
4.445162 0 0 0 0
4.447162 0 0 0 0
4.449162 0 0 0 0
4.451162 0 0 0 0
4.453162 0 0 0 0
4.455162 0 0 0 0
4.457162 0 0 0 0
4.459162 0 0 0 0
4.461162 0 0 0 0
4.463162 0 0 0 0
4.465162 0 0 0 0
4.467162 0 0 0 0
4.469162 0 0 0 0
4.471162 0 0 0 0
4.473162 0 0 0 0
4.475162 0 0 0 0
4.477162 0 0 0 0
4.479162 0 0 0 0
4.481162 0 0 0 0
4.483162 0 0 0 0
4.485162 0 0 0 0
4.487162 0 0 0 0
4.489162 0 0 0 0
4.491162 0 0 0 0
4.493162 0 0 0 0
4.495162 0 0 0 0
4.497162 0 0 0 0
4.499162 0 0 0 0
4.501162 0 0 0 0
4.503162 0 0 0 0
4.505162 0 0 0 0
4.507162 0 0 0 0
4.509162 0 0 0 0
4.511162 0 0 0 0
4.513162 0 0 0 0
4.515162 0 0 0 0
4.517162 0 0 0 0
4.519162 0 0 0 0
4.521162 0 0 0 0
4.523162 0 0 0 0
4.525162 0 0 0 0
4.527162 0 0 0 0
4.529162 5 10 0 0
4.531162 10 20 0 0
4.533162 15 30 1 0
4.535162 20 40 1 1
4.537162 25 50 2 1
4.539162 31 60 2 1
4.541162 36 70 2 2
4.543162 41 80 3 2
4.545162 46 90 3 2
4.547162 51 101 4 3
4.549162 56 111 4 3
4.551162 62 121 5 3
4.553162 67 131 5 3
4.555162 72 141 5 4
4.557162 77 151 6 4
4.559162 82 161 6 4
4.561162 86 168 7 5
4.563162 86 168 7 5
4.565162 86 168 7 5
4.567162 86 168 7 6
4.569162 86 168 7 6
4.571162 86 168 7 6
4.573162 86 168 8 6
4.575162 86 168 8 7
4.577162 86 168 8 7
4.579162 86 168 8 7
4.581162 86 168 8 8
4.583162 86 168 9 8
4.585162 86 168 9 8
4.587162 86 168 9 9
4.589162 86 168 9 9
4.591162 86 168 9 9
4.593162 86 168 9 9
4.595162 87 168 10 10
4.597162 87 168 10 10
4.599162 87 168 10 10
4.601162 87 168 10 10
4.603162 87 168 10 10
4.605162 87 168 10 10
4.607162 87 168 10 10
4.609162 87 168 10 10
4.611162 88 168 10 10
4.613162 88 168 10 10
4.615162 88 168 10 10
4.617162 88 168 10 10
4.619162 88 168 10 10
4.621162 88 168 10 10
4.623162 88 168 10 10
4.625162 88 168 10 10
4.627162 89 169 10 10
4.629162 89 169 10 10
4.631162 89 169 10 10
4.633162 90 169 10 10
4.635162 90 170 10 10
4.637162 91 170 10 10
4.639162 91 170 10 10
4.641162 91 171 10 10
4.643162 92 171 10 10
4.645162 92 171 10 10
4.647162 93 172 10 10
4.649162 93 172 10 10
4.651162 94 172 10 10
4.653162 94 172 10 10
4.655162 94 173 10 10
4.657162 95 173 10 10
4.659162 95 173 10 10
4.661162 96 174 10 10
4.663162 96 174 10 10
4.665162 96 174 10 10
4.667162 96 174 10 10
4.669162 96 174 10 10
4.671162 96 174 10 10
4.673162 96 174 10 10
4.675162 96 174 10 10
4.677162 96 175 10 10
4.679162 96 175 10 10
4.681162 96 175 10 10
4.683162 96 175 10 10
4.685162 96 175 10 10
4.687162 96 175 10 10
4.689162 96 175 10 10
4.691162 96 175 10 10
4.693162 96 175 10 10
4.695162 96 176 10 10
4.697162 96 176 10 10
4.699162 96 176 10 10
4.701162 96 176 10 10
4.703162 96 176 10 10
4.705162 96 176 10 10
4.707162 96 176 10 10
4.709162 96 176 10 10
4.711162 96 176 10 10
4.713162 96 176 10 10
4.715162 96 176 10 10
4.717162 96 176 10 10
4.719162 96 176 10 10
4.721162 96 176 10 10
4.723162 96 176 10 10
4.725162 96 176 10 10
4.727162 96 175 9 9
4.729162 97 175 9 9
4.731162 98 175 9 9
4.733162 99 174 9 9
4.735162 100 174 9 9
4.737162 101 173 9 8
4.739162 102 173 8 8
4.741162 103 172 8 8
4.743162 104 172 8 8
4.745162 105 171 8 7
4.747162 106 171 8 7
4.749162 107 170 8 7
4.751162 108 170 7 7
4.753162 109 169 7 6
4.755162 110 169 7 6
4.757162 111 168 7 6
4.759162 112 168 7 6
4.761162 113 168 7 6
4.763162 113 168 7 6
4.765162 113 168 7 6
4.767162 113 168 7 6
4.769162 113 168 7 6
4.771162 113 168 7 6
4.773162 113 168 7 6
4.775162 113 168 7 6
4.777162 114 168 7 6
4.779162 114 168 7 6
4.781162 114 168 7 6
4.783162 114 168 7 6
4.785162 114 168 7 6
4.787162 114 168 7 6
4.789162 114 168 7 6
4.791162 114 168 7 6
4.793162 114 168 7 6
4.795162 115 169 7 7
4.797162 115 169 7 7
4.799162 115 169 7 7
4.801162 115 169 7 7
4.803162 115 169 7 7
4.805162 116 169 7 7
4.807162 116 169 7 7
4.809162 116 169 7 7
4.811162 116 170 7 7
4.813162 116 170 7 7
4.815162 116 170 7 7
4.817162 117 170 7 7
4.819162 117 170 7 7
4.821162 117 170 7 7
4.823162 117 170 7 7
4.825162 117 170 7 7
4.827162 118 171 7 7
4.829162 118 171 7 7
4.831162 118 171 7 7
4.833162 118 171 7 7
4.835162 119 172 7 7
4.837162 119 172 7 7
4.839162 119 172 7 7
4.841162 120 173 7 7
4.843162 120 173 7 7
4.845162 120 173 7 7
4.847162 121 174 7 7
4.849162 121 174 7 7
4.851162 121 174 7 7
4.853162 121 174 7 7
4.855162 122 175 7 7
4.857162 122 175 7 7
4.859162 122 175 7 7
4.861162 123 176 7 7
4.863162 123 176 7 7
4.865162 123 176 7 7
4.867162 123 176 7 7
4.869162 123 176 7 7
4.871162 123 176 7 7
4.873162 123 176 7 7
4.875162 123 176 7 7
4.877162 124 177 7 7
4.879162 124 177 7 7
4.881162 124 177 7 7
4.883162 124 177 7 7
4.885162 124 177 7 7
4.887162 124 177 7 7
4.889162 124 177 7 7
4.891162 124 177 7 7
4.893162 124 177 7 7
4.895162 125 178 8 7
4.897162 125 178 8 7
4.899162 125 178 8 7
4.901162 125 178 8 7
4.903162 125 178 8 7
4.905162 125 178 8 7
4.907162 125 178 8 7
4.909162 125 178 8 7
4.911162 125 178 8 7
4.913162 125 178 8 7
4.915162 125 178 8 7
4.917162 125 178 8 7
4.919162 125 178 8 7
4.921162 125 178 8 7
4.923162 125 178 8 7
4.925162 125 178 8 7
4.927162 125 178 8 7
4.929162 125 178 8 7
4.931162 125 178 8 7
4.933162 125 178 8 7
4.935162 125 178 8 7
4.937162 126 178 8 7
4.939162 126 178 8 7
4.941162 126 178 8 7
4.943162 126 178 8 7
4.945162 127 178 8 7
4.947162 127 178 8 7
4.949162 127 178 8 7
4.951162 127 178 8 7
4.953162 128 178 8 7
4.955162 128 178 8 7
4.957162 128 178 8 7
4.959162 128 178 8 7
4.961162 129 177 8 7
4.963162 129 177 8 7
4.965162 129 177 8 7
4.967162 129 177 8 7
4.969162 129 177 8 7
4.971162 129 177 8 7
4.973162 130 177 8 7
4.975162 130 177 8 7
4.977162 130 176 8 7
4.979162 130 176 8 7
4.981162 130 176 8 7
4.983162 131 176 8 7
4.985162 131 176 8 7
4.987162 131 176 8 7
4.989162 131 176 8 7
4.991162 131 176 8 7
4.993162 131 176 8 7
4.995162 132 175 8 7
4.997162 132 175 8 7
4.999162 132 175 8 7
5.001162 132 175 8 7
5.003162 132 175 8 7
5.005162 132 175 8 7
5.007162 132 175 8 7
5.009162 132 175 8 7
5.011162 132 174 8 7
5.013162 132 174 8 7
5.015162 132 174 8 7
5.017162 132 174 8 7
5.019162 132 174 8 7
5.021162 132 174 8 7
5.023162 132 174 8 7
5.025162 132 174 8 7
5.027162 132 174 8 7
5.029162 132 174 8 7
5.031162 132 174 8 7
5.033162 132 174 8 7
5.035162 132 174 8 7
5.037162 132 174 8 7
5.039162 132 175 8 7
5.041162 132 175 8 7
5.043162 132 175 8 7
5.045162 132 175 8 7
5.047162 132 175 8 7
5.049162 132 175 8 7
5.051162 132 176 8 7
5.053162 132 176 8 7
5.055162 132 176 8 7
5.057162 132 176 8 7
5.059162 132 176 8 7
5.061162 133 177 8 7
5.063162 133 177 8 7
5.065162 133 177 8 7
5.067162 133 177 8 7
5.069162 133 177 8 7
5.071162 133 177 8 7
5.073162 133 177 8 7
5.075162 133 177 8 7
5.077162 133 177 8 7
5.079162 133 177 8 7
5.081162 133 177 8 7
5.083162 133 177 8 7
5.085162 133 177 8 7
5.087162 133 177 8 7
5.089162 133 177 8 7
5.091162 133 177 8 7
5.093162 133 177 8 7
5.095162 134 176 8 7
5.097162 134 176 8 7
5.099162 134 176 8 7
5.101162 134 176 8 7
5.103162 134 176 8 7
5.105162 134 176 8 7
5.107162 134 176 8 7
5.109162 134 176 8 7
5.111162 134 176 8 7
5.113162 134 176 8 7
5.115162 134 176 8 7
5.117162 134 176 8 7
5.119162 134 176 8 7
5.121162 134 176 8 7
5.123162 134 176 8 7
5.125162 134 176 8 7
5.127162 134 176 7 7
5.129162 134 176 7 7
5.131162 134 176 7 7
5.133162 135 176 7 7
5.135162 135 176 7 7
5.137162 135 176 7 7
5.139162 136 176 6 7
5.141162 136 176 6 7
5.143162 136 176 6 7
5.145162 137 176 6 7
5.147162 137 176 6 7
5.149162 137 176 6 7
5.151162 138 176 5 7
5.153162 138 176 5 7
5.155162 139 176 5 7
5.157162 139 176 5 7
5.159162 139 176 5 7
5.161162 140 177 5 6
5.163162 140 177 5 6
5.165162 140 177 5 6
5.167162 140 177 5 6
5.169162 140 177 5 6
5.171162 140 177 5 6
5.173162 140 177 6 6
5.175162 140 177 6 6
5.177162 140 178 6 6
5.179162 140 178 6 6
5.181162 140 178 6 6
5.183162 140 178 7 6
5.185162 140 178 7 6
5.187162 140 178 7 6
5.189162 140 178 7 6
5.191162 140 178 7 6
5.193162 140 178 7 6
5.195162 141 179 7 6
5.197162 141 179 7 6
5.199162 141 179 7 6
5.201162 141 179 7 6
5.203162 141 179 7 6
5.205162 141 179 7 6
5.207162 141 179 7 6
5.209162 141 179 7 6
5.211162 142 179 7 6
5.213162 142 179 7 6
5.215162 142 179 7 6
5.217162 142 179 7 6
5.219162 142 179 7 6
5.221162 142 179 7 6
5.223162 142 179 7 6
5.225162 142 179 7 6
5.227162 143 179 6 7
5.229162 143 179 6 7
5.231162 143 179 6 7
5.233162 143 179 6 7
5.235162 143 179 6 7
5.237162 143 179 6 7
5.239162 143 179 6 7
5.241162 143 179 6 7
5.243162 143 179 6 7
5.245162 144 179 6 7
5.247162 144 179 6 7
5.249162 144 179 6 7
5.251162 144 179 6 7
5.253162 144 179 6 7
5.255162 144 179 6 7
5.257162 144 179 6 7
5.259162 144 179 6 7
5.261162 145 179 6 7
5.263162 145 179 6 7
5.265162 145 179 6 7
5.267162 145 179 6 7
5.269162 145 179 6 7
5.271162 145 179 6 7
5.273162 145 179 6 7
5.275162 145 179 6 7
5.277162 146 179 6 7
5.279162 146 179 6 7
5.281162 146 179 6 7
5.283162 146 179 6 7
5.285162 146 179 6 7
5.287162 146 179 6 7
5.289162 146 179 6 7
5.291162 146 179 6 7
5.293162 146 179 6 7
5.295162 147 180 6 7
5.297162 147 180 6 7
5.299162 147 180 6 7
5.301162 147 180 6 7
5.303162 147 180 6 7
5.305162 147 180 6 7
5.307162 147 180 6 7
5.309162 147 180 6 7
5.311162 148 180 6 7
5.313162 148 180 6 7
5.315162 148 180 6 7
5.317162 148 180 6 7
5.319162 148 180 6 7
5.321162 148 180 6 7
5.323162 148 180 6 7
5.325162 148 180 6 7
5.327162 149 180 6 7
5.329162 149 180 6 7
5.331162 149 180 6 7
5.333162 149 180 6 7
5.335162 149 180 6 7
5.337162 149 180 6 7
5.339162 149 180 6 7
5.341162 149 180 6 7
5.343162 149 180 6 7
5.345162 149 180 6 7
5.347162 149 180 6 7
5.349162 149 180 6 7
5.351162 149 180 6 7
5.353162 149 180 6 7
5.355162 149 180 6 7
5.357162 149 180 6 7
5.359162 149 180 6 7
5.361162 149 179 6 7
5.363162 149 179 6 7
5.365162 149 179 6 7
5.367162 149 179 6 7
5.369162 149 179 6 7
5.371162 149 179 6 7
5.373162 149 179 6 7
5.375162 149 179 6 7
5.377162 149 179 6 7
5.379162 149 179 6 7
5.381162 149 179 6 7
5.383162 149 179 6 7
5.385162 149 179 6 7
5.387162 149 179 6 7
5.389162 149 179 6 7
5.391162 149 179 6 7
5.393162 149 179 6 7
5.395162 150 179 7 8
5.397162 150 179 7 8
5.399162 150 179 7 8
5.401162 150 179 7 8
5.403162 150 179 7 8
5.405162 150 179 8 8
5.407162 150 179 8 8
5.409162 150 179 8 8
5.411162 150 179 8 9
5.413162 150 179 8 9
5.415162 150 179 8 9
5.417162 150 179 9 9
5.419162 150 179 9 9
5.421162 150 179 9 9
5.423162 150 179 9 9
5.425162 150 179 9 9
5.427162 150 179 10 10
5.429162 150 179 10 10
5.431162 150 179 10 10
5.433162 150 179 10 10
5.435162 150 179 10 10
5.437162 150 179 10 10
5.439162 150 179 10 10
5.441162 150 179 10 10
5.443162 150 179 10 10
5.445162 151 179 10 10
5.447162 151 179 10 10
5.449162 151 179 10 10
5.451162 151 179 10 10
5.453162 151 179 10 10
5.455162 151 179 10 10
5.457162 151 179 10 10
5.459162 151 179 10 10
5.461162 152 178 10 10
5.463162 152 178 10 10
5.465162 152 178 10 10
5.467162 152 178 10 10
5.469162 152 178 10 10
5.471162 152 178 10 10
5.473162 152 178 10 10
5.475162 152 178 10 10
5.477162 152 178 10 10
5.479162 152 178 10 10
5.481162 152 178 10 10
5.483162 152 178 10 10
5.485162 152 178 10 10
5.487162 152 178 10 10
5.489162 152 178 10 10
5.491162 152 178 10 10
5.493162 152 178 10 10
5.495162 153 178 10 10
5.497162 153 178 10 10
5.499162 153 178 10 10
5.501162 153 178 10 10
5.503162 153 178 10 10
5.505162 153 178 10 10
5.507162 153 178 10 10
5.509162 153 178 10 10
5.511162 153 178 10 10
5.513162 153 178 10 10
5.515162 153 178 10 10
5.517162 153 178 10 10
5.519162 153 178 10 10
5.521162 153 178 10 10
5.523162 153 178 10 10
5.525162 153 178 10 10
5.527162 154 178 10 10
5.529162 154 178 10 10
5.531162 154 178 10 10
5.533162 154 178 10 10
5.535162 154 178 10 10
5.537162 154 178 10 10
5.539162 154 178 10 10
5.541162 154 178 10 10
5.543162 154 178 10 10
5.545162 154 178 10 10
5.547162 154 178 10 10
5.549162 154 178 10 10
5.551162 154 178 10 10
5.553162 154 178 10 10
5.555162 154 178 10 10
5.557162 154 178 10 10
5.559162 154 178 10 10
5.561162 154 179 10 10
5.563162 154 179 10 10
5.565162 154 179 10 10
5.567162 154 179 10 10
5.569162 154 179 10 10
5.571162 154 179 10 10
5.573162 154 179 10 10
5.575162 154 179 10 10
5.577162 154 179 10 10
5.579162 154 179 10 10
5.581162 154 179 10 10
5.583162 154 179 10 10
5.585162 154 179 10 10
5.587162 154 179 10 10
5.589162 154 179 10 10
5.591162 154 179 10 10
5.593162 154 179 10 10
5.595162 154 178 10 10
5.597162 154 178 10 10
5.599162 154 178 10 10
5.601162 154 178 10 10
5.603162 154 178 10 10
5.605162 154 178 10 10
5.607162 154 178 10 10
5.609162 154 178 10 10
5.611162 154 178 10 10
5.613162 154 178 10 10
5.615162 154 178 10 10
5.617162 154 178 10 10
5.619162 154 178 10 10
5.621162 154 178 10 10
5.623162 154 178 10 10
5.625162 154 178 10 10
5.627162 154 178 10 10
5.629162 154 178 10 10
5.631162 154 178 10 10
5.633162 154 178 10 10
5.635162 154 178 10 10
5.637162 154 178 10 10
5.639162 154 178 10 10
5.641162 154 178 10 10
5.643162 154 178 10 10
5.645162 154 178 10 10
5.647162 154 178 10 10
5.649162 154 178 10 10
5.651162 154 178 10 10
5.653162 154 178 10 10
5.655162 154 178 10 10
5.657162 154 178 10 10
5.659162 154 178 10 10
5.661162 155 179 10 10
5.663162 155 179 10 10
5.665162 155 179 10 10
5.667162 155 179 10 10
5.669162 155 179 10 10
5.671162 155 179 10 10
5.673162 155 179 10 10
5.675162 155 179 10 10
5.677162 155 179 10 10
5.679162 155 179 10 10
5.681162 155 179 10 10
5.683162 155 179 10 10
5.685162 155 179 10 10
5.687162 155 179 10 10
5.689162 155 179 10 10
5.691162 155 179 10 10
5.693162 155 179 10 10
5.695162 155 179 10 10
5.697162 155 179 10 10
5.699162 155 179 10 10
5.701162 155 179 10 10
5.703162 155 179 10 10
5.705162 155 179 10 10
5.707162 155 179 10 10
5.709162 155 179 10 10
5.711162 155 179 10 10
5.713162 155 179 10 10
5.715162 155 179 10 10
5.717162 155 179 10 10
5.719162 155 179 10 10
5.721162 155 179 10 10
5.723162 155 179 10 10
5.725162 155 179 10 10
5.727162 156 179 9 9
5.729162 156 179 9 9
5.731162 156 179 9 9
5.733162 156 179 9 9
5.735162 156 179 9 9
5.737162 156 179 8 9
5.739162 156 179 8 8
5.741162 156 179 8 8
5.743162 156 179 8 8
5.745162 156 179 7 8
5.747162 156 179 7 8
5.749162 156 179 7 8
5.751162 156 179 7 7
5.753162 156 179 6 7
5.755162 156 179 6 7
5.757162 156 179 6 7
5.759162 156 179 6 7
5.761162 156 179 6 7
5.763162 156 179 6 7
5.765162 156 179 6 7
5.767162 156 179 6 7
5.769162 156 179 7 7
5.771162 156 179 7 7
5.773162 156 179 7 8
5.775162 156 179 7 8
5.777162 156 179 8 8
5.779162 156 179 8 8
5.781162 156 179 8 8
5.783162 156 179 8 9
5.785162 156 179 8 9
5.787162 156 179 9 9
5.789162 156 179 9 9
5.791162 156 179 9 9
5.793162 156 179 9 9
5.795162 156 179 9 9
5.797162 156 179 9 9
5.799162 156 179 9 9
5.801162 156 179 8 8
5.803162 156 179 8 8
5.805162 157 180 8 7
5.807162 157 180 7 7
5.809162 157 180 7 7
5.811162 157 180 7 6
5.813162 157 180 7 6
5.815162 157 180 6 6
5.817162 158 181 6 5
5.819162 158 181 6 5
5.821162 158 181 5 5
5.823162 158 181 5 4
5.825162 158 181 5 4
