0.006952 253 155 6 6
0.008952 252 154 5 6
0.010952 252 154 5 6
0.012952 252 154 5 6
0.014952 252 154 5 6
0.016952 252 154 5 6
0.018952 252 154 5 6
0.020952 252 154 5 6
0.022952 252 154 5 6
0.024952 252 153 5 6
0.026952 252 153 5 6
0.028952 252 153 5 6
0.030952 252 153 5 6
0.032952 252 153 5 6
0.034952 252 153 5 6
0.036952 252 153 5 6
0.038952 252 153 5 6
0.040952 251 153 5 6
0.042952 251 153 5 6
0.044952 251 153 5 6
0.046952 251 153 5 6
0.048952 251 153 5 6
0.050952 251 153 5 6
0.052952 251 153 5 6
0.054952 251 153 5 6
0.056952 251 153 6 6
0.058952 251 153 6 6
0.060952 251 153 6 6
0.062952 251 153 6 6
0.064952 251 153 6 6
0.066952 251 153 6 6
0.068952 251 153 6 6
0.070952 251 153 6 6
0.072952 251 153 6 6
0.074952 251 153 7 7
0.076952 251 153 7 7
0.078952 251 153 7 7
0.080952 251 153 7 7
0.082952 251 153 7 7
0.084952 251 153 7 7
0.086952 251 153 7 7
0.088952 251 153 7 7
0.090952 251 153 7 7
0.092952 251 153 7 7
0.094952 251 153 7 7
0.096952 251 153 7 7
0.098952 251 153 7 7
0.100952 251 153 7 7
0.102952 251 153 7 7
0.104952 251 153 7 7
0.106952 251 153 6 7
0.108952 251 153 6 7
0.110952 251 153 6 7
0.112952 251 153 6 7
0.114952 251 153 6 7
0.116952 251 153 6 7
0.118952 251 153 6 7
0.120952 251 153 6 7
0.122952 251 153 6 7
0.124952 251 153 5 7
0.126952 251 153 5 7
0.128952 251 153 5 7
0.130952 251 153 5 7
0.132952 251 153 5 7
0.134952 251 153 5 7
0.136952 251 153 5 7
0.138952 251 153 5 7
0.140952 250 152 5 7
0.142952 250 152 5 7
0.144952 250 152 5 7
0.146952 250 152 5 7
0.148952 250 152 5 7
0.150952 250 152 5 7
0.152952 249 152 6 7
0.154952 249 152 6 7
0.156952 249 152 6 8
0.158952 249 152 6 8
0.160952 249 152 6 8
0.162952 248 152 7 8
0.164952 248 152 7 8
0.166952 248 152 7 8
0.168952 248 152 7 8
0.170952 248 152 7 8
0.172952 248 152 7 8
0.174952 248 152 7 8
0.176952 248 152 7 8
0.178952 248 152 7 8
0.180952 248 152 7 8
0.182952 248 152 7 8
0.184952 248 152 7 8
0.186952 248 152 7 8
0.188952 248 152 7 8
0.190952 248 153 6 7
0.192952 248 153 6 7
0.194952 248 153 6 7
0.196952 248 153 6 7
0.198952 248 153 6 7
0.200952 248 153 6 7
0.202952 248 153 6 7
0.204952 248 153 6 7
0.206952 247 154 6 7
0.208952 247 154 6 7
0.210952 247 154 6 7
0.212952 247 154 6 7
0.214952 247 154 6 7
0.216952 247 154 6 7
0.218952 247 154 6 7
0.220952 247 154 6 7
0.222952 247 154 6 7
0.224952 247 154 7 7
0.226952 247 154 7 7
0.228952 247 154 7 7
0.230952 247 154 7 7
0.232952 247 154 7 7
0.234952 247 154 7 7
0.236952 247 154 7 7
0.238952 247 154 7 7
0.240952 247 155 7 8
0.242952 247 155 7 8
0.244952 247 155 7 8
0.246952 247 155 7 8
0.248952 247 155 7 8
0.250952 247 155 7 8
0.252952 247 155 7 8
0.254952 247 155 7 8
0.256952 247 155 6 8
0.258952 247 155 6 8
0.260952 247 155 6 8
0.262952 247 155 6 8
0.264952 247 155 6 8
0.266952 247 155 6 8
0.268952 247 155 6 8
0.270952 247 155 6 8
0.272952 247 155 6 8
0.274952 246 156 6 8
0.276952 246 156 6 8
0.278952 246 156 6 8
0.280952 246 156 6 8
0.282952 246 156 6 8
0.284952 246 157 6 8
0.286952 246 157 6 8
0.288952 246 157 6 8
0.290952 246 157 6 8
0.292952 246 157 6 8
0.294952 246 157 6 8
0.296952 246 158 6 8
0.298952 246 158 6 8
0.300952 246 158 6 8
0.302952 246 158 6 8
0.304952 246 158 6 8
0.306952 245 159 7 8
0.308952 245 159 7 8
0.310952 245 159 7 8
0.312952 245 159 7 8
0.314952 245 159 7 8
0.316952 245 159 7 8
0.318952 245 159 7 8
0.320952 245 159 7 8
0.322952 245 159 7 8
0.324952 245 160 7 8
0.326952 245 160 7 8
0.328952 245 160 7 8
0.330952 245 160 7 8
0.332952 245 160 7 8
0.334952 245 160 7 8
0.336952 245 160 7 8
0.338952 245 160 7 8
0.340952 244 161 8 9
0.342952 244 161 8 9
0.344952 244 161 8 9
0.346952 244 161 8 9
0.348952 244 161 8 9
0.350952 244 161 8 9
0.352952 244 162 8 9
0.354952 244 162 8 9
0.356952 243 162 9 9
0.358952 243 162 9 9
0.360952 243 162 9 9
0.362952 243 163 9 9
0.364952 243 163 9 9
0.366952 243 163 9 9
0.368952 243 163 9 9
0.370952 243 163 9 9
0.372952 243 163 9 9
0.374952 243 164 9 9
0.376952 243 164 9 9
0.378952 243 164 9 9
0.380952 243 164 9 9
0.382952 243 164 8 9
0.384952 243 164 8 8
0.386952 243 164 8 8
0.388952 243 164 8 8
0.390952 243 165 7 8
0.392952 243 165 7 8
0.394952 243 165 7 8
0.396952 243 165 7 7
0.398952 243 165 6 7
0.400952 243 165 6 7
0.402952 243 165 6 7
0.404952 243 165 6 7
0.406952 244 166 6 7
0.408952 244 166 6 7
0.410952 244 166 6 7
0.412952 244 166 6 7
0.414952 244 166 6 7
0.416952 244 167 6 7
0.418952 244 167 6 7
0.420952 244 167 6 7
0.422952 244 167 6 7
0.424952 244 168 6 7
0.426952 244 168 6 7
0.428952 244 168 6 7
0.430952 244 168 6 7
0.432952 244 169 6 7
0.434952 244 169 6 7
0.436952 244 169 6 7
0.438952 244 169 6 7
0.440952 244 170 6 7
0.442952 244 170 6 7
0.444952 244 170 6 7
0.446952 244 170 6 7
0.448952 244 170 6 7
0.450952 244 170 6 7
0.452952 244 171 6 7
0.454952 244 171 6 7
0.456952 244 171 6 7
0.458952 244 171 6 7
0.460952 244 171 6 7
0.462952 244 172 6 7
0.464952 244 172 6 7
0.466952 244 172 6 7
0.468952 244 172 6 7
0.470952 244 172 6 7
0.472952 244 172 6 7
0.474952 244 173 5 6
0.476952 244 173 5 6
0.478952 244 173 5 6
0.480952 244 174 5 6
0.482952 244 174 5 6
0.484952 244 174 5 6
0.486952 244 175 5 6
0.488952 244 175 5 6
0.490952 244 175 5 6
0.492952 244 175 5 6
0.494952 244 176 5 6
0.496952 244 176 5 6
0.498952 244 176 5 6
0.500952 244 177 5 6
0.502952 244 177 5 6
0.504952 244 177 5 6
0.506952 244 178 5 6
0.508952 244 178 5 6
0.510952 244 178 5 6
0.512952 244 178 5 6
0.514952 244 178 5 6
0.516952 244 178 5 6
0.518952 244 178 5 6
0.520952 244 178 5 6
0.522952 244 178 5 6
0.524952 244 178 5 6
0.526952 244 178 5 6
0.528952 244 178 5 6
0.530952 244 178 5 6
0.532952 244 178 5 6
0.534952 244 178 5 6
0.536952 244 178 5 6
0.538952 244 178 5 6
0.540952 243 178 5 6
0.542952 242 177 5 6
0.544952 241 176 5 6
0.546952 239 175 6 6
0.548952 238 174 6 7
0.550952 237 173 6 7
0.552952 236 172 6 7
0.554952 235 171 7 7
0.556952 233 170 7 8
0.558952 232 170 7 8
0.560952 231 169 8 8
0.562952 230 168 8 8
0.564952 229 167 8 8
0.566952 227 166 9 9
0.568952 226 165 9 9
0.570952 225 164 9 9
0.572952 224 163 9 9
0.574952 223 162 9 9
0.576952 223 162 9 9
0.578952 223 162 9 9
0.580952 222 162 9 9
0.582952 222 161 8 8
0.584952 222 161 8 8
0.586952 221 161 8 8
0.588952 221 161 8 8
0.590952 221 160 7 7
0.592952 221 160 7 7
0.594952 220 160 7 7
0.596952 220 160 7 7
0.598952 220 159 6 6
0.600952 219 159 6 6
0.602952 219 159 6 6
0.604952 219 159 6 6
0.606952 218 158 6 6
0.608952 218 157 6 6
0.610952 217 156 6 6
0.612952 216 155 6 6
0.614952 215 154 6 6
0.616952 215 153 7 7
0.618952 214 152 7 7
0.620952 213 151 7 7
0.622952 212 150 7 7
0.624952 211 149 8 8
0.626952 211 148 8 8
0.628952 210 147 8 8
0.630952 209 146 8 8
0.632952 208 145 9 9
0.634952 208 144 9 9
0.636952 207 143 9 9
0.638952 206 142 9 9
0.640952 205 141 10 10
0.642952 205 141 10 10
0.644952 204 140 10 10
0.646952 204 140 10 10
0.648952 203 139 10 10
0.650952 203 139 10 10
0.652952 202 138 10 10
0.654952 202 138 10 10
0.656952 201 137 10 10
0.658952 200 137 10 10
0.660952 200 137 10 10
0.662952 199 136 10 10
0.664952 199 136 10 10
0.666952 198 135 10 10
0.668952 198 135 10 10
0.670952 197 134 10 10
0.672952 197 134 10 10
0.674952 196 133 9 9
0.676952 196 133 9 9
0.678952 195 132 9 9
0.680952 195 132 9 9
0.682952 194 132 8 9
0.684952 193 131 8 8
0.686952 193 131 8 8
0.688952 192 130 8 8
0.690952 192 130 7 8
0.692952 191 129 7 8
0.694952 191 129 7 8
0.696952 190 129 7 7
0.698952 190 128 6 7
0.700952 189 128 6 7
0.702952 189 127 6 7
0.704952 188 127 6 7
0.706952 187 126 6 7
0.708952 187 126 6 7
0.710952 186 126 6 7
0.712952 186 125 6 7
0.714952 185 125 6 7
0.716952 185 124 7 7
0.718952 184 124 7 8
0.720952 184 123 7 8
0.722952 183 123 7 8
0.724952 183 122 8 8
0.726952 182 122 8 8
0.728952 182 121 8 8
0.730952 181 121 8 9
0.732952 180 120 9 9
0.734952 180 120 9 9
0.736952 179 119 9 9
0.738952 179 119 9 9
0.740952 178 118 10 10
0.742952 178 118 10 10
0.744952 177 118 10 10
0.746952 177 117 10 10
0.748952 176 117 10 10
0.750952 176 117 10 10
0.752952 175 116 10 10
0.754952 175 116 10 10
0.756952 174 115 10 10
0.758952 174 115 10 10
0.760952 174 115 10 10
0.762952 173 114 10 10
0.764952 173 114 10 10
0.766952 172 114 10 10
0.768952 172 113 10 10
0.770952 171 113 10 10
0.772952 171 113 10 10
0.774952 170 112 10 10
0.776952 170 112 10 10
0.778952 169 111 10 10
0.780952 169 111 10 10
0.782952 168 110 10 10
0.784952 167 110 10 10
0.786952 167 109 10 10
0.788952 166 109 10 10
0.790952 166 108 10 10
0.792952 165 108 10 10
0.794952 165 107 10 10
0.796952 164 107 10 10
0.798952 164 106 10 10
0.800952 163 106 10 10
0.802952 163 105 10 10
0.804952 162 105 10 10
0.806952 161 104 10 10
0.808952 161 104 10 10
0.810952 161 104 10 10
0.812952 160 104 10 10
0.814952 160 103 10 10
0.816952 159 103 10 10
0.818952 159 103 10 10
0.820952 158 102 10 10
0.822952 158 102 10 10
0.824952 157 102 10 10
0.826952 157 101 10 10
0.828952 156 101 10 10
0.830952 156 101 10 10
0.832952 155 101 10 10
0.834952 155 100 10 10
0.836952 154 100 10 10
0.838952 154 100 10 10
0.840952 153 99 10 10
0.842952 153 99 10 10
0.844952 153 99 10 10
0.846952 152 99 10 10
0.848952 152 98 10 10
0.850952 151 98 10 10
0.852952 151 98 11 10
0.854952 150 98 11 10
0.856952 150 97 11 10
0.858952 150 97 11 10
0.860952 149 97 11 10
0.862952 149 97 12 10
0.864952 148 97 12 10
0.866952 148 96 12 10
0.868952 147 96 12 10
0.870952 147 96 12 10
0.872952 147 96 12 10
0.874952 146 95 12 10
0.876952 146 95 12 10
0.878952 145 95 12 10
0.880952 145 94 12 10
0.882952 145 94 12 10
0.884952 144 94 11 10
0.886952 144 93 11 10
0.888952 143 93 11 10
0.890952 143 93 11 10
0.892952 142 93 11 10
0.894952 142 92 11 10
0.896952 142 92 10 10
0.898952 141 92 10 10
0.900952 141 91 10 10
0.902952 140 91 10 10
0.904952 140 91 10 10
0.906952 139 90 10 10
0.908952 139 90 10 10
0.910952 139 90 10 10
0.912952 138 90 10 10
0.914952 138 90 10 10
0.916952 138 90 10 10
0.918952 137 90 10 10
0.920952 137 90 10 10
0.922952 137 90 10 10
0.924952 136 89 10 10
0.926952 136 89 10 10
0.928952 136 89 10 10
0.930952 135 89 10 10
0.932952 135 89 10 10
0.934952 134 89 10 10
0.936952 134 89 10 10
0.938952 134 89 10 10
0.940952 133 88 10 10
0.942952 133 88 10 10
0.944952 132 88 10 10
0.946952 132 87 10 10
0.948952 131 87 10 10
0.950952 131 87 10 10
0.952952 130 87 10 10
0.954952 130 86 10 10
0.956952 129 86 10 10
0.958952 128 86 10 10
0.960952 128 85 10 10
0.962952 127 85 10 10
0.964952 127 85 10 10
0.966952 126 84 10 10
0.968952 126 84 10 10
0.970952 125 84 10 10
0.972952 125 84 10 10
0.974952 124 83 11 10
0.976952 124 83 11 10
0.978952 124 83 11 10
0.980952 124 83 11 10
0.982952 123 83 11 10
0.984952 123 83 11 10
0.986952 123 83 11 10
0.988952 123 83 11 10
0.990952 122 83 11 10
0.992952 122 83 11 10
0.994952 122 83 11 10
0.996952 122 83 11 10
0.998952 121 83 11 10
1.000952 121 83 11 10
1.002952 121 83 11 10
1.004952 121 83 11 10
1.006952 120 82 12 10
1.008952 120 82 12 10
1.010952 120 82 12 10
1.012952 119 82 12 10
1.014952 119 82 12 10
1.016952 118 82 12 10
1.018952 118 82 12 10
1.020952 118 82 12 10
1.022952 117 82 12 10
1.024952 117 82 12 10
1.026952 116 82 12 10
1.028952 116 82 12 10
1.030952 115 82 12 10
1.032952 115 82 12 10
1.034952 115 82 12 10
1.036952 114 82 12 10
1.038952 114 82 12 10
1.040952 113 81 11 10
1.042952 113 81 11 10
1.044952 113 81 11 10
1.046952 112 81 11 10
1.048952 112 81 11 10
1.050952 112 81 11 10
1.052952 112 81 11 10
1.054952 111 81 11 10
1.056952 111 80 10 10
1.058952 111 80 10 10
1.060952 110 80 10 10
1.062952 110 80 10 10
1.064952 110 80 10 10
1.066952 109 80 10 10
1.068952 109 80 10 10
1.070952 109 80 10 10
1.072952 109 80 10 10
1.074952 108 80 10 10
1.076952 108 80 10 10
1.078952 108 80 10 10
1.080952 107 80 10 10
1.082952 107 80 10 10
1.084952 107 80 10 10
1.086952 106 80 10 10
1.088952 106 80 10 10
1.090952 106 80 10 10
1.092952 106 80 10 10
1.094952 105 80 10 10
1.096952 105 80 10 10
1.098952 105 80 10 10
1.100952 104 80 10 10
1.102952 104 80 10 10
1.104952 104 80 10 10
1.106952 103 79 10 10
1.108952 103 79 10 10
1.110952 103 79 10 10
1.112952 102 79 10 10
1.114952 102 79 10 10
1.116952 102 79 10 10
1.118952 101 79 10 10
1.120952 101 79 10 10
1.122952 101 79 10 10
1.124952 100 79 10 10
1.126952 100 79 10 10
1.128952 100 79 10 10
1.130952 99 79 10 10
1.132952 99 79 10 10
1.134952 98 79 10 10
1.136952 98 79 10 10
1.138952 98 79 10 10
1.140952 97 79 10 10
1.142952 97 79 10 10
1.144952 97 79 10 10
1.146952 96 79 10 10
1.148952 96 79 10 10
1.150952 96 79 10 10
1.152952 95 79 10 10
1.154952 95 79 10 10
1.156952 94 79 10 10
1.158952 94 79 10 10
1.160952 94 79 10 10
1.162952 93 79 10 10
1.164952 93 79 10 10
1.166952 93 79 10 10
1.168952 92 79 10 10
1.170952 92 79 10 10
1.172952 92 79 10 10
1.174952 91 80 10 10
1.176952 91 80 10 10
1.178952 91 80 10 10
1.180952 90 80 10 10
1.182952 90 80 10 10
1.184952 90 80 10 10
1.186952 89 80 10 10
1.188952 89 80 10 10
1.190952 89 80 10 10
1.192952 89 80 10 10
1.194952 88 80 10 10
1.196952 88 80 10 10
1.198952 88 80 10 10
1.200952 87 80 10 10
1.202952 87 80 10 10
1.204952 87 80 10 10
1.206952 86 81 10 10
1.208952 86 81 10 10
1.210952 86 81 10 10
1.212952 85 81 10 10
1.214952 85 81 10 10
1.216952 85 81 10 10
1.218952 84 81 10 10
1.220952 84 81 10 10
1.222952 84 81 10 10
1.224952 83 81 10 10
1.226952 83 81 10 10
1.228952 83 81 10 10
1.230952 82 81 10 10
1.232952 82 81 10 10
1.234952 81 81 10 10
1.236952 81 81 10 10
1.238952 81 81 10 10
1.240952 80 82 10 10
1.242952 80 82 10 10
1.244952 80 82 10 10
1.246952 80 82 10 10
1.248952 79 82 10 10
1.250952 79 82 10 10
1.252952 79 82 10 10
1.254952 79 82 10 10
1.256952 78 82 10 10
1.258952 78 82 10 10
1.260952 78 82 10 10
1.262952 78 82 10 10
1.264952 78 82 10 10
1.266952 77 82 10 10
1.268952 77 82 10 10
1.270952 77 82 10 10
1.272952 77 82 10 10
1.274952 76 83 10 10
1.276952 76 83 10 10
1.278952 76 83 10 10
1.280952 75 83 10 10
1.282952 75 83 10 10
1.284952 74 84 10 10
1.286952 74 84 10 10
1.288952 74 84 10 10
1.290952 73 84 10 10
1.292952 73 84 10 10
1.294952 73 84 10 10
1.296952 72 85 10 10
1.298952 72 85 10 10
1.300952 72 85 10 10
1.302952 71 85 10 10
1.304952 71 85 10 10
1.306952 70 86 10 10
1.308952 70 86 10 10
1.310952 70 86 10 10
1.312952 70 86 10 10
1.314952 70 86 10 10
1.316952 69 86 10 10
1.318952 69 86 10 10
1.320952 69 86 10 10
1.322952 69 86 10 10
1.324952 68 87 10 10
1.326952 68 87 10 10
1.328952 68 87 10 10
1.330952 68 87 10 10
1.332952 67 87 10 10
1.334952 67 87 10 10
1.336952 67 87 10 10
1.338952 67 87 10 10
1.340952 66 88 10 10
1.342952 66 88 10 10
1.344952 66 88 10 10
1.346952 65 88 10 10
1.348952 65 88 10 10
1.350952 65 88 10 10
1.352952 64 88 10 10
1.354952 64 88 10 10
1.356952 63 89 10 10
1.358952 63 89 10 10
1.360952 63 89 10 10
1.362952 62 89 10 10
1.364952 62 89 10 10
1.366952 62 89 10 10
1.368952 61 89 10 10
1.370952 61 89 10 10
1.372952 61 89 10 10
1.374952 60 90 10 10
1.376952 60 90 10 10
1.378952 60 90 10 10
1.380952 60 90 10 10
1.382952 59 91 10 10
1.384952 59 91 10 10
1.386952 59 91 10 10
1.388952 59 91 10 10
1.390952 58 92 10 10
1.392952 58 92 10 10
1.394952 58 92 10 10
1.396952 58 92 10 10
1.398952 57 93 10 10
1.400952 57 93 10 10
1.402952 57 93 10 10
1.404952 57 93 10 10
1.406952 56 94 10 10
1.408952 56 94 10 10
1.410952 56 94 10 10
1.412952 56 94 10 10
1.414952 56 94 10 10
1.416952 55 94 10 10
1.418952 55 95 10 10
1.420952 55 95 10 10
1.422952 55 95 10 10
1.424952 54 95 10 10
1.426952 54 95 10 10
1.428952 54 95 10 10
1.430952 54 96 10 10
1.432952 53 96 10 10
1.434952 53 96 10 10
1.436952 53 96 10 10
1.438952 53 96 10 10
1.440952 52 97 10 10
1.442952 52 97 10 10
1.444952 52 97 10 10
1.446952 51 98 10 10
1.448952 51 98 10 10
1.450952 51 98 10 10
1.452952 51 98 10 10
1.454952 50 99 10 10
1.456952 50 99 10 10
1.458952 50 99 10 10
1.460952 49 100 10 10
1.462952 49 100 10 10
1.464952 49 100 10 10
1.466952 48 101 10 10
1.468952 48 101 10 10
1.470952 48 101 10 10
1.472952 48 101 10 10
1.474952 47 102 9 9
1.476952 47 102 9 9
1.478952 47 102 9 9
1.480952 47 103 9 9
1.482952 46 103 9 9
1.484952 46 103 8 8
1.486952 46 104 8 8
1.488952 46 104 8 8
1.490952 45 104 8 8
1.492952 45 104 8 8
1.494952 45 105 8 8
1.496952 45 105 7 7
1.498952 44 105 7 7
1.500952 44 106 7 7
1.502952 44 106 7 7
1.504952 44 106 7 7
1.506952 43 107 7 7
1.508952 43 107 7 7
1.510952 43 107 7 7
1.512952 43 107 7 7
1.514952 43 108 7 7
1.516952 43 108 7 7
1.518952 43 108 7 7
1.520952 43 109 7 7
1.522952 43 109 7 7
1.524952 43 109 7 7
1.526952 43 110 7 7
1.528952 43 110 7 7
1.530952 43 110 7 7
1.532952 43 110 7 7
1.534952 43 111 7 7
1.536952 43 111 7 7
1.538952 43 111 7 7
1.540952 43 111 7 7
1.542952 45 111 7 7
1.544952 47 111 7 7
1.546952 48 111 8 7
1.548952 50 110 8 7
1.550952 52 110 8 7
1.552952 54 110 8 7
1.554952 55 110 9 7
1.556952 57 109 9 7
1.558952 59 109 9 7
1.560952 60 109 10 7
1.562952 62 109 10 7
1.564952 64 109 10 7
1.566952 66 108 11 7
1.568952 67 108 11 7
1.570952 69 108 11 7
1.572952 71 108 11 7
1.574952 73 107 12 7
1.576952 75 107 12 7
1.578952 77 107 12 7
1.580952 79 106 12 7
1.582952 81 106 12 7
1.584952 83 105 12 7
1.586952 86 105 12 7
1.588952 88 105 12 7
1.590952 90 104 12 7
1.592952 92 104 12 7
1.594952 94 104 12 7
1.596952 96 103 12 7
1.598952 98 103 12 7
1.600952 100 103 12 7
1.602952 102 102 12 7
1.604952 104 102 12 7
1.606952 107 102 12 7
1.608952 107 102 12 7
1.610952 108 102 12 7
1.612952 109 102 12 7
1.614952 110 102 12 7
1.616952 111 102 12 7
1.618952 112 102 12 7
1.620952 113 102 12 7
1.622952 114 102 12 7
1.624952 115 102 12 7
1.626952 116 102 12 7
1.628952 117 102 12 7
1.630952 118 102 12 7
1.632952 119 102 12 7
1.634952 120 102 12 7
1.636952 121 102 12 7
1.638952 122 102 12 7
1.640952 123 101 12 7
1.642952 124 101 12 7
1.644952 126 101 12 7
1.646952 127 101 12 7
1.648952 129 101 12 7
1.650952 130 101 12 7
1.652952 132 101 12 7
1.654952 133 101 12 7
1.656952 135 101 12 7
1.658952 136 101 12 7
1.660952 137 101 12 7
1.662952 139 101 12 7
1.664952 140 101 12 7
1.666952 142 101 12 7
1.668952 143 101 12 7
1.670952 145 101 12 7
1.672952 146 101 12 7
1.674952 147 101 11 6
1.676952 148 101 11 6
1.678952 148 101 11 6
1.680952 149 101 11 6
1.682952 150 101 11 6
1.684952 151 101 10 6
1.686952 151 101 10 6
1.688952 152 101 10 6
1.690952 153 101 10 5
1.692952 153 101 10 5
1.694952 154 101 10 5
1.696952 155 101 9 5
1.698952 156 101 9 5
1.700952 156 101 9 5
1.702952 157 101 9 5
1.704952 158 101 9 5
1.706952 159 101 9 5
1.708952 159 101 9 5
1.710952 160 101 9 5
1.712952 161 101 9 5
1.714952 162 101 9 6
1.716952 163 101 9 6
1.718952 164 101 9 6
1.720952 165 101 9 7
1.722952 166 101 9 7
1.724952 167 100 9 7
1.726952 168 100 9 8
1.728952 168 100 9 8
1.730952 169 100 9 8
1.732952 170 100 9 8
1.734952 171 100 9 9
1.736952 172 100 9 9
1.738952 173 100 9 9
1.740952 174 100 10 10
1.742952 175 100 10 10
1.744952 175 100 10 10
1.746952 176 100 10 10
1.748952 177 100 10 10
1.750952 178 100 10 10
1.752952 179 100 10 10
1.754952 180 100 10 10
1.756952 181 100 10 10
1.758952 181 100 10 10
1.760952 182 100 10 10
1.762952 183 100 10 10
1.764952 184 100 10 10
1.766952 185 100 10 10
1.768952 186 100 10 10
1.770952 186 100 10 10
1.772952 187 100 10 10
1.774952 188 101 10 10
1.776952 188 101 10 10
1.778952 189 101 10 10
1.780952 189 101 10 10
1.782952 190 101 11 10
1.784952 191 101 11 10
1.786952 191 101 11 10
1.788952 192 101 11 10
1.790952 192 101 12 10
1.792952 193 101 12 10
1.794952 193 101 12 10
1.796952 194 101 12 10
1.798952 194 101 13 10
1.800952 195 101 13 10
1.802952 195 101 13 10
1.804952 196 101 13 10
1.806952 197 102 13 10
1.808952 197 102 13 10
1.810952 198 102 13 10
1.812952 199 102 13 10
1.814952 200 102 13 10
1.816952 201 102 12 10
1.818952 202 102 12 10
1.820952 203 102 12 10
1.822952 204 102 12 10
1.824952 205 102 11 10
1.826952 206 102 11 10
1.828952 206 102 11 10
1.830952 207 102 11 10
1.832952 208 102 10 10
1.834952 209 102 10 10
1.836952 210 102 10 10
1.838952 211 102 10 10
1.840952 212 102 10 10
1.842952 212 102 10 10
1.844952 213 102 10 10
1.846952 214 102 10 10
1.848952 214 102 10 10
1.850952 215 102 10 10
1.852952 215 102 10 10
1.854952 216 102 10 10
1.856952 217 103 10 10
1.858952 217 103 10 10
1.860952 218 103 10 10
1.862952 218 103 10 10
1.864952 219 103 10 10
1.866952 220 103 10 10
1.868952 220 103 10 10
1.870952 221 103 10 10
1.872952 221 103 10 10
1.874952 222 104 10 10
1.876952 223 104 10 10
1.878952 223 104 10 10
1.880952 224 104 10 10
1.882952 224 104 10 10
1.884952 225 104 10 10
1.886952 226 104 10 10
1.888952 226 104 10 10
1.890952 227 105 10 10
1.892952 227 105 10 10
1.894952 228 105 10 10
1.896952 229 105 10 10
1.898952 229 105 10 10
1.900952 230 105 10 10
1.902952 230 105 10 10
1.904952 231 105 10 10
1.906952 232 106 10 10
1.908952 232 106 10 10
1.910952 233 106 10 10
1.912952 233 106 10 10
1.914952 234 107 10 10
1.916952 234 107 10 10
1.918952 235 107 10 10
1.920952 235 108 10 10
1.922952 236 108 10 10
1.924952 236 108 10 10
1.926952 237 109 10 10
1.928952 237 109 10 10
1.930952 238 109 10 10
1.932952 239 109 10 10
1.934952 239 110 10 10
1.936952 240 110 10 10
1.938952 240 110 10 10
1.940952 241 111 9 9
1.942952 241 111 9 9
1.944952 242 111 9 9
1.946952 242 111 9 9
1.948952 243 111 8 8
1.950952 243 111 8 8
1.952952 244 111 8 8
1.954952 244 111 8 8
1.956952 245 111 7 7
1.958952 246 111 7 7
1.960952 246 111 7 7
1.962952 247 111 7 7
1.964952 247 111 7 7
1.966952 248 111 6 6
1.968952 248 111 6 6
1.970952 249 111 6 6
1.972952 249 111 6 6
1.974952 250 111 6 6
1.976952 250 111 6 6
1.978952 250 111 6 6
1.980952 250 111 6 6
1.982952 250 111 7 7
1.984952 250 111 7 7
1.986952 250 111 7 7
1.988952 250 111 7 7
1.990952 251 111 8 8
1.992952 251 111 8 8
1.994952 251 111 8 8
1.996952 251 111 8 8
1.998952 251 111 9 9
2.000952 251 111 9 9
2.002952 251 111 9 9
2.004952 251 111 9 9
2.006952 252 110 10 10
2.008952 252 110 10 10
2.010952 252 110 10 10
2.012952 253 110 10 10
2.014952 253 110 10 10
2.016952 254 110 10 10
2.018952 254 109 10 10
2.020952 254 109 10 10
2.022952 255 109 10 10
2.024952 255 109 10 10
2.026952 256 109 10 10
2.028952 256 109 10 10
2.030952 257 108 10 10
2.032952 257 108 10 10
2.034952 257 108 10 10
2.036952 258 108 10 10
2.038952 258 108 10 10
2.040952 259 108 10 10
2.042952 259 108 10 10
2.044952 260 109 10 10
2.046952 261 109 10 10
2.048952 261 110 10 10
2.050952 262 110 10 10
2.052952 262 111 10 10
2.054952 263 111 10 10
2.056952 264 112 10 10
2.058952 264 113 10 10
2.060952 265 113 10 10
2.062952 265 114 10 10
2.064952 266 114 10 10
2.066952 267 115 10 10
2.068952 267 115 10 10
2.070952 268 116 10 10
2.072952 268 116 10 10
2.074952 267 116 10 10
2.076952 266 116 10 10
2.078952 264 116 10 10
2.080952 263 116 10 10
2.082952 261 116 10 10
2.084952 260 116 10 10
2.086952 258 116 10 10
2.088952 257 116 10 10
2.090952 255 116 10 10
2.092952 254 116 10 10
2.094952 252 116 10 10
2.096952 251 116 10 10
2.098952 249 116 10 10
2.100952 248 116 10 10
2.102952 246 116 10 10
2.104952 245 116 10 10
2.106952 243 115 9 9
2.108952 243 115 9 9
2.110952 242 115 9 9
2.112952 241 115 9 9
2.114952 241 115 9 9
2.116952 240 115 9 9
2.118952 239 114 9 9
2.120952 238 114 9 9
2.122952 238 114 9 9
2.124952 237 114 9 8
2.126952 236 114 9 8
2.128952 236 114 9 8
2.130952 235 113 9 8
2.132952 234 113 9 8
2.134952 233 113 9 8
2.136952 233 113 9 8
2.138952 232 113 9 8
2.140952 231 112 9 8
2.142952 231 112 9 8
2.144952 231 112 9 8
2.146952 230 112 9 8
2.148952 230 112 9 8
2.150952 229 112 9 8
2.152952 229 112 9 8
2.154952 228 112 9 8
2.156952 228 112 9 8
2.158952 228 112 9 8
2.160952 227 112 9 8
2.162952 227 112 9 8
2.164952 226 112 9 8
2.166952 226 112 9 8
2.168952 225 112 9 8
2.170952 225 112 9 8
2.172952 225 112 9 8
2.174952 223 111 9 8
2.176952 221 111 9 8
2.178952 219 111 9 8
2.180952 217 110 9 8
2.182952 215 110 9 8
2.184952 213 110 9 8
2.186952 211 109 9 8
2.188952 209 109 9 8
2.190952 207 109 9 8
2.192952 205 109 9 8
2.194952 203 108 9 8
2.196952 201 108 9 8
2.198952 199 108 9 8
2.200952 197 107 9 8
2.202952 195 107 9 8
2.204952 193 107 9 8
2.206952 190 106 8 7
2.208952 190 106 8 7
2.210952 189 106 8 7
2.212952 188 106 8 7
2.214952 187 106 8 7
2.216952 186 106 8 7
2.218952 185 106 8 7
2.220952 184 106 8 7
2.222952 183 106 8 7
2.224952 182 105 7 7
2.226952 181 105 7 7
2.228952 180 105 7 7
2.230952 179 105 7 7
2.232952 178 105 7 7
2.234952 177 105 7 7
2.236952 176 105 7 7
2.238952 175 105 7 7
2.240952 174 104 7 7
2.242952 173 104 7 7
2.244952 172 104 7 7
2.246952 171 104 7 7
2.248952 170 104 7 7
2.250952 169 104 7 7
2.252952 168 104 8 8
2.254952 167 104 8 8
2.256952 166 103 8 8
2.258952 166 103 8 8
2.260952 165 103 8 8
2.262952 164 103 9 9
2.264952 163 103 9 9
2.266952 162 103 9 9
2.268952 161 103 9 9
2.270952 160 103 9 9
2.272952 159 103 9 9
2.274952 158 102 10 10
2.276952 157 102 10 10
2.278952 156 102 10 10
2.280952 155 102 10 10
2.282952 154 102 10 10
2.284952 153 102 11 10
2.286952 152 102 11 10
2.288952 152 102 11 10
2.290952 151 101 11 10
2.292952 150 101 11 10
2.294952 149 101 11 10
2.296952 148 101 12 10
2.298952 147 101 12 10
2.300952 146 101 12 10
2.302952 145 101 12 10
2.304952 144 101 12 10
2.306952 143 101 12 10
2.308952 143 101 12 10
2.310952 142 101 12 10
2.312952 141 101 12 10
2.314952 140 101 12 10
2.316952 140 101 12 10
2.318952 139 101 11 10
2.320952 138 101 11 10
2.322952 137 101 11 10
2.324952 136 101 11 10
2.326952 136 101 11 10
2.328952 135 101 11 10
2.330952 134 101 10 10
2.332952 133 101 10 10
2.334952 133 101 10 10
2.336952 132 101 10 10
2.338952 131 101 10 10
2.340952 130 101 10 10
2.342952 129 101 10 10
2.344952 129 101 10 10
2.346952 128 101 10 10
2.348952 127 100 10 10
2.350952 126 100 10 10
2.352952 126 100 10 10
2.354952 125 100 10 10
2.356952 124 99 10 10
2.358952 123 99 10 10
2.360952 122 99 10 10
2.362952 122 99 10 10
2.364952 121 99 10 10
2.366952 120 98 10 10
2.368952 119 98 10 10
2.370952 119 98 10 10
2.372952 118 98 10 10
2.374952 117 98 10 10
2.376952 116 98 10 10
2.378952 116 98 10 10
2.380952 115 98 10 10
2.382952 114 99 10 10
2.384952 113 99 10 10
2.386952 113 99 10 10
2.388952 112 99 10 10
2.390952 111 100 10 10
2.392952 111 100 10 10
2.394952 110 100 10 10
2.396952 109 100 10 10
2.398952 108 101 10 10
2.400952 108 101 10 10
2.402952 107 101 10 10
2.404952 106 101 10 10
2.406952 106 102 10 10
2.408952 106 102 10 10
2.410952 106 102 10 10
2.412952 106 102 10 10
2.414952 106 102 10 10
2.416952 106 102 10 10
2.418952 106 102 10 10
2.420952 106 102 10 10
2.422952 106 102 10 10
2.424952 107 102 10 10
2.426952 107 102 10 10
2.428952 107 102 10 10
2.430952 107 102 10 10
2.432952 107 102 10 10
2.434952 107 102 10 10
2.436952 107 102 10 10
2.438952 107 102 10 10
2.440952 107 103 10 10
2.442952 106 103 10 10
2.444952 104 103 10 10
2.446952 103 103 10 10
2.448952 102 103 10 10
2.450952 100 103 10 10
2.452952 99 103 10 10
2.454952 97 103 10 10
2.456952 96 104 10 10
2.458952 95 104 10 10
2.460952 93 104 10 10
2.462952 92 104 10 10
2.464952 90 104 10 10
2.466952 89 104 10 10
2.468952 88 104 10 10
2.470952 86 104 10 10
2.472952 85 104 10 10
2.474952 84 105 10 10
2.476952 83 105 10 10
2.478952 83 105 10 10
2.480952 82 105 10 10
2.482952 81 105 10 10
2.484952 81 105 10 10
2.486952 80 105 10 10
2.488952 79 105 10 10
2.490952 79 105 10 10
2.492952 78 105 10 10
2.494952 77 105 10 10
2.496952 77 105 10 10
2.498952 76 105 10 10
2.500952 75 105 10 10
2.502952 75 105 10 10
2.504952 74 105 10 10
2.506952 73 106 10 10
2.508952 73 106 10 10
2.510952 72 106 10 10
2.512952 72 106 10 10
2.514952 71 106 10 10
2.516952 71 106 10 10
2.518952 70 107 10 10
2.520952 70 107 10 10
2.522952 69 107 10 10
2.524952 69 107 10 10
2.526952 68 107 10 10
2.528952 68 107 10 10
2.530952 67 108 10 10
2.532952 66 108 10 10
2.534952 66 108 10 10
2.536952 65 108 10 10
2.538952 65 108 10 10
2.540952 64 109 10 10
2.542952 64 109 10 10
2.544952 63 109 10 10
2.546952 63 109 10 10
2.548952 62 109 10 10
2.550952 62 109 10 10
2.552952 61 110 10 10
2.554952 61 110 10 10
2.556952 60 110 10 10
2.558952 59 110 10 10
2.560952 59 110 10 10
2.562952 58 111 10 10
2.564952 58 111 10 10
2.566952 57 111 10 10
2.568952 57 111 10 10
2.570952 56 111 10 10
2.572952 56 111 10 10
2.574952 55 112 9 9
2.576952 55 112 9 9
2.578952 55 112 9 9
2.580952 54 112 9 9
2.582952 54 113 8 8
2.584952 53 113 8 8
2.586952 53 113 8 8
2.588952 53 113 8 8
2.590952 52 114 7 7
2.592952 52 114 7 7
2.594952 52 114 7 7
2.596952 51 114 7 7
2.598952 51 115 6 6
2.600952 51 115 6 6
2.602952 50 115 6 6
2.604952 50 115 6 6
2.606952 49 116 6 6
2.608952 49 116 6 6
2.610952 48 116 6 6
2.612952 48 116 6 6
2.614952 47 116 6 6
2.616952 47 116 7 7
2.618952 46 116 7 7
2.620952 46 116 7 7
2.622952 45 116 7 7
2.624952 45 116 8 8
2.626952 44 116 8 8
2.628952 44 116 8 8
2.630952 43 116 8 8
2.632952 42 116 9 9
2.634952 42 116 9 9
2.636952 41 116 9 9
2.638952 41 116 9 9
2.640952 41 116 10 10
2.642952 42 116 10 10
2.644952 43 116 10 10
2.646952 44 115 10 10
2.648952 45 115 10 10
2.650952 47 115 10 10
2.652952 48 115 10 10
2.654952 49 114 10 10
2.656952 50 114 10 10
2.658952 51 114 10 10
2.660952 52 113 10 10
2.662952 53 113 10 10
2.664952 55 113 10 10
2.666952 56 112 10 10
2.668952 57 112 10 10
2.670952 58 112 10 10
2.672952 59 112 10 10
2.674952 60 112 9 9
2.676952 61 112 9 9
2.678952 62 112 9 9
2.680952 63 112 9 8
2.682952 64 112 9 8
2.684952 65 112 8 8
2.686952 66 112 8 7
2.688952 67 112 8 7
2.690952 68 113 8 7
2.692952 69 113 8 7
2.694952 70 113 8 6
2.696952 71 113 7 6
2.698952 72 113 7 6
2.700952 73 113 7 5
2.702952 74 113 7 5
2.704952 75 113 7 5
2.706952 77 113 7 5
2.708952 77 113 7 5
2.710952 78 113 7 5
2.712952 79 113 7 5
2.714952 79 113 7 6
2.716952 80 112 7 6
2.718952 81 112 8 6
2.720952 82 112 8 7
2.722952 82 112 8 7
2.724952 83 111 8 7
2.726952 84 111 8 8
2.728952 84 111 8 8
2.730952 85 111 9 8
2.732952 86 110 9 8
2.734952 87 110 9 9
2.736952 87 110 9 9
2.738952 88 110 9 9
2.740952 89 109 10 10
2.742952 90 109 10 10
2.744952 90 109 10 10
2.746952 91 108 10 10
2.748952 92 108 10 10
2.750952 93 108 10 10
2.752952 94 108 10 10
2.754952 95 107 10 10
2.756952 96 107 10 10
2.758952 96 107 10 10
2.760952 97 106 10 10
2.762952 98 106 10 10
2.764952 99 106 10 10
2.766952 100 105 10 10
2.768952 101 105 10 10
2.770952 101 105 10 10
2.772952 102 105 10 10
2.774952 103 104 10 10
2.776952 104 104 10 10
2.778952 105 104 10 10
2.780952 106 103 10 10
2.782952 107 103 10 10
2.784952 108 102 10 10
2.786952 109 102 10 10
2.788952 109 102 10 10
2.790952 110 101 10 10
2.792952 111 101 10 10
2.794952 112 101 10 10
2.796952 113 100 10 10
2.798952 114 100 10 10
2.800952 115 100 10 10
2.802952 116 99 10 10
2.804952 117 99 10 10
2.806952 118 99 10 10
2.808952 118 99 10 10
2.810952 118 99 10 10
2.812952 118 99 10 10
2.814952 118 99 10 10
2.816952 118 99 10 10
2.818952 118 99 10 10
2.820952 118 99 10 10
2.822952 118 99 10 10
2.824952 118 100 10 10
2.826952 118 100 10 10
2.828952 118 100 10 10
2.830952 118 100 10 10
2.832952 118 100 10 10
2.834952 118 100 10 10
2.836952 118 100 10 10
2.838952 118 100 10 10
2.840952 118 101 10 10
2.842952 119 101 10 10
2.844952 120 101 10 10
2.846952 122 101 10 10
2.848952 123 101 10 10
2.850952 124 101 10 10
2.852952 125 102 10 10
2.854952 126 102 10 10
2.856952 128 102 10 10
2.858952 129 102 10 10
2.860952 130 102 10 10
2.862952 131 103 10 10
2.864952 132 103 10 10
2.866952 134 103 10 10
2.868952 135 103 10 10
2.870952 136 103 10 10
2.872952 137 103 10 10
2.874952 137 103 10 10
2.876952 137 103 11 10
2.878952 137 103 12 10
2.880952 137 103 12 10
2.882952 136 103 13 10
2.884952 136 103 14 10
2.886952 136 103 15 10
2.888952 136 103 15 10
2.890952 135 103 16 10
2.892952 135 103 17 10
2.894952 135 103 18 10
2.896952 135 103 19 10
2.898952 134 103 19 10
2.900952 134 103 20 10
2.902952 134 103 21 10
2.904952 134 103 22 10
2.906952 134 103 22 10
2.908952 135 103 22 10
2.910952 136 103 21 10
2.912952 138 103 20 10
2.914952 139 103 19 10
2.916952 140 103 19 10
2.918952 142 104 18 10
2.920952 143 104 17 10
2.922952 145 104 16 10
2.924952 146 104 15 10
2.926952 147 104 15 10
2.928952 149 104 14 10
2.930952 150 105 13 10
2.932952 151 105 12 10
2.934952 153 105 12 10
2.936952 154 105 11 10
2.938952 156 105 10 10
2.940952 157 106 10 10
2.942952 157 106 10 10
2.944952 158 106 10 10
2.946952 158 106 10 10
2.948952 159 106 10 10
2.950952 159 106 10 10
2.952952 160 106 10 10
2.954952 160 106 10 10
2.956952 161 106 10 10
2.958952 162 106 10 10
2.960952 162 106 10 10
2.962952 163 106 10 10
2.964952 163 106 10 10
2.966952 164 106 10 10
2.968952 164 106 10 10
2.970952 165 106 10 10
2.972952 165 106 10 10
2.974952 166 107 10 10
2.976952 166 107 10 10
2.978952 167 107 10 10
2.980952 167 107 10 10
2.982952 168 107 10 10
2.984952 168 107 10 10
2.986952 169 107 10 10
2.988952 169 107 10 10
2.990952 170 107 10 10
2.992952 170 107 10 10
2.994952 171 107 10 10
2.996952 171 107 10 10
2.998952 172 107 10 10
3.000952 172 107 10 10
3.002952 173 107 10 10
3.004952 173 107 10 10
3.006952 174 108 10 10
3.008952 174 108 10 10
3.010952 175 108 10 10
3.012952 175 108 10 10
3.014952 176 108 10 10
3.016952 176 108 10 10
3.018952 177 108 10 10
3.020952 177 108 10 10
3.022952 178 108 10 10
3.024952 178 109 10 10
3.026952 179 109 10 10
3.028952 179 109 10 10
3.030952 180 109 10 10
3.032952 181 109 10 10
3.034952 181 109 10 10
3.036952 182 109 10 10
3.038952 182 109 10 10
3.040952 183 110 10 10
3.042952 183 110 10 10
3.044952 183 110 10 10
3.046952 184 110 10 10
3.048952 184 110 10 10
3.050952 184 110 10 10
3.052952 184 111 10 10
3.054952 185 111 10 10
3.056952 185 111 10 10
3.058952 185 111 10 10
3.060952 186 111 10 10
3.062952 186 112 10 10
3.064952 186 112 10 10
3.066952 187 112 10 10
3.068952 187 112 10 10
3.070952 187 112 10 10
3.072952 187 112 10 10
3.074952 188 113 10 10
3.076952 189 113 10 10
3.078952 190 113 10 10
3.080952 191 113 10 10
3.082952 191 113 10 10
3.084952 192 114 10 10
3.086952 193 114 10 10
3.088952 194 114 10 10
3.090952 195 114 10 10
3.092952 196 114 10 10
3.094952 196 114 10 10
3.096952 197 115 10 10
3.098952 198 115 10 10
3.100952 199 115 10 10
3.102952 200 115 10 10
3.104952 201 115 10 10
3.106952 202 116 10 10
3.108952 202 116 10 10
3.110952 202 116 10 10
3.112952 202 116 10 10
3.114952 202 116 10 10
3.116952 202 116 10 10
3.118952 202 116 10 10
3.120952 202 116 10 10
3.122952 202 116 10 10
3.124952 203 117 10 10
3.126952 203 117 10 10
3.128952 203 117 10 10
3.130952 203 117 10 10
3.132952 203 117 10 10
3.134952 203 117 10 10
3.136952 203 117 10 10
3.138952 203 117 10 10
3.140952 204 118 10 10
3.142952 204 118 10 10
3.144952 204 118 10 10
3.146952 205 118 10 10
3.148952 205 118 10 10
3.150952 205 118 10 10
3.152952 205 119 10 10
3.154952 206 119 10 10
3.156952 206 119 10 10
3.158952 206 119 10 10
3.160952 207 119 10 10
3.162952 207 120 10 10
3.164952 207 120 10 10
3.166952 208 120 10 10
3.168952 208 120 10 10
3.170952 208 120 10 10
3.172952 208 120 10 10
3.174952 209 121 10 10
3.176952 209 121 10 10
3.178952 210 121 10 10
3.180952 210 121 10 10
3.182952 211 122 10 10
3.184952 211 122 10 10
3.186952 212 122 10 10
3.188952 212 122 10 10
3.190952 213 123 10 10
3.192952 213 123 10 10
3.194952 214 123 10 10
3.196952 214 123 10 10
3.198952 215 124 10 10
3.200952 215 124 10 10
3.202952 216 124 10 10
3.204952 216 124 10 10
3.206952 217 125 10 10
3.208952 217 125 10 10
3.210952 217 125 10 10
3.212952 217 125 10 10
3.214952 217 125 10 10
3.216952 217 125 10 10
3.218952 217 125 10 10
3.220952 217 125 10 10
3.222952 217 125 10 10
3.224952 217 125 10 10
3.226952 217 125 10 10
3.228952 217 125 10 10
3.230952 217 125 10 10
3.232952 217 125 10 10
3.234952 217 125 10 10
3.236952 217 125 10 10
3.238952 217 125 10 10
3.240952 218 126 10 10
3.242952 218 126 10 10
3.244952 219 126 10 10
3.246952 220 127 10 10
3.248952 220 127 10 10
3.250952 221 128 10 10
3.252952 222 128 10 10
3.254952 222 129 10 10
3.256952 223 129 10 10
3.258952 224 129 10 10
3.260952 224 130 10 10
3.262952 225 130 10 10
3.264952 226 131 10 10
3.266952 226 131 10 10
3.268952 227 132 10 10
3.270952 228 132 10 10
3.272952 228 132 10 10
3.274952 229 133 10 10
3.276952 229 133 10 10
3.278952 229 133 10 10
3.280952 229 133 10 10
3.282952 230 134 10 10
3.284952 230 134 10 10
3.286952 230 134 10 10
3.288952 230 134 10 10
3.290952 231 135 10 10
3.292952 231 135 10 10
3.294952 231 135 10 10
3.296952 231 135 10 10
3.298952 232 136 10 10
3.300952 232 136 10 10
3.302952 232 136 10 10
3.304952 232 136 10 10
3.306952 233 137 9 9
3.308952 233 137 9 9
3.310952 233 137 9 9
3.312952 234 138 9 9
3.314952 234 138 9 9
3.316952 235 138 8 8
3.318952 235 139 8 8
3.320952 236 139 8 8
3.322952 236 139 8 8
3.324952 237 140 7 7
3.326952 237 140 7 7
3.328952 238 140 7 7
3.330952 238 141 7 7
3.332952 239 141 6 6
3.334952 239 142 6 6
3.336952 240 142 6 6
3.338952 240 142 6 6
3.340952 241 143 6 6
3.342952 241 143 6 6
3.344952 241 143 6 6
3.346952 241 143 6 6
3.348952 241 143 7 7
3.350952 241 143 7 7
3.352952 241 143 7 7
3.354952 241 143 7 7
3.356952 241 144 8 8
3.358952 241 144 8 8
3.360952 241 144 8 8
3.362952 241 144 8 8
3.364952 241 144 8 8
3.366952 241 144 9 9
3.368952 241 144 9 9
3.370952 241 144 9 9
3.372952 241 144 9 9
3.374952 242 145 9 9
3.376952 242 145 9 9
3.378952 243 146 9 9
3.380952 243 146 9 9
3.382952 243 147 8 8
3.384952 244 147 8 8
3.386952 244 148 8 8
3.388952 245 148 8 8
3.390952 245 149 7 7
3.392952 246 149 7 7
3.394952 246 150 7 7
3.396952 246 150 7 7
3.398952 247 151 6 6
3.400952 247 151 6 6
3.402952 248 152 6 6
3.404952 248 152 6 6
3.406952 249 153 6 6
3.408952 249 153 6 6
3.410952 249 153 6 6
3.412952 249 153 6 7
3.414952 249 153 6 7
3.416952 249 153 7 7
3.418952 249 153 7 8
3.420952 249 153 7 8
3.422952 249 153 7 8
3.424952 249 153 8 9
3.426952 249 153 8 9
3.428952 249 153 8 9
3.430952 249 153 8 10
3.432952 249 153 9 10
3.434952 249 153 9 11
3.436952 249 153 9 11
3.438952 249 153 9 11
3.440952 248 152 10 12
3.442952 248 152 10 12
3.444952 247 152 10 12
3.446952 247 151 10 12
3.448952 246 151 10 12
3.450952 246 150 10 12
3.452952 245 150 10 12
3.454952 245 149 10 12
3.456952 244 149 10 12
3.458952 243 149 10 12
3.460952 243 148 10 12
3.462952 242 148 10 12
3.464952 242 147 10 12
3.466952 241 147 10 12
3.468952 241 146 10 12
3.470952 240 146 10 12
3.472952 240 146 10 12
3.474952 239 145 10 11
3.476952 239 145 10 11
3.478952 238 145 10 11
3.480952 238 145 10 11
3.482952 237 144 10 11
3.484952 237 144 10 11
3.486952 236 144 10 11
3.488952 236 144 10 11
3.490952 235 143 10 10
3.492952 235 143 10 10
3.494952 234 143 10 10
3.496952 234 143 10 10
3.498952 233 142 10 10
3.500952 233 142 10 10
3.502952 232 142 10 10
3.504952 232 142 10 10
3.506952 231 141 10 10
3.508952 231 141 10 10
3.510952 231 141 10 10
3.512952 231 141 10 10
3.514952 230 141 10 10
3.516952 230 141 10 10
3.518952 230 141 10 10
3.520952 229 141 10 10
3.522952 229 141 10 10
3.524952 229 140 10 10
3.526952 228 140 10 10
3.528952 228 140 10 10
3.530952 228 140 10 10
3.532952 228 140 10 10
3.534952 227 140 10 10
3.536952 227 140 10 10
3.538952 227 140 10 10
3.540952 226 139 10 10
3.542952 226 139 10 10
3.544952 226 139 10 10
3.546952 226 139 10 10
3.548952 226 139 10 10
3.550952 226 139 10 10
3.552952 226 138 10 10
3.554952 226 138 10 10
3.556952 226 138 10 10
3.558952 226 138 10 10
3.560952 226 138 10 10
3.562952 226 137 10 10
3.564952 226 137 10 10
3.566952 226 137 10 10
3.568952 226 137 10 10
3.570952 226 137 10 10
3.572952 226 137 10 10
3.574952 225 136 10 10
3.576952 224 136 10 10
3.578952 223 135 10 10
3.580952 222 135 10 10
3.582952 222 135 10 10
3.584952 221 134 10 10
3.586952 220 134 10 10
3.588952 219 133 10 10
3.590952 218 133 10 10
3.592952 217 132 10 10
3.594952 217 132 10 10
3.596952 216 132 10 10
3.598952 215 131 10 10
3.600952 214 131 10 10
3.602952 213 130 10 10
3.604952 212 130 10 10
3.606952 211 129 10 10
3.608952 211 129 10 10
3.610952 211 129 10 10
3.612952 210 129 10 10
3.614952 210 129 10 10
3.616952 209 129 10 10
3.618952 209 128 10 10
3.620952 208 128 10 10
3.622952 208 128 10 10
3.624952 207 128 10 10
3.626952 207 128 10 10
3.628952 206 128 10 10
3.630952 206 127 10 10
3.632952 205 127 10 10
3.634952 205 127 10 10
3.636952 204 127 10 10
3.638952 204 127 10 10
3.640952 203 126 10 10
3.642952 203 126 10 10
3.644952 203 126 10 10
3.646952 203 126 10 10
3.648952 203 126 10 10
3.650952 203 126 10 10
3.652952 202 125 10 10
3.654952 202 125 10 10
3.656952 202 125 10 10
3.658952 202 125 10 10
3.660952 202 125 10 10
3.662952 201 124 10 10
3.664952 201 124 10 10
3.666952 201 124 10 10
3.668952 201 124 10 10
3.670952 201 124 10 10
3.672952 201 124 10 10
3.674952 200 123 10 10
3.676952 199 123 10 10
3.678952 199 123 10 10
3.680952 198 123 10 10
3.682952 198 123 10 10
3.684952 197 123 10 10
3.686952 196 123 10 10
3.688952 196 123 10 10
3.690952 195 123 10 10
3.692952 195 123 10 10
3.694952 194 123 10 10
3.696952 193 123 10 10
3.698952 193 123 10 10
3.700952 192 123 10 10
3.702952 192 123 10 10
3.704952 191 123 10 10
3.706952 190 122 10 10
3.708952 190 122 10 10
3.710952 190 122 10 10
3.712952 190 122 10 10
3.714952 189 122 10 10
3.716952 189 122 10 10
3.718952 189 122 10 10
3.720952 188 122 10 10
3.722952 188 122 10 10
3.724952 188 122 10 10
3.726952 187 122 10 10
3.728952 187 122 10 10
3.730952 187 122 10 10
3.732952 187 122 10 10
3.734952 186 122 10 10
3.736952 186 122 10 10
3.738952 186 122 10 10
3.740952 185 121 10 10
3.742952 185 121 10 10
3.744952 185 121 10 10
3.746952 185 121 10 10
3.748952 184 121 10 10
3.750952 184 121 10 10
3.752952 184 121 10 10
3.754952 184 121 10 10
3.756952 183 121 10 10
3.758952 183 121 10 10
3.760952 183 121 10 10
3.762952 183 121 10 10
3.764952 183 121 10 10
3.766952 182 121 10 10
3.768952 182 121 10 10
3.770952 182 121 10 10
3.772952 182 121 10 10
3.774952 181 121 10 10
3.776952 181 121 10 10
3.778952 181 121 10 10
3.780952 181 121 10 10
3.782952 181 121 10 10
3.784952 180 121 10 10
3.786952 180 121 10 10
3.788952 180 121 10 10
3.790952 180 121 10 10
3.792952 180 121 10 10
3.794952 180 121 10 10
3.796952 179 121 10 10
3.798952 179 121 10 10
3.800952 179 121 10 10
3.802952 179 121 10 10
3.804952 179 121 10 10
3.806952 178 120 10 10
3.808952 178 120 10 10
3.810952 177 120 10 10
3.812952 177 120 10 10
3.814952 176 120 10 10
3.816952 176 120 10 10
3.818952 175 120 10 10
3.820952 175 120 10 10
3.822952 174 120 10 10
3.824952 174 120 10 10
3.826952 173 120 10 10
3.828952 173 120 10 10
3.830952 172 120 10 10
3.832952 171 120 10 10
3.834952 171 120 10 10
3.836952 170 120 10 10
3.838952 170 120 10 10
3.840952 169 119 10 10
3.842952 169 119 10 10
3.844952 169 119 10 10
3.846952 169 119 10 10
3.848952 168 119 10 10
3.850952 168 119 10 10
3.852952 168 119 10 10
3.854952 168 119 10 10
3.856952 167 119 10 10
3.858952 167 119 10 10
3.860952 167 119 10 10
3.862952 167 119 10 10
3.864952 167 119 10 10
3.866952 166 119 10 10
3.868952 166 119 10 10
3.870952 166 119 10 10
3.872952 166 119 10 10
3.874952 165 119 10 10
3.876952 165 119 10 10
3.878952 165 119 10 10
3.880952 164 119 10 10
3.882952 164 119 10 10
3.884952 164 119 10 10
3.886952 163 119 10 10
3.888952 163 119 10 10
3.890952 163 119 10 10
3.892952 163 119 10 10
3.894952 162 119 10 10
3.896952 162 119 10 10
3.898952 162 119 10 10
3.900952 161 119 10 10
3.902952 161 119 10 10
3.904952 161 119 10 10
3.906952 160 120 10 10
3.908952 160 120 10 10
3.910952 160 120 10 10
3.912952 160 120 10 10
3.914952 160 120 10 10
3.916952 159 120 10 10
3.918952 159 120 10 10
3.920952 159 120 10 10
3.922952 159 120 10 10
3.924952 158 120 10 10
3.926952 158 120 10 10
3.928952 158 120 10 10
3.930952 158 120 10 10
3.932952 157 120 10 10
3.934952 157 120 10 10
3.936952 157 120 10 10
3.938952 157 120 10 10
3.940952 156 121 10 10
3.942952 156 121 10 10
3.944952 156 121 10 10
3.946952 156 121 10 10
3.948952 155 121 10 10
3.950952 155 121 10 10
3.952952 155 121 10 10
3.954952 155 121 10 10
3.956952 154 121 10 10
3.958952 154 121 10 10
3.960952 154 121 10 10
3.962952 154 121 10 10
3.964952 154 121 10 10
3.966952 153 121 10 10
3.968952 153 121 10 10
3.970952 153 121 10 10
3.972952 153 121 10 10
3.974952 152 121 10 10
3.976952 152 121 10 10
3.978952 152 121 10 10
3.980952 152 121 10 10
3.982952 151 121 10 10
3.984952 151 121 10 10
3.986952 151 121 10 10
3.988952 151 121 10 10
3.990952 150 122 10 10
3.992952 150 122 10 10
3.994952 150 122 10 10
3.996952 150 122 10 10
3.998952 149 122 10 10
4.000952 149 122 10 10
4.002952 149 122 10 10
4.004952 149 122 10 10
4.006952 148 123 10 10
4.008952 148 123 10 10
4.010952 148 123 10 10
4.012952 148 123 10 10
4.014952 148 123 10 10
4.016952 147 123 10 10
4.018952 147 124 10 10
4.020952 147 124 10 10
4.022952 147 124 10 10
4.024952 146 124 10 10
4.026952 146 124 10 10
4.028952 146 124 10 10
4.030952 146 125 10 10
4.032952 145 125 10 10
4.034952 145 125 10 10
4.036952 145 125 10 10
4.038952 145 125 10 10
4.040952 144 126 10 10
4.042952 144 126 10 10
4.044952 144 126 10 10
4.046952 143 126 10 10
4.048952 143 126 10 10
4.050952 143 126 10 10
4.052952 143 127 10 10
4.054952 142 127 10 10
4.056952 142 127 10 10
4.058952 142 127 10 10
4.060952 141 127 10 10
4.062952 141 128 10 10
4.064952 141 128 10 10
4.066952 140 128 10 10
4.068952 140 128 10 10
4.070952 140 128 10 10
4.072952 140 128 10 10
4.074952 139 129 10 10
4.076952 139 129 10 10
4.078952 139 129 10 10
4.080952 139 129 10 10
4.082952 139 129 10 10
4.084952 138 130 10 10
4.086952 138 130 10 10
4.088952 138 130 10 10
4.090952 138 130 10 10
4.092952 138 130 10 10
4.094952 138 130 10 10
4.096952 137 131 10 10
4.098952 137 131 10 10
4.100952 137 131 10 10
4.102952 137 131 10 10
4.104952 137 131 10 10
4.106952 136 132 10 10
4.108952 136 132 10 10
4.110952 136 132 10 10
4.112952 136 132 10 10
4.114952 135 132 10 10
4.116952 135 132 10 10
4.118952 135 133 10 10
4.120952 134 133 10 10
4.122952 134 133 10 10
4.124952 134 133 10 10
4.126952 133 133 10 10
4.128952 133 133 10 10
4.130952 133 134 10 10
4.132952 133 134 10 10
4.134952 132 134 10 10
4.136952 132 134 10 10
4.138952 132 134 10 10
4.140952 131 135 10 10
4.142952 131 135 10 10
4.144952 131 135 10 10
4.146952 131 135 10 10
4.148952 130 136 10 10
4.150952 130 136 10 10
4.152952 130 136 10 10
4.154952 130 136 10 10
4.156952 129 137 10 10
4.158952 129 137 10 10
4.160952 129 137 10 10
4.162952 129 137 10 10
4.164952 129 137 10 10
4.166952 128 138 10 10
4.168952 128 138 10 10
4.170952 128 138 10 10
4.172952 128 138 10 10
4.174952 127 139 10 10
4.176952 127 139 10 10
4.178952 127 139 10 10
4.180952 127 139 10 10
4.182952 127 139 10 10
4.184952 126 140 10 10
4.186952 126 140 10 10
4.188952 126 140 10 10
4.190952 126 140 10 10
4.192952 126 140 10 10
4.194952 126 140 10 10
4.196952 125 141 10 10
4.198952 125 141 10 10
4.200952 125 141 10 10
4.202952 125 141 10 10
4.204952 125 141 10 10
4.206952 124 142 10 10
4.208952 124 142 10 10
4.210952 124 142 10 10
4.212952 124 142 10 10
4.214952 124 142 10 10
4.216952 124 142 10 10
4.218952 123 143 10 10
4.220952 123 143 10 10
4.222952 123 143 10 10
4.224952 123 143 10 10
4.226952 123 143 10 10
4.228952 123 143 10 10
4.230952 122 144 10 10
4.232952 122 144 10 10
4.234952 122 144 10 10
4.236952 122 144 10 10
4.238952 122 144 10 10
4.240952 121 145 10 10
4.242952 121 145 10 10
4.244952 121 145 10 10
4.246952 120 146 10 10
4.248952 120 146 10 10
4.250952 120 146 10 10
4.252952 120 147 10 10
4.254952 119 147 10 10
4.256952 119 148 10 10
4.258952 119 148 10 10
4.260952 118 148 10 10
4.262952 118 149 10 10
4.264952 118 149 10 10
4.266952 117 149 10 10
4.268952 117 150 10 10
4.270952 117 150 10 10
4.272952 117 150 10 10
4.274952 117 151 9 9
4.276952 117 151 9 9
4.278952 117 151 9 9
4.280952 117 151 8 9
4.282952 117 152 8 9
4.284952 117 152 8 9
4.286952 117 152 7 9
4.288952 117 152 7 9
4.290952 117 153 7 8
4.292952 117 153 7 8
4.294952 117 153 6 8
4.296952 117 153 6 8
4.298952 117 154 6 8
4.300952 117 154 5 8
4.302952 117 154 5 8
4.304952 117 154 5 8
4.306952 117 155 5 8
4.308952 117 155 5 8
4.310952 117 155 5 8
4.312952 117 156 5 8
4.314952 117 156 5 8
4.316952 117 156 5 8
4.318952 116 157 5 8
4.320952 116 157 5 8
4.322952 116 157 5 8
4.324952 116 158 5 8
4.326952 116 158 5 8
4.328952 116 158 5 8
4.330952 115 159 5 8
4.332952 115 159 5 8
4.334952 115 160 5 8
4.336952 115 160 5 8
4.338952 115 160 5 8
4.340952 114 161 5 8
4.342952 114 161 5 8
4.344952 114 161 5 8
4.346952 114 162 5 8
4.348952 113 162 5 8
4.350952 113 162 5 8
4.352952 113 162 5 8
4.354952 113 163 5 8
4.356952 112 163 5 8
4.358952 112 163 5 8
4.360952 112 164 5 8
4.362952 112 164 5 8
4.364952 112 164 5 8
4.366952 111 165 5 8
4.368952 111 165 5 8
4.370952 111 165 5 8
4.372952 111 165 5 8
4.374952 110 166 6 8
4.376952 110 166 6 8
4.378952 110 166 6 8
4.380952 110 166 6 8
4.382952 110 166 7 8
4.384952 109 166 7 8
4.386952 109 166 7 8
4.388952 109 166 7 8
4.390952 109 166 8 9
4.392952 109 166 8 9
4.394952 109 166 8 9
4.396952 108 166 8 9
4.398952 108 166 9 9
4.400952 108 166 9 9
4.402952 108 166 9 9
4.404952 108 166 9 9
4.406952 107 166 10 10
4.408952 107 166 10 10
4.410952 107 167 10 10
4.412952 107 167 10 10
4.414952 107 168 10 10
4.416952 106 169 10 10
4.418952 106 169 10 10
4.420952 106 170 10 10
4.422952 106 170 10 10
4.424952 105 171 10 10
4.426952 105 172 10 10
4.428952 105 172 10 10
4.430952 105 173 10 10
4.432952 104 173 10 10
4.434952 104 174 10 10
4.436952 104 175 10 10
4.438952 104 175 10 10
4.440952 104 176 9 9
4.442952 104 176 9 9
4.444952 104 176 9 9
4.446952 104 177 9 9
4.448952 104 177 8 9
4.450952 104 177 8 9
4.452952 104 178 8 9
4.454952 104 178 8 9
4.456952 104 179 7 9
4.458952 104 179 7 9
4.460952 104 179 7 9
4.462952 104 180 7 9
4.464952 104 180 7 9
4.466952 104 180 6 9
4.468952 104 181 6 9
4.470952 104 181 6 9
4.472952 104 181 6 9
4.474952 103 182 6 9
4.476952 103 182 6 9
4.478952 103 182 6 9
4.480952 103 183 6 9
4.482952 102 183 7 9
4.484952 102 183 7 9
4.486952 102 184 7 9
4.488952 102 184 7 9
4.490952 101 184 8 9
4.492952 101 184 8 9
4.494952 101 185 8 9
4.496952 101 185 8 9
4.498952 100 185 9 9
4.500952 100 186 9 9
4.502952 100 186 9 9
4.504952 100 186 9 9
4.506952 99 187 9 9
4.508952 99 187 9 9
4.510952 99 187 9 9
4.512952 99 188 9 9
4.514952 99 188 9 9
4.516952 99 188 8 9
4.518952 99 189 8 9
4.520952 99 189 8 9
4.522952 99 189 8 9
4.524952 99 190 7 9
4.526952 99 190 7 9
4.528952 99 190 7 9
4.530952 99 191 7 9
4.532952 99 191 6 9
4.534952 99 192 6 9
4.536952 99 192 6 9
4.538952 99 192 6 9
