0.025883 57 59 8 7
0.027883 57 58 8 7
0.029883 58 58 8 7
0.031883 59 58 8 7
0.033883 60 58 8 7
0.035883 60 58 8 7
0.037883 61 57 8 8
0.039883 62 57 8 8
0.041883 63 57 8 8
0.043883 64 57 9 8
0.045883 64 57 9 8
0.047883 65 57 9 8
0.049883 66 56 9 9
0.051883 67 56 9 9
0.053883 67 56 9 9
0.055883 68 56 9 9
0.057883 69 56 9 9
0.059883 70 56 10 10
0.061883 70 56 10 10
0.063883 71 56 10 10
0.065883 72 56 10 10
0.067883 73 56 11 10
0.069883 73 56 11 10
0.071883 74 56 11 10
0.073883 75 56 11 10
0.075883 76 56 12 10
0.077883 76 56 12 10
0.079883 77 56 12 10
0.081883 78 56 12 10
0.083883 78 56 12 10
0.085883 79 56 13 10
0.087883 80 56 13 10
0.089883 81 56 13 10
0.091883 81 56 13 10
0.093883 82 55 13 10
0.095883 83 55 13 10
0.097883 83 55 13 10
0.099883 84 55 13 10
0.101883 85 55 13 10
0.103883 86 55 13 10
0.105883 86 55 13 10
0.107883 87 55 13 10
0.109883 88 55 13 10
0.111883 88 55 13 10
0.113883 89 55 13 10
0.115883 90 55 13 10
0.117883 91 55 13 10
0.119883 91 55 13 10
0.121883 92 55 13 10
0.123883 93 55 13 10
0.125883 94 54 13 10
0.127883 94 54 13 10
0.129883 95 54 13 10
0.131883 95 54 13 10
0.133883 96 54 13 10
0.135883 96 54 13 10
0.137883 97 54 13 10
0.139883 97 54 13 10
0.141883 98 54 13 10
0.143883 98 54 13 10
0.145883 99 54 13 10
0.147883 99 54 13 10
0.149883 100 54 13 10
0.151883 101 54 13 10
0.153883 101 54 13 10
0.155883 102 54 13 10
0.157883 102 54 13 10
0.159883 103 54 13 10
0.161883 103 54 13 10
0.163883 104 54 13 10
0.165883 105 54 13 10
0.167883 106 54 13 10
0.169883 106 54 13 10
0.171883 107 54 13 10
0.173883 108 54 13 10
0.175883 109 54 12 10
0.177883 109 54 12 10
0.179883 110 54 12 10
0.181883 111 54 12 10
0.183883 111 54 12 10
0.185883 112 54 12 10
0.187883 113 54 12 10
0.189883 114 54 12 10
0.191883 114 54 12 10
0.193883 115 55 11 10
0.195883 116 55 11 10
0.197883 116 55 11 10
0.199883 117 55 11 10
0.201883 118 55 11 10
0.203883 118 55 11 10
0.205883 119 55 11 10
0.207883 120 55 11 10
0.209883 120 55 11 10
0.211883 121 55 11 10
0.213883 122 55 11 10
0.215883 122 55 11 10
0.217883 123 55 11 10
0.219883 124 55 11 10
0.221883 124 55 11 10
0.223883 125 55 11 10
0.225883 126 56 11 10
0.227883 126 56 11 10
0.229883 126 56 11 10
0.231883 127 56 11 10
0.233883 127 56 11 10
0.235883 128 56 11 10
0.237883 128 56 11 10
0.239883 129 56 11 10
0.241883 129 56 11 10
0.243883 130 56 11 10
0.245883 130 56 11 10
0.247883 131 56 11 10
0.249883 131 56 11 10
0.251883 132 56 11 10
0.253883 132 56 11 10
0.255883 133 56 11 10
0.257883 133 56 11 10
0.259883 134 57 11 10
0.261883 134 57 11 10
0.263883 135 57 11 10
0.265883 135 57 11 10
0.267883 136 57 11 10
0.269883 136 57 11 10
0.271883 137 57 11 10
0.273883 137 57 11 10
0.275883 138 57 11 10
0.277883 138 57 11 10
0.279883 138 57 11 10
0.281883 139 57 11 10
0.283883 139 57 11 10
0.285883 140 57 11 10
0.287883 140 57 11 10
0.289883 141 57 11 10
0.291883 141 57 11 10
0.293883 142 58 10 10
0.295883 142 58 10 10
0.297883 143 58 10 10
0.299883 143 58 10 10
0.301883 144 58 10 10
0.303883 145 58 10 10
0.305883 145 58 10 10
0.307883 146 58 10 10
0.309883 146 59 10 10
0.311883 147 59 10 10
0.313883 147 59 10 10
0.315883 148 59 10 10
0.317883 148 59 10 10
0.319883 149 59 10 10
0.321883 149 59 10 10
0.323883 150 59 10 10
0.325883 151 60 10 10
0.327883 151 60 10 10
0.329883 151 60 10 10
0.331883 152 60 10 10
0.333883 152 60 10 10
0.335883 152 60 10 10
0.337883 153 60 10 10
0.339883 153 60 10 10
0.341883 153 60 10 10
0.343883 154 61 10 10
0.345883 154 61 10 10
0.347883 154 61 10 10
0.349883 155 61 10 10
0.351883 155 61 10 10
0.353883 156 61 10 10
0.355883 156 61 10 10
0.357883 156 61 10 10
0.359883 157 62 10 10
0.361883 157 62 10 10
0.363883 157 62 10 10
0.365883 158 62 10 10
0.367883 158 62 10 10
0.369883 159 62 10 10
0.371883 159 63 10 10
0.373883 160 63 10 10
0.375883 160 63 10 10
0.377883 160 63 10 10
0.379883 161 63 10 10
0.381883 161 64 10 10
0.383883 162 64 10 10
0.385883 162 64 10 10
0.387883 163 64 10 10
0.389883 163 64 10 10
0.391883 163 64 10 10
0.393883 164 65 10 10
0.395883 164 65 10 10
0.397883 165 65 10 10
0.399883 165 65 10 10
0.401883 165 65 10 10
0.403883 166 66 10 10
0.405883 166 66 10 10
0.407883 167 66 10 10
0.409883 167 66 10 10
0.411883 168 66 10 10
0.413883 168 66 10 10
0.415883 168 67 10 10
0.417883 169 67 10 10
0.419883 169 67 10 10
0.421883 170 67 10 10
0.423883 170 67 10 10
0.425883 171 68 10 10
0.427883 171 68 10 10
0.429883 171 68 10 10
0.431883 172 68 10 10
0.433883 172 68 10 10
0.435883 172 68 10 10
0.437883 173 68 10 10
0.439883 173 68 10 10
0.441883 173 68 10 10
0.443883 174 69 10 10
0.445883 174 69 10 10
0.447883 174 69 10 10
0.449883 175 69 10 10
0.451883 175 69 10 10
0.453883 176 69 10 10
0.455883 176 69 10 10
0.457883 176 69 10 10
0.459883 177 70 10 10
0.461883 177 70 10 10
0.463883 177 70 10 10
0.465883 178 70 10 10
0.467883 178 71 10 10
0.469883 179 71 10 10
0.471883 179 71 10 10
0.473883 180 71 10 10
0.475883 180 72 10 10
0.477883 180 72 10 10
0.479883 181 72 10 10
0.481883 181 72 10 10
0.483883 182 72 10 10
0.485883 182 73 10 10
0.487883 183 73 10 10
0.489883 183 73 10 10
0.491883 183 73 10 10
0.493883 184 74 10 10
0.495883 184 74 10 10
0.497883 184 74 10 10
0.499883 184 74 10 10
0.501883 185 74 10 10
0.503883 185 74 10 10
0.505883 185 74 10 10
0.507883 185 74 10 10
0.509883 186 75 10 10
0.511883 186 75 10 10
0.513883 186 75 10 10
0.515883 186 75 10 10
0.517883 187 75 10 10
0.519883 187 75 10 10
0.521883 187 75 10 10
0.523883 187 75 10 10
0.525883 188 76 10 10
0.527883 188 76 10 10
0.529883 188 76 10 10
0.531883 188 76 10 10
0.533883 189 76 10 10
0.535883 189 77 10 10
0.537883 189 77 10 10
0.539883 190 77 10 10
0.541883 190 77 10 10
0.543883 190 78 10 10
0.545883 191 78 10 10
0.547883 191 78 10 10
0.549883 191 78 10 10
0.551883 191 79 10 10
0.553883 192 79 10 10
0.555883 192 79 10 10
0.557883 192 79 10 10
0.559883 193 80 10 10
0.561883 193 80 10 10
0.563883 193 80 10 10
0.565883 194 81 10 10
0.567883 194 81 10 10
0.569883 194 81 10 10
0.571883 195 81 10 10
0.573883 195 82 10 10
0.575883 196 82 10 10
0.577883 196 82 10 10
0.579883 196 83 10 10
0.581883 197 83 10 10
0.583883 197 83 10 10
0.585883 197 84 10 10
0.587883 198 84 10 10
0.589883 198 84 10 10
0.591883 198 84 10 10
0.593883 199 85 10 10
0.595883 199 85 10 10
0.597883 199 85 10 10
0.599883 199 85 10 10
0.601883 200 85 10 10
0.603883 200 86 10 10
0.605883 200 86 10 10
0.607883 200 86 10 10
0.609883 201 86 10 10
0.611883 201 86 10 10
0.613883 201 86 10 10
0.615883 201 87 10 10
0.617883 202 87 10 10
0.619883 202 87 10 10
0.621883 202 87 10 10
0.623883 202 87 10 10
0.625883 203 88 10 10
0.627883 203 88 10 10
0.629883 203 88 10 10
0.631883 203 88 10 10
0.633883 203 88 10 10
0.635883 203 89 10 10
0.637883 204 89 10 10
0.639883 204 89 10 10
0.641883 204 89 10 10
0.643883 204 90 10 10
0.645883 204 90 10 10
0.647883 204 90 10 10
0.649883 205 90 10 10
0.651883 205 91 10 10
0.653883 205 91 10 10
0.655883 205 91 10 10
0.657883 205 91 10 10
0.659883 206 92 10 10
0.661883 206 92 10 10
0.663883 206 92 10 10
0.665883 207 93 10 10
0.667883 207 93 10 10
0.669883 207 93 10 10
0.671883 208 93 10 10
0.673883 208 94 10 10
0.675883 209 94 10 10
0.677883 209 94 10 10
0.679883 209 95 10 10
0.681883 210 95 10 10
0.683883 210 95 10 10
0.685883 210 96 10 10
0.687883 211 96 10 10
0.689883 211 96 10 10
0.691883 211 96 10 10
0.693883 212 97 10 10
0.695883 212 97 10 10
0.697883 212 97 10 10
0.699883 212 97 10 10
0.701883 213 98 10 10
0.703883 213 98 10 10
0.705883 213 98 10 10
0.707883 213 98 10 10
0.709883 214 99 10 10
0.711883 214 99 10 10
0.713883 214 99 10 10
0.715883 214 99 10 10
0.717883 215 100 10 10
0.719883 215 100 10 10
0.721883 215 100 10 10
0.723883 215 100 10 10
0.725883 216 101 10 10
0.727883 216 101 10 10
0.729883 216 101 10 10
0.731883 216 101 10 10
0.733883 216 102 10 10
0.735883 217 102 10 10
0.737883 217 102 10 10
0.739883 217 103 10 10
0.741883 217 103 10 10
0.743883 218 103 10 10
0.745883 218 104 10 10
0.747883 218 104 10 10
0.749883 218 104 10 10
0.751883 219 104 10 10
0.753883 219 105 10 10
0.755883 219 105 10 10
0.757883 219 105 10 10
0.759883 220 106 10 10
0.761883 220 106 10 10
0.763883 220 106 10 10
0.765883 220 107 10 10
0.767883 221 107 10 10
0.769883 221 107 10 10
0.771883 221 107 10 10
0.773883 221 108 10 10
0.775883 222 108 10 10
0.777883 222 108 10 10
0.779883 222 109 10 10
0.781883 222 109 10 10
0.783883 222 109 10 10
0.785883 223 110 10 10
0.787883 223 110 10 10
0.789883 223 110 10 10
0.791883 223 110 10 10
0.793883 224 111 10 10
0.795883 224 111 10 10
0.797883 224 111 10 10
0.799883 224 112 10 10
0.801883 225 112 10 10
0.803883 225 112 10 10
0.805883 225 113 10 10
0.807883 225 113 10 10
0.809883 226 113 10 10
0.811883 226 113 10 10
0.813883 226 114 10 10
0.815883 226 114 10 10
0.817883 227 114 10 10
0.819883 227 115 10 10
0.821883 227 115 10 10
0.823883 227 115 10 10
0.825883 228 116 10 10
0.827883 228 116 10 10
0.829883 228 116 10 10
0.831883 228 117 10 10
0.833883 228 117 10 10
0.835883 228 117 10 10
0.837883 229 118 10 10
0.839883 229 118 10 10
0.841883 229 118 10 10
0.843883 229 119 10 10
0.845883 229 119 10 10
0.847883 229 119 10 10
0.849883 230 120 10 10
0.851883 230 120 10 10
0.853883 230 121 10 10
0.855883 230 121 10 10
0.857883 230 121 10 10
0.859883 231 122 10 10
0.861883 231 122 10 10
0.863883 231 122 10 10
0.865883 231 123 10 10
0.867883 232 123 10 10
0.869883 232 123 10 10
0.871883 232 123 10 10
0.873883 232 124 10 10
0.875883 233 124 10 10
0.877883 233 124 10 10
0.879883 233 125 10 10
0.881883 233 125 10 10
0.883883 233 125 10 10
0.885883 234 126 10 10
0.887883 234 126 10 10
0.889883 234 126 10 10
0.891883 234 126 10 10
0.893883 235 127 10 10
0.895883 235 127 10 10
0.897883 235 127 10 10
0.899883 235 128 10 10
0.901883 235 128 10 10
0.903883 235 129 10 10
0.905883 235 129 10 10
0.907883 235 129 10 10
0.909883 236 130 10 10
0.911883 236 130 10 10
0.913883 236 130 10 10
0.915883 236 131 10 10
0.917883 236 131 10 10
0.919883 236 131 10 10
0.921883 236 132 10 10
0.923883 236 132 10 10
0.925883 237 133 10 10
0.927883 237 133 10 10
0.929883 237 133 10 10
0.931883 237 133 10 10
0.933883 237 133 10 10
0.935883 237 133 10 10
0.937883 237 134 10 10
0.939883 237 134 10 10
0.941883 237 134 10 10
0.943883 238 134 10 10
0.945883 238 134 10 10
0.947883 238 134 10 10
0.949883 238 135 10 10
0.951883 238 135 10 10
0.953883 238 135 10 10
0.955883 238 135 10 10
0.957883 238 135 10 10
0.959883 239 136 10 10
0.961883 239 136 10 10
0.963883 239 137 10 10
0.965883 240 137 10 10
0.967883 240 138 10 10
0.969883 240 138 10 10
0.971883 241 139 10 10
0.973883 241 139 10 10
0.975883 242 140 10 10
0.977883 242 141 10 10
0.979883 242 141 10 10
0.981883 243 142 10 10
0.983883 243 142 10 10
0.985883 243 143 10 10
0.987883 244 143 10 10
0.989883 244 144 10 10
0.991883 244 144 10 10
0.993883 245 145 10 10
0.995883 245 145 10 10
0.997883 245 145 10 10
0.999883 245 146 10 10
1.001883 245 146 10 10
1.003883 245 147 10 10
1.005883 245 147 10 10
1.007883 245 147 10 10
1.009883 245 148 10 10
1.011883 245 148 10 10
1.013883 245 148 10 10
1.015883 245 149 10 10
1.017883 245 149 10 10
1.019883 245 149 10 10
1.021883 245 150 10 10
1.023883 245 150 10 10
1.025883 246 151 10 10
1.027883 246 151 10 10
1.029883 246 151 10 10
1.031883 246 152 10 10
1.033883 246 152 10 10
1.035883 246 152 10 10
1.037883 247 153 10 10
1.039883 247 153 10 10
1.041883 247 153 10 10
1.043883 247 154 10 10
1.045883 247 154 10 10
1.047883 247 154 10 10
1.049883 248 155 10 10
1.051883 248 155 10 10
1.053883 248 156 10 10
1.055883 248 156 10 10
1.057883 248 156 10 10
1.059883 249 157 10 10
1.061883 249 157 10 10
1.063883 249 157 10 10
1.065883 249 158 10 10
1.067883 249 158 10 10
1.069883 249 158 10 10
1.071883 249 159 10 10
1.073883 249 159 10 10
1.075883 250 160 10 10
1.077883 250 160 10 10
1.079883 250 160 10 10
1.081883 250 161 10 10
1.083883 250 161 10 10
1.085883 250 161 10 10
1.087883 250 162 10 10
1.089883 250 162 10 10
1.091883 250 162 10 10
1.093883 251 163 10 10
1.095883 251 163 10 10
1.097883 251 164 10 10
1.099883 251 164 10 10
1.101883 251 164 10 10
1.103883 251 165 10 10
1.105883 251 165 10 10
1.107883 251 166 10 10
1.109883 252 166 11 11
1.111883 252 167 11 11
1.113883 252 167 11 11
1.115883 252 167 11 11
1.117883 252 168 11 11
1.119883 252 168 11 11
1.121883 252 169 11 11
1.123883 252 169 11 11
1.125883 252 169 12 12
1.127883 252 169 12 12
1.129883 251 169 12 12
1.131883 250 168 12 12
1.133883 250 168 12 12
1.135883 249 167 12 12
1.137883 248 167 12 12
1.139883 247 166 12 12
1.141883 247 166 12 12
1.143883 246 165 12 12
1.145883 245 165 12 12
1.147883 245 164 12 12
1.149883 244 164 12 12
1.151883 243 163 12 12
1.153883 242 163 12 12
1.155883 242 162 12 12
1.157883 241 162 12 12
1.159883 240 161 11 11
1.161883 240 161 11 11
1.163883 240 160 11 11
1.165883 239 160 10 10
1.167883 239 159 10 10
1.169883 238 159 10 10
1.171883 238 158 9 10
1.173883 237 158 9 9
1.175883 237 157 8 9
1.177883 237 157 8 9
1.179883 236 157 8 8
1.181883 236 156 7 8
1.183883 235 156 7 8
1.185883 235 155 7 7
1.187883 234 155 6 7
1.189883 234 154 6 7
1.191883 234 154 6 7
1.193883 233 153 6 7
1.195883 233 153 6 7
1.197883 233 153 6 7
1.199883 233 153 6 7
1.201883 233 153 7 7
1.203883 232 152 7 8
1.205883 232 152 7 8
1.207883 232 152 7 8
1.209883 232 152 8 8
1.211883 232 152 8 8
1.213883 232 152 8 8
1.215883 231 151 8 9
1.217883 231 151 9 9
1.219883 231 151 9 9
1.221883 231 151 9 9
1.223883 231 151 9 9
1.225883 230 150 10 10
1.227883 229 150 10 10
1.229883 228 149 10 10
1.231883 227 149 10 10
1.233883 226 148 10 10
1.235883 225 147 10 10
1.237883 224 147 10 10
1.239883 223 146 10 10
1.241883 221 146 10 10
1.243883 220 145 10 10
1.245883 219 144 10 10
1.247883 218 144 10 10
1.249883 217 143 10 10
1.251883 216 143 10 10
1.253883 215 142 10 10
1.255883 213 141 10 10
1.257883 212 141 10 10
1.259883 211 140 10 10
1.261883 211 140 10 10
1.263883 211 139 10 10
1.265883 210 139 10 10
1.267883 210 138 10 10
1.269883 209 138 10 10
1.271883 209 137 10 10
1.273883 208 137 10 10
1.275883 208 136 10 10
1.277883 208 136 10 10
1.279883 207 136 10 10
1.281883 207 135 10 10
1.283883 206 135 10 10
1.285883 206 134 10 10
1.287883 205 134 10 10
1.289883 205 133 10 10
1.291883 205 133 10 10
1.293883 204 132 10 10
1.295883 204 132 10 10
1.297883 204 132 10 10
1.299883 203 132 10 10
1.301883 203 132 10 10
1.303883 203 131 10 10
1.305883 202 131 10 10
1.307883 202 131 10 10
1.309883 202 131 10 10
1.311883 202 131 10 10
1.313883 201 131 10 10
1.315883 201 130 10 10
1.317883 201 130 10 10
1.319883 200 130 10 10
1.321883 200 130 10 10
1.323883 200 130 10 10
1.325883 199 129 10 10
1.327883 199 129 10 10
1.329883 199 129 10 10
1.331883 198 129 10 10
1.333883 198 129 10 10
1.335883 197 128 10 10
1.337883 197 128 10 10
1.339883 197 128 10 10
1.341883 196 128 10 10
1.343883 196 127 10 10
1.345883 195 127 10 10
1.347883 195 127 10 10
1.349883 194 127 10 10
1.351883 194 126 10 10
1.353883 194 126 10 10
1.355883 193 126 10 10
1.357883 193 126 10 10
1.359883 192 125 10 10
1.361883 192 125 10 10
1.363883 192 125 10 10
1.365883 191 125 10 10
1.367883 191 124 10 10
1.369883 191 124 10 10
1.371883 191 124 10 10
1.373883 190 124 10 10
1.375883 190 123 10 10
1.377883 190 123 10 10
1.379883 189 123 10 10
1.381883 189 123 10 10
1.383883 189 123 10 10
1.385883 188 122 10 10
1.387883 188 122 10 10
1.389883 188 122 10 10
1.391883 188 122 10 10
1.393883 187 121 10 10
1.395883 187 121 10 10
1.397883 187 121 10 10
1.399883 186 121 10 10
1.401883 186 121 10 10
1.403883 185 120 10 10
1.405883 185 120 10 10
1.407883 185 120 10 10
1.409883 184 120 10 10
1.411883 184 120 10 10
1.413883 184 120 10 10
1.415883 183 119 10 10
1.417883 183 119 10 10
1.419883 183 119 10 10
1.421883 182 119 10 10
1.423883 182 119 10 10
1.425883 181 118 10 10
1.427883 181 118 10 10
1.429883 181 118 10 10
1.431883 180 118 10 10
1.433883 180 118 10 10
1.435883 179 118 10 10
1.437883 179 118 10 10
1.439883 179 118 10 10
1.441883 178 118 10 10
1.443883 178 117 10 10
1.445883 177 117 10 10
1.447883 177 117 10 10
1.449883 176 117 10 10
1.451883 176 117 10 10
1.453883 176 117 10 10
1.455883 175 117 10 10
1.457883 175 117 10 10
1.459883 174 116 10 10
1.461883 174 116 10 10
1.463883 174 116 10 10
1.465883 173 116 10 10
1.467883 173 116 10 10
1.469883 173 116 10 10
1.471883 172 116 10 10
1.473883 172 116 10 10
1.475883 171 115 10 10
1.477883 171 115 10 10
1.479883 171 115 10 10
1.481883 170 115 10 10
1.483883 170 115 10 10
1.485883 170 115 10 10
1.487883 169 115 10 10
1.489883 169 115 10 10
1.491883 169 115 10 10
1.493883 168 114 10 10
1.495883 168 114 10 10
1.497883 168 114 10 10
1.499883 167 114 10 10
1.501883 167 114 10 10
1.503883 166 114 10 10
1.505883 166 114 10 10
1.507883 166 114 10 10
1.509883 165 114 10 10
1.511883 165 114 10 10
1.513883 165 114 10 10
1.515883 164 114 10 10
1.517883 164 114 10 10
1.519883 164 114 10 10
1.521883 163 114 10 10
1.523883 163 114 10 10
1.525883 162 113 10 10
1.527883 162 113 10 10
1.529883 162 113 10 10
1.531883 162 113 10 10
1.533883 161 113 10 10
1.535883 161 113 10 10
1.537883 161 113 10 10
1.539883 160 113 10 10
1.541883 160 113 10 10
1.543883 160 112 10 10
1.545883 159 112 10 10
1.547883 159 112 10 10
1.549883 159 112 10 10
1.551883 159 112 10 10
1.553883 158 112 10 10
1.555883 158 112 10 10
1.557883 158 112 10 10
1.559883 157 112 10 10
1.561883 157 112 10 10
1.563883 157 112 10 10
1.565883 156 112 10 10
1.567883 156 112 10 10
1.569883 156 112 10 10
1.571883 156 112 10 10
1.573883 155 112 10 10
1.575883 155 112 10 10
1.577883 155 112 10 10
1.579883 154 112 10 10
1.581883 154 112 10 10
1.583883 154 112 10 10
1.585883 153 112 10 10
1.587883 153 112 10 10
1.589883 153 112 10 10
1.591883 153 112 10 10
1.593883 152 111 10 10
1.595883 152 111 10 10
1.597883 152 111 10 10
1.599883 151 111 10 10
1.601883 151 111 10 10
1.603883 150 111 10 10
1.605883 150 111 10 10
1.607883 150 111 10 10
1.609883 149 111 10 10
1.611883 149 111 10 10
1.613883 149 111 10 10
1.615883 148 111 10 10
1.617883 148 111 10 10
1.619883 148 111 10 10
1.621883 147 111 10 10
1.623883 147 111 10 10
1.625883 146 110 10 10
1.627883 146 110 10 10
1.629883 145 110 10 10
1.631883 145 109 10 10
1.633883 144 109 10 10
1.635883 144 108 10 10
1.637883 143 108 10 10
1.639883 143 108 10 10
1.641883 142 107 10 10
1.643883 142 107 10 10
1.645883 141 106 10 10
1.647883 141 106 10 10
1.649883 140 105 10 10
1.651883 139 105 10 10
1.653883 139 105 10 10
1.655883 138 104 10 10
1.657883 138 104 10 10
1.659883 137 103 10 10
1.661883 137 102 10 10
1.663883 137 101 10 10
1.665883 137 100 10 10
1.667883 137 99 10 10
1.669883 137 98 10 10
1.671883 137 97 10 10
1.673883 137 96 10 10
1.675883 136 94 10 10
1.677883 136 93 10 10
1.679883 136 92 10 10
1.681883 136 91 10 10
1.683883 136 90 10 10
1.685883 136 89 10 10
1.687883 136 88 10 10
1.689883 136 87 10 10
1.691883 136 86 10 10
1.693883 135 86 10 10
1.695883 134 87 10 10
1.697883 133 88 10 10
1.699883 132 88 10 10
1.701883 130 89 10 10
1.703883 129 90 10 10
1.705883 128 91 10 10
1.707883 127 91 10 10
1.709883 126 92 11 10
1.711883 125 93 11 10
1.713883 124 94 11 10
1.715883 123 95 11 10
1.717883 122 95 11 10
1.719883 121 96 11 10
1.721883 120 97 11 10
1.723883 119 98 11 10
1.725883 117 99 11 11
1.727883 117 99 11 11
1.729883 117 99 11 11
1.731883 117 99 11 11
1.733883 117 99 11 12
1.735883 117 99 11 12
1.737883 116 100 11 12
1.739883 116 100 11 13
1.741883 116 100 11 13
1.743883 116 100 10 13
1.745883 116 100 10 14
1.747883 116 100 10 14
1.749883 115 101 10 14
1.751883 115 101 10 14
1.753883 115 101 10 15
1.755883 115 101 10 15
1.757883 115 101 10 15
1.759883 114 101 10 16
1.761883 114 101 10 16
1.763883 114 101 10 17
1.765883 114 100 10 17
1.767883 114 100 11 18
1.769883 114 100 11 18
1.771883 113 99 11 19
1.773883 113 99 11 19
1.775883 113 98 12 20
1.777883 113 98 12 20
1.779883 113 98 12 20
1.781883 112 97 12 21
1.783883 112 97 12 21
1.785883 112 97 13 22
1.787883 112 96 13 22
1.789883 112 96 13 23
1.791883 112 96 13 23
1.793883 112 97 13 23
1.795883 112 98 13 22
1.797883 113 100 13 21
1.799883 113 101 12 20
1.801883 113 103 12 18
1.803883 114 104 11 17
1.805883 114 106 11 16
1.807883 115 107 11 15
1.809883 115 109 10 14
1.811883 116 110 10 13
1.813883 116 112 10 12
1.815883 116 113 9 11
1.817883 117 115 9 10
1.819883 117 116 9 9
1.821883 118 118 8 8
1.823883 118 119 8 7
1.825883 118 121 8 6
1.827883 118 121 8 6
1.829883 118 121 8 6
1.831883 118 121 8 6
1.833883 118 121 8 6
1.835883 117 121 8 7
1.837883 117 121 8 7
1.839883 117 121 8 7
1.841883 117 121 8 7
1.843883 116 122 9 8
1.845883 116 122 9 8
1.847883 116 122 9 8
1.849883 116 122 9 8
1.851883 115 122 9 9
1.853883 115 122 9 9
1.855883 115 122 9 9
1.857883 115 122 9 9
1.859883 114 123 10 10
1.861883 114 123 10 10
1.863883 114 123 10 10
1.865883 113 123 10 10
1.867883 113 123 10 10
1.869883 113 123 10 10
1.871883 112 123 10 10
1.873883 112 123 10 10
1.875883 111 123 10 10
1.877883 111 123 10 10
1.879883 111 123 10 10
1.881883 110 123 10 10
1.883883 110 123 10 10
1.885883 110 123 10 10
1.887883 109 123 10 10
1.889883 109 123 10 10
1.891883 109 123 10 10
1.893883 108 124 9 9
1.895883 108 124 9 9
1.897883 108 124 9 9
1.899883 108 125 9 9
1.901883 108 125 8 8
1.903883 107 126 8 8
1.905883 107 126 8 8
1.907883 107 126 8 8
1.909883 107 127 7 7
1.911883 107 127 7 7
1.913883 107 127 7 7
1.915883 106 128 7 7
1.917883 106 128 6 6
1.919883 106 128 6 6
1.921883 106 129 6 6
1.923883 106 129 6 6
1.925883 105 130 6 6
1.927883 105 130 6 6
1.929883 105 130 6 6
1.931883 105 130 6 6
1.933883 104 130 6 6
1.935883 104 130 7 7
1.937883 104 130 7 7
1.939883 103 130 7 7
1.941883 103 130 7 7
1.943883 103 131 8 8
1.945883 102 131 8 8
1.947883 102 131 8 8
1.949883 102 131 8 8
1.951883 102 131 9 9
1.953883 101 131 9 9
1.955883 101 131 9 9
1.957883 101 131 9 9
1.959883 100 132 10 10
1.961883 100 132 10 10
1.963883 100 132 10 10
1.965883 99 132 10 10
1.967883 99 133 10 10
1.969883 99 133 10 10
1.971883 99 133 10 10
1.973883 98 133 10 10
1.975883 98 134 10 10
1.977883 98 134 10 10
1.979883 97 134 10 10
1.981883 97 134 10 10
1.983883 97 134 10 10
1.985883 96 135 10 10
1.987883 96 135 10 10
1.989883 96 135 10 10
1.991883 96 135 10 10
1.993883 95 136 10 10
1.995883 95 136 10 10
1.997883 95 136 10 10
1.999883 95 137 10 10
2.001883 94 137 10 10
2.003883 94 137 10 10
2.005883 94 138 10 10
2.007883 94 138 10 10
2.009883 93 138 10 10
2.011883 93 138 10 10
2.013883 93 139 10 10
2.015883 93 139 10 10
2.017883 92 139 10 10
2.019883 92 140 10 10
2.021883 92 140 10 10
2.023883 92 140 10 10
2.025883 91 141 9 9
2.027883 91 141 9 9
2.029883 91 141 9 9
2.031883 91 141 9 9
2.033883 91 141 9 9
2.035883 91 142 8 9
2.037883 91 142 8 9
2.039883 91 142 8 9
2.041883 91 142 8 9
2.043883 90 143 7 9
2.045883 90 143 7 9
2.047883 90 143 7 9
2.049883 90 143 7 9
2.051883 90 144 6 9
2.053883 90 144 6 9
2.055883 90 144 6 9
2.057883 90 144 6 9
2.059883 89 145 6 9
2.061883 89 145 6 9
2.063883 89 145 6 9
2.065883 89 145 6 9
2.067883 89 145 7 9
2.069883 89 145 7 9
2.071883 89 145 7 9
2.073883 89 145 7 9
2.075883 89 145 8 9
2.077883 89 145 8 9
2.079883 89 145 8 9
2.081883 89 145 8 9
2.083883 89 145 8 9
2.085883 89 145 9 9
2.087883 89 145 9 9
2.089883 89 145 9 9
2.091883 89 145 9 9
2.093883 89 145 10 10
2.095883 89 145 10 10
2.097883 89 145 10 10
2.099883 89 145 10 10
2.101883 89 145 10 10
2.103883 89 145 10 10
2.105883 89 145 10 10
2.107883 89 145 10 10
2.109883 89 145 10 10
2.111883 89 145 10 10
2.113883 89 145 10 10
2.115883 89 145 10 10
2.117883 89 145 10 10
2.119883 89 145 10 10
2.121883 89 145 10 10
2.123883 89 145 10 10
2.125883 90 145 10 10
2.127883 90 145 10 10
2.129883 90 145 10 10
2.131883 90 146 10 10
2.133883 90 146 10 10
2.135883 90 146 10 10
2.137883 90 147 10 10
2.139883 90 147 10 10
2.141883 90 147 10 10
2.143883 90 148 10 10
2.145883 90 148 10 10
2.147883 90 148 10 10
2.149883 90 149 10 10
2.151883 90 149 10 10
2.153883 90 150 10 10
2.155883 90 150 10 10
2.157883 90 150 10 10
2.159883 90 151 10 10
2.161883 90 151 10 10
2.163883 90 151 10 10
2.165883 90 151 10 10
2.167883 90 151 10 10
2.169883 90 151 10 10
2.171883 90 151 10 10
2.173883 90 151 10 10
2.175883 90 151 10 10
2.177883 90 151 10 10
2.179883 90 151 10 10
2.181883 90 151 10 10
2.183883 90 151 10 10
2.185883 90 151 10 10
2.187883 90 151 10 10
2.189883 90 151 10 10
2.191883 90 151 10 10
2.193883 90 150 10 10
2.195883 90 150 10 10
2.197883 90 150 10 10
2.199883 90 150 10 10
2.201883 90 150 10 10
2.203883 90 150 10 10
2.205883 90 150 10 10
2.207883 90 150 10 10
2.209883 90 149 10 10
2.211883 90 149 10 10
2.213883 90 149 10 10
2.215883 90 149 10 10
2.217883 90 149 10 10
2.219883 90 149 10 10
2.221883 90 149 10 10
2.223883 90 149 10 10
2.225883 90 148 10 10
2.227883 91 148 10 10
2.229883 92 147 10 10
2.231883 93 147 10 10
2.233883 94 146 10 10
2.235883 96 146 10 10
2.237883 97 145 10 10
2.239883 98 145 10 10
2.241883 99 144 10 10
2.243883 100 144 10 10
2.245883 102 143 10 10
2.247883 103 143 10 10
2.249883 104 142 10 10
2.251883 105 141 10 10
2.253883 106 141 10 10
2.255883 108 140 10 10
2.257883 109 140 10 10
2.259883 110 139 9 9
2.261883 110 139 9 9
2.263883 111 139 9 9
2.265883 112 138 9 8
2.267883 112 138 8 8
2.269883 113 138 8 8
2.271883 114 138 8 8
2.273883 114 137 8 7
2.275883 115 137 7 7
2.277883 116 137 7 7
2.279883 116 136 7 6
2.281883 117 136 7 6
2.283883 118 136 7 6
2.285883 118 135 6 5
2.287883 119 135 6 5
2.289883 120 135 6 5
2.291883 120 135 6 5
2.293883 121 134 6 5
2.295883 121 134 6 5
2.297883 121 133 6 5
2.299883 122 133 6 6
2.301883 122 132 7 6
2.303883 123 132 7 6
2.305883 123 131 7 7
2.307883 123 131 7 7
2.309883 124 130 8 7
2.311883 124 130 8 7
2.313883 124 129 8 8
2.315883 125 129 8 8
2.317883 125 128 9 8
2.319883 125 128 9 9
2.321883 126 127 9 9
2.323883 126 127 9 9
2.325883 127 126 10 10
2.327883 127 126 10 10
2.329883 128 126 10 10
2.331883 128 126 10 10
2.333883 129 126 10 10
2.335883 130 126 10 10
2.337883 130 126 10 10
2.339883 131 126 10 10
2.341883 131 126 10 10
2.343883 132 125 10 10
2.345883 133 125 10 10
2.347883 133 125 10 10
2.349883 134 125 10 10
2.351883 134 125 10 10
2.353883 135 125 10 10
2.355883 136 125 10 10
2.357883 136 125 10 10
2.359883 137 124 9 9
2.361883 137 124 9 9
2.363883 138 124 9 9
2.365883 138 124 9 9
2.367883 139 123 8 8
2.369883 139 123 8 8
2.371883 140 123 8 8
2.373883 140 123 8 8
2.375883 141 122 7 7
2.377883 141 122 7 7
2.379883 141 122 7 7
2.381883 142 122 7 7
2.383883 142 122 7 7
2.385883 143 121 6 6
2.387883 143 121 6 6
2.389883 144 121 6 6
2.391883 144 121 6 6
2.393883 145 120 6 6
2.395883 145 120 6 6
2.397883 145 120 6 6
2.399883 146 120 6 6
2.401883 146 120 7 7
2.403883 147 119 7 7
2.405883 147 119 7 7
2.407883 147 119 7 7
2.409883 148 119 8 8
2.411883 148 119 8 8
2.413883 148 119 8 8
2.415883 149 118 8 8
2.417883 149 118 9 9
2.419883 149 118 9 9
2.421883 150 118 9 9
2.423883 150 118 9 9
2.425883 151 117 10 10
2.427883 151 117 10 10
2.429883 151 117 10 10
2.431883 152 117 10 10
2.433883 152 117 10 10
2.435883 153 117 10 10
2.437883 153 117 10 10
2.439883 153 117 10 10
2.441883 154 117 10 10
2.443883 154 116 10 10
2.445883 155 116 10 10
2.447883 155 116 10 10
2.449883 156 116 10 10
2.451883 156 116 10 10
2.453883 156 116 10 10
2.455883 157 116 10 10
2.457883 157 116 10 10
2.459883 158 115 10 10
2.461883 158 115 10 10
2.463883 158 115 10 10
2.465883 159 115 10 10
2.467883 159 115 10 10
2.469883 160 115 10 10
2.471883 160 115 10 10
2.473883 161 115 10 10
2.475883 161 114 10 10
2.477883 161 114 10 10
2.479883 162 114 10 10
2.481883 162 114 10 10
2.483883 163 114 10 10
2.485883 163 114 10 10
2.487883 164 114 10 10
2.489883 164 114 10 10
2.491883 164 114 10 10
2.493883 165 113 10 10
2.495883 165 113 10 10
2.497883 166 113 10 10
2.499883 166 113 10 10
2.501883 166 113 10 10
2.503883 167 113 10 10
2.505883 167 113 10 10
2.507883 168 113 10 10
2.509883 168 113 10 10
2.511883 169 113 10 10
2.513883 169 113 10 10
2.515883 169 113 10 10
2.517883 170 113 10 10
2.519883 170 113 10 10
2.521883 171 113 10 10
2.523883 171 113 10 10
2.525883 172 113 10 10
2.527883 172 113 10 10
2.529883 172 113 10 10
2.531883 173 113 10 10
2.533883 173 113 10 10
2.535883 174 113 10 10
2.537883 174 113 10 10
2.539883 174 113 10 10
2.541883 175 113 10 10
2.543883 175 113 10 10
2.545883 176 113 10 10
2.547883 176 113 10 10
2.549883 177 113 10 10
2.551883 177 113 10 10
2.553883 177 113 10 10
2.555883 178 113 10 10
2.557883 178 113 10 10
2.559883 179 112 10 10
2.561883 179 112 10 10
2.563883 179 112 10 10
2.565883 180 112 10 10
2.567883 180 112 10 10
2.569883 180 112 10 10
2.571883 181 112 10 10
2.573883 181 112 10 10
2.575883 182 112 10 10
2.577883 182 112 10 10
2.579883 182 112 10 10
2.581883 183 112 10 10
2.583883 183 112 10 10
2.585883 183 112 10 10
2.587883 184 112 10 10
2.589883 184 112 10 10
2.591883 184 112 10 10
2.593883 185 112 10 10
2.595883 185 112 10 10
2.597883 185 112 10 10
2.599883 186 112 10 10
2.601883 186 112 10 10
2.603883 187 112 10 10
2.605883 187 112 10 10
2.607883 187 112 10 10
2.609883 188 112 10 10
2.611883 188 112 10 10
2.613883 188 112 10 10
2.615883 189 112 10 10
2.617883 189 112 10 10
2.619883 189 112 10 10
2.621883 190 112 10 10
2.623883 190 112 10 10
2.625883 191 112 10 10
2.627883 191 112 10 10
2.629883 191 112 10 10
2.631883 191 112 10 10
2.633883 191 112 10 10
2.635883 191 112 10 10
2.637883 191 112 10 10
2.639883 191 112 10 10
2.641883 191 112 10 10
2.643883 191 112 10 10
2.645883 191 112 10 10
2.647883 191 112 10 10
2.649883 191 112 10 10
2.651883 191 112 10 10
2.653883 191 112 10 10
2.655883 191 112 10 10
2.657883 191 112 10 10
2.659883 192 112 10 10
2.661883 192 112 10 10
2.663883 193 112 10 10
2.665883 194 112 10 10
2.667883 194 112 10 10
2.669883 195 112 10 10
2.671883 195 112 10 10
2.673883 196 112 10 10
2.675883 197 113 10 10
2.677883 197 113 10 10
2.679883 198 113 10 10
2.681883 198 113 10 10
2.683883 199 113 10 10
2.685883 200 113 10 10
2.687883 200 113 10 10
2.689883 201 113 10 10
2.691883 201 113 10 10
2.693883 202 114 9 9
2.695883 202 114 9 9
2.697883 203 114 9 9
2.699883 203 114 9 9
2.701883 203 114 8 9
2.703883 204 114 8 8
2.705883 204 114 8 8
2.707883 205 114 8 8
2.709883 205 115 7 8
2.711883 206 115 7 8
2.713883 206 115 7 8
2.715883 206 115 7 7
2.717883 207 115 6 7
2.719883 207 115 6 7
2.721883 208 115 6 7
2.723883 208 115 6 7
2.725883 209 116 6 7
2.727883 209 116 6 7
2.729883 209 116 6 7
2.731883 209 116 6 7
2.733883 209 116 6 7
2.735883 210 116 7 7
2.737883 210 116 7 8
2.739883 210 116 7 8
2.741883 210 116 7 8
2.743883 211 116 8 8
2.745883 211 116 8 8
2.747883 211 116 8 8
2.749883 211 116 8 9
2.751883 212 116 9 9
2.753883 212 116 9 9
2.755883 212 116 9 9
2.757883 212 116 9 9
2.759883 213 117 10 10
2.761883 213 117 10 10
2.763883 213 117 10 10
2.765883 214 117 10 10
2.767883 214 117 10 10
2.769883 214 117 10 10
2.771883 214 117 10 10
2.773883 215 117 10 10
2.775883 215 118 10 10
2.777883 215 118 10 10
2.779883 216 118 10 10
2.781883 216 118 10 10
2.783883 216 118 10 10
2.785883 217 118 10 10
2.787883 217 118 10 10
2.789883 217 118 10 10
2.791883 217 118 10 10
2.793883 218 119 10 10
2.795883 218 119 10 10
2.797883 218 119 10 10
2.799883 219 119 10 10
2.801883 219 119 10 10
2.803883 219 120 10 10
2.805883 220 120 10 10
2.807883 220 120 10 10
2.809883 220 120 10 10
2.811883 220 120 10 10
2.813883 221 120 10 10
2.815883 221 121 10 10
2.817883 221 121 10 10
2.819883 222 121 10 10
2.821883 222 121 10 10
2.823883 222 121 10 10
2.825883 223 122 10 10
2.827883 223 122 10 10
2.829883 223 122 10 10
2.831883 223 122 10 10
2.833883 223 122 10 10
2.835883 223 122 10 10
2.837883 223 122 10 10
2.839883 223 122 10 10
2.841883 223 122 10 10
2.843883 223 122 10 10
2.845883 223 122 10 10
2.847883 223 122 10 10
2.849883 223 122 10 10
2.851883 223 122 10 10
2.853883 223 122 10 10
2.855883 223 122 10 10
2.857883 223 122 10 10
2.859883 224 122 10 10
2.861883 224 122 10 10
2.863883 225 122 10 10
2.865883 225 123 10 10
2.867883 226 123 10 10
2.869883 226 124 10 10
2.871883 227 124 10 10
2.873883 227 125 10 10
2.875883 228 125 10 10
2.877883 229 125 10 10
2.879883 229 126 10 10
2.881883 230 126 10 10
2.883883 230 127 10 10
2.885883 231 127 10 10
2.887883 231 128 10 10
2.889883 232 128 10 10
2.891883 232 128 10 10
2.893883 233 129 10 10
2.895883 233 129 10 10
2.897883 233 129 10 10
2.899883 233 129 10 10
2.901883 233 129 10 10
2.903883 234 130 10 10
2.905883 234 130 10 10
2.907883 234 130 10 10
2.909883 234 130 10 10
2.911883 234 130 10 10
2.913883 234 130 10 10
2.915883 235 131 10 10
2.917883 235 131 10 10
2.919883 235 131 10 10
2.921883 235 131 10 10
2.923883 235 131 10 10
2.925883 236 132 9 9
2.927883 236 132 9 9
2.929883 236 132 9 9
2.931883 237 132 9 9
2.933883 237 133 9 9
2.935883 237 133 8 8
2.937883 238 133 8 8
2.939883 238 134 8 8
2.941883 238 134 8 8
2.943883 239 134 7 7
2.945883 239 135 7 7
2.947883 239 135 7 7
2.949883 240 135 7 7
2.951883 240 135 6 6
2.953883 241 136 6 6
2.955883 241 136 6 6
2.957883 241 136 6 6
2.959883 242 137 6 6
2.961883 242 137 6 6
2.963883 242 137 6 6
2.965883 242 137 6 6
2.967883 242 137 7 7
2.969883 242 137 7 7
2.971883 242 137 7 7
2.973883 242 137 7 7
2.975883 243 137 8 8
2.977883 243 137 8 8
2.979883 243 137 8 8
2.981883 243 137 8 8
2.983883 243 137 8 8
2.985883 243 137 9 9
2.987883 243 137 9 9
2.989883 243 137 9 9
2.991883 243 137 9 9
2.993883 244 138 10 10
2.995883 244 138 10 10
2.997883 244 138 10 10
2.999883 244 138 10 10
3.001883 244 139 10 10
3.003883 244 139 10 10
3.005883 244 139 10 10
3.007883 244 139 10 10
3.009883 244 140 11 10
3.011883 244 140 11 10
3.013883 244 140 11 10
3.015883 244 140 11 10
3.017883 244 141 11 10
3.019883 244 141 11 10
3.021883 244 141 11 10
3.023883 244 141 11 10
3.025883 245 142 11 9
3.027883 245 142 11 9
3.029883 245 143 11 9
3.031883 246 143 10 9
3.033883 246 144 10 9
3.035883 247 144 10 9
3.037883 247 145 9 9
3.039883 248 145 9 9
3.041883 248 146 9 9
3.043883 249 146 8 8
3.045883 249 147 8 8
3.047883 250 147 8 8
3.049883 250 148 7 8
3.051883 251 149 7 8
3.053883 251 149 6 8
3.055883 252 150 6 8
3.057883 252 150 6 8
3.059883 252 151 6 8
3.061883 252 151 6 8
3.063883 252 151 6 8
3.065883 251 151 6 8
3.067883 251 151 7 8
3.069883 251 151 7 8
3.071883 251 151 7 8
3.073883 250 151 7 8
3.075883 250 152 8 9
3.077883 250 152 8 9
3.079883 249 152 8 9
3.081883 249 152 8 9
3.083883 249 152 8 9
3.085883 248 152 9 9
3.087883 248 152 9 9
3.089883 248 152 9 9
3.091883 248 152 9 9
3.093883 246 152 9 9
3.095883 245 151 9 9
3.097883 243 150 9 9
3.099883 242 149 9 9
3.101883 240 148 9 9
3.103883 239 147 9 9
3.105883 237 146 9 9
3.107883 236 145 9 9
3.109883 234 144 8 9
3.111883 232 143 8 9
3.113883 231 142 8 9
3.115883 229 141 8 9
3.117883 228 140 8 9
3.119883 226 139 8 9
3.121883 225 138 8 9
3.123883 223 137 8 9
3.125883 221 136 8 9
3.127883 220 136 8 9
3.129883 219 135 8 9
3.131883 218 135 8 9
3.133883 217 134 8 9
3.135883 216 134 8 9
3.137883 215 133 8 9
3.139883 214 133 8 9
3.141883 212 132 8 9
3.143883 211 132 8 9
3.145883 210 131 8 9
3.147883 209 131 8 9
3.149883 208 130 8 9
3.151883 207 129 8 9
3.153883 206 129 8 9
3.155883 204 128 8 9
3.157883 203 128 8 9
3.159883 202 127 8 9
3.161883 201 127 8 9
3.163883 200 127 8 9
3.165883 199 126 8 9
3.167883 198 126 8 9
3.169883 197 125 8 9
3.171883 196 125 8 9
3.173883 195 124 8 9
3.175883 194 124 8 9
3.177883 193 124 8 9
3.179883 192 123 8 9
3.181883 191 123 8 9
3.183883 190 122 8 9
3.185883 189 122 8 9
3.187883 188 121 8 9
3.189883 187 121 8 9
3.191883 186 121 8 9
3.193883 185 120 7 8
3.195883 184 120 7 8
3.197883 184 119 7 8
3.199883 183 119 7 8
3.201883 182 119 7 8
3.203883 181 118 7 8
3.205883 181 118 7 8
3.207883 180 117 7 8
3.209883 179 117 7 7
3.211883 179 116 7 7
3.213883 178 116 7 7
3.215883 177 116 7 7
3.217883 176 115 7 7
3.219883 176 115 7 7
3.221883 175 114 7 7
3.223883 174 114 7 7
3.225883 173 113 7 7
3.227883 173 113 7 7
3.229883 172 113 7 7
3.231883 171 112 7 7
3.233883 170 112 7 7
3.235883 169 111 8 7
3.237883 168 111 8 8
3.239883 167 111 8 8
3.241883 166 110 8 8
3.243883 165 110 9 8
3.245883 164 109 9 8
3.247883 163 109 9 8
3.249883 162 108 9 9
3.251883 161 108 10 9
3.253883 160 108 10 9
3.255883 159 107 10 9
3.257883 158 107 10 9
3.259883 157 106 11 10
3.261883 157 106 11 10
3.263883 156 106 11 10
3.265883 155 105 11 10
3.267883 155 105 11 10
3.269883 154 105 11 10
3.271883 154 105 12 10
3.273883 153 104 12 10
3.275883 152 104 12 10
3.277883 152 104 12 10
3.279883 151 103 12 10
3.281883 151 103 13 10
3.283883 150 103 13 10
3.285883 149 102 13 10
3.287883 149 102 13 10
3.289883 148 102 13 10
3.291883 148 102 13 10
3.293883 147 101 14 10
3.295883 146 101 14 10
3.297883 145 101 14 10
3.299883 144 100 14 10
3.301883 143 100 14 10
3.303883 142 100 14 10
3.305883 141 99 14 10
3.307883 140 99 14 10
3.309883 139 99 14 10
3.311883 138 99 14 10
3.313883 137 98 14 10
3.315883 136 98 14 10
3.317883 135 98 14 10
3.319883 134 97 14 10
3.321883 133 97 14 10
3.323883 132 97 14 10
3.325883 130 96 14 10
3.327883 130 96 14 10
3.329883 129 96 14 10
3.331883 129 96 14 10
3.333883 128 96 14 10
3.335883 127 96 14 10
3.337883 127 95 14 10
3.339883 126 95 14 10
3.341883 126 95 14 10
3.343883 125 95 14 10
3.345883 124 95 14 10
3.347883 124 95 14 10
3.349883 123 94 14 10
3.351883 123 94 14 10
3.353883 122 94 14 10
3.355883 121 94 14 10
3.357883 121 94 14 10
3.359883 120 93 14 10
3.361883 119 93 14 10
3.363883 119 93 14 10
3.365883 118 93 14 10
3.367883 117 92 14 10
3.369883 116 92 14 10
3.371883 116 92 14 10
3.373883 115 92 14 10
3.375883 114 91 14 10
3.377883 113 91 14 10
3.379883 112 91 14 10
3.381883 112 91 14 10
3.383883 111 91 14 10
3.385883 110 90 14 10
3.387883 109 90 14 10
3.389883 109 90 14 10
3.391883 108 90 14 10
3.393883 107 89 14 10
3.395883 107 89 14 10
3.397883 106 89 14 10
3.399883 106 89 14 10
3.401883 106 89 14 10
3.403883 105 89 14 10
3.405883 105 89 14 10
3.407883 104 89 14 10
3.409883 104 88 14 10
3.411883 103 88 14 10
3.413883 103 88 14 10
3.415883 103 88 14 10
3.417883 102 88 14 10
3.419883 102 88 14 10
3.421883 101 88 14 10
3.423883 101 88 14 10
3.425883 100 87 14 10
3.427883 100 87 14 10
3.429883 99 87 14 10
3.431883 99 87 14 10
3.433883 98 87 14 10
3.435883 98 87 14 10
3.437883 97 87 14 10
3.439883 97 87 14 10
3.441883 96 87 14 10
3.443883 96 86 14 10
3.445883 95 86 14 10
3.447883 95 86 14 10
3.449883 94 86 14 10
3.451883 93 86 14 10
3.453883 93 86 14 10
3.455883 92 86 14 10
3.457883 92 86 14 10
3.459883 91 85 14 10
3.461883 91 85 14 10
3.463883 90 85 14 10
3.465883 90 85 14 10
3.467883 89 85 14 10
3.469883 89 85 14 10
3.471883 88 85 14 10
3.473883 88 85 14 10
3.475883 87 85 14 10
3.477883 87 85 14 10
3.479883 87 85 14 10
3.481883 86 85 14 10
3.483883 86 85 14 10
3.485883 85 85 14 10
3.487883 85 85 14 10
3.489883 84 85 14 10
3.491883 84 85 14 10
3.493883 83 84 14 10
3.495883 83 84 14 10
3.497883 82 84 14 10
3.499883 82 84 14 10
3.501883 81 84 14 10
3.503883 80 84 14 10
3.505883 80 84 14 10
3.507883 79 84 14 10
3.509883 79 84 14 10
3.511883 78 84 14 10
3.513883 78 84 14 10
3.515883 77 84 14 10
3.517883 77 84 14 10
3.519883 76 84 14 10
3.521883 76 84 14 10
3.523883 75 84 14 10
3.525883 74 84 13 9
3.527883 74 84 13 9
3.529883 74 84 13 9
3.531883 73 84 13 9
3.533883 73 84 13 9
3.535883 72 84 13 8
3.537883 72 84 13 8
3.539883 72 84 13 8
3.541883 71 84 13 8
3.543883 71 85 13 7
3.545883 70 85 13 7
3.547883 70 85 13 7
3.549883 69 85 13 7
3.551883 69 85 13 6
3.553883 69 85 13 6
3.555883 68 85 13 6
3.557883 68 85 13 6
3.559883 67 86 13 6
3.561883 67 86 13 6
3.563883 67 86 13 6
3.565883 66 86 13 6
3.567883 66 86 13 6
3.569883 65 86 13 6
3.571883 65 86 13 6
3.573883 64 86 13 6
3.575883 64 86 13 6
3.577883 64 86 13 6
3.579883 63 86 13 6
3.581883 63 86 13 6
3.583883 62 86 13 6
3.585883 62 86 13 6
3.587883 61 86 13 6
3.589883 61 86 13 6
3.591883 61 86 13 6
3.593883 60 86 12 6
3.595883 60 86 12 6
3.597883 60 86 12 6
3.599883 59 86 11 6
3.601883 59 86 11 6
3.603883 59 86 11 6
3.605883 58 86 10 6
3.607883 58 86 10 6
3.609883 58 86 10 6
3.611883 58 86 10 6
3.613883 57 86 9 6
3.615883 57 86 9 6
3.617883 57 86 9 6
3.619883 56 86 8 6
3.621883 56 86 8 6
3.623883 56 86 8 6
3.625883 55 86 8 6
3.627883 55 86 8 6
3.629883 55 86 8 6
3.631883 54 86 8 6
3.633883 54 86 8 6
3.635883 53 86 8 7
3.637883 53 86 8 7
3.639883 53 86 8 7
3.641883 52 86 8 7
3.643883 52 86 9 8
3.645883 51 86 9 8
3.647883 51 86 9 8
3.649883 50 86 9 8
3.651883 50 86 9 9
3.653883 50 86 9 9
3.655883 49 86 9 9
3.657883 49 86 9 9
3.659883 48 86 10 10
3.661883 48 86 10 10
3.663883 48 86 10 10
3.665883 47 86 10 10
3.667883 47 86 10 10
3.669883 47 86 10 10
3.671883 46 86 10 10
3.673883 46 86 10 10
3.675883 45 87 10 10
3.677883 45 87 10 10
3.679883 45 87 10 10
3.681883 44 87 10 10
3.683883 44 87 10 10
3.685883 44 87 10 10
3.687883 43 87 10 10
3.689883 43 87 10 10
3.691883 43 87 10 10
3.693883 42 88 10 10
3.695883 42 88 10 10
3.697883 42 88 10 10
3.699883 41 88 10 10
3.701883 41 88 10 10
3.703883 41 88 10 10
3.705883 40 88 10 10
3.707883 40 88 10 10
3.709883 40 89 10 10
3.711883 40 89 10 10
3.713883 39 89 10 10
3.715883 39 89 10 10
3.717883 39 89 10 10
3.719883 38 89 10 10
3.721883 38 89 10 10
3.723883 38 89 10 10
3.725883 37 90 10 10
3.727883 37 90 10 10
3.729883 37 90 10 10
3.731883 36 90 10 10
3.733883 36 90 10 10
3.735883 36 90 10 10
3.737883 35 90 10 10
3.739883 35 90 10 10
3.741883 35 90 10 10
3.743883 34 91 10 10
3.745883 34 91 10 10
3.747883 34 91 10 10
3.749883 33 91 10 10
3.751883 33 91 10 10
3.753883 32 91 10 10
3.755883 32 91 10 10
3.757883 32 91 10 10
3.759883 31 92 10 10
3.761883 31 92 10 10
3.763883 31 92 10 10
3.765883 30 92 10 10
3.767883 30 92 10 10
3.769883 30 92 10 10
3.771883 30 92 10 10
3.773883 29 92 10 10
3.775883 29 92 10 10
3.777883 29 92 10 10
3.779883 28 92 10 10
3.781883 28 92 10 10
3.783883 28 92 10 10
3.785883 27 92 10 10
3.787883 27 92 10 10
3.789883 27 92 10 10
3.791883 27 92 10 10
3.793883 26 92 10 10
3.795883 26 92 10 10
3.797883 25 92 10 10
3.799883 25 92 10 10
3.801883 24 92 10 10
3.803883 24 92 10 10
3.805883 23 92 10 10
3.807883 23 92 10 10
3.809883 22 92 10 10
3.811883 22 92 10 10
3.813883 21 92 10 10
3.815883 21 92 10 10
3.817883 20 92 10 10
3.819883 20 92 10 10
3.821883 19 92 10 10
3.823883 19 92 10 10
3.825883 18 92 10 10
3.827883 18 92 10 10
3.829883 18 92 10 10
3.831883 18 93 10 10
3.833883 18 93 10 10
3.835883 18 93 10 10
3.837883 18 94 10 10
3.839883 18 94 10 10
3.841883 18 94 10 10
3.843883 18 95 10 10
3.845883 18 95 10 10
3.847883 18 95 10 10
3.849883 18 96 10 10
3.851883 18 96 10 10
3.853883 18 97 10 10
3.855883 18 97 10 10
3.857883 18 97 10 10
3.859883 17 98 9 9
3.861883 17 98 9 9
3.863883 17 98 9 9
3.865883 17 99 9 9
3.867883 17 99 8 8
3.869883 17 99 8 8
3.871883 16 100 8 8
3.873883 16 100 8 8
3.875883 16 101 7 7
3.877883 16 101 7 7
3.879883 16 101 7 7
3.881883 15 102 7 7
3.883883 15 102 7 7
3.885883 15 102 6 6
3.887883 15 103 6 6
3.889883 15 103 6 6
3.891883 15 103 6 6
3.893883 14 104 6 6
3.895883 14 104 6 6
3.897883 14 104 6 6
3.899883 13 104 6 6
3.901883 13 104 7 7
3.903883 13 104 7 7
3.905883 12 104 7 7
3.907883 12 104 7 7
3.909883 12 105 8 8
3.911883 12 105 8 8
3.913883 11 105 8 8
3.915883 11 105 8 8
3.917883 11 105 9 9
3.919883 10 105 9 9
3.921883 10 105 9 9
3.923883 10 105 9 9
3.925883 9 106 10 10
3.927883 9 106 10 10
3.929883 9 106 10 10
3.931883 9 106 10 10
3.933883 8 106 10 10
3.935883 8 107 10 10
3.937883 8 107 10 10
3.939883 7 107 10 10
3.941883 7 107 10 10
3.943883 7 108 10 10
3.945883 6 108 10 10
3.947883 6 108 10 10
3.949883 6 108 10 10
3.951883 6 109 10 10
3.953883 5 109 10 10
3.955883 5 109 10 10
3.957883 5 109 10 10
3.959883 4 110 9 9
3.961883 4 110 9 9
3.963883 4 110 9 9
3.965883 4 111 9 9
3.967883 4 111 8 8
3.969883 4 111 8 8
3.971883 4 111 8 8
3.973883 4 112 8 8
3.975883 3 112 7 7
3.977883 3 112 7 7
3.979883 3 113 7 7
3.981883 3 113 7 7
3.983883 3 113 7 7
3.985883 3 114 6 6
3.987883 3 114 6 6
3.989883 3 114 6 6
3.991883 3 114 6 6
