0.220000 57 36 95 75
0.222000 57 35 96 76
0.224000 57 35 96 76
0.226000 57 35 96 76
0.228000 58 34 96 77
0.230000 59 34 95 77
0.232000 59 34 95 77
0.234000 59 34 95 77
0.236000 60 34 94 77
0.238000 62 34 95 77
0.240000 63 33 94 78
0.242000 63 33 94 78
0.244000 63 33 94 78
0.246000 63 33 94 77
0.248000 63 33 94 77
0.250000 63 33 94 77
0.252000 63 33 94 77
0.254000 63 33 94 77
0.256000 64 32 93 78
0.258000 64 32 93 78
0.260000 66 32 94 78
0.262000 67 31 93 78
0.264000 68 31 93 78
0.266000 68 28 93 78
0.268000 68 28 93 78
0.270000 68 28 93 78
0.272000 68 28 93 78
0.274000 68 28 93 78
0.276000 68 28 93 78
0.278000 68 28 93 78
0.280000 68 28 93 78
0.282000 68 28 93 78
0.284000 69 27 92 79
0.286000 72 27 93 79
0.288000 72 27 93 79
0.290000 72 27 93 79
0.292000 73 27 92 79
0.294000 73 27 92 79
0.296000 73 27 92 79
0.298000 73 27 92 79
0.300000 73 27 92 79
0.302000 73 27 92 79
0.304000 73 27 92 79
0.306000 77 27 92 79
0.308000 77 27 92 79
0.310000 77 27 92 79
0.312000 77 27 92 79
0.314000 77 27 92 79
0.316000 77 27 92 79
0.318000 77 27 92 79
0.320000 70 28 99 80
0.322000 70 29 99 80
0.324000 71 29 98 80
0.326000 71 28 98 80
0.328000 71 28 98 80
0.330000 72 28 98 80
0.332000 72 28 98 80
0.334000 75 28 98 80
0.336000 77 27 97 81
0.338000 77 27 97 81
0.340000 77 27 97 81
0.342000 78 27 96 81
0.344000 78 27 96 81
0.346000 78 27 97 81
0.348000 78 27 97 81
0.350000 78 27 97 81
0.352000 79 27 96 81
0.354000 79 27 96 81
0.356000 79 27 96 81
0.358000 81 27 96 81
0.360000 83 27 96 81
0.362000 84 26 95 82
0.364000 84 26 95 82
0.366000 84 26 95 82
0.368000 84 26 95 82
0.370000 84 26 95 82
0.372000 84 26 95 82
0.374000 84 26 96 82
0.376000 84 26 96 82
0.378000 84 26 96 82
0.380000 85 26 95 82
0.382000 85 26 96 82
0.384000 89 26 95 82
0.386000 89 26 95 82
0.388000 89 26 95 82
0.390000 89 26 95 82
0.392000 89 26 95 82
0.394000 89 26 95 82
0.396000 89 26 95 82
0.398000 89 26 95 82
0.400000 89 26 95 82
0.402000 89 26 95 82
0.404000 93 26 95 82
0.406000 94 26 94 82
0.408000 94 26 94 82
0.410000 94 26 94 82
0.412000 94 26 94 82
0.414000 94 26 94 82
0.416000 94 26 94 82
0.418000 94 26 94 82
0.420000 95 26 94 82
0.422000 95 25 93 82
0.424000 95 25 93 82
0.426000 95 25 93 82
0.428000 95 25 93 82
0.430000 95 24 93 83
0.432000 96 24 93 83
0.434000 96 24 93 83
0.436000 97 24 93 82
0.438000 99 24 93 82
0.440000 99 24 93 82
0.442000 99 24 93 82
0.444000 99 24 93 82
0.446000 100 23 92 83
0.448000 100 23 92 83
0.450000 100 23 92 83
0.452000 102 23 92 83
0.454000 102 23 92 83
0.456000 102 23 92 83
0.458000 104 23 92 83
0.460000 104 23 92 83
0.462000 104 23 92 82
0.464000 104 23 92 82
0.466000 104 23 92 82
0.468000 104 23 92 82
0.470000 104 23 92 82
0.472000 104 23 92 82
0.474000 104 22 92 83
0.476000 107 22 92 83
0.478000 107 22 92 83
0.480000 107 22 92 83
0.482000 107 22 92 83
0.484000 108 22 92 83
0.486000 108 22 92 83
0.488000 108 22 92 83
0.490000 108 22 92 83
0.492000 108 22 92 83
0.494000 108 22 92 83
0.496000 108 22 92 83
0.498000 108 22 92 83
0.500000 112 22 91 83
0.502000 112 22 91 83
0.504000 112 22 91 83
0.506000 112 22 91 83
0.508000 112 22 92 83
0.510000 112 22 92 83
0.512000 112 22 92 83
0.514000 112 22 92 83
0.516000 112 22 92 83
0.518000 112 22 92 83
0.520000 106 20 98 88
0.522000 106 19 99 90
0.524000 107 19 98 90
0.526000 107 19 98 90
0.528000 107 19 98 90
0.530000 108 19 97 90
0.532000 109 19 97 90
0.534000 110 19 96 90
0.536000 113 19 96 90
0.538000 113 19 96 90
0.540000 113 19 96 90
0.542000 114 19 95 90
0.544000 114 19 95 90
0.546000 114 18 96 91
0.548000 114 18 96 91
0.550000 114 18 96 91
0.552000 115 18 95 91
0.554000 117 18 95 91
0.556000 119 18 95 91
0.558000 119 18 95 91
0.560000 119 18 95 91
0.562000 120 18 94 91
0.564000 120 18 94 91
0.566000 120 18 94 91
0.568000 120 18 94 91
0.570000 120 18 94 91
0.572000 120 18 94 91
0.574000 120 18 94 91
0.576000 120 18 94 90
0.578000 120 18 94 91
0.580000 121 18 94 91
0.582000 121 18 93 91
0.584000 122 18 93 91
0.586000 125 18 93 91
0.588000 125 18 93 91
0.590000 125 18 93 91
0.592000 125 18 93 91
0.594000 125 18 93 91
0.596000 125 18 93 91
0.598000 125 18 93 91
0.600000 125 18 93 91
0.602000 125 18 93 91
0.604000 125 18 93 91
0.606000 126 18 92 91
0.608000 126 18 92 91
0.610000 130 18 92 91
0.612000 130 18 92 91
0.614000 130 18 92 91
0.616000 130 18 92 91
0.618000 130 18 92 91
0.620000 130 18 91 94
0.622000 129 17 92 95
0.624000 129 17 92 95
0.626000 129 17 92 95
0.628000 130 17 92 95
0.630000 130 17 92 95
0.632000 130 17 92 95
0.634000 130 17 92 95
0.636000 130 17 92 95
0.638000 130 17 92 95
0.640000 133 17 92 95
0.642000 133 17 92 95
0.644000 133 17 92 95
0.646000 132 16 93 96
0.648000 132 16 93 96
0.650000 132 16 93 96
0.652000 132 16 93 96
0.654000 132 16 93 96
0.656000 135 16 93 96
0.658000 135 16 93 96
0.660000 135 16 93 96
0.662000 135 16 93 96
0.664000 136 16 93 96
0.666000 136 16 93 96
0.668000 136 16 93 96
0.670000 136 16 93 96
0.672000 136 16 93 96
0.674000 136 16 93 96
0.676000 139 16 93 96
0.678000 139 16 93 96
0.680000 139 16 93 96
0.682000 139 16 93 96
0.684000 139 16 94 96
0.686000 140 16 93 96
0.688000 140 16 93 96
0.690000 140 16 93 96
0.692000 140 16 93 96
0.694000 140 16 93 96
0.696000 140 16 93 96
0.698000 140 16 93 96
0.700000 140 16 93 96
0.702000 140 16 93 96
0.704000 140 16 93 96
0.706000 143 16 94 96
0.708000 143 16 94 96
0.710000 143 16 94 96
0.712000 143 16 94 96
0.714000 143 16 94 96
0.716000 143 16 94 96
0.718000 143 16 94 96
0.720000 145 14 92 97
0.722000 145 13 91 97
0.724000 145 13 90 97
0.726000 145 13 90 97
0.728000 145 13 90 96
0.730000 144 13 90 96
0.732000 146 13 89 96
0.734000 148 13 90 96
0.736000 148 13 90 96
0.738000 148 13 89 96
0.740000 148 13 89 95
0.742000 148 13 89 95
0.744000 148 13 89 95
0.746000 147 13 89 95
0.748000 147 13 89 95
0.750000 147 13 89 95
0.752000 147 13 89 95
0.754000 147 13 89 95
0.756000 147 13 89 94
0.758000 147 13 88 94
0.760000 147 13 88 94
0.762000 147 13 88 94
0.764000 148 13 88 94
0.766000 148 13 88 94
0.768000 148 13 88 94
0.770000 151 16 88 94
0.772000 151 16 88 94
0.774000 150 16 88 94
0.776000 150 16 88 94
0.778000 150 13 88 94
0.780000 150 16 88 94
0.782000 150 16 88 94
0.784000 150 16 88 94
0.786000 150 16 88 94
0.788000 150 16 88 94
0.790000 150 16 88 94
0.792000 150 16 88 94
0.794000 150 16 88 94
0.796000 150 16 88 94
0.798000 154 16 88 94
0.800000 154 16 88 94
0.802000 154 17 87 93
0.804000 154 17 87 93
0.806000 154 17 87 93
0.808000 154 17 87 93
0.810000 154 17 87 93
0.812000 154 17 87 93
0.814000 154 17 87 93
0.816000 154 17 87 93
0.818000 154 17 87 93
0.820000 154 17 87 93
0.822000 154 17 88 92
0.824000 154 17 89 91
0.826000 154 18 89 90
0.828000 154 18 89 90
0.830000 154 18 90 89
0.832000 154 18 90 89
0.834000 154 18 90 89
0.836000 154 19 91 87
0.838000 154 19 91 87
0.840000 156 19 92 87
0.842000 156 19 92 86
0.844000 156 19 92 86
0.846000 156 20 92 85
0.848000 156 20 92 85
0.850000 156 20 92 85
0.852000 158 20 93 84
0.854000 158 20 93 84
0.856000 158 20 93 84
0.858000 158 20 93 84
0.860000 158 20 93 84
0.862000 158 21 94 82
0.864000 158 21 94 82
0.866000 158 21 94 82
0.868000 158 21 94 82
0.870000 158 21 94 82
0.872000 158 21 94 82
0.874000 158 21 94 82
0.876000 158 21 94 82
0.878000 158 21 94 82
0.880000 158 21 95 81
0.882000 159 22 94 81
0.884000 159 22 95 81
0.886000 159 21 95 81
0.888000 159 22 95 81
0.890000 159 22 95 81
0.892000 159 22 95 81
0.894000 159 22 95 80
0.896000 159 22 95 80
0.898000 162 22 95 80
0.900000 162 22 95 80
0.902000 162 22 95 80
0.904000 162 22 95 80
0.906000 162 22 96 79
0.908000 162 22 96 79
0.910000 162 22 96 79
0.912000 162 22 96 79
0.914000 162 22 96 79
0.916000 162 22 96 79
0.918000 162 22 96 79
0.920000 161 20 97 85
0.922000 161 20 96 85
0.924000 161 20 95 85
0.926000 161 21 95 84
0.928000 161 21 95 84
0.930000 161 21 94 84
0.932000 161 21 94 84
0.934000 161 21 94 84
0.936000 162 22 93 82
0.938000 162 22 92 82
0.940000 162 22 92 82
0.942000 162 22 92 82
0.944000 162 22 92 82
0.946000 162 23 91 81
0.948000 162 23 91 81
0.950000 162 23 91 81
0.952000 162 23 91 81
0.954000 166 23 91 81
0.956000 166 23 91 81
0.958000 166 23 90 81
0.960000 166 23 90 81
0.962000 167 24 89 79
0.964000 167 24 89 79
0.966000 167 24 89 79
0.968000 167 24 89 79
0.970000 167 24 89 79
0.972000 167 24 89 79
0.974000 167 24 88 79
0.976000 167 24 88 79
0.978000 167 24 88 79
0.980000 167 24 88 79
0.982000 167 24 88 79
0.984000 167 24 88 79
0.986000 167 24 88 79
0.988000 167 24 88 79
0.990000 167 25 88 78
0.992000 167 25 88 78
0.994000 167 25 88 78
0.996000 167 25 88 78
0.998000 167 25 88 78
1.000000 167 25 88 78
1.002000 167 25 87 78
1.004000 167 25 87 78
1.006000 167 25 87 78
1.008000 168 25 87 78
1.010000 167 25 87 78
1.012000 167 25 87 78
1.014000 167 25 87 78
1.016000 167 25 87 78
1.018000 167 25 87 78
1.020000 166 23 95 85
1.022000 166 24 95 84
1.024000 166 24 94 83
1.026000 166 24 94 83
1.028000 166 25 94 82
1.030000 166 25 93 81
1.032000 167 26 93 80
1.034000 167 26 93 80
1.036000 168 26 92 80
1.038000 168 27 92 78
1.040000 168 27 92 78
1.042000 168 27 92 78
1.044000 168 28 92 77
1.046000 169 28 90 76
1.048000 169 28 90 76
1.050000 169 29 90 75
1.052000 169 29 90 75
1.054000 169 29 90 75
1.056000 169 29 90 75
1.058000 169 29 90 74
1.060000 169 30 90 73
1.062000 170 30 89 73
1.064000 170 30 89 73
1.066000 170 30 89 73
1.068000 170 30 89 73
1.070000 170 31 89 72
1.072000 170 31 89 72
1.074000 170 31 88 71
1.076000 170 31 88 71
1.078000 170 31 88 71
1.080000 170 31 88 71
1.082000 170 31 88 71
1.084000 170 31 88 71
1.086000 170 31 88 71
1.088000 170 32 88 70
1.090000 171 32 87 70
1.092000 171 32 87 70
1.094000 171 32 87 70
1.096000 171 32 87 70
1.098000 171 32 87 70
1.100000 171 32 87 70
1.102000 171 32 87 69
1.104000 171 32 87 69
1.106000 171 32 87 69
1.108000 171 32 87 69
1.110000 171 32 87 69
1.112000 171 32 87 69
1.114000 171 33 87 68
1.116000 171 33 87 68
1.118000 171 33 87 68
1.120000 170 30 87 71
1.122000 170 31 86 69
1.124000 170 31 86 69
1.126000 170 32 85 67
1.128000 170 32 85 67
1.130000 170 33 85 66
1.132000 170 33 84 65
1.134000 170 33 84 65
1.136000 170 34 84 64
1.138000 170 34 84 64
1.140000 170 35 84 63
1.142000 170 35 83 62
1.144000 170 35 83 62
1.146000 168 36 83 61
1.148000 168 36 83 61
1.150000 168 36 82 61
1.152000 168 36 82 60
1.154000 168 37 82 59
1.156000 168 37 82 59
1.158000 168 37 82 59
1.160000 168 37 81 59
1.162000 167 38 82 58
1.164000 167 38 82 58
1.166000 167 38 82 58
1.168000 167 38 82 58
1.170000 167 38 81 57
1.172000 167 38 81 57
1.174000 167 39 81 56
1.176000 167 39 81 56
1.178000 167 39 81 56
1.180000 167 39 81 56
1.182000 167 40 81 56
1.184000 167 40 81 56
1.186000 167 40 81 56
1.188000 167 40 80 55
1.190000 167 40 80 55
1.192000 166 44 81 55
1.194000 163 44 80 55
1.196000 163 44 80 54
1.198000 163 44 80 54
1.200000 163 44 80 54
1.202000 163 44 80 54
1.204000 163 44 80 54
1.206000 163 44 80 54
1.208000 163 44 80 54
1.210000 163 44 80 54
1.212000 163 44 80 54
1.214000 163 44 79 54
1.216000 163 44 79 54
1.218000 163 45 79 53
1.220000 161 44 81 53
1.222000 161 44 80 52
1.224000 161 45 80 51
1.226000 161 45 79 51
1.228000 161 45 79 51
1.230000 161 46 79 50
1.232000 161 46 79 50
1.234000 161 47 79 50
1.236000 161 48 78 49
1.238000 161 48 78 49
1.240000 161 49 78 48
1.242000 161 49 78 48
1.244000 161 49 78 48
1.246000 162 50 76 48
1.248000 159 50 77 48
1.250000 158 52 76 47
1.252000 158 52 76 47
1.254000 158 52 76 47
1.256000 158 52 76 47
1.258000 158 53 76 46
1.260000 158 53 76 46
1.262000 158 53 75 46
1.264000 158 53 75 46
1.266000 158 53 75 46
1.268000 158 53 75 46
1.270000 158 53 75 46
1.272000 158 53 75 46
1.274000 158 54 75 45
1.276000 157 54 75 45
1.278000 157 57 75 45
1.280000 157 58 75 45
1.282000 157 58 75 45
1.284000 157 58 75 45
1.286000 154 58 75 45
1.288000 154 58 75 45
1.290000 154 58 74 45
1.292000 154 58 74 45
1.294000 154 58 74 45
1.296000 154 58 74 45
1.298000 154 58 74 45
1.300000 154 58 74 45
1.302000 154 59 74 44
1.304000 154 59 74 44
1.306000 154 59 74 44
1.308000 150 63 74 44
1.310000 150 63 74 44
1.312000 150 63 74 44
1.314000 150 63 74 44
1.316000 150 63 74 44
1.318000 150 63 74 44
1.320000 149 62 75 45
1.322000 149 62 76 46
1.324000 149 62 77 46
1.326000 149 62 77 47
1.328000 149 63 77 46
1.330000 149 63 77 46
1.332000 149 63 77 46
1.334000 149 63 77 46
1.336000 146 63 78 47
1.338000 146 66 78 46
1.340000 146 66 79 46
1.342000 146 66 79 46
1.344000 145 66 78 46
1.346000 145 66 79 47
1.348000 145 66 79 47
1.350000 145 66 79 47
1.352000 145 68 79 47
1.354000 145 68 79 47
1.356000 145 69 79 46
1.358000 145 69 79 46
1.360000 145 69 79 46
1.362000 145 70 80 47
1.364000 145 70 80 47
1.366000 143 70 80 47
1.368000 143 70 81 47
1.370000 143 70 81 47
1.372000 143 70 81 47
1.374000 141 70 80 47
1.376000 141 70 80 47
1.378000 141 73 80 47
1.380000 141 73 80 47
1.382000 141 73 80 47
1.384000 141 74 80 46
1.386000 141 74 80 46
1.388000 140 74 81 47
1.390000 140 74 81 47
1.392000 140 74 81 47
1.394000 140 74 81 47
1.396000 137 74 81 47
1.398000 137 74 81 47
1.400000 137 74 81 47
1.402000 137 74 81 47
1.404000 137 74 81 47
1.406000 137 74 81 47
1.408000 137 78 81 47
1.410000 137 78 81 47
1.412000 137 78 81 47
1.414000 137 78 81 47
1.416000 137 78 81 47
1.418000 136 78 82 47
1.420000 133 78 85 50
1.422000 132 77 86 54
1.424000 132 77 87 55
1.426000 131 77 87 55
1.428000 131 76 87 57
1.430000 131 76 88 58
1.432000 131 77 88 59
1.434000 131 77 88 60
1.436000 128 77 88 61
1.438000 128 80 89 61
1.440000 128 79 89 63
1.442000 128 79 89 63
1.444000 128 79 89 64
1.446000 127 79 91 65
1.448000 130 79 88 53
1.450000 130 79 86 57
1.452000 125 79 91 66
1.454000 125 79 91 67
1.456000 123 78 91 68
1.458000 123 78 92 68
1.460000 123 78 92 69
1.462000 123 78 92 69
1.464000 123 78 92 70
1.466000 123 78 92 70
1.468000 123 78 92 70
1.470000 123 78 92 71
1.472000 120 78 92 71
1.474000 120 78 93 71
1.476000 120 78 93 71
1.478000 119 78 93 72
1.480000 119 78 93 72
1.482000 119 78 93 72
1.484000 119 77 93 73
1.486000 119 77 93 73
1.488000 119 77 93 74
1.490000 115 77 94 74
1.492000 115 77 94 74
1.494000 115 77 94 74
1.496000 115 77 94 74
1.498000 115 77 94 75
1.500000 115 77 94 75
1.502000 115 77 94 75
1.504000 115 77 94 75
1.506000 115 77 94 75
1.508000 111 77 94 75
1.510000 111 77 94 75
1.512000 111 77 94 75
1.514000 111 77 94 76
1.516000 111 77 94 76
1.518000 111 77 94 76
1.520000 111 75 100 79
1.522000 110 74 101 80
1.524000 110 74 101 80
1.526000 110 74 101 81
1.528000 109 74 102 81
1.530000 109 73 102 82
1.532000 108 73 103 83
1.534000 108 73 103 83
1.536000 106 73 103 83
1.538000 103 73 103 83
1.540000 103 73 103 83
1.542000 103 73 103 84
1.544000 102 73 104 84
1.546000 102 72 104 85
1.548000 102 72 104 85
1.550000 101 72 105 85
1.552000 101 72 105 86
1.554000 101 72 105 86
1.556000 101 72 105 86
1.558000 98 72 105 86
1.560000 96 72 106 86
1.562000 96 72 105 86
1.564000 96 72 105 86
1.566000 96 72 105 86
1.568000 96 72 105 86
1.570000 95 72 106 87
1.572000 95 72 106 87
1.574000 95 71 106 88
1.576000 95 71 106 88
1.578000 95 71 106 88
1.580000 92 71 106 88
1.582000 92 71 106 88
1.584000 91 71 107 88
1.586000 91 71 106 88
1.588000 90 71 107 88
1.590000 90 71 107 88
1.592000 90 71 107 88
1.594000 90 71 107 88
1.596000 90 71 107 89
1.598000 90 71 107 89
1.600000 90 71 107 89
1.602000 90 71 107 89
1.604000 90 71 107 89
1.606000 89 71 107 89
1.608000 86 71 107 89
1.610000 86 71 107 89
1.612000 86 71 107 89
1.614000 85 71 108 89
1.616000 85 71 108 89
1.618000 85 71 108 89
1.620000 85 71 108 90
1.622000 84 70 108 90
1.624000 84 69 108 91
1.626000 83 69 109 91
1.628000 83 68 109 92
1.630000 83 68 108 92
1.632000 82 68 109 92
1.634000 82 67 109 93
1.636000 82 67 109 92
1.638000 82 67 109 92
1.640000 79 66 110 93
1.642000 77 66 110 93
1.644000 77 66 110 93
1.646000 77 65 109 94
1.648000 77 65 109 94
1.650000 77 65 109 94
1.652000 76 65 110 94
1.654000 76 65 110 94
1.656000 76 64 110 95
1.658000 76 64 110 95
1.660000 76 64 110 95
1.662000 76 64 110 94
1.664000 76 64 110 94
1.666000 76 64 110 94
1.668000 76 63 110 95
1.670000 75 63 111 95
1.672000 75 63 111 95
1.674000 75 63 110 95
1.676000 75 63 110 95
1.678000 72 63 110 95
1.680000 72 63 110 95
1.682000 71 63 110 95
1.684000 71 62 110 96
1.686000 71 62 110 96
1.688000 71 62 110 96
1.690000 71 61 110 96
1.692000 71 61 110 96
1.694000 71 61 110 96
1.696000 70 61 111 96
1.698000 70 61 111 96
1.700000 70 61 111 96
1.702000 67 61 110 96
1.704000 67 61 110 96
1.706000 66 61 111 96
1.708000 66 61 111 96
1.710000 66 61 111 96
1.712000 66 61 111 96
1.714000 66 61 111 96
1.716000 66 61 111 96
1.718000 66 61 111 96
1.720000 66 59 112 99
1.722000 67 59 111 98
1.724000 67 59 111 98
1.726000 67 59 111 98
1.728000 67 59 111 98
1.730000 66 59 111 98
1.732000 66 59 111 98
1.734000 66 59 111 98
1.736000 65 59 112 98
1.738000 65 59 112 98
1.740000 65 59 111 98
1.742000 65 59 111 98
1.744000 65 59 111 98
1.746000 65 59 111 97
1.748000 65 59 111 97
1.750000 65 59 111 97
1.752000 63 59 111 97
1.754000 63 59 111 97
1.756000 63 59 111 97
1.758000 63 59 111 97
1.760000 63 59 111 97
1.762000 63 59 111 97
1.764000 63 59 111 97
1.766000 63 59 111 97
1.768000 63 59 111 97
1.770000 63 59 111 97
1.772000 60 59 111 97
1.774000 60 59 111 97
1.776000 60 59 111 97
1.778000 63 59 111 97
1.780000 63 59 111 97
1.782000 63 59 111 97
1.784000 63 59 111 97
1.786000 63 59 111 97
1.788000 60 59 110 97
1.790000 60 59 110 97
1.792000 60 59 110 97
1.794000 60 59 110 97
1.796000 60 59 110 97
1.798000 60 59 110 97
1.800000 60 59 110 97
1.802000 60 59 110 97
1.804000 60 59 110 97
1.806000 60 59 110 97
1.808000 59 59 111 97
1.810000 60 59 110 97
1.812000 60 59 110 97
1.814000 60 59 110 97
1.816000 59 59 111 97
1.818000 59 59 111 97
1.820000 60 58 110 98
1.822000 59 58 110 98
1.824000 59 58 110 98
1.826000 59 58 110 98
1.828000 59 58 109 98
1.830000 59 58 109 99
1.832000 59 58 109 99
1.834000 59 58 109 99
1.836000 59 58 109 99
1.838000 59 58 109 99
1.840000 59 58 108 99
1.842000 59 58 108 99
1.844000 59 58 108 99
1.846000 59 59 108 99
1.848000 59 59 108 99
1.850000 59 59 108 99
1.852000 59 59 108 99
1.854000 59 59 108 99
1.856000 59 59 107 99
1.858000 59 59 107 99
1.860000 59 59 107 99
1.862000 59 59 107 99
1.864000 59 59 107 99
1.866000 59 59 107 99
1.868000 56 59 107 99
1.870000 56 59 107 99
1.872000 59 59 107 99
1.874000 59 59 107 100
1.876000 59 59 107 100
1.878000 59 59 107 100
1.880000 59 59 107 100
1.882000 59 59 107 100
1.884000 59 59 106 100
1.886000 59 59 106 100
1.888000 59 59 106 100
1.890000 59 59 106 100
1.892000 59 59 106 100
1.894000 59 59 106 100
1.896000 59 59 106 100
1.898000 59 59 106 100
1.900000 59 59 106 100
1.902000 59 59 106 100
1.904000 59 59 106 100
1.906000 59 59 106 100
1.908000 59 59 106 100
1.910000 59 59 106 100
1.912000 59 59 106 100
1.914000 59 59 106 100
1.916000 59 59 106 100
1.918000 59 59 106 100
1.920000 59 60 106 100
1.922000 59 60 106 100
1.924000 59 60 106 100
1.926000 59 60 106 100
1.928000 59 60 106 100
1.930000 60 60 106 100
1.932000 60 60 106 100
1.934000 60 60 106 100
1.936000 60 60 106 101
1.938000 62 60 106 101
1.940000 62 60 106 101
1.942000 62 60 106 101
1.944000 62 60 106 101
1.946000 63 60 106 101
1.948000 63 60 106 101
1.950000 63 60 106 101
1.952000 65 60 106 101
1.954000 65 60 106 101
1.956000 65 60 106 101
1.958000 65 60 106 101
1.960000 65 60 106 101
1.962000 65 60 106 102
1.964000 65 60 106 102
1.966000 65 60 106 102
1.968000 65 60 106 102
1.970000 65 60 106 102
1.972000 65 60 106 102
1.974000 66 60 106 102
1.976000 66 60 106 102
1.978000 66 60 106 102
1.980000 66 60 106 102
1.982000 66 60 106 102
1.984000 66 60 106 102
1.986000 66 60 106 102
1.988000 66 60 106 102
1.990000 66 60 106 102
1.992000 66 60 106 102
1.994000 69 60 106 102
1.996000 69 60 106 102
1.998000 69 60 106 102
2.000000 70 60 106 102
2.002000 70 60 106 102
2.004000 70 60 106 102
2.006000 70 60 106 102
2.008000 70 60 106 102
2.010000 70 60 106 102
2.012000 70 60 106 102
2.014000 70 60 106 102
2.016000 70 60 106 102
2.018000 70 60 106 102
2.020000 71 61 106 102
2.022000 71 60 106 102
2.024000 71 60 106 102
2.026000 71 60 106 101
2.028000 71 60 106 101
2.030000 71 60 106 101
2.032000 71 60 106 101
2.034000 71 60 106 101
2.036000 71 59 106 101
2.038000 71 59 106 101
2.040000 75 59 106 101
2.042000 75 59 106 101
2.044000 75 59 106 101
2.046000 75 59 106 100
2.048000 75 59 106 100
2.050000 75 59 106 100
2.052000 75 59 106 100
2.054000 75 59 106 100
2.056000 75 59 106 100
2.058000 75 59 106 100
2.060000 75 59 106 100
2.062000 75 58 106 100
2.064000 75 58 106 100
2.066000 75 58 106 100
2.068000 75 58 106 100
2.070000 76 58 106 100
2.072000 76 58 106 100
2.074000 79 58 106 100
2.076000 79 58 106 100
2.078000 79 58 106 100
2.080000 79 58 106 100
2.082000 79 58 106 100
2.084000 79 58 106 100
2.086000 79 58 106 100
2.088000 79 58 106 100
2.090000 79 58 106 99
2.092000 79 58 106 99
2.094000 79 58 106 99
2.096000 79 58 106 99
2.098000 79 58 106 99
2.100000 79 58 106 99
2.102000 83 58 106 99
2.104000 83 58 106 99
2.106000 83 58 106 99
2.108000 83 58 106 99
2.110000 83 58 106 99
2.112000 83 58 106 99
2.114000 83 58 106 99
2.116000 83 58 106 99
2.118000 83 58 106 99
2.120000 84 58 106 99
2.122000 84 58 106 98
2.124000 84 58 106 98
2.126000 84 58 106 98
2.128000 84 58 106 98
2.130000 84 58 106 98
2.132000 84 58 106 98
2.134000 84 58 106 98
2.136000 85 59 105 97
2.138000 87 59 105 97
2.140000 87 59 105 97
2.142000 87 57 105 97
2.144000 87 57 105 97
2.146000 89 57 105 97
2.148000 89 57 105 97
2.150000 89 57 105 97
2.152000 89 57 105 97
2.154000 89 57 105 97
2.156000 89 57 105 96
2.158000 89 57 105 96
2.160000 89 57 105 96
2.162000 90 57 104 96
2.164000 90 57 104 96
2.166000 90 57 104 96
2.168000 91 57 104 96
2.170000 91 57 104 96
2.172000 94 57 104 96
2.174000 94 57 104 96
2.176000 94 57 104 96
2.178000 94 57 104 96
2.180000 94 57 104 96
2.182000 94 57 104 96
2.184000 94 57 104 95
2.186000 94 57 104 95
2.188000 94 57 104 95
2.190000 95 57 104 95
2.192000 95 57 104 95
2.194000 95 57 104 95
2.196000 95 57 104 95
2.198000 95 57 104 95
2.200000 98 57 104 95
2.202000 98 57 104 95
2.204000 98 57 104 95
2.206000 98 57 104 95
2.208000 98 56 104 96
2.210000 98 57 104 95
2.212000 98 57 104 95
2.214000 98 56 104 96
2.216000 98 56 104 96
2.218000 98 56 104 96
2.220000 98 55 105 97
2.222000 98 56 104 96
2.224000 98 56 104 96
2.226000 99 56 104 95
2.228000 99 56 104 95
2.230000 100 56 103 95
2.232000 103 57 103 94
2.234000 103 57 103 94
2.236000 103 57 103 94
2.238000 103 57 103 94
2.240000 103 57 103 94
2.242000 103 58 103 93
2.244000 103 58 103 93
2.246000 104 58 101 92
2.248000 104 58 101 92
2.250000 104 58 101 92
2.252000 104 59 101 91
2.254000 104 59 101 91
2.256000 104 59 101 91
2.258000 107 59 101 91
2.260000 107 59 101 91
2.262000 107 59 101 91
2.264000 107 59 101 91
2.266000 107 59 101 91
2.268000 108 58 101 91
2.270000 108 59 101 90
2.272000 108 60 101 90
2.274000 109 60 100 90
2.276000 109 60 100 90
2.278000 109 59 100 90
2.280000 109 59 100 90
2.282000 109 59 100 90
2.284000 109 59 100 90
2.286000 109 59 100 90
2.288000 109 60 100 89
2.290000 109 60 100 89
2.292000 109 60 100 89
2.294000 112 60 100 89
2.296000 112 60 100 89
2.298000 113 60 100 89
2.300000 113 60 100 89
2.302000 113 60 100 89
2.304000 113 60 100 89
2.306000 113 60 100 89
2.308000 113 60 100 89
2.310000 113 60 100 89
2.312000 113 60 100 89
2.314000 113 61 100 88
2.316000 113 61 100 88
2.318000 113 61 100 88
2.320000 114 62 99 88
2.322000 114 62 98 87
2.324000 114 62 98 86
2.326000 114 63 98 85
2.328000 114 63 97 85
2.330000 115 63 96 84
2.332000 115 64 96 83
2.334000 115 64 96 83
2.336000 115 64 96 83
2.338000 117 64 95 82
2.340000 117 64 95 82
2.342000 119 65 95 81
2.344000 117 65 95 81
2.346000 118 65 94 80
2.348000 120 65 94 80
2.350000 120 65 94 80
2.352000 120 66 94 79
2.354000 120 66 94 79
2.356000 120 66 93 79
2.358000 120 66 93 78
2.360000 120 66 93 78
2.362000 120 66 93 78
2.364000 120 66 93 78
2.366000 120 66 93 78
2.368000 120 66 93 78
2.370000 120 67 93 77
2.372000 120 67 93 77
2.374000 121 67 92 76
2.376000 121 67 92 76
2.378000 121 67 92 76
2.380000 121 67 92 76
2.382000 121 67 92 76
2.384000 121 67 91 76
2.386000 121 67 91 76
2.388000 121 67 91 76
2.390000 121 67 91 76
2.392000 121 67 91 76
2.394000 121 67 91 76
2.396000 121 68 91 75
2.398000 121 68 91 75
2.400000 121 68 91 75
2.402000 121 68 91 74
2.404000 121 68 91 74
2.406000 121 68 91 74
2.408000 121 68 91 74
2.410000 121 68 91 74
2.412000 121 68 91 74
2.414000 121 68 91 74
2.416000 121 68 91 74
2.418000 121 68 91 74
2.420000 122 67 90 75
2.422000 121 67 90 74
2.424000 121 68 90 73
2.426000 121 68 90 73
2.428000 121 68 91 73
2.430000 121 69 91 71
2.432000 121 69 91 71
2.434000 121 69 91 71
2.436000 121 70 91 70
2.438000 120 70 91 70
2.440000 119 70 92 70
2.442000 119 71 92 69
2.444000 119 71 92 69
2.446000 119 71 91 68
2.448000 119 71 91 68
2.450000 119 71 91 68
2.452000 119 72 91 67
2.454000 119 72 91 67
2.456000 118 72 92 67
2.458000 118 72 92 67
2.460000 118 72 92 67
2.462000 118 73 92 66
2.464000 118 73 92 66
2.466000 118 73 92 66
2.468000 118 73 92 66
2.470000 118 73 92 66
2.472000 117 73 92 66
2.474000 117 73 92 65
2.476000 117 73 92 65
2.478000 117 73 92 65
2.480000 117 74 92 64
2.482000 117 74 92 64
2.484000 117 74 92 64
2.486000 117 77 92 65
2.488000 117 77 92 65
2.490000 117 77 92 65
2.492000 117 78 92 64
2.494000 117 78 92 64
2.496000 113 78 93 64
2.498000 113 78 93 64
2.500000 113 78 93 64
2.502000 113 78 93 64
2.504000 113 78 93 64
2.506000 113 79 93 63
2.508000 113 79 93 63
2.510000 113 79 93 63
2.512000 113 79 93 63
2.514000 113 79 93 63
2.516000 113 79 93 63
2.518000 113 79 93 63
2.520000 113 80 93 63
2.522000 112 80 95 65
2.524000 111 80 96 65
2.526000 111 80 96 65
2.528000 111 80 96 66
2.530000 110 80 98 66
2.532000 109 80 98 67
2.534000 109 80 98 67
2.536000 108 80 99 67
2.538000 108 80 99 68
2.540000 107 80 100 68
2.542000 107 80 100 68
2.544000 105 80 99 69
2.546000 104 81 101 70
2.548000 104 81 101 70
2.550000 104 81 101 70
2.552000 104 81 101 71
2.554000 104 81 101 71
2.556000 104 81 101 71
2.558000 103 81 102 71
2.560000 103 81 102 71
2.562000 103 81 102 71
2.564000 103 84 102 71
2.566000 100 84 103 71
2.568000 100 84 102 71
2.570000 100 84 103 72
2.572000 100 84 103 72
2.574000 99 84 104 72
2.576000 98 84 104 72
2.578000 98 84 104 72
2.580000 98 84 104 72
2.582000 98 84 104 72
2.584000 98 84 104 72
2.586000 98 84 104 72
2.588000 98 84 104 73
2.590000 94 84 105 73
2.592000 94 84 105 73
2.594000 94 84 104 73
2.596000 94 84 105 74
2.598000 94 84 105 74
2.600000 94 88 105 73
2.602000 94 88 105 73
2.604000 94 88 105 73
2.606000 94 88 105 73
2.608000 94 88 105 73
2.610000 94 88 105 73
2.612000 94 88 105 73
2.614000 93 88 105 74
2.616000 93 88 105 74
2.618000 93 88 105 74
2.620000 93 88 106 75
2.622000 92 87 106 77
2.624000 92 86 106 78
2.626000 91 86 107 78
2.628000 91 85 106 80
2.630000 91 85 106 80
2.632000 91 86 106 81
2.634000 91 86 106 81
2.636000 90 85 107 83
2.638000 90 88 107 83
2.640000 86 87 106 84
2.642000 86 87 106 84
2.644000 86 87 106 85
2.646000 85 86 107 86
2.648000 85 86 107 86
2.650000 85 86 107 87
2.652000 85 86 107 87
2.654000 85 86 107 87
2.656000 85 85 106 88
2.658000 85 85 106 88
2.660000 85 85 106 89
2.662000 84 85 107 89
2.664000 84 85 107 89
2.666000 84 85 107 89
2.668000 84 84 107 90
2.670000 81 84 107 91
2.672000 81 87 107 91
2.674000 80 88 107 91
2.676000 80 88 107 91
2.678000 80 88 107 91
2.680000 80 88 107 91
2.682000 80 88 107 91
2.684000 80 87 106 92
2.686000 80 87 106 92
2.688000 80 87 106 93
2.690000 79 87 107 93
2.692000 79 87 107 93
2.694000 79 87 107 93
2.696000 79 87 107 93
2.698000 79 87 107 93
2.700000 79 87 107 93
2.702000 76 91 107 93
2.704000 75 91 107 93
2.706000 75 91 107 93
2.708000 75 91 107 93
2.710000 75 91 107 93
2.712000 75 90 107 94
2.714000 75 90 107 95
2.716000 75 90 107 95
2.718000 75 90 107 95
2.720000 75 90 107 96
2.722000 74 89 108 97
2.724000 73 89 109 98
2.726000 73 89 109 98
2.728000 72 89 110 98
2.730000 72 88 110 100
2.732000 72 90 110 99
2.734000 71 90 111 100
2.736000 71 90 111 100
2.738000 71 90 111 101
2.740000 70 92 112 101
2.742000 70 92 112 102
2.744000 70 92 112 102
2.746000 69 91 114 103
2.748000 67 91 114 103
2.750000 69 91 114 103
2.752000 69 91 114 104
2.754000 69 91 114 104
2.756000 67 91 114 104
2.758000 67 91 114 104
2.760000 64 91 115 104
2.762000 64 91 115 105
2.764000 64 91 115 105
2.766000 64 91 115 105
2.768000 63 91 116 105
2.770000 63 91 116 105
2.772000 63 91 116 105
2.774000 63 90 116 106
2.776000 63 90 116 106
2.778000 63 90 116 106
2.780000 63 90 116 107
2.782000 63 94 116 106
2.784000 62 94 117 106
2.786000 62 94 117 106
2.788000 62 94 117 106
2.790000 62 93 117 107
2.792000 62 94 117 106
2.794000 62 94 117 107
2.796000 62 94 117 107
2.798000 62 94 117 107
2.800000 62 94 117 107
2.802000 62 94 117 107
2.804000 62 94 117 107
2.806000 61 94 118 108
2.808000 61 94 118 108
2.810000 61 94 118 108
2.812000 61 94 118 108
2.814000 61 94 118 108
2.816000 61 94 118 108
2.818000 61 94 118 108
2.820000 61 94 119 109
2.822000 60 93 119 110
2.824000 59 92 120 112
2.826000 59 92 120 112
2.828000 58 92 121 112
2.830000 58 91 121 114
2.832000 58 91 121 114
2.834000 57 91 122 114
2.836000 57 90 121 115
2.838000 57 90 121 116
2.840000 56 90 122 116
2.842000 56 89 122 117
2.844000 56 89 122 117
2.846000 55 89 123 118
2.848000 53 89 123 118
2.850000 55 89 123 118
2.852000 55 88 123 119
2.854000 55 88 123 119
2.856000 54 88 124 119
2.858000 54 88 124 120
2.860000 53 88 123 120
2.862000 54 87 123 121
2.864000 52 87 124 121
2.866000 52 87 124 121
2.868000 52 87 124 121
2.870000 52 87 124 121
2.872000 52 87 124 121
2.874000 52 87 124 122
2.876000 52 87 124 122
2.878000 52 87 124 122
2.880000 52 86 124 123
2.882000 49 86 124 123
2.884000 48 86 125 123
2.886000 48 86 125 123
2.888000 48 86 125 123
2.890000 48 86 125 123
2.892000 48 86 125 123
2.894000 48 86 125 123
2.896000 48 86 125 123
2.898000 48 86 125 123
2.900000 48 86 125 123
2.902000 48 86 125 124
2.904000 48 86 125 124
2.906000 48 85 125 125
2.908000 48 85 125 125
2.910000 48 85 125 125
2.912000 47 85 126 125
2.914000 47 85 126 125
2.916000 47 85 126 125
2.918000 47 85 126 125
2.920000 47 85 126 126
2.922000 46 84 126 127
2.924000 45 84 127 127
2.926000 45 83 127 128
2.928000 45 83 127 128
2.930000 44 83 128 129
2.932000 44 82 128 130
2.934000 44 82 128 130
2.936000 43 82 129 130
2.938000 43 82 129 130
2.940000 43 82 129 130
2.942000 41 81 129 131
2.944000 42 81 130 131
2.946000 42 81 130 132
2.948000 40 81 130 132
2.950000 38 81 130 132
2.952000 37 80 131 133
2.954000 37 80 131 133
2.956000 37 80 131 133
2.958000 37 80 131 133
2.960000 37 80 131 133
2.962000 36 80 132 133
2.964000 36 80 132 133
2.966000 36 80 132 133
2.968000 36 80 132 133
2.970000 36 79 132 134
2.972000 36 79 132 134
2.974000 36 79 132 135
2.976000 36 79 132 135
2.978000 36 79 132 135
2.980000 35 76 133 135
2.982000 35 76 133 135
2.984000 35 76 133 135
2.986000 35 75 133 135
2.988000 35 75 133 135
2.990000 35 75 133 135
2.992000 35 75 133 135
2.994000 35 75 133 135
2.996000 35 74 133 136
2.998000 35 74 133 136
3.000000 35 74 133 136
3.002000 35 74 133 136
3.004000 35 74 133 136
3.006000 34 74 134 136
3.008000 34 74 134 136
3.010000 34 74 134 136
3.012000 34 74 134 136
3.014000 34 74 134 136
3.016000 34 74 134 136
3.018000 34 74 134 136
3.020000 33 74 140 137
3.022000 32 73 141 138
3.024000 32 73 141 138
3.026000 32 73 140 138
3.028000 33 72 140 139
3.030000 33 72 140 139
3.032000 31 72 140 139
3.034000 31 72 140 139
3.036000 31 72 140 139
3.038000 31 72 140 139
3.040000 31 71 140 140
3.042000 31 71 139 140
3.044000 31 71 139 140
3.046000 30 71 140 140
3.048000 30 71 140 140
3.050000 30 71 140 140
3.052000 30 71 139 140
3.054000 30 71 139 140
3.056000 30 70 139 141
3.058000 30 68 139 140
3.060000 30 68 139 140
3.062000 30 67 139 141
3.064000 30 67 139 141
3.066000 30 67 139 141
3.068000 30 66 139 141
3.070000 30 66 138 141
3.072000 30 66 138 141
3.074000 29 66 139 141
3.076000 29 66 139 141
3.078000 29 66 139 141
3.080000 29 66 139 141
3.082000 29 66 139 141
3.084000 29 65 139 142
3.086000 29 65 139 142
3.088000 29 65 139 142
3.090000 29 65 139 142
3.092000 29 65 139 142
3.094000 29 65 139 142
3.096000 29 65 138 142
3.098000 29 65 138 142
3.100000 29 65 138 142
3.102000 29 65 138 142
3.104000 29 65 138 142
3.106000 29 65 138 142
3.108000 29 65 138 142
3.110000 29 65 138 142
3.112000 29 65 138 142
3.114000 29 65 138 142
3.116000 29 65 138 142
3.118000 28 65 139 142
3.120000 28 63 139 143
3.122000 27 62 139 144
3.124000 27 62 139 144
3.126000 27 62 139 144
3.128000 26 62 140 144
3.130000 26 62 140 145
3.132000 26 62 140 145
3.134000 26 62 140 145
3.136000 26 62 140 145
3.138000 26 62 140 145
3.140000 25 62 141 145
3.142000 25 62 141 145
3.144000 25 62 141 145
3.146000 25 62 141 146
3.148000 25 62 141 146
3.150000 25 62 141 146
3.152000 25 62 141 146
3.154000 25 60 141 146
3.156000 24 60 142 146
3.158000 24 60 142 147
3.160000 24 60 142 147
3.162000 24 61 142 146
3.164000 24 61 142 146
3.166000 24 61 142 146
3.168000 24 61 142 146
3.170000 24 58 142 146
3.172000 24 58 142 146
3.174000 24 58 142 147
3.176000 24 58 142 147
3.178000 23 58 142 147
3.180000 24 58 142 147
3.182000 24 58 142 147
3.184000 23 58 143 147
3.186000 23 58 143 147
3.188000 23 58 143 147
3.190000 23 58 143 147
3.192000 23 58 143 147
3.194000 23 58 143 147
3.196000 23 58 143 147
3.198000 23 58 143 147
3.200000 23 58 143 147
3.202000 23 58 143 147
3.204000 23 58 143 147
3.206000 23 58 143 147
3.208000 23 58 143 147
3.210000 23 58 143 147
3.212000 23 58 143 147
3.214000 23 58 143 147
3.216000 23 58 143 147
3.218000 23 57 143 148
3.220000 23 58 143 148
3.222000 22 57 144 149
3.224000 22 57 144 149
3.226000 22 57 144 150
3.228000 22 57 144 150
3.230000 22 57 144 150
3.232000 22 57 144 151
3.234000 22 57 144 151
3.236000 22 56 144 152
3.238000 22 56 144 152
3.240000 22 56 144 152
3.242000 22 56 144 153
3.244000 22 56 144 153
3.246000 22 54 144 153
3.248000 22 54 144 153
3.250000 22 54 144 154
3.252000 22 56 144 154
3.254000 22 56 144 154
3.256000 22 56 144 154
3.258000 22 56 144 154
3.260000 22 54 144 155
3.262000 22 54 144 155
3.264000 22 54 144 155
3.266000 22 54 144 155
3.268000 22 54 144 155
3.270000 22 54 144 156
3.272000 22 51 144 156
3.274000 22 51 144 156
3.276000 22 51 144 156
3.278000 22 51 144 156
3.280000 22 51 143 156
3.282000 22 51 144 156
3.284000 22 51 144 156
3.286000 22 51 144 156
3.288000 22 51 144 156
3.290000 22 51 144 156
3.292000 22 51 144 156
3.294000 22 51 144 156
3.296000 18 51 144 157
3.298000 22 51 144 157
3.300000 22 51 144 157
3.302000 18 51 144 157
3.304000 18 51 144 157
3.306000 18 51 144 157
3.308000 18 51 144 157
3.310000 18 51 144 157
3.312000 18 51 144 157
3.314000 18 51 144 157
3.316000 18 51 144 157
3.318000 18 51 144 157
3.320000 17 49 148 160
3.322000 16 49 149 160
3.324000 16 49 149 160
3.326000 16 49 149 160
3.328000 16 49 148 160
3.330000 16 49 148 160
3.332000 16 49 148 160
3.334000 16 49 148 160
3.336000 16 47 148 161
3.338000 16 47 148 161
3.340000 16 47 147 161
3.342000 16 47 147 161
3.344000 16 49 147 160
3.346000 16 47 147 160
3.348000 14 47 147 160
3.350000 14 49 147 161
3.352000 14 49 146 161
3.354000 16 49 147 161
3.356000 16 47 146 160
3.358000 16 47 146 160
3.360000 13 47 147 160
3.362000 13 46 146 161
3.364000 13 46 146 161
3.366000 13 46 146 161
3.368000 13 46 146 161
3.370000 13 46 146 161
3.372000 13 46 146 161
3.374000 13 46 146 161
3.376000 13 46 146 161
3.378000 13 46 146 161
3.380000 13 46 145 161
3.382000 13 46 145 161
3.384000 12 46 146 161
3.386000 12 46 146 161
3.388000 12 46 146 161
3.390000 12 46 146 161
3.392000 12 46 146 161
3.394000 12 46 146 161
3.396000 12 46 146 161
3.398000 12 46 146 161
3.400000 12 46 146 161
3.402000 12 46 146 161
3.404000 12 46 146 161
3.406000 12 46 145 161
3.408000 12 45 145 161
3.410000 12 45 145 161
3.412000 12 45 145 161
3.414000 12 45 145 161
3.416000 12 45 145 161
3.418000 12 45 145 161
3.420000 12 47 150 160
3.422000 12 46 150 161
3.424000 12 46 149 161
3.426000 11 45 150 162
3.428000 11 44 149 163
3.430000 11 44 149 163
3.432000 10 43 150 164
3.434000 10 43 149 164
3.436000 10 42 149 165
3.438000 10 42 149 165
3.440000 10 42 148 165
3.442000 9 41 149 166
3.444000 9 41 149 166
3.446000 9 40 148 167
3.448000 9 40 148 167
3.450000 9 40 148 167
3.452000 8 39 149 168
3.454000 8 39 149 168
3.456000 8 39 148 168
3.458000 8 39 148 168
3.460000 8 38 148 169
3.462000 8 38 148 169
3.464000 8 38 148 169
3.466000 8 38 148 169
3.468000 8 38 147 169
3.470000 7 37 148 170
3.472000 7 37 148 170
3.474000 7 37 148 170
3.476000 7 37 148 170
3.478000 7 36 148 170
3.480000 7 36 148 170
3.482000 7 36 148 170
3.484000 7 35 147 171
3.486000 7 35 147 171
3.488000 7 35 147 171
3.490000 7 35 147 171
3.492000 7 35 147 171
3.494000 7 35 147 171
3.496000 6 35 148 171
3.498000 6 31 148 172
3.500000 6 35 148 171
3.502000 6 35 148 171
3.504000 6 31 148 172
3.506000 6 31 148 172
3.508000 6 31 148 172
3.510000 6 31 148 172
3.512000 6 31 147 172
3.514000 6 31 147 172
3.516000 6 31 147 172
3.518000 6 31 147 172
3.520000 6 30 147 173
3.522000 5 30 147 172
3.524000 5 30 147 172
3.526000 5 29 147 173
3.528000 5 29 147 172
3.530000 5 28 146 173
3.532000 5 28 146 173
3.534000 5 28 146 173
3.536000 4 28 147 173
3.538000 4 28 147 173
3.540000 4 28 147 172
3.542000 4 28 147 172
3.544000 4 26 147 172
3.546000 4 26 146 172
3.548000 4 26 146 172
3.550000 4 26 146 172
3.552000 6 26 147 172
3.554000 6 26 147 172
3.556000 6 26 147 172
3.558000 6 26 147 172
3.560000 6 26 147 172
3.562000 6 26 147 172
3.564000 6 26 147 172
3.566000 6 26 147 172
3.568000 6 26 147 172
3.570000 6 23 147 172
3.572000 6 26 147 172
3.574000 6 22 147 173
3.576000 6 22 147 173
3.578000 6 22 147 173
3.580000 6 22 147 173
3.582000 6 22 147 173
3.584000 6 22 147 172
3.586000 6 22 147 172
3.588000 6 22 147 172
3.590000 6 22 147 172
3.592000 6 22 147 172
3.594000 6 22 146 172
3.596000 6 22 147 172
3.598000 6 22 147 172
3.600000 6 22 147 172
3.602000 6 22 147 172
3.604000 6 22 147 172
3.606000 6 22 147 172
3.608000 6 22 147 172
3.610000 6 22 147 172
3.612000 6 22 147 172
3.614000 6 22 147 172
3.616000 6 22 147 172
3.618000 7 22 146 172
3.620000 7 22 146 172
3.622000 7 22 146 169
3.624000 7 22 146 167
3.626000 8 22 146 166
3.628000 8 23 146 164
3.630000 8 23 146 163
3.632000 8 23 146 162
3.634000 8 23 146 161
3.636000 9 23 146 160
3.638000 9 23 146 159
3.640000 9 24 146 157
3.642000 9 26 146 156
3.644000 9 26 146 155
3.646000 10 26 146 154
3.648000 10 26 146 154
3.650000 10 26 146 153
3.652000 14 27 146 152
3.654000 14 27 146 151
3.656000 14 27 146 151
3.658000 14 27 146 150
3.660000 14 29 146 149
3.662000 15 29 146 148
3.664000 15 29 146 148
3.666000 15 29 146 148
3.668000 15 29 146 147
3.670000 15 28 146 147
3.672000 15 29 146 146
3.674000 15 29 146 146
3.676000 15 29 146 146
3.678000 15 29 146 145
3.680000 15 29 146 145
3.682000 15 29 146 145
3.684000 15 30 146 143
3.686000 15 30 146 143
3.688000 15 30 146 143
3.690000 16 30 146 142
3.692000 16 30 146 142
3.694000 16 30 146 142
3.696000 16 30 146 142
3.698000 19 33 146 142
3.700000 19 33 146 142
3.702000 19 33 146 142
3.704000 20 33 146 142
3.706000 20 34 146 140
3.708000 20 34 146 140
3.710000 20 34 146 140
3.712000 20 34 146 140
3.714000 20 34 146 140
3.716000 20 34 146 140
3.718000 20 34 146 140
3.720000 21 35 146 137
3.722000 21 37 147 135
3.724000 21 38 148 134
3.726000 21 39 148 133
3.728000 22 40 148 132
3.730000 22 41 149 131
3.732000 22 42 149 130
3.734000 22 43 150 129
3.736000 22 44 150 128
3.738000 22 45 151 127
3.740000 23 48 150 126
3.742000 23 48 151 126
3.744000 23 49 151 125
3.746000 23 50 152 124
3.748000 25 51 152 123
3.750000 23 49 152 123
3.752000 23 50 153 122
3.754000 27 55 153 121
3.756000 25 53 153 121
3.758000 25 53 153 121
3.760000 25 53 153 121
3.762000 24 54 153 119
3.764000 24 54 153 119
3.766000 24 55 154 118
3.768000 24 55 154 118
3.770000 25 55 154 118
3.772000 24 56 154 117
3.774000 24 56 155 117
3.776000 25 56 155 117
3.778000 25 56 155 117
3.780000 25 57 155 116
3.782000 25 57 155 116
3.784000 25 57 155 116
3.786000 25 57 155 116
3.788000 25 58 155 115
3.790000 25 58 156 115
3.792000 25 58 156 115
3.794000 25 58 156 115
3.796000 25 58 156 115
3.798000 25 58 156 115
3.800000 25 59 156 114
3.802000 25 59 156 114
3.804000 25 59 156 114
3.806000 25 59 156 114
3.808000 25 59 156 114
3.810000 25 59 156 114
3.812000 25 63 156 113
3.814000 25 63 156 113
3.816000 25 63 156 113
3.818000 25 63 156 113
3.820000 26 66 157 111
3.822000 26 67 157 112
3.824000 26 68 157 112
3.826000 26 68 157 113
3.828000 26 69 157 113
3.830000 26 69 157 114
3.832000 26 70 157 114
3.834000 26 70 157 115
3.836000 26 71 157 115
3.838000 26 74 157 115
3.840000 26 72 157 115
3.842000 26 74 157 116
3.844000 28 75 157 116
3.846000 28 75 157 117
3.848000 28 75 157 117
3.850000 28 76 157 117
3.852000 28 76 157 117
3.854000 28 76 157 118
3.856000 28 76 157 118
3.858000 28 76 157 118
3.860000 28 77 157 118
3.862000 27 77 157 118
3.864000 27 78 157 119
3.866000 27 78 157 119
3.868000 27 78 157 119
3.870000 27 79 157 119
3.872000 27 79 157 119
3.874000 27 79 157 119
3.876000 27 79 157 119
3.878000 27 79 157 119
3.880000 27 79 157 120
3.882000 27 79 157 120
3.884000 27 79 157 120
3.886000 27 79 157 120
3.888000 27 79 157 120
3.890000 27 79 157 121
3.892000 30 83 157 120
3.894000 30 83 157 120
3.896000 30 83 157 120
3.898000 30 83 157 121
3.900000 30 83 157 121
3.902000 30 83 157 121
3.904000 30 83 157 121
3.906000 30 83 157 121
3.908000 30 83 157 121
3.910000 30 83 157 121
3.912000 30 83 157 121
3.914000 30 84 157 121
3.916000 30 84 157 121
3.918000 30 84 157 121
3.920000 31 85 157 122
3.922000 31 84 155 123
3.924000 31 84 155 123
3.926000 31 84 155 123
3.928000 31 84 154 124
3.930000 31 84 154 124
3.932000 31 84 153 124
3.934000 31 84 153 124
3.936000 31 84 153 124
3.938000 31 84 152 124
3.940000 31 84 152 125
3.942000 31 84 152 125
3.944000 31 84 151 125
3.946000 32 83 150 126
3.948000 32 83 150 126
3.950000 32 83 149 126
3.952000 32 83 149 126
3.954000 32 83 149 126
3.956000 32 83 149 127
3.958000 32 83 149 127
3.960000 32 83 148 127
3.962000 32 83 148 127
3.964000 32 83 148 127
3.966000 32 83 148 127
3.968000 35 83 148 127
3.970000 35 83 147 127
3.972000 35 83 147 127
3.974000 35 83 147 127
3.976000 35 83 147 127
3.978000 35 83 147 127
3.980000 35 83 147 127
3.982000 35 83 147 127
3.984000 35 83 147 128
3.986000 35 83 147 128
3.988000 35 83 147 128
3.990000 36 83 146 128
3.992000 36 83 146 128
3.994000 36 83 146 128
3.996000 36 83 146 128
3.998000 36 83 146 128
4.000000 36 83 146 128
4.002000 36 83 146 128
4.004000 36 83 146 128
4.006000 36 83 146 128
4.008000 36 83 146 128
4.010000 36 83 146 128
4.012000 36 83 146 128
4.014000 36 83 145 128
4.016000 36 83 145 128
4.018000 36 83 145 128
4.020000 37 83 144 129
4.022000 38 81 141 130
4.024000 39 81 139 130
4.026000 39 80 138 131
4.028000 40 80 136 131
4.030000 41 79 135 131
4.032000 41 79 134 131
4.034000 42 79 132 131
4.036000 42 78 132 132
4.038000 43 78 130 132
4.040000 43 77 129 133
4.042000 44 77 128 133
4.044000 44 77 127 133
4.046000 45 76 126 133
4.048000 45 76 125 133
4.050000 45 76 125 133
4.052000 46 76 124 133
4.054000 46 75 123 134
4.056000 46 75 123 134
4.058000 47 75 121 134
4.060000 47 75 121 134
4.062000 47 74 121 135
4.064000 47 74 121 135
4.066000 48 74 119 135
4.068000 48 74 119 135
4.070000 48 74 119 135
4.072000 48 74 118 135
4.074000 49 73 117 135
4.076000 49 73 117 135
4.078000 49 73 117 135
4.080000 49 73 117 135
4.082000 49 73 116 135
4.084000 49 73 116 135
4.086000 50 73 115 135
4.088000 50 73 115 135
4.090000 50 72 115 136
4.092000 50 72 114 136
4.094000 50 72 114 136
4.096000 50 72 114 136
4.098000 50 72 114 136
4.100000 50 72 114 136
4.102000 51 72 113 136
4.104000 51 72 113 136
4.106000 51 72 113 136
4.108000 51 72 113 136
4.110000 51 72 112 136
4.112000 51 72 112 136
4.114000 51 72 112 136
4.116000 51 72 112 136
4.118000 51 71 112 137
4.120000 53 71 109 137
4.122000 56 70 104 137
4.124000 58 70 101 137
4.126000 59 69 99 138
4.128000 60 69 97 138
4.130000 62 69 94 138
4.132000 63 68 93 139
4.134000 64 67 91 139
4.136000 66 64 88 139
4.138000 67 64 87 139
4.140000 68 64 85 139
4.142000 69 63 83 140
4.144000 70 63 82 140
4.146000 71 61 80 139
4.148000 71 61 80 139
4.150000 72 60 78 140
4.152000 73 60 77 140
4.154000 74 60 76 140
4.156000 75 58 74 140
4.158000 75 60 74 140
4.160000 76 58 72 140
4.162000 77 55 71 140
4.164000 77 58 71 140
4.166000 78 55 70 140
4.168000 78 55 69 140
4.170000 79 54 68 141
4.172000 79 54 68 141
4.174000 77 54 66 141
4.176000 77 54 66 141
4.178000 77 54 66 141
4.180000 78 54 65 141
4.182000 78 54 64 141
4.184000 78 54 64 141
4.186000 79 50 63 141
4.188000 79 53 63 142
4.190000 79 50 62 141
4.192000 79 50 62 141
4.194000 80 50 61 141
4.196000 80 50 61 141
4.198000 80 50 61 141
4.200000 80 49 61 142
4.202000 81 49 59 142
4.204000 81 49 59 142
4.206000 81 49 59 142
4.208000 81 49 59 142
4.210000 81 49 59 142
4.212000 81 49 59 141
4.214000 82 49 58 141
4.216000 82 49 58 141
4.218000 82 49 57 141
4.220000 82 44 59 145
4.222000 81 43 61 145
4.224000 81 43 61 145
4.226000 81 42 61 145
4.228000 81 42 61 145
4.230000 81 42 61 145
4.232000 81 42 61 145
4.234000 81 42 61 145
4.236000 81 41 61 145
4.238000 81 41 61 145
4.240000 81 41 61 145
4.242000 81 41 61 145
4.244000 81 41 61 145
4.246000 80 40 63 145
4.248000 80 40 63 145
4.250000 80 40 63 145
4.252000 80 40 63 145
4.254000 80 40 63 145
4.256000 80 40 63 145
4.258000 80 40 63 145
4.260000 80 40 63 145
4.262000 80 39 63 145
4.264000 80 39 63 145
4.266000 80 39 63 145
4.268000 80 39 63 145
4.270000 80 39 63 145
4.272000 80 39 63 145
4.274000 80 39 63 145
4.276000 80 39 63 145
4.278000 80 39 63 145
4.280000 80 39 63 145
4.282000 80 39 63 145
4.284000 80 39 63 145
4.286000 80 39 63 145
4.288000 80 39 63 145
4.290000 83 38 64 145
4.292000 83 38 64 145
4.294000 83 38 64 145
4.296000 83 38 64 145
4.298000 83 38 64 145
4.300000 83 38 64 145
4.302000 83 38 64 145
4.304000 83 38 64 145
4.306000 83 38 64 145
4.308000 83 38 64 145
4.310000 83 38 64 145
4.312000 83 38 64 145
4.314000 83 38 64 145
4.316000 83 38 64 145
4.318000 83 38 64 145
4.320000 80 38 67 145
4.322000 80 37 67 145
4.324000 80 37 67 144
4.326000 81 37 66 143
4.328000 81 37 66 142
4.330000 81 37 66 141
4.332000 82 37 65 141
4.334000 82 37 65 140
4.336000 82 36 65 140
4.338000 82 36 65 140
4.340000 82 36 65 139
4.342000 83 36 64 138
4.344000 83 36 64 138
4.346000 83 36 65 137
4.348000 83 36 65 137
4.350000 83 36 65 136
4.352000 84 36 64 136
4.354000 84 36 64 136
4.356000 84 36 64 135
4.358000 84 36 64 135
4.360000 84 36 64 134
4.362000 84 35 64 135
4.364000 84 35 64 135
4.366000 84 35 64 135
4.368000 84 35 64 134
4.370000 88 35 63 134
4.372000 88 35 63 134
4.374000 88 35 63 133
4.376000 88 35 63 133
4.378000 88 35 63 133
4.380000 88 35 63 133
4.382000 88 35 63 133
4.384000 88 35 63 132
4.386000 88 35 63 132
4.388000 89 35 62 132
4.390000 89 35 63 132
4.392000 89 35 63 132
4.394000 89 35 63 131
4.396000 89 35 63 131
4.398000 90 35 62 131
4.400000 90 35 62 131
4.402000 90 35 62 131
4.404000 90 35 62 131
4.406000 90 35 62 131
4.408000 90 35 62 131
4.410000 90 35 62 131
4.412000 90 35 62 130
4.414000 90 35 62 130
4.416000 90 35 62 130
4.418000 90 35 62 130
4.420000 91 35 62 132
4.422000 89 35 64 130
4.424000 89 35 64 129
4.426000 88 35 66 129
4.428000 87 35 67 128
4.430000 87 35 67 127
4.432000 86 35 69 126
4.434000 86 35 69 125
4.436000 85 35 70 125
4.438000 85 35 70 124
4.440000 85 35 70 123
4.442000 84 35 72 123
4.444000 84 36 72 123
4.446000 83 37 73 121
4.448000 83 37 73 121
4.450000 83 37 73 121
4.452000 82 37 75 120
4.454000 82 37 75 120
4.456000 82 37 75 119
4.458000 82 37 75 119
4.460000 81 37 76 119
4.462000 81 37 76 118
4.464000 81 37 76 118
4.466000 81 37 76 118
4.468000 81 37 76 118
4.470000 80 37 78 117
4.472000 80 37 78 117
4.474000 80 38 78 116
4.476000 80 38 78 116
4.478000 80 38 78 116
4.480000 79 38 79 115
4.482000 79 38 79 115
4.484000 79 38 79 115
4.486000 79 35 79 115
4.488000 79 35 79 114
4.490000 79 35 79 114
4.492000 79 35 79 114
4.494000 79 35 79 114
4.496000 78 35 81 114
4.498000 78 35 81 113
4.500000 78 35 81 113
4.502000 78 35 81 113
4.504000 78 35 81 113
4.506000 78 35 81 113
4.508000 78 35 81 113
4.510000 78 35 81 113
4.512000 78 35 81 113
4.514000 78 35 81 112
4.516000 78 35 81 112
4.518000 78 35 81 112
4.520000 77 35 83 111
4.522000 76 35 84 110
4.524000 76 35 84 109
4.526000 75 35 86 109
4.528000 75 35 86 108
4.530000 75 35 86 108
4.532000 75 35 87 108
4.534000 75 35 87 107
4.536000 74 35 88 107
4.538000 74 35 88 107
4.540000 74 35 88 106
4.542000 74 35 89 106
4.544000 74 35 89 106
4.546000 73 36 90 104
4.548000 73 36 90 104
4.550000 73 36 90 104
4.552000 73 36 91 104
4.554000 73 36 91 104
4.556000 73 36 91 103
4.558000 73 36 91 103
4.560000 73 36 91 103
4.562000 72 36 92 103
4.564000 72 36 92 103
4.566000 72 36 92 103
4.568000 72 36 92 102
4.570000 72 36 93 102
4.572000 72 36 93 102
4.574000 72 36 93 102
4.576000 72 36 93 102
4.578000 72 36 93 102
4.580000 72 36 93 102
4.582000 72 36 93 102
4.584000 72 36 93 101
4.586000 72 35 93 102
4.588000 72 35 93 102
4.590000 71 36 94 100
4.592000 71 36 94 100
4.594000 71 36 94 100
4.596000 71 36 95 100
4.598000 71 36 95 100
4.600000 71 36 95 100
4.602000 71 36 95 100
4.604000 71 36 95 100
4.606000 71 36 95 100
4.608000 71 36 95 100
4.610000 71 36 95 100
4.612000 71 36 95 100
4.614000 71 36 95 100
4.616000 71 36 95 100
4.618000 71 36 95 100
4.620000 70 37 97 99
4.622000 70 37 97 100
4.624000 70 37 97 100
4.626000 70 38 97 99
4.628000 70 38 98 99
4.630000 70 38 98 99
4.632000 70 38 98 99
4.634000 70 38 98 99
4.636000 71 39 97 98
4.638000 71 39 97 98
4.640000 71 39 98 98
4.642000 71 39 98 98
4.644000 71 39 98 98
4.646000 71 40 98 97
4.648000 71 40 98 97
4.650000 71 40 98 97
4.652000 71 40 98 97
4.654000 71 40 98 97
4.656000 71 40 99 97
4.658000 71 40 99 97
4.660000 71 40 99 97
4.662000 72 41 98 96
4.664000 72 41 98 96
4.666000 72 41 98 96
4.668000 72 41 98 96
4.670000 72 41 98 96
4.672000 72 41 98 96
4.674000 72 41 98 96
4.676000 72 41 98 96
4.678000 72 41 98 96
4.680000 72 41 98 96
4.682000 72 41 98 96
4.684000 72 41 99 96
4.686000 72 41 99 96
4.688000 72 41 99 96
4.690000 72 42 99 95
4.692000 72 42 99 95
4.694000 72 42 99 95
4.696000 72 42 99 95
4.698000 72 42 99 95
4.700000 72 42 99 95
4.702000 72 42 99 95
4.704000 72 42 99 95
4.706000 72 42 99 95
4.708000 72 42 99 95
4.710000 72 42 99 95
4.712000 72 42 99 95
4.714000 72 42 99 95
4.716000 72 42 99 95
4.718000 72 42 99 95
4.720000 73 41 99 96
4.722000 74 41 98 96
4.724000 74 41 98 96
4.726000 74 41 98 96
4.728000 74 42 98 95
4.730000 74 42 98 95
4.732000 74 42 98 95
4.734000 74 42 98 95
4.736000 74 42 98 95
4.738000 74 42 98 95
4.740000 74 43 98 94
4.742000 75 43 99 94
4.744000 75 43 99 94
4.746000 76 43 98 94
4.748000 76 43 98 94
4.750000 76 43 98 94
4.752000 76 43 98 94
4.754000 76 43 98 94
4.756000 78 44 98 93
4.758000 78 44 98 93
4.760000 78 44 98 93
4.762000 78 44 98 93
4.764000 78 44 98 93
4.766000 75 44 98 93
4.768000 75 44 98 93
4.770000 75 44 98 93
4.772000 78 44 98 93
4.774000 78 44 98 93
4.776000 78 44 98 93
4.778000 78 44 98 93
4.780000 78 44 98 93
4.782000 78 44 98 93
4.784000 78 45 98 92
4.786000 78 45 98 92
4.788000 78 45 98 92
4.790000 78 45 98 92
4.792000 78 45 98 92
4.794000 77 45 99 92
4.796000 78 45 98 92
4.798000 78 45 98 92
4.800000 78 45 98 92
4.802000 78 45 98 92
4.804000 78 45 98 92
4.806000 78 45 98 92
4.808000 78 45 98 92
4.810000 78 45 98 92
4.812000 78 45 98 92
4.814000 78 45 98 92
4.816000 78 45 98 92
4.818000 78 45 98 92
4.820000 78 44 100 94
4.822000 78 44 101 93
4.824000 78 44 101 93
4.826000 78 45 101 92
4.828000 78 45 101 92
4.830000 78 45 101 92
4.832000 78 46 101 91
4.834000 78 46 101 91
4.836000 78 46 101 91
4.838000 78 46 101 91
4.840000 78 46 101 91
4.842000 78 47 101 90
4.844000 78 47 101 90
4.846000 78 47 102 90
4.848000 78 47 102 90
4.850000 78 47 102 90
4.852000 78 48 102 89
4.854000 78 48 102 89
4.856000 78 48 102 89
4.858000 78 48 102 89
4.860000 78 48 102 89
4.862000 78 48 102 89
4.864000 78 48 102 89
4.866000 78 48 102 89
4.868000 78 48 102 89
4.870000 78 49 102 88
4.872000 78 49 102 88
4.874000 78 49 102 88
4.876000 78 49 102 88
4.878000 78 49 102 88
4.880000 78 49 102 88
4.882000 78 49 102 88
4.884000 82 49 101 88
4.886000 82 49 101 88
4.888000 82 49 102 88
4.890000 82 49 102 88
4.892000 82 49 102 88
4.894000 82 49 102 88
4.896000 82 50 102 87
4.898000 82 50 102 87
4.900000 82 50 102 87
4.902000 82 50 102 87
4.904000 82 50 102 87
4.906000 82 50 102 87
4.908000 82 50 102 87
4.910000 82 50 102 87
4.912000 82 50 102 87
4.914000 82 50 102 87
4.916000 82 50 102 87
4.918000 82 50 102 87
4.920000 83 51 102 86
4.922000 83 51 102 85
4.924000 83 51 102 85
4.926000 84 51 101 85
4.928000 84 51 101 85
4.930000 84 51 101 85
4.932000 84 51 101 85
4.934000 84 51 101 85
4.936000 85 51 100 85
4.938000 85 51 100 85
4.940000 85 51 100 85
4.942000 85 51 100 85
4.944000 85 51 100 85
4.946000 86 52 100 83
4.948000 86 52 100 83
4.950000 86 52 100 83
4.952000 86 52 100 83
4.954000 86 52 100 83
4.956000 86 52 100 83
4.958000 86 52 100 83
4.960000 86 52 100 83
4.962000 87 52 99 83
4.964000 87 52 99 83
4.966000 87 52 99 83
4.968000 87 52 99 83
4.970000 87 52 99 83
4.972000 87 52 99 83
4.974000 87 52 99 83
4.976000 87 52 99 83
4.978000 87 52 99 83
4.980000 87 52 99 83
4.982000 87 52 99 83
4.984000 87 55 99 83
4.986000 87 55 99 83
4.988000 87 55 99 83
4.990000 88 56 98 82
4.992000 88 56 98 82
4.994000 88 56 98 82
4.996000 88 56 98 83
4.998000 88 56 98 83
5.000000 88 56 98 83
5.002000 88 56 98 83
5.004000 88 56 98 83
5.006000 88 56 98 83
5.008000 88 56 98 83
5.010000 88 56 98 83
5.012000 88 56 98 83
5.014000 88 56 98 83
5.016000 88 56 98 83
5.018000 88 56 98 83
5.020000 89 57 98 82
5.022000 88 57 98 82
5.024000 88 57 98 82
5.026000 88 57 98 82
5.028000 88 57 98 82
5.030000 87 57 99 82
5.032000 87 57 99 82
5.034000 87 57 99 82
5.036000 87 57 99 82
5.038000 87 57 99 82
5.040000 87 57 99 82
5.042000 87 57 99 82
5.044000 87 57 99 82
5.046000 86 57 99 83
5.048000 86 57 99 83
5.050000 86 57 99 83
5.052000 86 57 99 83
5.054000 86 57 99 83
5.056000 86 56 99 84
5.058000 86 57 99 83
5.060000 86 57 99 83
5.062000 86 57 99 83
5.064000 86 57 99 83
5.066000 86 57 99 83
5.068000 86 56 99 84
5.070000 86 57 99 83
5.072000 86 58 99 83
5.074000 85 57 100 84
5.076000 85 57 99 84
5.078000 85 57 99 84
5.080000 85 57 99 84
5.082000 85 57 99 84
5.084000 85 57 99 84
5.086000 85 57 99 84
5.088000 85 61 99 83
5.090000 81 61 100 83
5.092000 81 61 100 83
5.094000 81 60 100 84
5.096000 81 61 100 83
5.098000 81 61 100 83
5.100000 81 61 100 83
5.102000 81 61 100 83
5.104000 81 61 100 83
5.106000 81 61 100 83
5.108000 81 61 100 83
5.110000 81 61 100 83
5.112000 81 61 100 83
5.114000 81 61 100 83
5.116000 81 61 100 83
5.118000 81 60 100 84
5.120000 81 61 100 84
5.122000 80 60 100 86
5.124000 80 60 100 86
5.126000 79 60 101 87
5.128000 79 60 101 87
5.130000 78 60 101 88
5.132000 78 60 101 88
5.134000 77 60 102 88
5.136000 77 60 102 89
5.138000 77 60 102 89
5.140000 76 60 102 90
5.142000 74 60 102 90
5.144000 74 60 102 90
5.146000 73 60 103 91
5.148000 73 60 103 91
5.150000 73 60 103 91
5.152000 73 60 103 91
5.154000 73 60 103 92
5.156000 73 60 103 92
5.158000 73 60 103 92
5.160000 73 60 103 92
5.162000 72 60 104 93
5.164000 72 60 104 93
5.166000 70 60 103 93
5.168000 69 60 104 93
5.170000 69 60 104 93
5.172000 69 60 104 93
5.174000 68 60 104 94
5.176000 68 61 104 94
5.178000 68 61 104 94
5.180000 68 61 104 94
5.182000 68 61 104 94
5.184000 68 60 104 95
5.186000 68 64 104 94
5.188000 68 64 104 94
5.190000 67 64 105 95
5.192000 67 64 105 95
5.194000 67 64 105 95
5.196000 67 64 105 95
5.198000 67 64 105 95
5.200000 64 64 104 95
5.202000 63 64 105 95
5.204000 63 64 105 95
5.206000 63 64 105 95
5.208000 63 64 105 95
5.210000 63 64 105 95
5.212000 63 64 105 95
5.214000 63 64 105 95
5.216000 63 64 105 95
5.218000 63 64 105 96
5.220000 63 62 108 99
5.222000 62 62 110 99
5.224000 62 63 110 98
5.226000 61 63 110 98
5.228000 61 63 110 98
5.230000 61 64 109 97
5.232000 60 64 110 97
5.234000 60 64 110 97
5.236000 57 64 111 98
5.238000 57 65 111 97
5.240000 57 65 111 97
5.242000 57 65 111 97
5.244000 57 65 111 97
5.246000 57 66 111 96
5.248000 57 66 111 96
5.250000 57 66 111 96
5.252000 54 66 111 96
5.254000 54 66 111 96
5.256000 54 66 111 96
5.258000 54 68 111 96
5.260000 54 68 111 96
5.262000 54 68 111 96
5.264000 54 68 111 96
5.266000 54 68 111 96
5.268000 54 68 111 96
5.270000 52 68 112 96
5.272000 52 68 112 96
5.274000 52 69 112 95
5.276000 52 69 112 95
5.278000 52 69 112 95
5.280000 52 69 112 95
5.282000 52 72 112 95
5.284000 52 72 112 95
5.286000 52 72 112 95
5.288000 52 72 111 95
5.290000 52 72 112 95
5.292000 52 72 112 95
5.294000 52 72 112 95
5.296000 52 72 112 95
5.298000 48 72 112 95
5.300000 48 72 112 95
5.302000 48 73 112 94
5.304000 48 73 112 94
5.306000 48 73 112 94
5.308000 48 73 112 94
5.310000 48 73 112 94
5.312000 48 73 112 94
5.314000 48 73 112 94
5.316000 48 73 112 94
5.318000 48 73 112 94
5.320000 48 74 112 94
5.322000 48 74 112 93
5.324000 48 74 112 93
5.326000 47 74 112 93
5.328000 47 75 112 91
5.330000 47 75 112 91
5.332000 47 75 112 91
5.334000 47 75 112 91
5.336000 46 75 112 91
5.338000 46 75 112 91
5.340000 46 76 112 89
5.342000 46 76 112 89
5.344000 46 76 112 89
5.346000 44 76 112 89
5.348000 44 76 112 89
5.350000 44 76 112 89
5.352000 44 76 112 89
5.354000 44 76 112 89
5.356000 44 77 112 87
5.358000 44 77 112 87
5.360000 44 77 112 87
5.362000 44 77 112 87
5.364000 44 77 112 87
5.366000 44 77 112 87
5.368000 44 77 112 87
5.370000 44 77 112 87
5.372000 44 77 112 87
5.374000 44 77 112 87
5.376000 44 77 112 87
5.378000 44 77 112 87
5.380000 44 77 112 87
5.382000 40 77 112 87
5.384000 40 78 112 85
5.386000 40 78 112 85
5.388000 40 78 112 85
5.390000 40 78 112 85
5.392000 40 78 112 85
5.394000 40 78 112 85
5.396000 40 78 112 85
5.398000 40 78 112 85
5.400000 40 78 112 85
5.402000 40 78 112 85
5.404000 40 78 112 85
5.406000 40 78 112 85
5.408000 40 78 112 85
5.410000 40 78 112 85
5.412000 40 78 112 85
5.414000 40 78 112 85
5.416000 40 78 112 85
5.418000 40 78 112 85
5.420000 41 79 112 84
5.422000 40 78 112 84
5.424000 40 78 112 84
5.426000 40 78 112 84
5.428000 40 78 112 84
5.430000 40 77 112 85
5.432000 40 77 112 85
5.434000 40 77 112 85
5.436000 39 77 112 84
5.438000 39 77 112 84
5.440000 39 77 112 84
5.442000 39 77 112 84
5.444000 39 77 112 84
5.446000 39 76 112 85
5.448000 39 76 112 85
5.450000 39 76 112 85
5.452000 39 76 112 85
5.454000 39 76 112 85
5.456000 39 76 112 85
5.458000 39 76 112 85
5.460000 39 76 112 85
5.462000 38 76 112 84
5.464000 38 76 112 84
5.466000 38 76 112 84
5.468000 38 76 112 84
5.470000 38 76 112 84
5.472000 38 76 112 84
5.474000 38 75 112 85
5.476000 38 75 112 85
5.478000 38 75 112 85
5.480000 38 72 112 85
5.482000 38 72 112 85
5.484000 38 71 112 85
5.486000 38 71 112 85
5.488000 38 71 112 85
5.490000 38 71 112 85
5.492000 38 71 112 85
5.494000 38 71 112 85
5.496000 38 71 112 85
5.498000 38 71 112 85
5.500000 38 71 112 85
5.502000 38 71 112 85
5.504000 38 71 112 85
5.506000 38 71 112 85
5.508000 38 71 112 85
5.510000 38 71 112 85
5.512000 38 71 112 85
5.514000 38 71 112 85
5.516000 38 71 112 85
5.518000 38 71 112 85
5.520000 39 71 111 86
5.522000 40 70 109 87
5.524000 40 70 109 87
5.526000 40 70 109 86
5.528000 41 70 108 86
5.530000 41 70 108 86
5.532000 41 70 108 85
5.534000 41 70 108 85
5.536000 41 69 108 86
5.538000 41 69 108 86
5.540000 42 69 107 86
5.542000 42 69 107 85
5.544000 42 69 107 85
5.546000 42 67 107 85
5.548000 42 67 107 85
5.550000 42 67 107 85
5.552000 42 67 107 85
5.554000 42 67 107 85
5.556000 43 65 106 84
5.558000 43 65 106 84
5.560000 43 65 106 84
5.562000 43 64 106 85
5.564000 46 64 106 85
5.566000 46 64 106 85
5.568000 47 64 106 85
5.570000 47 64 106 84
5.572000 47 64 106 84
5.574000 47 64 106 84
5.576000 47 64 106 84
5.578000 47 64 106 84
5.580000 47 64 106 84
5.582000 47 64 106 84
5.584000 48 64 105 84
5.586000 48 64 105 84
5.588000 48 64 105 84
5.590000 48 64 105 84
5.592000 48 64 105 84
5.594000 48 63 105 84
5.596000 48 63 105 84
5.598000 48 63 105 84
5.600000 48 60 105 83
5.602000 51 60 105 83
5.604000 51 60 105 83
5.606000 52 60 104 83
5.608000 52 60 105 83
5.610000 52 60 105 83
5.612000 52 60 105 83
5.614000 52 60 105 83
5.616000 52 60 105 83
5.618000 52 60 105 83
5.620000 53 60 104 83
5.622000 53 59 103 84
5.624000 53 58 103 84
5.626000 53 58 103 84
5.628000 54 58 102 84
5.630000 54 57 102 85
5.632000 54 57 102 85
5.634000 54 57 102 85
5.636000 54 57 102 84
5.638000 54 56 102 85
5.640000 55 54 101 85
5.642000 55 54 101 85
5.644000 55 54 101 85
5.646000 57 53 100 86
5.648000 57 53 100 86
5.650000 57 53 100 86
5.652000 57 53 100 86
5.654000 59 53 100 86
5.656000 60 53 99 86
5.658000 60 53 99 86
5.660000 60 50 99 87
5.662000 60 50 99 86
5.664000 60 50 99 86
5.666000 60 50 99 86
5.668000 60 50 99 86
5.670000 60 50 99 86
5.672000 60 50 99 86
5.674000 60 49 99 87
5.676000 60 49 99 87
5.678000 61 49 99 87
5.680000 64 48 99 87
5.682000 64 48 99 87
5.684000 65 48 98 87
5.686000 65 48 98 87
5.688000 65 48 98 87
5.690000 65 48 98 87
5.692000 65 48 98 87
5.694000 65 48 98 87
5.696000 65 48 98 87
5.698000 65 48 98 87
5.700000 65 48 98 87
5.702000 65 44 98 88
5.704000 65 44 98 88
5.706000 65 44 98 88
5.708000 69 44 98 88
5.710000 69 44 98 88
5.712000 69 44 98 88
5.714000 69 44 98 88
5.716000 69 44 98 88
5.718000 69 44 98 87
5.720000 70 44 97 88
5.722000 70 43 97 89
5.724000 70 43 97 89
5.726000 70 42 97 89
5.728000 70 42 97 89
5.730000 71 41 97 90
5.732000 71 41 97 90
5.734000 71 41 97 90
5.736000 74 41 97 89
5.738000 74 40 97 90
5.740000 74 40 97 90
5.742000 74 38 97 90
5.744000 74 38 97 90
5.746000 75 37 96 91
5.748000 75 37 96 91
5.750000 75 37 96 91
5.752000 75 37 96 91
5.754000 75 37 96 91
5.756000 77 37 96 91
5.758000 77 37 96 91
5.760000 79 37 96 91
5.762000 79 37 96 91
5.764000 79 37 96 91
5.766000 79 37 96 91
5.768000 79 37 96 91
5.770000 79 37 96 91
5.772000 79 37 96 91
5.774000 79 36 96 92
5.776000 79 36 96 92
5.778000 79 36 96 92
5.780000 79 36 96 92
5.782000 79 36 96 92
5.784000 79 33 96 92
5.786000 83 32 96 92
5.788000 83 32 96 92
5.790000 83 32 95 92
5.792000 83 32 96 92
5.794000 83 32 96 92
5.796000 83 32 96 92
5.798000 83 32 96 92
5.800000 83 32 96 92
5.802000 83 32 96 92
5.804000 83 32 96 92
5.806000 83 32 96 92
5.808000 87 32 96 92
5.810000 87 32 96 92
5.812000 87 32 96 92
5.814000 87 32 96 92
5.816000 87 32 96 92
5.818000 87 32 96 92
5.820000 88 30 95 95
5.822000 88 30 95 94
5.824000 88 30 95 94
5.826000 88 30 95 94
5.828000 88 30 96 94
5.830000 88 30 96 94
5.832000 88 30 96 94
5.834000 90 30 97 94
5.836000 90 30 97 94
5.838000 90 30 97 94
5.840000 92 30 97 94
5.842000 92 30 97 94
5.844000 92 30 97 94
5.846000 92 30 97 94
5.848000 92 30 97 94
5.850000 92 30 97 94
5.852000 92 30 97 94
5.854000 92 30 97 94
5.856000 92 29 98 93
5.858000 92 29 98 93
5.860000 92 29 98 93
5.862000 92 29 98 94
5.864000 92 29 98 94
5.866000 94 29 99 94
5.868000 96 29 98 94
5.870000 96 29 98 94
5.872000 96 29 98 94
5.874000 96 29 98 94
5.876000 95 29 99 94
5.878000 96 26 98 94
5.880000 96 26 98 94
5.882000 96 26 98 94
5.884000 96 26 99 94
5.886000 96 26 99 94
5.888000 96 26 99 94
5.890000 96 26 99 94
5.892000 96 26 99 94
5.894000 96 26 99 94
5.896000 96 26 99 94
5.898000 96 26 99 94
5.900000 96 26 99 94
5.902000 100 26 99 94
5.904000 100 26 99 93
5.906000 99 26 100 93
5.908000 100 26 99 93
5.910000 100 26 99 93
5.912000 100 26 99 93
5.914000 100 26 99 93
5.916000 100 26 99 93
5.918000 100 26 99 93
5.920000 103 25 97 95
5.922000 103 25 97 94
5.924000 103 25 97 94
5.926000 104 25 96 94
5.928000 104 25 96 93
5.930000 104 25 97 93
5.932000 104 25 97 93
5.934000 104 25 97 93
5.936000 106 25 98 93
5.938000 106 25 98 93
5.940000 106 25 98 92
5.942000 106 25 98 92
5.944000 106 25 98 92
5.946000 105 25 99 92
5.948000 105 25 99 92
5.950000 105 25 99 92
5.952000 105 25 99 92
5.954000 105 25 99 92
5.956000 105 25 99 91
5.958000 105 25 99 91
5.960000 105 25 99 91
5.962000 108 25 98 91
5.964000 108 25 98 91
5.966000 108 25 98 91
5.968000 107 25 99 91
5.970000 108 25 98 91
5.972000 108 25 98 91
5.974000 108 25 100 91
5.976000 108 25 100 91
5.978000 108 25 100 91
5.980000 108 25 100 91
5.982000 108 25 100 91
5.984000 108 25 100 90
5.986000 108 25 100 90
5.988000 112 25 99 90
5.990000 112 25 99 90
5.992000 112 25 99 90
5.994000 112 25 99 90
5.996000 112 25 99 90
5.998000 112 25 99 90
6.000000 112 25 99 90
6.002000 112 25 99 90
6.004000 112 25 99 90
6.006000 112 25 99 90
6.008000 112 25 99 90
6.010000 112 25 99 90
6.012000 112 25 100 90
6.014000 112 25 100 90
6.016000 112 25 100 90
6.018000 112 25 99 90
6.020000 112 26 100 89
6.022000 112 26 100 89
6.024000 112 26 100 89
6.026000 112 26 100 89
6.028000 112 26 100 89
6.030000 113 26 99 89
6.032000 113 26 99 89
6.034000 114 26 99 89
6.036000 114 26 99 89
6.038000 117 26 99 89
6.040000 117 26 99 89
6.042000 115 26 98 89
6.044000 117 26 99 89
6.046000 118 26 98 89
6.048000 118 26 98 89
6.050000 118 26 98 89
6.052000 118 26 98 89
6.054000 118 26 98 89
6.056000 118 26 98 89
6.058000 118 26 98 89
6.060000 118 26 98 89
6.062000 118 26 98 89
6.064000 118 26 98 89
6.066000 118 26 98 89
6.068000 118 26 97 89
6.070000 118 26 98 89
6.072000 118 26 98 89
6.074000 119 26 97 89
6.076000 119 26 97 89
6.078000 119 26 97 89
6.080000 122 26 97 89
6.082000 122 26 97 89
6.084000 120 26 96 89
6.086000 120 26 96 89
6.088000 120 26 96 89
6.090000 120 26 96 89
6.092000 120 26 96 89
6.094000 119 26 97 89
6.096000 123 26 97 89
6.098000 123 30 97 88
6.100000 123 30 97 88
6.102000 123 30 97 88
6.104000 123 30 97 88
6.106000 123 30 97 88
6.108000 123 30 97 89
6.110000 123 30 97 89
6.112000 123 30 97 89
6.114000 123 30 97 89
6.116000 123 30 97 89
6.118000 123 30 97 88
6.120000 124 31 96 88
6.122000 124 31 95 87
6.124000 125 31 94 87
6.126000 125 31 94 87
6.128000 125 31 94 87
6.130000 126 31 92 86
6.132000 126 31 92 86
6.134000 126 31 92 86
6.136000 126 32 92 85
6.138000 127 32 91 85
6.140000 127 32 91 85
6.142000 127 32 91 85
6.144000 127 32 91 85
6.146000 128 32 89 84
6.148000 128 32 89 84
6.150000 128 32 89 84
6.152000 128 32 89 84
6.154000 128 32 89 84
6.156000 128 32 89 84
6.158000 129 32 88 84
6.160000 129 32 88 84
6.162000 129 34 88 83
6.164000 129 34 88 83
6.166000 129 34 88 83
6.168000 129 34 88 83
6.170000 129 34 88 83
6.172000 129 34 88 83
6.174000 130 34 86 82
6.176000 130 34 86 82
6.178000 130 34 86 82
6.180000 130 34 86 82
6.182000 127 34 86 82
6.184000 127 34 86 82
6.186000 126 34 86 82
6.188000 126 34 86 82
6.190000 126 34 86 82
6.192000 126 34 86 82
6.194000 126 37 86 82
6.196000 126 37 86 82
6.198000 126 37 86 82
6.200000 126 37 86 82
6.202000 127 37 85 82
6.204000 127 37 85 82
6.206000 127 37 85 82
6.208000 127 37 85 82
6.210000 127 37 85 82
6.212000 127 37 85 82
6.214000 127 37 85 82
6.216000 127 37 85 82
6.218000 127 38 85 81
6.220000 128 38 85 81
6.222000 127 38 86 81
6.224000 127 38 86 81
6.226000 126 38 87 81
6.228000 126 38 87 81
6.230000 126 39 87 80
6.232000 125 39 88 80
6.234000 125 39 88 80
6.236000 125 39 88 79
6.238000 125 39 88 79
6.240000 125 39 88 79
6.242000 124 39 89 79
6.244000 124 39 89 79
6.246000 124 40 88 78
6.248000 122 40 89 78
6.250000 122 40 89 78
6.252000 122 40 89 78
6.254000 122 40 89 78
6.256000 119 40 89 78
6.258000 119 40 89 78
6.260000 119 44 89 78
6.262000 119 44 89 77
6.264000 119 44 89 77
6.266000 119 44 89 77
6.268000 119 44 89 77
6.270000 118 44 90 77
6.272000 117 44 90 77
6.274000 117 45 90 76
6.276000 117 45 90 76
6.278000 117 45 90 76
6.280000 117 45 90 76
6.282000 114 45 90 76
6.284000 114 45 90 76
6.286000 114 45 90 76
6.288000 114 45 90 76
6.290000 114 45 90 76
6.292000 114 45 90 76
6.294000 114 49 90 76
6.296000 113 49 91 76
6.298000 113 49 90 76
6.300000 113 49 90 76
6.302000 113 49 90 76
6.304000 113 49 90 76
6.306000 113 49 90 76
6.308000 109 49 91 76
6.310000 109 49 91 76
6.312000 109 49 91 76
6.314000 109 49 91 76
6.316000 109 49 91 76
6.318000 109 49 91 76
6.320000 109 50 91 75
6.322000 107 49 93 75
6.324000 107 49 93 75
6.326000 106 49 94 75
6.328000 105 49 95 75
6.330000 105 48 95 76
6.332000 104 51 96 76
6.334000 103 51 95 76
6.336000 99 51 97 76
6.338000 99 50 97 77
6.340000 99 50 97 76
6.342000 98 50 98 76
6.344000 98 50 98 76
6.346000 97 49 99 77
6.348000 97 51 99 77
6.350000 97 51 99 77
6.352000 95 51 99 77
6.354000 92 51 100 77
6.356000 92 51 100 77
6.358000 92 51 100 77
6.360000 91 51 101 77
6.362000 91 51 101 77
6.364000 91 51 101 77
6.366000 91 51 101 77
6.368000 91 52 101 77
6.370000 90 52 102 77
6.372000 90 52 102 77
6.374000 86 51 102 78
6.376000 86 51 102 78
6.378000 86 54 102 78
6.380000 85 54 103 78
6.382000 85 54 103 78
6.384000 85 54 103 78
6.386000 85 54 103 78
6.388000 81 54 103 78
6.390000 81 54 103 78
6.392000 81 54 103 78
6.394000 81 54 103 78
6.396000 80 55 104 77
6.398000 80 55 104 77
6.400000 80 55 104 77
6.402000 80 58 104 78
6.404000 80 58 104 78
6.406000 80 58 104 78
6.408000 80 58 104 78
6.410000 80 58 103 78
6.412000 79 58 104 78
6.414000 76 58 104 78
6.416000 76 58 104 78
6.418000 76 58 103 78
6.420000 75 58 105 78
6.422000 74 56 106 81
6.424000 74 56 106 82
6.426000 73 55 107 84
6.428000 73 54 108 85
6.430000 73 53 108 86
6.432000 72 53 109 88
6.434000 72 52 109 88
6.436000 69 51 110 90
6.438000 69 52 110 91
6.440000 69 52 110 91
6.442000 67 51 111 93
6.444000 67 51 111 93
6.446000 67 52 111 95
6.448000 67 52 111 95
6.450000 67 52 111 95
6.452000 66 51 112 97
6.454000 65 51 112 97
6.456000 62 53 113 98
6.458000 62 53 113 98
6.460000 62 52 113 99
6.462000 62 52 113 100
6.464000 62 52 113 100
6.466000 62 52 113 100
6.468000 62 53 113 100
6.470000 61 52 114 102
6.472000 60 52 114 102
6.474000 60 52 114 102
6.476000 60 52 114 102
6.478000 60 55 114 102
6.480000 57 54 114 104
6.482000 57 54 114 104
6.484000 57 54 115 104
6.486000 57 54 115 104
6.488000 57 54 115 104
6.490000 56 54 115 105
6.492000 56 54 115 105
6.494000 56 54 115 105
6.496000 56 53 115 106
6.498000 56 53 115 106
6.500000 56 53 115 106
6.502000 56 54 115 106
6.504000 56 54 115 106
6.506000 56 53 116 107
6.508000 52 57 116 107
6.510000 52 57 116 107
6.512000 52 57 116 107
6.514000 52 57 116 107
6.516000 52 57 116 107
6.518000 52 57 116 107
6.520000 52 56 117 110
6.522000 51 56 117 110
6.524000 51 56 117 110
6.526000 51 56 117 110
6.528000 51 57 117 109
6.530000 50 57 118 110
6.532000 50 57 118 110
6.534000 50 57 118 110
6.536000 50 57 117 110
6.538000 50 60 117 110
6.540000 48 60 118 110
6.542000 46 60 117 110
6.544000 46 60 117 110
6.546000 45 60 118 110
6.548000 45 60 118 110
6.550000 45 60 118 110
6.552000 45 60 118 110
6.554000 45 60 118 110
6.556000 45 60 118 110
6.558000 45 60 118 110
6.560000 45 60 118 110
6.562000 45 60 117 110
6.564000 45 60 117 110
6.566000 45 60 117 110
6.568000 44 63 117 109
6.570000 44 63 117 109
6.572000 44 63 117 109
6.574000 40 63 118 110
6.576000 40 63 118 110
6.578000 40 63 118 110
6.580000 40 63 118 110
6.582000 40 63 118 110
6.584000 40 64 118 109
6.586000 40 64 118 109
6.588000 40 64 118 110
6.590000 40 64 118 110
6.592000 40 64 118 110
6.594000 40 64 118 110
6.596000 40 64 117 110
6.598000 40 64 117 110
6.600000 36 64 118 110
6.602000 36 64 118 110
6.604000 36 64 118 110
6.606000 36 64 118 110
6.608000 36 64 118 110
6.610000 36 64 118 110
6.612000 36 64 118 110
6.614000 36 64 118 110
6.616000 36 64 117 110
6.618000 36 64 118 110
6.620000 38 60 116 115
6.622000 38 61 115 113
6.624000 38 61 114 112
6.626000 38 62 114 111
6.628000 38 62 114 110
6.630000 38 63 113 108
6.632000 38 63 113 108
6.634000 38 64 113 106
6.636000 37 64 114 106
6.638000 35 65 113 104
6.640000 35 65 113 104
6.642000 33 65 113 103
6.644000 33 66 113 102
6.646000 33 66 112 101
6.648000 33 66 112 101
6.650000 33 67 112 100
6.652000 33 67 112 99
6.654000 33 67 112 99
6.656000 33 67 112 99
6.658000 33 68 111 97
6.660000 33 68 111 97
6.662000 32 68 112 97
6.664000 32 68 112 97
6.666000 32 69 112 95
6.668000 32 69 112 95
6.670000 32 69 112 95
6.672000 32 69 112 95
6.674000 32 69 111 94
6.676000 32 69 111 94
6.678000 32 70 111 93
6.680000 32 70 111 93
6.682000 32 70 111 93
6.684000 31 70 111 93
6.686000 28 70 111 92
6.688000 28 70 111 92
6.690000 28 70 111 92
6.692000 28 70 111 92
6.694000 28 71 111 91
6.696000 28 71 111 91
6.698000 28 71 111 91
6.700000 28 71 111 91
6.702000 28 71 110 90
6.704000 28 71 110 90
6.706000 28 71 110 90
6.708000 28 71 110 90
6.710000 28 71 110 90
6.712000 28 71 110 90
6.714000 28 71 110 90
6.716000 28 71 110 90
6.718000 28 71 110 90
6.720000 27 73 112 87
6.722000 27 74 112 85
6.724000 27 75 112 83
6.726000 27 75 112 82
6.728000 27 76 112 80
6.730000 27 76 111 79
6.732000 27 77 111 77
6.734000 27 77 111 77
6.736000 27 78 111 75
6.738000 27 78 111 74
6.740000 27 79 111 73
6.742000 27 79 111 72
6.744000 27 80 111 70
6.746000 27 80 110 70
6.748000 27 80 110 69
6.750000 25 81 111 68
6.752000 25 81 111 67
6.754000 25 81 111 67
6.756000 26 80 110 66
6.758000 26 81 110 65
6.760000 26 81 110 64
6.762000 26 81 110 64
6.764000 26 81 110 64
6.766000 26 82 110 63
6.768000 26 82 110 62
6.770000 26 82 110 62
6.772000 26 83 110 61
6.774000 26 83 110 61
6.776000 26 80 110 60
6.778000 26 80 110 60
6.780000 26 80 110 60
6.782000 26 80 110 60
6.784000 27 81 109 59
6.786000 27 81 109 58
6.788000 27 81 109 58
6.790000 27 81 109 58
6.792000 27 81 109 58
6.794000 27 81 109 58
6.796000 27 81 109 57
6.798000 27 81 109 57
6.800000 27 82 109 56
6.802000 27 82 109 56
6.804000 27 82 109 56
6.806000 27 82 109 56
6.808000 27 82 109 56
6.810000 27 82 109 56
6.812000 27 82 109 56
6.814000 27 82 109 55
6.816000 27 82 109 55
6.818000 27 82 109 55
6.820000 28 80 109 60
6.822000 28 79 109 61
6.824000 28 79 108 60
6.826000 29 79 107 60
6.828000 29 79 107 59
6.830000 29 79 106 59
6.832000 28 79 106 59
6.834000 29 79 106 58
6.836000 30 79 105 58
6.838000 30 79 104 58
6.840000 30 79 104 57
6.842000 30 79 104 57
6.844000 30 79 104 57
6.846000 31 79 102 56
6.848000 31 79 102 56
6.850000 31 79 102 56
6.852000 31 79 102 56
6.854000 31 79 102 56
6.856000 31 79 102 55
6.858000 31 79 101 55
6.860000 31 79 101 55
6.862000 32 79 100 55
6.864000 32 79 100 55
6.866000 32 79 100 55
6.868000 32 79 100 54
6.870000 32 79 100 54
6.872000 32 79 100 54
6.874000 32 79 99 54
6.876000 32 79 99 54
6.878000 32 79 99 54
6.880000 32 79 99 54
6.882000 32 78 99 54
6.884000 32 78 99 54
6.886000 32 78 99 54
6.888000 32 78 99 54
6.890000 36 78 98 53
6.892000 36 78 98 53
6.894000 36 78 98 53
6.896000 36 78 98 53
6.898000 36 75 98 53
6.900000 36 75 98 53
6.902000 36 75 98 53
6.904000 36 75 98 53
6.906000 36 75 98 53
6.908000 36 75 98 53
6.910000 36 75 98 53
6.912000 37 75 97 52
6.914000 37 75 97 52
6.916000 37 75 97 52
6.918000 37 75 97 52
6.920000 37 72 98 58
6.922000 37 71 99 61
6.924000 37 71 99 62
6.926000 37 70 99 63
6.928000 37 69 99 64
6.930000 37 69 99 65
6.932000 37 69 99 65
6.934000 37 68 99 66
6.936000 40 68 98 67
6.938000 40 68 98 67
6.940000 40 67 98 69
6.942000 40 67 98 69
6.944000 40 67 98 69
6.946000 39 64 98 71
6.948000 39 64 98 71
6.950000 39 64 98 71
6.952000 42 64 98 72
6.954000 42 64 98 72
6.956000 42 64 98 72
6.958000 42 64 98 73
6.960000 42 64 98 73
6.962000 42 61 98 74
6.964000 42 61 98 74
6.966000 42 61 98 74
6.968000 42 60 98 75
6.970000 42 60 98 75
6.972000 42 60 98 75
6.974000 42 60 98 76
6.976000 42 60 98 76
6.978000 43 59 97 76
6.980000 43 59 97 76
6.982000 43 59 97 76
6.984000 43 59 97 76
6.986000 43 59 97 77
6.988000 43 59 97 77
6.990000 43 58 97 78
6.992000 43 58 97 78
6.994000 43 58 97 78
6.996000 43 58 97 78
6.998000 46 54 98 78
7.000000 46 54 98 78
7.002000 46 54 98 79
7.004000 46 54 98 79
7.006000 46 54 98 79
7.008000 46 54 98 79
7.010000 47 54 97 79
7.012000 47 54 97 79
7.014000 47 54 97 79
7.016000 47 54 97 79
7.018000 47 54 97 79
7.020000 47 54 97 81
7.022000 46 53 98 81
7.024000 46 53 98 81
7.026000 46 53 98 81
7.028000 46 53 98 81
7.030000 46 53 98 81
7.032000 46 53 98 81
7.034000 46 50 98 81
7.036000 45 51 99 80
7.038000 45 51 99 80
7.040000 45 51 99 80
7.042000 45 51 99 80
7.044000 47 51 99 80
7.046000 47 51 99 80
7.048000 47 51 99 80
7.050000 47 51 99 80
7.052000 47 51 99 80
7.054000 47 51 99 80
7.056000 47 51 100 80
7.058000 47 51 100 80
7.060000 49 51 99 80
7.062000 48 52 100 79
7.064000 48 52 100 79
7.066000 48 52 100 79
7.068000 48 52 100 79
7.070000 48 52 100 79
7.072000 48 52 100 79
7.074000 48 52 100 79
7.076000 48 52 100 79
7.078000 48 52 100 79
7.080000 48 52 100 79
7.082000 48 52 100 79
7.084000 48 52 100 79
7.086000 48 52 100 79
7.088000 48 52 100 79
7.090000 48 52 100 79
7.092000 48 52 100 79
7.094000 48 52 100 79
7.096000 48 52 100 79
7.098000 48 52 100 79
7.100000 51 52 101 79
7.102000 51 52 101 79
7.104000 51 52 101 79
7.106000 51 52 101 79
7.108000 51 52 101 79
7.110000 51 52 101 79
7.112000 51 52 101 79
7.114000 52 52 100 79
7.116000 52 52 100 79
7.118000 52 52 100 79
7.120000 52 53 101 79
7.122000 52 52 101 80
7.124000 52 52 101 80
7.126000 52 52 102 80
7.128000 52 52 102 80
7.130000 52 52 102 80
7.132000 52 52 102 80
7.134000 52 52 102 80
7.136000 53 52 102 80
7.138000 53 52 102 80
7.140000 53 52 102 80
7.142000 53 52 102 80
7.144000 53 52 102 80
7.146000 53 52 103 81
7.148000 55 52 103 81
7.150000 55 52 103 81
7.152000 55 52 103 81
7.154000 55 50 103 80
7.156000 55 49 103 81
7.158000 57 49 103 81
7.160000 57 49 103 81
7.162000 58 49 103 81
7.164000 58 49 103 81
7.166000 58 48 103 81
7.168000 58 48 103 81
7.170000 58 49 103 81
7.172000 58 49 103 81
7.174000 58 49 103 81
7.176000 58 49 103 81
7.178000 58 49 103 81
7.180000 58 48 103 81
7.182000 58 48 103 81
7.184000 58 48 103 81
7.186000 58 48 103 81
7.188000 58 48 103 81
7.190000 58 48 104 81
7.192000 59 48 103 81
7.194000 59 48 103 81
7.196000 62 48 104 81
7.198000 62 48 104 81
7.200000 62 48 104 81
7.202000 62 48 104 81
7.204000 62 48 104 81
7.206000 62 48 104 81
7.208000 62 48 104 81
7.210000 62 48 104 81
7.212000 62 48 104 81
7.214000 62 48 104 81
7.216000 62 48 104 81
7.218000 62 48 104 81
7.220000 63 48 104 82
7.222000 63 48 104 82
7.224000 63 48 104 82
7.226000 63 48 104 82
7.228000 63 48 104 82
7.230000 63 48 104 82
7.232000 63 48 104 82
7.234000 63 48 104 82
7.236000 66 48 103 82
7.238000 66 48 103 82
7.240000 67 47 104 82
7.242000 67 47 104 82
7.244000 67 47 104 82
7.246000 68 46 103 82
7.248000 68 46 103 82
7.250000 68 46 103 82
7.252000 68 46 103 82
7.254000 68 46 103 82
7.256000 68 46 103 82
7.258000 68 46 103 82
7.260000 68 46 103 82
7.262000 69 46 103 82
7.264000 69 46 103 82
7.266000 72 46 103 82
7.268000 72 46 103 82
7.270000 72 46 103 82
7.272000 72 46 103 82
7.274000 72 46 103 82
7.276000 72 46 103 82
7.278000 72 46 103 82
7.280000 72 46 103 82
7.282000 72 46 103 82
7.284000 72 46 103 82
7.286000 76 46 103 82
7.288000 76 46 103 82
7.290000 76 46 103 82
7.292000 76 46 103 82
7.294000 76 46 103 82
7.296000 76 46 103 82
7.298000 76 46 103 82
7.300000 76 46 103 82
7.302000 76 46 103 82
7.304000 76 46 103 82
7.306000 77 45 103 82
7.308000 77 45 103 82
7.310000 80 45 103 82
7.312000 80 45 103 82
7.314000 80 45 103 82
7.316000 80 45 103 82
7.318000 80 45 103 82
7.320000 81 46 103 82
7.322000 81 46 103 81
7.324000 81 46 103 81
7.326000 81 47 103 80
7.328000 81 47 103 80
7.330000 85 47 102 79
7.332000 85 47 102 79
7.334000 85 47 102 79
7.336000 86 48 102 78
7.338000 86 48 102 78
7.340000 86 48 102 78
7.342000 86 48 102 78
7.344000 86 48 102 78
7.346000 87 49 102 76
7.348000 87 49 102 76
7.350000 91 49 102 76
7.352000 91 49 102 76
7.354000 91 49 102 76
7.356000 91 49 102 76
7.358000 91 49 102 76
7.360000 91 49 102 76
7.362000 91 47 102 75
7.364000 91 47 102 75
7.366000 91 47 102 75
7.368000 91 47 102 75
7.370000 93 47 101 75
7.372000 95 47 102 75
7.374000 96 47 101 74
7.376000 96 47 101 74
7.378000 96 47 101 74
7.380000 96 47 101 74
7.382000 96 47 101 74
7.384000 96 47 101 74
7.386000 96 47 101 74
7.388000 96 47 101 74
7.390000 96 47 101 74
7.392000 99 47 102 74
7.394000 100 47 101 74
7.396000 100 47 101 74
7.398000 100 47 101 74
7.400000 100 47 101 74
7.402000 100 47 101 73
7.404000 100 47 101 73
7.406000 100 47 101 73
7.408000 104 47 101 73
7.410000 104 47 101 73
7.412000 104 47 101 73
7.414000 104 47 101 73
7.416000 104 47 101 73
7.418000 104 47 101 73
7.420000 105 48 101 72
7.422000 106 48 99 72
7.424000 106 48 99 72
7.426000 107 48 98 72
7.428000 107 48 98 72
7.430000 108 48 97 72
7.432000 108 48 97 72
7.434000 108 48 97 72
7.436000 111 48 96 72
7.438000 112 48 95 72
7.440000 112 48 95 72
7.442000 114 48 95 72
7.444000 114 48 95 72
7.446000 115 48 93 72
7.448000 115 48 93 72
7.450000 115 48 93 72
7.452000 115 48 93 72
7.454000 116 48 92 72
7.456000 116 48 92 72
7.458000 118 48 92 72
7.460000 118 48 92 72
7.462000 121 48 91 72
7.464000 121 48 91 72
7.466000 121 48 91 72
7.468000 121 48 91 71
7.470000 121 48 91 72
7.472000 121 48 91 72
7.474000 122 48 90 72
7.476000 122 48 90 72
7.478000 123 48 90 72
7.480000 123 48 90 72
7.482000 123 48 90 72
7.484000 126 48 90 72
7.486000 126 48 90 72
7.488000 126 48 90 72
7.490000 127 48 89 72
7.492000 127 48 89 72
7.494000 127 48 89 71
7.496000 127 48 89 72
7.498000 127 48 89 72
7.500000 127 48 89 72
7.502000 128 48 88 72
7.504000 131 48 89 72
7.506000 131 48 89 72
7.508000 131 48 89 72
7.510000 131 48 89 72
7.512000 131 48 89 72
7.514000 131 48 89 72
7.516000 131 48 89 72
7.518000 132 48 88 71
7.520000 133 49 87 71
7.522000 133 49 87 71
7.524000 134 49 86 71
7.526000 134 49 86 71
7.528000 135 49 85 71
7.530000 135 49 85 71
7.532000 138 49 85 71
7.534000 138 49 85 71
7.536000 139 49 84 72
7.538000 139 49 84 72
7.540000 139 49 84 72
7.542000 141 49 84 72
7.544000 141 49 84 72
7.546000 142 49 83 72
7.548000 142 49 83 72
7.550000 142 49 83 72
7.552000 142 50 83 73
7.554000 142 50 83 73
7.556000 143 50 82 73
7.558000 143 50 82 73
7.560000 143 50 82 73
7.562000 143 49 83 73
7.564000 143 49 83 73
7.566000 146 49 82 73
7.568000 148 48 82 74
7.570000 148 49 82 73
7.572000 148 49 82 73
7.574000 148 49 82 73
7.576000 148 49 82 73
7.578000 148 49 82 74
7.580000 148 49 82 74
7.582000 148 49 82 74
7.584000 149 49 81 74
7.586000 149 53 81 73
7.588000 149 53 81 73
7.590000 150 53 81 73
7.592000 150 53 81 73
7.594000 150 53 81 73
7.596000 150 53 81 73
7.598000 150 53 81 73
7.600000 153 53 81 73
7.602000 153 53 81 73
7.604000 153 53 81 73
7.606000 153 53 81 73
7.608000 153 53 81 73
7.610000 153 53 81 73
7.612000 154 53 80 73
7.614000 154 53 80 73
7.616000 154 53 80 73
7.618000 154 53 80 73
7.620000 151 52 83 75
7.622000 151 52 82 75
7.624000 152 52 82 75
7.626000 152 52 82 75
7.628000 153 52 81 75
7.630000 153 52 81 75
7.632000 153 52 81 75
7.634000 154 52 80 75
7.636000 154 52 80 76
7.638000 154 52 80 76
7.640000 155 52 79 76
7.642000 155 54 79 76
7.644000 155 54 79 76
7.646000 156 54 79 76
7.648000 156 54 79 76
7.650000 156 54 79 76
7.652000 158 54 78 77
7.654000 158 56 78 76
7.656000 158 56 78 76
7.658000 158 56 78 76
7.660000 158 56 78 76
7.662000 159 56 77 77
7.664000 159 56 77 77
7.666000 159 56 77 77
7.668000 159 56 77 77
7.670000 159 56 77 77
7.672000 159 56 77 77
7.674000 159 56 77 77
7.676000 159 56 77 77
7.678000 159 56 77 77
7.680000 159 56 77 77
7.682000 159 56 77 77
7.684000 159 56 77 77
7.686000 159 56 77 77
7.688000 159 56 77 77
7.690000 160 56 76 77
7.692000 160 56 76 77
7.694000 163 60 76 76
7.696000 163 60 76 77
7.698000 163 60 76 77
7.700000 163 60 76 77
7.702000 164 60 76 77
7.704000 164 60 76 77
7.706000 164 60 76 77
7.708000 164 60 76 77
7.710000 164 60 76 77
7.712000 164 60 76 77
7.714000 164 60 76 77
7.716000 164 60 76 77
7.718000 164 60 76 77
7.720000 165 61 75 84
7.722000 164 62 76 83
7.724000 163 62 77 84
7.726000 163 62 76 83
7.728000 163 62 76 84
7.730000 162 63 77 83
7.732000 162 63 76 83
7.734000 162 63 76 83
7.736000 162 63 76 83
7.738000 161 63 77 83
7.740000 161 63 77 83
7.742000 161 66 76 82
7.744000 161 66 76 82
7.746000 160 66 77 81
7.748000 160 66 77 81
7.750000 160 66 77 81
7.752000 160 66 76 81
7.754000 160 68 76 82
7.756000 160 68 76 82
7.758000 159 68 77 82
7.760000 159 68 77 82
7.762000 159 68 77 82
7.764000 159 68 77 82
7.766000 159 68 77 82
7.768000 159 68 77 82
7.770000 159 68 76 82
7.772000 159 68 76 82
7.774000 158 70 77 80
7.776000 158 70 77 80
7.778000 158 70 77 80
7.780000 158 73 77 81
7.782000 158 73 77 81
7.784000 158 73 77 81
7.786000 158 73 77 81
7.788000 158 73 77 81
7.790000 158 73 77 81
7.792000 158 73 77 81
7.794000 158 73 77 80
7.796000 158 73 76 81
7.798000 158 73 76 81
7.800000 158 73 76 81
7.802000 157 73 77 81
7.804000 157 73 77 81
7.806000 157 77 77 81
7.808000 157 77 77 81
7.810000 157 77 77 81
7.812000 157 77 77 81
7.814000 157 77 77 81
7.816000 157 77 77 81
7.818000 157 77 77 81
7.820000 158 78 76 83
7.822000 158 78 77 84
7.824000 158 78 77 84
7.826000 158 78 78 85
7.828000 157 78 78 85
7.830000 157 78 78 85
7.832000 157 78 78 85
7.834000 157 78 78 85
7.836000 157 78 79 86
7.838000 157 80 79 86
7.840000 156 80 80 86
7.842000 156 80 80 86
7.844000 156 80 80 86
7.846000 156 79 80 88
7.848000 156 79 80 88
7.850000 156 79 80 88
7.852000 156 82 80 87
7.854000 156 82 80 87
7.856000 155 82 81 87
7.858000 155 82 81 87
7.860000 155 82 81 87
7.862000 155 82 82 88
7.864000 154 83 81 88
7.866000 154 83 81 88
7.868000 154 83 81 88
7.870000 154 83 82 88
7.872000 154 83 82 88
7.874000 154 86 82 88
7.876000 154 86 82 88
7.878000 154 86 82 88
7.880000 154 86 82 88
7.882000 154 86 82 88
7.884000 154 86 82 89
7.886000 154 86 82 89
7.888000 154 86 82 89
7.890000 154 86 82 89
7.892000 150 86 83 89
7.894000 150 86 83 89
7.896000 150 86 83 89
7.898000 154 86 83 89
7.900000 154 86 83 89
7.902000 150 90 83 89
7.904000 150 90 83 89
7.906000 150 90 83 89
7.908000 150 90 83 89
7.910000 150 90 83 89
7.912000 150 90 83 89
7.914000 150 90 83 89
7.916000 150 90 83 89
7.918000 150 90 83 89
7.920000 150 95 85 85
7.922000 149 95 86 83
7.924000 149 94 86 83
7.926000 149 95 86 83
7.928000 149 94 86 83
7.930000 148 94 86 83
7.932000 147 94 86 82
7.934000 147 94 86 82
7.936000 147 96 86 82
7.938000 147 96 86 82
7.940000 147 96 86 81
7.942000 144 95 86 82
7.944000 144 95 86 81
7.946000 144 95 86 81
7.948000 144 95 86 81
7.950000 144 95 86 80
7.952000 144 97 86 80
7.954000 144 97 86 80
7.956000 144 96 86 81
7.958000 144 96 86 81
7.960000 144 96 86 80
7.962000 143 97 86 80
7.964000 143 97 86 80
7.966000 141 97 86 80
7.968000 141 97 86 80
7.970000 140 97 86 80
7.972000 140 97 86 79
7.974000 140 97 86 79
7.976000 140 97 86 79
7.978000 140 97 86 79
7.980000 140 96 86 80
7.982000 139 96 86 80
7.984000 139 96 86 79
7.986000 139 99 86 80
7.988000 139 99 86 79
7.990000 139 99 86 79
7.992000 139 99 86 79
7.994000 139 99 86 79
7.996000 139 99 86 79
7.998000 139 100 86 79
8.000000 139 100 86 78
8.002000 135 100 86 78
8.004000 135 100 86 78
8.006000 135 99 86 79
8.008000 135 99 86 79
8.010000 135 99 86 79
8.012000 135 99 86 79
8.014000 135 99 86 79
8.016000 135 99 86 79
8.018000 135 99 86 79
8.020000 135 99 88 87
8.022000 134 98 90 88
8.024000 134 98 90 88
8.026000 134 98 90 87
8.028000 133 98 91 87
8.030000 133 98 91 87
8.032000 132 98 92 86
8.034000 132 98 92 86
8.036000 129 98 92 86
8.038000 129 98 92 86
8.040000 129 98 92 86
8.042000 128 102 93 85
8.044000 126 102 94 85
8.046000 126 102 94 85
8.048000 126 102 94 85
8.050000 125 102 95 85
8.052000 125 102 95 84
8.054000 125 102 95 84
8.056000 125 102 95 84
8.058000 125 102 95 84
8.060000 124 102 96 84
8.062000 123 102 95 84
8.064000 123 102 95 84
8.066000 120 102 96 84
8.068000 120 102 95 84
8.070000 119 102 97 83
8.072000 119 102 97 83
8.074000 119 102 97 83
8.076000 119 102 97 83
8.078000 119 102 97 83
8.080000 119 102 97 83
8.082000 119 102 97 83
8.084000 119 102 97 83
8.086000 119 102 97 83
8.088000 118 102 98 83
8.090000 118 102 98 83
8.092000 118 102 98 83
8.094000 118 102 97 83
8.096000 117 102 98 82
8.098000 117 102 98 82
8.100000 117 102 98 82
8.102000 114 102 98 82
8.104000 114 102 98 82
8.106000 114 102 98 82
8.108000 114 102 98 82
8.110000 114 102 98 82
8.112000 114 102 98 82
8.114000 113 102 99 82
8.116000 113 102 99 82
8.118000 113 102 99 82
8.120000 113 102 99 82
8.122000 111 101 100 82
8.124000 111 101 100 82
8.126000 110 101 100 82
8.128000 109 100 101 83
8.130000 109 100 101 83
8.132000 108 100 102 83
8.134000 108 100 102 83
8.136000 107 100 102 83
8.138000 107 100 102 83
8.140000 107 99 102 84
8.142000 106 99 103 84
8.144000 106 99 103 84
8.146000 103 99 103 83
8.148000 103 99 103 83
8.150000 103 99 103 83
8.152000 103 99 103 83
8.154000 103 99 103 83
8.156000 102 98 104 84
8.158000 100 98 104 84
8.160000 99 98 105 84
8.162000 99 98 104 84
8.164000 99 98 104 84
8.166000 99 98 104 84
8.168000 99 98 104 84
8.170000 98 98 105 84
8.172000 98 98 105 84
8.174000 98 98 105 84
8.176000 98 98 105 84
8.178000 98 98 105 84
8.180000 97 98 106 84
8.182000 97 98 106 84
8.184000 97 97 106 85
8.186000 97 97 106 85
8.188000 97 97 106 85
8.190000 97 97 105 85
8.192000 97 97 105 85
8.194000 97 97 105 85
8.196000 93 97 106 85
8.198000 92 97 106 85
8.200000 92 97 106 85
8.202000 92 97 106 85
8.204000 92 97 106 85
8.206000 92 97 106 85
8.208000 92 97 106 85
8.210000 92 97 106 85
8.212000 92 97 106 85
8.214000 92 97 106 85
8.216000 92 97 106 85
8.218000 92 97 106 85
8.220000 91 97 107 85
8.222000 90 97 108 85
8.224000 90 97 108 85
8.226000 90 97 108 85
8.228000 90 97 108 85
8.230000 90 97 108 85
8.232000 90 97 108 85
8.234000 90 97 108 85
8.236000 90 97 108 85
8.238000 90 97 108 85
8.240000 90 97 108 85
8.242000 90 97 108 85
8.244000 88 97 109 85
8.246000 85 97 110 85
8.248000 85 97 110 85
8.250000 85 97 110 85
8.252000 85 97 110 85
8.254000 85 97 110 85
8.256000 85 97 110 85
8.258000 85 97 110 85
8.260000 85 97 110 85
8.262000 85 97 110 85
8.264000 85 97 110 85
8.266000 85 97 110 85
8.268000 85 97 110 85
8.270000 85 97 110 85
8.272000 85 97 110 85
8.274000 82 97 110 85
8.276000 82 97 110 84
8.278000 82 97 110 85
8.280000 81 97 110 85
8.282000 81 97 110 85
8.284000 81 97 110 85
8.286000 81 97 110 85
8.288000 81 97 110 85
8.290000 81 97 110 85
8.292000 81 97 110 85
8.294000 81 97 110 85
8.296000 81 97 110 85
8.298000 81 97 110 85
8.300000 81 97 110 85
8.302000 81 97 110 85
8.304000 81 97 110 85
8.306000 81 97 110 85
8.308000 77 97 111 85
8.310000 77 97 111 85
8.312000 77 97 111 85
8.314000 77 97 111 85
8.316000 77 97 110 85
8.318000 77 97 110 84
8.320000 77 98 111 84
8.322000 76 97 112 85
8.324000 75 96 113 86
8.326000 75 96 113 87
8.328000 74 96 114 87
8.330000 74 95 114 88
8.332000 72 95 114 89
8.334000 72 95 114 89
8.336000 71 94 115 90
8.338000 71 94 115 90
8.340000 71 94 115 90
8.342000 70 93 116 92
8.344000 70 93 116 92
8.346000 67 93 117 92
8.348000 67 93 117 92
8.350000 67 93 117 92
8.352000 67 92 117 94
8.354000 67 92 117 94
8.356000 66 92 118 94
8.358000 66 94 118 94
8.360000 66 94 118 95
8.362000 66 94 118 95
8.364000 66 94 118 95
8.366000 63 94 118 95
8.368000 63 94 118 95
8.370000 62 94 119 96
8.372000 62 94 119 96
8.374000 62 94 118 96
8.376000 62 94 118 96
8.378000 62 94 118 96
8.380000 61 94 119 96
8.382000 61 94 119 96
8.384000 60 93 120 97
8.386000 60 93 120 97
8.388000 60 93 120 98
8.390000 60 93 120 98
8.392000 60 93 120 98
8.394000 60 93 120 98
8.396000 60 93 120 98
8.398000 56 93 120 98
8.400000 56 93 120 98
8.402000 56 93 120 98
8.404000 56 93 120 98
8.406000 56 93 120 98
8.408000 56 93 120 99
8.410000 56 93 120 99
8.412000 55 93 121 99
8.414000 55 93 121 99
8.416000 55 93 121 99
8.418000 55 93 121 99
8.420000 55 91 124 102
8.422000 55 90 124 105
8.424000 54 90 125 106
8.426000 54 89 125 109
8.428000 53 89 126 110
8.430000 53 89 125 111
8.432000 53 89 125 112
8.434000 52 89 126 113
8.436000 52 88 126 115
8.438000 52 88 126 116
8.440000 50 88 126 116
8.442000 49 88 127 117
8.444000 47 88 127 118
8.446000 46 87 127 120
8.448000 46 87 127 120
8.450000 46 87 127 121
8.452000 46 87 127 122
8.454000 46 87 127 122
8.456000 45 87 128 123
8.458000 45 87 128 123
8.460000 45 87 128 124
8.462000 43 86 129 125
8.464000 43 86 129 126
8.466000 41 86 128 126
8.468000 40 86 129 126
8.470000 40 86 129 127
8.472000 40 86 129 127
8.474000 40 86 128 128
8.476000 40 86 128 128
8.478000 40 86 128 128
8.480000 40 86 128 129
8.482000 40 86 128 129
8.484000 39 86 129 129
8.486000 39 86 129 129
8.488000 39 86 129 130
8.490000 38 85 129 131
8.492000 38 85 130 131
8.494000 38 85 130 131
8.496000 38 85 130 132
8.498000 38 85 130 132
8.500000 38 85 130 132
8.502000 38 85 130 132
8.504000 35 85 129 132
8.506000 35 85 129 132
8.508000 35 85 129 133
8.510000 34 85 130 133
8.512000 34 85 130 133
8.514000 34 85 130 133
8.516000 34 85 130 133
8.518000 34 85 130 133
8.520000 34 85 130 136
8.522000 33 84 130 137
8.524000 33 84 130 137
8.526000 32 84 130 137
8.528000 32 84 130 137
8.530000 32 83 130 138
8.532000 31 83 131 138
8.534000 31 85 131 137
8.536000 27 85 130 137
8.538000 27 85 130 137
8.540000 27 85 130 138
8.542000 26 85 131 138
8.544000 26 85 131 138
8.546000 26 85 130 138
8.548000 26 85 130 138
8.550000 26 85 130 138
8.552000 25 86 131 139
8.554000 25 86 131 139
8.556000 25 86 131 139
8.558000 25 86 131 139
8.560000 25 86 131 139
8.562000 25 86 130 139
8.564000 25 86 130 139
8.566000 25 86 130 139
8.568000 25 86 130 139
8.570000 24 86 131 139
8.572000 24 86 131 139
8.574000 24 85 131 140
8.576000 24 85 131 140
8.578000 24 85 131 140
8.580000 23 85 131 140
8.582000 23 85 131 140
8.584000 23 85 131 140
8.586000 20 85 131 140
8.588000 20 85 131 140
8.590000 20 85 130 140
8.592000 20 85 130 140
8.594000 20 85 130 140
8.596000 19 85 131 140
8.598000 19 85 131 140
8.600000 19 85 131 140
8.602000 19 85 131 140
8.604000 19 85 131 140
8.606000 19 85 131 140
8.608000 19 85 131 140
8.610000 19 85 131 140
8.612000 19 85 131 140
8.614000 19 85 131 140
8.616000 19 85 131 140
8.618000 19 85 131 140
8.620000 19 85 132 144
8.622000 20 85 131 144
8.624000 20 84 131 145
8.626000 21 84 130 144
8.628000 21 84 129 144
8.630000 21 83 129 145
8.632000 21 83 129 145
8.634000 21 83 129 145
8.636000 20 82 128 145
8.638000 20 82 128 145
8.640000 20 82 128 145
8.642000 20 83 127 146
8.644000 20 81 127 146
8.646000 19 81 126 145
8.648000 19 81 126 145
8.650000 19 81 126 145
8.652000 19 80 126 146
8.654000 19 80 126 146
8.656000 19 80 125 146
8.658000 19 80 125 146
8.660000 19 80 125 146
8.662000 20 79 124 146
8.664000 20 79 124 146
8.666000 20 79 124 146
8.668000 20 79 124 146
8.670000 20 79 124 146
8.672000 20 79 124 146
8.674000 20 78 124 146
8.676000 20 78 124 146
8.678000 17 78 124 146
8.680000 17 78 123 146
8.682000 17 78 123 146
8.684000 17 77 123 147
8.686000 17 77 123 147
8.688000 17 77 123 147
8.690000 17 77 123 147
8.692000 17 77 123 147
8.694000 17 77 123 147
8.696000 17 77 123 147
8.698000 17 77 122 147
8.700000 17 74 122 146
8.702000 17 74 122 146
8.704000 17 74 122 146
8.706000 17 73 122 147
8.708000 17 73 122 147
8.710000 17 73 122 147
8.712000 17 73 122 147
8.714000 17 73 122 147
8.716000 17 73 122 147
8.718000 17 73 122 147
8.720000 18 73 121 147
8.722000 18 72 120 147
8.724000 18 71 120 147
8.726000 18 72 119 146
8.728000 19 71 118 146
8.730000 19 70 118 147
8.732000 19 70 117 146
8.734000 19 70 117 146
8.736000 19 69 117 147
8.738000 19 69 117 146
8.740000 20 69 116 146
8.742000 20 68 115 147
8.744000 20 68 115 146
8.746000 20 68 115 146
8.748000 20 66 115 146
8.750000 20 66 115 146
8.752000 20 66 114 145
8.754000 20 66 114 145
8.756000 21 65 113 146
8.758000 21 65 113 146
8.760000 21 65 113 146
8.762000 21 65 113 146
8.764000 21 65 113 146
8.766000 21 65 113 146
8.768000 21 65 113 146
8.770000 21 62 112 145
8.772000 21 62 112 145
8.774000 21 62 112 145
8.776000 21 62 112 145
8.778000 21 62 112 145
8.780000 21 61 112 146
8.782000 21 61 112 146
8.784000 22 61 111 146
8.786000 25 61 111 146
8.788000 25 61 111 145
8.790000 25 61 111 145
8.792000 25 61 111 145
8.794000 25 61 111 145
8.796000 25 61 111 145
8.798000 25 61 111 145
8.800000 25 61 111 145
8.802000 25 61 111 145
8.804000 25 61 111 145
8.806000 26 60 110 146
8.808000 26 60 110 146
8.810000 26 60 110 146
8.812000 26 60 110 146
8.814000 26 60 110 145
8.816000 26 60 110 145
8.818000 26 60 110 145
8.820000 27 60 109 145
8.822000 27 60 109 144
8.824000 27 60 109 143
8.826000 27 60 109 143
8.828000 28 60 108 143
8.830000 28 60 108 142
8.832000 28 60 108 142
8.834000 28 60 108 142
8.836000 28 60 108 142
8.838000 28 60 108 141
8.840000 29 60 107 141
8.842000 29 60 107 141
8.844000 29 60 107 141
8.846000 29 60 107 140
8.848000 29 60 107 140
8.850000 29 60 107 140
8.852000 29 60 107 140
8.854000 29 60 107 140
8.856000 32 60 107 140
8.858000 34 60 106 139
8.860000 31 60 107 139
8.862000 31 60 106 139
8.864000 31 60 106 139
