0.022628 137 130 12 11
0.024628 137 130 12 11
0.026628 137 130 12 11
0.028628 137 130 12 11
0.030628 137 131 12 11
0.032628 137 131 12 11
0.034628 137 131 12 11
0.036628 137 132 12 11
0.038628 137 132 12 12
0.040628 137 132 12 12
0.042628 137 132 12 12
0.044628 137 133 12 12
0.046628 137 133 12 12
0.048628 137 133 12 12
0.050628 137 134 12 12
0.052628 137 134 12 12
0.054628 137 134 12 13
0.056628 137 135 12 13
0.058628 137 135 12 13
0.060628 137 135 12 13
0.062628 137 135 12 13
0.064628 137 136 12 13
0.066628 137 136 12 13
0.068628 137 136 12 13
0.070628 136 137 12 14
0.072628 136 137 12 14
0.074628 136 137 12 14
0.076628 136 138 12 14
0.078628 136 138 12 14
0.080628 136 139 12 14
0.082628 136 139 12 14
0.084628 136 139 12 14
0.086628 136 140 12 14
0.088628 136 140 12 14
0.090628 136 140 12 14
0.092628 136 141 12 14
0.094628 136 141 12 14
0.096628 136 142 12 14
0.098628 136 142 12 14
0.100628 136 142 12 14
0.102628 136 143 12 14
0.104628 136 143 12 14
0.106628 136 144 12 14
0.108628 136 144 12 14
0.110628 136 144 12 14
0.112628 136 145 12 14
0.114628 136 145 12 14
0.116628 136 145 12 14
0.118628 136 146 12 15
0.120628 136 146 12 15
0.122628 136 146 12 15
0.124628 136 146 12 15
0.126628 136 146 12 15
0.128628 136 146 12 15
0.130628 136 146 12 15
0.132628 136 146 12 15
0.134628 136 147 12 16
0.136628 136 147 12 16
0.138628 136 147 12 16
0.140628 136 147 12 16
0.142628 136 147 12 16
0.144628 136 147 12 16
0.146628 136 147 12 16
0.148628 136 148 12 17
0.150628 136 148 12 17
0.152628 136 148 12 17
0.154628 136 148 12 17
0.156628 136 148 12 17
0.158628 136 148 12 17
0.160628 136 148 12 17
0.162628 136 148 12 17
0.164628 137 149 12 17
0.166628 137 149 12 17
0.168628 137 150 12 17
0.170628 137 151 12 17
0.172628 137 151 12 17
0.174628 137 152 12 17
0.176628 137 152 12 17
0.178628 137 153 12 17
0.180628 137 154 13 16
0.182628 137 154 13 16
0.184628 137 155 13 16
0.186628 137 156 13 16
0.188628 137 156 13 16
0.190628 137 157 13 16
0.192628 137 158 13 16
0.194628 137 158 13 16
0.196628 137 159 14 15
0.198628 137 159 14 15
0.200628 137 160 14 15
0.202628 137 161 14 15
0.204628 137 161 14 15
0.206628 137 162 14 15
0.208628 137 163 14 15
0.210628 137 163 14 15
0.212628 137 164 15 15
0.214628 137 165 15 15
0.216628 137 165 15 15
0.218628 137 166 15 15
0.220628 137 167 15 15
0.222628 137 167 15 15
0.224628 137 168 15 15
0.226628 137 169 15 15
0.228628 137 169 15 15
0.230628 137 170 15 15
0.232628 137 171 15 15
0.234628 137 171 15 15
0.236628 137 172 15 15
0.238628 137 173 15 15
0.240628 137 173 15 15
0.242628 137 174 15 15
0.244628 137 175 15 15
0.246628 137 175 15 15
0.248628 137 176 15 15
0.250628 137 177 15 15
0.252628 137 177 15 15
0.254628 137 178 15 15
0.256628 137 179 15 15
0.258628 137 179 15 15
0.260628 138 180 14 16
0.262628 138 181 14 16
0.264628 138 181 14 16
0.266628 138 182 14 16
0.268628 138 183 14 16
0.270628 138 183 14 17
0.272628 138 184 14 17
0.274628 138 185 14 17
0.276628 138 185 14 17
0.278628 138 186 14 17
0.280628 138 186 14 17
0.282628 139 187 14 18
0.284628 139 188 14 18
0.286628 139 188 14 18
0.288628 139 189 14 18
0.290628 139 190 14 18
0.292628 139 190 14 18
0.294628 139 191 14 19
0.296628 139 192 14 19
0.298628 139 192 14 19
0.300628 139 193 14 19
0.302628 139 193 14 19
0.304628 139 194 14 19
0.306628 140 195 13 19
0.308628 140 195 13 19
0.310628 140 195 13 19
0.312628 140 196 13 19
0.314628 140 196 13 18
0.316628 140 197 13 18
0.318628 140 197 13 18
0.320628 140 197 13 17
0.322628 140 198 13 17
0.324628 140 198 13 17
0.326628 140 198 13 16
0.328628 140 199 13 16
0.330628 140 199 12 16
0.332628 140 200 12 16
0.334628 140 200 12 15
0.336628 140 200 12 15
0.338628 140 201 12 15
0.340628 140 201 12 14
0.342628 140 201 12 14
0.344628 140 202 12 14
0.346628 140 202 12 13
0.348628 140 203 12 13
0.350628 140 203 12 13
0.352628 140 203 12 13
0.354628 140 203 12 12
0.356628 140 203 12 12
0.358628 140 202 12 12
0.360628 140 202 12 12
0.362628 140 201 12 12
0.364628 140 201 12 12
0.366628 140 201 12 12
0.368628 140 200 12 12
0.370628 139 200 12 12
0.372628 139 199 12 12
0.374628 139 199 12 12
0.376628 139 199 12 12
0.378628 139 198 12 12
0.380628 139 198 12 12
0.382628 139 197 12 12
0.384628 138 197 12 12
0.386628 138 196 12 12
0.388628 138 196 12 12
0.390628 138 196 12 12
0.392628 138 195 12 12
0.394628 138 195 12 12
0.396628 138 194 12 12
0.398628 138 194 12 12
0.400628 137 193 12 12
0.402628 137 193 12 12
0.404628 137 192 12 12
0.406628 137 192 12 12
0.408628 137 191 12 12
0.410628 137 191 12 12
0.412628 137 190 12 12
0.414628 137 190 12 12
0.416628 137 189 12 12
0.418628 137 188 12 12
0.420628 137 188 12 12
0.422628 137 187 12 12
0.424628 137 187 12 13
0.426628 137 186 12 13
0.428628 137 186 12 13
0.430628 137 185 12 13
0.432628 137 185 12 13
0.434628 137 184 12 13
0.436628 137 184 12 13
0.438628 137 183 12 13
0.440628 137 182 12 13
0.442628 137 182 12 13
0.444628 137 181 12 13
0.446628 137 181 12 13
0.448628 136 180 12 14
0.450628 136 180 12 14
0.452628 136 180 12 14
0.454628 136 180 12 14
0.456628 136 179 12 14
0.458628 136 179 12 14
0.460628 136 179 12 14
0.462628 136 179 12 14
0.464628 136 178 13 14
0.466628 136 178 13 14
0.468628 136 178 13 14
0.470628 136 178 13 14
0.472628 136 177 13 15
0.474628 136 177 13 15
0.476628 136 177 13 15
0.478628 136 177 13 15
0.480628 136 176 14 15
0.482628 136 176 14 15
0.484628 136 176 14 15
0.486628 136 176 14 15
0.488628 136 175 14 15
0.490628 136 175 14 15
0.492628 136 175 14 15
0.494628 136 175 14 15
0.496628 135 174 14 15
0.498628 135 174 14 15
0.500628 135 173 14 15
0.502628 135 173 14 15
0.504628 135 172 14 15
0.506628 135 172 14 14
0.508628 135 172 14 14
0.510628 135 171 14 14
0.512628 135 171 14 14
0.514628 135 170 14 14
0.516628 135 170 14 14
0.518628 135 169 14 13
0.520628 135 169 14 13
0.522628 135 169 14 13
0.524628 135 168 14 13
0.526628 135 168 14 13
0.528628 135 167 14 13
0.530628 135 167 14 12
0.532628 135 166 14 12
0.534628 135 166 14 12
0.536628 135 166 14 12
0.538628 135 165 14 12
0.540628 135 165 14 12
0.542628 134 164 13 12
0.544628 134 164 13 12
0.546628 134 164 13 12
0.548628 134 164 13 12
0.550628 134 163 13 12
0.552628 134 163 13 12
0.554628 134 163 13 12
0.556628 134 163 13 12
0.558628 134 162 13 12
0.560628 134 162 13 12
0.562628 134 162 13 12
0.564628 134 162 13 12
0.566628 134 161 12 13
0.568628 134 161 12 13
0.570628 134 161 12 13
0.572628 134 161 12 13
0.574628 134 160 12 13
0.576628 134 160 12 13
0.578628 134 160 12 13
0.580628 134 160 12 13
0.582628 134 159 12 13
0.584628 134 159 12 13
0.586628 134 159 12 13
0.588628 134 159 12 13
0.590628 133 158 12 13
0.592628 133 158 12 13
0.594628 133 158 12 13
0.596628 133 157 12 13
0.598628 133 157 12 13
0.600628 133 157 12 13
0.602628 133 157 12 13
0.604628 133 156 12 13
0.606628 133 156 12 13
0.608628 133 156 12 13
0.610628 133 155 12 13
0.612628 133 155 12 13
0.614628 133 155 12 13
0.616628 133 154 12 13
0.618628 133 154 12 13
0.620628 133 154 12 13
0.622628 133 154 12 13
0.624628 133 153 12 13
0.626628 133 153 12 13
0.628628 133 153 12 13
0.630628 133 152 12 13
0.632628 133 152 12 13
0.634628 133 152 12 13
0.636628 133 151 11 12
0.638628 133 151 11 12
0.640628 133 151 11 12
0.642628 133 151 11 12
0.644628 133 151 11 12
0.646628 133 151 11 12
0.648628 133 151 11 12
0.650628 133 151 11 12
0.652628 133 151 11 12
0.654628 133 151 11 12
0.656628 133 151 11 12
0.658628 133 151 11 12
0.660628 133 150 11 12
0.662628 133 150 11 12
0.664628 133 150 11 12
0.666628 133 150 11 12
0.668628 133 150 11 12
0.670628 133 150 11 12
0.672628 133 150 11 12
0.674628 133 150 11 12
0.676628 133 150 11 12
0.678628 133 150 11 12
0.680628 133 150 11 12
0.682628 133 150 11 12
0.684628 132 149 11 11
0.686628 132 149 11 11
0.688628 132 149 11 11
0.690628 132 149 11 11
0.692628 132 149 11 11
0.694628 132 149 11 11
0.696628 132 149 11 11
0.698628 132 149 11 11
0.700628 132 148 11 11
0.702628 132 148 11 11
0.704628 132 148 11 11
0.706628 132 148 11 11
0.708628 132 148 11 11
0.710628 132 148 11 11
0.712628 132 148 11 11
0.714628 132 148 11 11
0.716628 132 147 11 11
0.718628 132 147 11 11
0.720628 132 147 11 11
0.722628 132 147 11 11
0.724628 132 147 11 11
0.726628 132 147 11 11
0.728628 132 147 11 11
0.730628 132 147 11 11
0.732628 131 146 11 10
0.734628 131 146 11 10
0.736628 131 146 11 10
0.738628 131 146 11 10
0.740628 131 146 11 10
0.742628 131 146 11 10
0.744628 131 145 11 10
0.746628 131 145 11 10
0.748628 131 145 11 10
0.750628 131 145 11 10
0.752628 131 145 11 10
0.754628 131 144 11 10
0.756628 131 144 11 10
0.758628 131 144 11 10
0.760628 131 144 11 10
0.762628 131 144 11 10
0.764628 131 144 11 10
0.766628 131 143 11 10
0.768628 131 143 11 10
0.770628 131 143 11 10
0.772628 131 143 11 10
0.774628 131 143 11 10
0.776628 131 143 11 10
0.778628 131 143 10 9
0.780628 131 143 10 9
0.782628 131 143 10 9
0.784628 131 143 10 9
0.786628 131 143 10 9
0.788628 131 143 10 9
0.790628 131 143 10 9
0.792628 131 143 10 9
0.794628 131 143 10 9
0.796628 131 143 10 9
0.798628 131 143 10 9
0.800628 131 143 10 9
0.802628 131 143 10 9
0.804628 131 143 10 9
0.806628 131 143 10 9
0.808628 131 143 10 9
0.810628 131 143 10 9
0.812628 131 143 10 9
0.814628 131 143 10 9
0.816628 131 143 10 9
0.818628 131 143 10 9
0.820628 131 143 10 9
0.822628 131 143 10 9
0.824628 131 143 10 9
0.826628 130 142 10 9
0.828628 130 142 10 9
0.830628 130 142 10 9
0.832628 130 142 10 9
0.834628 130 142 10 9
0.836628 130 142 10 9
0.838628 130 142 10 9
0.840628 130 142 10 9
0.842628 130 142 10 9
0.844628 130 142 10 9
0.846628 130 142 10 9
0.848628 130 142 10 9
0.850628 129 141 11 9
0.852628 129 141 11 9
0.854628 129 141 11 9
0.856628 129 141 11 9
0.858628 129 141 11 9
0.860628 129 141 11 9
0.862628 129 141 11 9
0.864628 129 141 11 9
0.866628 129 141 11 9
0.868628 129 141 11 9
0.870628 129 141 11 9
0.872628 129 141 12 10
0.874628 129 141 12 10
0.876628 129 141 12 10
0.878628 129 141 12 10
0.880628 129 141 12 10
0.882628 129 141 12 10
0.884628 129 141 12 10
0.886628 129 141 12 10
0.888628 129 141 12 10
0.890628 129 141 12 10
0.892628 129 141 12 10
0.894628 129 141 12 10
0.896628 129 141 12 10
0.898628 129 141 12 10
0.900628 129 141 12 10
0.902628 129 141 12 10
0.904628 129 141 12 10
0.906628 129 141 12 10
0.908628 129 141 12 10
0.910628 129 141 12 10
0.912628 129 141 12 10
0.914628 129 141 12 10
0.916628 129 141 12 10
0.918628 129 141 12 10
0.920628 128 140 12 10
0.922628 128 140 12 10
0.924628 128 140 12 10
0.926628 128 140 12 10
0.928628 128 140 12 10
0.930628 128 140 12 10
0.932628 128 140 12 10
0.934628 128 140 12 10
0.936628 128 140 12 10
0.938628 128 140 12 10
0.940628 128 140 12 10
0.942628 128 140 12 10
0.944628 128 140 12 11
0.946628 128 140 12 11
0.948628 128 140 12 11
0.950628 128 140 12 11
0.952628 128 140 12 11
0.954628 128 140 12 11
0.956628 128 140 12 11
0.958628 128 140 12 11
0.960628 128 140 12 11
0.962628 128 140 12 11
0.964628 128 140 12 11
0.966628 128 140 12 11
0.968628 127 140 12 12
0.970628 127 140 12 12
0.972628 127 140 12 12
0.974628 127 140 12 12
0.976628 127 140 12 12
0.978628 127 140 12 12
0.980628 127 140 12 12
0.982628 127 140 12 12
0.984628 127 141 12 12
0.986628 127 141 12 12
0.988628 127 141 12 12
0.990628 127 141 12 12
0.992628 127 141 12 12
0.994628 127 141 12 12
0.996628 127 141 12 12
0.998628 127 142 12 12
1.000628 127 142 12 12
1.002628 127 142 12 12
1.004628 127 142 12 12
1.006628 127 142 12 12
1.008628 127 142 12 12
1.010628 127 142 12 12
1.012628 127 142 12 12
1.014628 127 143 12 12
1.016628 127 143 12 12
1.018628 127 143 12 12
1.020628 127 143 12 12
1.022628 127 143 12 12
1.024628 127 143 12 12
1.026628 127 143 12 12
1.028628 127 143 12 12
1.030628 127 143 12 12
1.032628 127 143 12 12
1.034628 127 143 12 12
1.036628 127 143 12 12
1.038628 127 143 12 12
1.040628 127 143 12 12
1.042628 127 143 12 12
1.044628 127 143 12 12
1.046628 127 143 12 12
1.048628 127 143 12 12
1.050628 127 143 12 12
1.052628 127 143 12 12
1.054628 127 143 12 12
1.056628 127 143 12 12
1.058628 127 143 12 12
1.060628 127 143 12 12
1.062628 127 143 11 11
1.064628 127 143 11 11
1.066628 127 143 11 11
1.068628 127 143 11 11
1.070628 127 143 11 11
1.072628 127 143 11 11
1.074628 127 144 11 11
1.076628 127 144 11 11
1.078628 128 144 11 11
1.080628 128 144 11 11
1.082628 128 144 11 11
1.084628 128 144 11 11
1.086628 128 145 10 10
1.088628 128 145 10 10
1.090628 128 145 10 10
1.092628 128 145 10 10
1.094628 129 145 10 10
1.096628 129 145 10 10
1.098628 129 146 10 10
1.100628 129 146 10 10
1.102628 129 146 10 10
1.104628 129 146 10 10
1.106628 129 146 10 10
1.108628 130 147 10 10
1.110628 130 147 10 10
1.112628 130 147 10 10
1.114628 130 147 10 10
1.116628 130 147 10 10
1.118628 130 147 10 10
1.120628 130 147 10 10
1.122628 130 147 10 10
1.124628 130 147 10 10
1.126628 130 147 10 10
1.128628 130 147 10 10
1.130628 130 147 10 10
1.132628 130 148 10 10
1.134628 130 148 10 10
1.136628 130 148 10 10
1.138628 130 148 10 10
1.140628 130 148 10 10
1.142628 130 148 10 10
1.144628 130 148 10 10
1.146628 130 148 10 10
1.148628 130 148 10 10
1.150628 130 148 10 10
1.152628 130 148 10 10
1.154628 130 148 10 10
1.156628 130 149 10 11
1.158628 130 149 10 11
1.160628 130 149 10 11
1.162628 130 149 10 11
1.164628 130 149 10 11
1.166628 130 149 10 11
1.168628 130 149 10 11
1.170628 130 149 10 11
1.172628 130 149 10 11
1.174628 130 149 10 11
1.176628 130 149 10 11
1.178628 130 149 10 11
1.180628 130 149 10 11
1.182628 130 149 10 11
1.184628 130 149 10 11
1.186628 130 149 10 11
1.188628 130 149 10 11
1.190628 130 149 10 11
1.192628 130 149 10 11
1.194628 130 149 10 11
1.196628 130 149 10 11
1.198628 130 149 10 11
1.200628 130 149 10 11
1.202628 130 149 10 11
1.204628 126 144 9 10
1.206628 120 138 9 10
1.208628 115 132 8 9
1.210628 109 125 8 9
1.212628 104 119 7 8
1.214628 98 113 7 8
1.216628 93 106 7 7
1.218628 87 100 6 7
1.220628 82 94 6 6
1.222628 76 87 5 6
1.224628 71 81 5 5
1.226628 65 74 4 5
1.228628 59 68 4 5
1.230628 54 62 4 4
1.232628 48 55 3 4
1.234628 43 49 3 3
1.236628 37 43 2 3
1.238628 32 36 2 2
1.240628 26 30 2 2
1.242628 21 24 1 1
1.244628 15 17 1 1
1.246628 9 11 0 0
1.248628 4 5 0 0
1.250628 0 0 0 0
1.252628 0 0 0 0
1.254628 0 0 0 0
1.256628 0 0 0 0
1.258628 0 0 0 0
1.260628 0 0 0 0
1.262628 0 0 0 0
1.264628 0 0 0 0
1.266628 0 0 0 0
1.268628 0 0 0 0
1.270628 0 0 0 0
1.272628 0 0 0 0
1.274628 0 0 0 0
1.276628 0 0 0 0
1.278628 0 0 0 0
1.280628 0 0 0 0
1.282628 0 0 0 0
1.284628 0 0 0 0
1.286628 0 0 0 0
1.288628 0 0 0 0
1.290628 0 0 0 0
1.292628 0 0 0 0
1.294628 0 0 0 0
1.296628 0 0 0 0
1.298628 0 0 0 0
1.300628 0 0 0 0
1.302628 0 0 0 0
1.304628 0 0 0 0
1.306628 0 0 0 0
1.308628 0 0 0 0
1.310628 0 0 0 0
1.312628 0 0 0 0
1.314628 0 0 0 0
1.316628 0 0 0 0
1.318628 0 0 0 0
1.320628 0 0 0 0
1.322628 0 0 0 0
1.324628 0 0 0 0
1.326628 0 0 0 0
1.328628 0 0 0 0
1.330628 0 0 0 0
1.332628 0 0 0 0
1.334628 0 0 0 0
1.336628 0 0 0 0
1.338628 0 0 0 0
1.340628 0 0 0 0
1.342628 0 0 0 0
1.344628 0 0 0 0
1.346628 0 0 0 0
1.348628 0 0 0 0
1.350628 0 0 0 0
1.352628 0 0 0 0
1.354628 0 0 0 0
1.356628 0 0 0 0
1.358628 0 0 0 0
1.360628 0 0 0 0
1.362628 0 0 0 0
1.364628 0 0 0 0
1.366628 0 0 0 0
1.368628 0 0 0 0
1.370628 0 0 0 0
1.372628 0 0 0 0
1.374628 0 0 0 0
1.376628 0 0 0 0
1.378628 0 0 0 0
1.380628 0 0 0 0
1.382628 0 0 0 0
1.384628 0 0 0 0
1.386628 0 0 0 0
1.388628 0 0 0 0
1.390628 0 0 0 0
1.392628 0 0 0 0
1.394628 0 0 0 0
1.396628 0 0 0 0
1.398628 0 0 0 0
1.400628 0 0 0 0
1.402628 0 0 0 0
1.404628 0 0 0 0
1.406628 0 0 0 0
1.408628 0 0 0 0
1.410628 0 0 0 0
1.412628 0 0 0 0
1.414628 0 0 0 0
1.416628 0 0 0 0
1.418628 0 0 0 0
1.420628 0 0 0 0
1.422628 0 0 0 0
1.424628 0 0 0 0
1.426628 0 0 0 0
1.428628 0 0 0 0
1.430628 0 0 0 0
1.432628 0 0 0 0
1.434628 0 0 0 0
1.436628 0 0 0 0
1.438628 0 0 0 0
1.440628 0 0 0 0
1.442628 0 0 0 0
1.444628 0 0 0 0
1.446628 0 0 0 0
1.448628 0 0 0 0
1.450628 0 0 0 0
1.452628 0 0 0 0
1.454628 0 0 0 0
1.456628 0 0 0 0
1.458628 0 0 0 0
1.460628 0 0 0 0
1.462628 0 0 0 0
1.464628 0 0 0 0
1.466628 0 0 0 0
1.468628 0 0 0 0
1.470628 0 0 0 0
1.472628 0 0 0 0
1.474628 0 0 0 0
1.476628 0 0 0 0
1.478628 0 0 0 0
1.480628 0 0 0 0
1.482628 0 0 0 0
1.484628 0 0 0 0
1.486628 0 0 0 0
1.488628 0 0 0 0
1.490628 0 0 0 0
1.492628 0 0 0 0
1.494628 0 0 0 0
1.496628 0 0 0 0
1.498628 0 0 0 0
1.500628 0 0 0 0
1.502628 0 0 0 0
1.504628 0 0 0 0
1.506628 0 0 0 0
1.508628 0 0 0 0
1.510628 0 0 0 0
1.512628 0 0 0 0
1.514628 0 0 0 0
1.516628 0 0 0 0
1.518628 0 0 0 0
1.520628 0 0 0 0
1.522628 0 0 0 0
1.524628 0 0 0 0
1.526628 0 0 0 0
1.528628 0 0 0 0
1.530628 0 0 0 0
1.532628 0 0 0 0
1.534628 3 3 0 0
1.536628 10 10 0 0
1.538628 16 17 0 1
1.540628 23 23 1 1
1.542628 30 30 1 1
1.544628 36 37 2 2
1.546628 43 43 2 2
1.548628 49 50 2 3
1.550628 56 57 3 3
1.552628 63 63 3 4
1.554628 69 70 4 4
1.556628 76 77 4 4
1.558628 82 84 4 5
1.560628 89 90 5 5
1.562628 96 97 5 6
1.564628 102 104 5 6
1.566628 109 110 6 7
1.568628 116 117 6 7
1.570628 122 124 7 7
1.572628 129 130 7 8
1.574628 135 137 7 8
1.576628 142 144 8 9
1.578628 149 150 8 9
1.580628 155 157 8 9
1.582628 156 158 9 10
1.584628 156 158 9 10
1.586628 156 158 9 10
1.588628 156 158 9 10
1.590628 156 158 9 10
1.592628 156 158 9 10
1.594628 156 158 9 10
1.596628 156 159 9 10
1.598628 156 159 9 10
1.600628 156 159 9 10
1.602628 156 159 9 10
1.604628 156 159 9 10
1.606628 156 159 9 10
1.608628 156 159 9 10
1.610628 156 159 9 10
1.612628 156 160 9 10
1.614628 156 160 9 10
1.616628 156 160 9 10
1.618628 156 160 9 10
1.620628 156 160 9 10
1.622628 156 160 9 10
1.624628 156 160 9 10
1.626628 156 160 9 10
1.628628 157 161 10 11
1.630628 157 161 10 11
1.632628 157 161 10 11
1.634628 157 161 10 11
1.636628 157 161 10 11
1.638628 157 161 10 11
1.640628 157 161 10 11
1.642628 157 161 10 11
1.644628 157 161 10 11
1.646628 157 161 10 11
1.648628 157 161 10 11
1.650628 157 161 10 11
1.652628 157 162 10 11
1.654628 157 162 10 11
1.656628 157 162 10 11
1.658628 157 162 10 11
1.660628 157 162 10 11
1.662628 157 162 10 11
1.664628 157 162 10 11
1.666628 157 162 10 11
1.668628 157 162 10 11
1.670628 157 162 10 11
1.672628 157 162 10 11
1.674628 157 162 10 11
1.676628 157 163 11 12
1.678628 157 164 11 12
1.680628 157 164 11 12
1.682628 158 165 11 12
1.684628 158 166 11 12
1.686628 158 167 11 12
1.688628 158 167 11 12
1.690628 159 168 11 12
1.692628 159 169 11 12
1.694628 159 170 11 12
1.696628 160 170 11 12
1.698628 160 171 11 12
1.700628 160 172 11 12
1.702628 161 172 11 12
1.704628 161 173 11 12
1.706628 161 174 11 12
1.708628 161 175 11 12
1.710628 162 175 11 12
1.712628 162 176 11 12
1.714628 162 177 11 12
1.716628 163 177 11 12
1.718628 163 178 11 12
1.720628 163 179 11 12
1.722628 164 180 11 12
1.724628 164 180 11 12
1.726628 164 180 11 12
1.728628 164 180 11 12
1.730628 164 181 11 12
1.732628 164 181 11 12
1.734628 164 181 11 12
1.736628 164 182 11 12
1.738628 164 182 11 12
1.740628 164 182 11 12
1.742628 164 183 11 12
1.744628 164 183 11 12
1.746628 164 183 11 13
1.748628 164 183 11 13
1.750628 164 184 11 13
1.752628 164 184 11 13
1.754628 164 184 11 13
1.756628 164 185 11 13
1.758628 164 185 11 13
1.760628 164 185 11 13
1.762628 164 185 11 13
1.764628 164 186 11 13
1.766628 164 186 11 13
1.768628 164 186 11 13
1.770628 165 187 12 13
1.772628 165 187 12 13
1.774628 165 188 12 13
1.776628 165 188 12 13
1.778628 165 188 12 13
1.780628 165 189 12 13
1.782628 165 189 12 13
1.784628 165 190 12 13
1.786628 165 190 12 13
1.788628 165 191 12 13
1.790628 165 191 12 13
1.792628 165 191 12 13
1.794628 166 192 12 13
1.796628 166 192 12 13
1.798628 166 193 12 13
1.800628 166 193 12 13
1.802628 166 193 12 13
1.804628 166 194 12 13
1.806628 166 194 12 13
1.808628 166 195 12 13
1.810628 166 195 12 13
1.812628 166 196 12 13
1.814628 166 196 12 13
1.816628 166 196 12 13
1.818628 167 196 12 13
1.820628 167 196 12 13
1.822628 167 195 12 13
1.824628 167 195 12 13
1.826628 167 195 12 13
1.828628 167 194 12 13
1.830628 167 194 12 13
1.832628 167 193 12 13
1.834628 167 193 12 13
1.836628 167 193 12 13
1.838628 167 192 12 13
1.840628 167 192 11 13
1.842628 167 192 11 13
1.844628 167 191 11 13
1.846628 167 191 11 13
1.848628 167 190 11 13
1.850628 167 190 11 13
1.852628 167 190 11 13
1.854628 167 189 11 13
1.856628 167 189 11 13
1.858628 167 189 11 13
1.860628 167 188 11 13
1.862628 167 188 11 13
1.864628 168 187 10 13
1.866628 168 187 10 13
1.868628 168 187 10 13
1.870628 168 186 10 13
1.872628 168 186 10 13
1.874628 168 185 10 13
1.876628 168 185 10 13
1.878628 168 185 10 13
1.880628 168 184 10 14
1.882628 168 184 10 14
1.884628 168 184 10 14
1.886628 168 183 10 14
1.888628 168 183 10 14
1.890628 168 182 10 14
1.892628 168 182 10 14
1.894628 168 182 10 14
1.896628 168 181 10 15
1.898628 168 181 10 15
1.900628 168 181 10 15
1.902628 168 180 10 15
1.904628 168 180 10 15
1.906628 168 179 10 15
1.908628 168 179 10 15
1.910628 168 179 10 15
1.912628 168 178 10 15
1.914628 168 178 10 15
1.916628 168 178 10 15
1.918628 168 178 10 15
1.920628 168 177 10 15
1.922628 168 177 10 14
1.924628 168 177 10 14
1.926628 168 177 10 14
1.928628 168 176 10 14
1.930628 168 176 10 13
1.932628 168 176 10 13
1.934628 168 176 10 13
1.936628 168 175 10 13
1.938628 168 175 10 13
1.940628 168 175 10 12
1.942628 168 175 10 12
1.944628 168 174 10 12
1.946628 168 174 10 12
1.948628 168 174 10 12
1.950628 168 173 10 11
1.952628 168 173 10 11
1.954628 168 173 10 11
1.956628 168 173 10 11
1.958628 168 173 10 11
1.960628 168 173 10 11
1.962628 168 173 10 11
1.964628 168 173 10 11
1.966628 168 173 10 11
1.968628 168 173 10 11
1.970628 168 173 10 11
1.972628 168 173 10 11
1.974628 168 173 10 11
1.976628 168 173 10 11
1.978628 168 173 10 11
1.980628 168 173 10 11
1.982628 168 173 10 11
1.984628 168 173 10 11
1.986628 168 173 10 11
1.988628 168 173 10 11
1.990628 168 173 10 11
1.992628 168 173 10 11
1.994628 168 173 10 11
1.996628 168 173 10 11
1.998628 168 173 10 11
2.000628 168 173 10 11
2.002628 168 173 10 11
2.004628 168 173 10 11
2.006628 167 172 10 11
2.008628 167 172 10 11
2.010628 167 171 10 11
2.012628 167 171 10 11
2.014628 167 170 10 11
2.016628 167 170 10 11
2.018628 167 169 10 11
2.020628 167 169 10 11
2.022628 167 168 10 12
2.024628 167 168 10 12
2.026628 167 167 10 12
2.028628 167 167 10 12
2.030628 166 166 11 12
2.032628 166 166 11 12
2.034628 166 165 11 12
2.036628 166 165 11 12
2.038628 166 164 11 13
2.040628 166 164 11 13
2.042628 166 163 11 13
2.044628 166 163 11 13
2.046628 166 162 11 13
2.048628 166 162 11 13
2.050628 166 161 11 13
2.052628 166 161 11 13
2.054628 166 160 12 14
2.056628 166 160 12 14
2.058628 166 160 12 14
2.060628 166 160 12 14
2.062628 166 159 12 14
2.064628 166 159 12 14
2.066628 166 159 12 14
2.068628 166 159 12 14
2.070628 166 159 12 14
2.072628 166 158 12 14
2.074628 166 158 12 14
2.076628 166 158 12 14
2.078628 166 158 12 14
2.080628 166 158 12 14
2.082628 166 157 12 14
2.084628 166 157 12 14
2.086628 166 157 12 14
2.088628 166 157 12 14
2.090628 166 157 12 14
2.092628 166 156 12 14
2.094628 166 156 12 14
2.096628 166 156 12 14
2.098628 166 156 12 14
2.100628 166 156 12 13
2.102628 166 156 12 13
2.104628 166 156 12 13
2.106628 166 156 12 13
2.108628 166 156 12 13
2.110628 166 156 12 12
2.112628 166 156 12 12
2.114628 166 156 12 12
2.116628 166 156 12 12
2.118628 166 156 12 12
2.120628 166 156 12 11
2.122628 166 156 12 11
2.124628 166 156 12 11
2.126628 166 156 12 11
2.128628 166 156 12 10
2.130628 166 156 12 10
2.132628 166 156 12 10
2.134628 166 156 12 10
2.136628 166 156 12 10
2.138628 166 156 12 9
2.140628 166 156 12 9
2.142628 166 156 12 9
2.144628 166 156 12 9
2.146628 166 156 12 9
2.148628 166 155 12 9
2.150628 166 155 12 9
2.152628 166 155 12 9
2.154628 166 155 12 9
2.156628 166 155 12 9
2.158628 166 155 12 9
2.160628 166 155 12 9
2.162628 166 155 12 9
2.164628 166 155 12 9
2.166628 166 155 12 9
2.168628 166 155 12 9
2.170628 166 155 12 9
2.172628 166 154 12 9
2.174628 166 154 12 9
2.176628 166 154 12 9
2.178628 166 154 12 9
2.180628 166 154 12 9
2.182628 166 154 12 9
2.184628 166 154 12 9
2.186628 166 154 12 9
2.188628 166 154 12 9
2.190628 166 154 12 9
2.192628 166 154 12 9
2.194628 166 154 12 9
2.196628 166 154 12 9
2.198628 166 154 12 9
2.200628 166 154 12 9
2.202628 166 154 12 9
2.204628 166 154 12 9
2.206628 166 154 12 9
2.208628 166 154 12 9
2.210628 166 154 12 9
2.212628 166 154 12 9
2.214628 166 154 12 9
2.216628 166 154 12 9
2.218628 166 154 12 9
2.220628 166 154 12 9
2.222628 166 154 12 9
2.224628 166 154 12 9
2.226628 166 154 12 9
2.228628 166 154 12 9
2.230628 166 154 12 9
2.232628 166 154 12 9
2.234628 166 154 12 9
2.236628 166 154 12 9
2.238628 166 154 12 9
2.240628 166 154 12 9
2.242628 166 153 11 9
2.244628 166 153 11 9
2.246628 166 153 11 9
2.248628 167 153 11 9
2.250628 167 152 11 9
2.252628 167 152 11 9
2.254628 167 152 11 9
2.256628 168 152 11 9
2.258628 168 151 10 10
2.260628 168 151 10 10
2.262628 169 151 10 10
2.264628 169 151 10 10
2.266628 169 150 10 10
2.268628 169 150 10 10
2.270628 170 150 10 10
2.272628 170 150 10 10
2.274628 170 149 9 11
2.276628 171 149 9 11
2.278628 171 149 9 11
2.280628 171 149 9 11
2.282628 172 148 9 11
2.284628 172 148 9 11
2.286628 172 148 9 11
2.288628 172 148 9 11
2.290628 172 148 9 11
2.292628 172 148 9 11
2.294628 172 148 9 11
2.296628 172 148 9 11
2.298628 172 148 9 11
2.300628 172 148 9 11
2.302628 172 148 9 11
2.304628 172 148 9 11
2.306628 172 149 10 11
2.308628 172 149 10 11
2.310628 172 149 10 11
2.312628 171 149 10 11
2.314628 171 149 10 11
2.316628 171 149 10 11
2.318628 171 149 10 11
2.320628 171 150 11 11
2.322628 171 150 11 11
2.324628 171 150 11 11
2.326628 171 150 11 11
2.328628 171 150 11 11
2.330628 171 150 11 11
2.332628 171 150 11 11
2.334628 171 150 11 11
2.336628 171 151 12 11
2.338628 171 151 12 11
2.340628 171 151 12 11
2.342628 171 151 12 11
2.344628 171 151 12 11
2.346628 171 151 12 11
2.348628 171 151 12 11
2.350628 171 151 12 11
2.352628 171 151 12 11
2.354628 171 151 12 11
2.356628 171 151 12 11
2.358628 171 151 12 11
2.360628 171 151 12 11
2.362628 171 151 12 11
2.364628 171 151 12 11
2.366628 171 151 12 11
2.368628 171 151 12 11
2.370628 171 151 12 11
2.372628 171 151 12 11
2.374628 171 151 12 11
2.376628 171 151 12 11
2.378628 171 151 12 11
2.380628 171 151 12 11
2.382628 171 151 12 11
2.384628 171 151 12 11
2.386628 171 151 12 11
2.388628 171 151 12 11
2.390628 171 151 12 11
2.392628 171 151 12 11
2.394628 171 151 12 11
2.396628 171 151 12 11
2.398628 171 151 12 11
2.400628 171 151 12 11
2.402628 171 151 12 11
2.404628 171 151 12 11
2.406628 171 151 12 11
2.408628 171 152 12 11
2.410628 171 152 12 11
2.412628 171 152 12 11
2.414628 171 152 12 11
2.416628 171 152 12 11
2.418628 171 152 12 11
2.420628 171 152 12 11
2.422628 171 152 12 11
2.424628 171 152 12 11
2.426628 171 152 12 11
2.428628 171 152 12 11
2.430628 171 153 12 11
2.432628 171 153 12 11
2.434628 171 153 12 11
2.436628 171 153 12 11
2.438628 171 153 12 11
2.440628 171 154 12 11
2.442628 171 154 12 11
2.444628 171 154 12 11
2.446628 171 154 12 11
2.448628 171 154 12 11
2.450628 171 155 12 11
2.452628 171 155 12 11
2.454628 171 155 12 11
2.456628 171 155 12 11
2.458628 171 155 12 11
2.460628 171 156 12 11
2.462628 171 156 12 11
2.464628 171 156 12 11
2.466628 171 156 12 11
2.468628 171 157 12 11
2.470628 171 157 12 11
2.472628 171 157 12 11
2.474628 171 157 12 11
2.476628 171 157 12 11
2.478628 171 157 12 11
2.480628 171 157 12 11
2.482628 171 157 12 11
2.484628 171 156 12 11
2.486628 171 156 12 11
2.488628 171 156 12 11
2.490628 171 156 12 11
2.492628 171 155 12 11
2.494628 171 155 12 11
2.496628 171 155 12 11
2.498628 171 154 12 11
2.500628 171 154 12 11
2.502628 171 154 12 11
2.504628 171 154 12 11
2.506628 171 153 12 11
2.508628 171 153 12 11
2.510628 171 153 12 11
2.512628 171 152 12 11
2.514628 171 152 12 11
2.516628 171 152 12 11
2.518628 171 151 12 11
2.520628 171 151 12 11
2.522628 171 151 12 11
2.524628 171 151 12 11
2.526628 171 151 12 11
2.528628 171 152 12 11
2.530628 172 153 12 11
2.532628 172 154 12 11
2.534628 173 155 12 12
2.536628 173 155 12 12
2.538628 173 156 13 12
2.540628 174 157 13 12
2.542628 174 158 13 12
2.544628 175 159 13 13
2.546628 175 160 13 13
2.548628 175 160 13 13
2.550628 176 161 14 13
2.552628 176 162 14 13
2.554628 177 163 14 14
2.556628 177 164 14 14
2.558628 178 165 14 14
2.560628 178 166 15 14
2.562628 178 166 15 14
2.564628 179 167 15 15
2.566628 179 168 15 15
2.568628 180 169 15 15
2.570628 180 170 15 15
2.572628 181 171 15 16
2.574628 181 171 15 16
2.576628 181 172 15 16
2.578628 181 172 15 16
2.580628 181 172 15 16
2.582628 181 173 15 16
2.584628 182 173 15 16
2.586628 182 174 15 16
2.588628 182 174 15 16
2.590628 182 175 15 16
2.592628 182 175 15 16
2.594628 182 176 15 16
2.596628 183 176 15 16
2.598628 183 177 15 16
2.600628 183 177 15 16
2.602628 183 178 15 16
2.604628 183 178 15 16
2.606628 183 179 15 16
2.608628 184 179 15 16
2.610628 184 179 15 16
2.612628 184 180 15 16
2.614628 184 180 15 16
2.616628 184 181 15 16
2.618628 184 181 15 16
2.620628 185 182 14 15
2.622628 185 182 14 15
2.624628 185 183 14 15
2.626628 185 183 14 15
2.628628 185 183 14 15
2.630628 185 184 13 14
2.632628 186 184 13 14
2.634628 186 185 13 14
2.636628 186 185 13 14
2.638628 186 186 12 13
2.640628 186 186 12 13
2.642628 186 186 12 13
2.644628 187 187 12 13
2.646628 187 187 12 13
2.648628 187 188 11 12
2.650628 187 188 11 12
2.652628 187 189 11 12
2.654628 187 189 11 12
2.656628 188 189 11 12
2.658628 188 190 10 11
2.660628 188 190 10 11
2.662628 188 191 10 11
2.664628 188 191 10 11
2.666628 188 191 10 11
2.668628 189 191 10 11
2.670628 189 191 10 11
2.672628 189 190 10 11
2.674628 189 190 10 11
2.676628 189 190 10 11
2.678628 189 189 10 11
2.680628 189 189 10 11
2.682628 189 188 10 11
2.684628 189 188 10 11
2.686628 189 188 10 11
2.688628 189 187 10 11
2.690628 189 187 10 12
2.692628 189 187 10 12
2.694628 189 186 10 12
2.696628 189 186 10 12
2.698628 189 185 10 12
2.700628 189 185 10 12
2.702628 189 185 10 12
2.704628 189 184 10 12
2.706628 189 184 10 12
2.708628 189 184 10 12
2.710628 189 183 10 12
2.712628 189 183 10 12
2.714628 188 182 10 12
2.716628 188 182 10 12
2.718628 188 182 10 12
2.720628 188 182 10 12
2.722628 188 181 10 12
2.724628 188 181 10 12
2.726628 188 181 10 12
2.728628 188 180 10 12
2.730628 188 180 10 12
2.732628 188 180 10 12
2.734628 188 179 10 12
2.736628 188 179 10 12
2.738628 188 179 10 12
2.740628 188 179 10 12
2.742628 188 178 10 12
2.744628 188 178 10 12
2.746628 188 178 10 12
2.748628 188 177 10 12
2.750628 188 177 10 12
2.752628 188 177 10 12
2.754628 188 176 10 12
2.756628 188 176 10 12
2.758628 188 176 10 12
2.760628 188 176 10 12
2.762628 187 175 11 12
2.764628 187 175 11 12
2.766628 187 175 11 12
2.768628 187 175 11 12
2.770628 187 175 11 12
2.772628 187 175 11 12
2.774628 187 174 11 12
2.776628 187 174 11 12
2.778628 187 174 11 12
2.780628 187 174 11 12
2.782628 187 174 11 12
2.784628 187 174 11 12
2.786628 186 173 11 12
2.788628 186 173 11 12
2.790628 186 173 11 12
2.792628 186 173 11 12
2.794628 186 173 11 12
2.796628 186 172 11 12
2.798628 186 172 11 12
2.800628 186 172 11 12
2.802628 186 172 11 12
2.804628 186 172 11 12
2.806628 186 172 11 12
2.808628 186 171 12 13
2.810628 186 171 12 13
2.812628 186 171 12 13
2.814628 186 170 12 13
2.816628 186 170 12 13
2.818628 186 170 12 13
2.820628 186 169 12 13
2.822628 186 169 12 13
2.824628 186 169 12 13
2.826628 186 168 12 13
2.828628 186 168 12 13
2.830628 186 168 12 13
2.832628 186 167 12 13
2.834628 186 167 12 13
2.836628 186 167 12 13
2.838628 186 166 12 13
2.840628 186 166 12 13
2.842628 186 166 12 13
2.844628 186 165 12 13
2.846628 186 165 12 13
2.848628 186 165 12 13
2.850628 186 164 12 13
2.852628 186 164 12 13
2.854628 186 164 12 13
2.856628 186 163 13 13
2.858628 186 163 13 13
2.860628 186 163 13 13
2.862628 186 163 13 13
2.864628 186 162 13 13
2.866628 186 162 13 13
2.868628 186 162 13 13
2.870628 186 162 13 13
2.872628 187 161 13 13
2.874628 187 161 13 13
2.876628 187 161 13 13
2.878628 187 161 13 13
2.880628 187 160 13 13
2.882628 187 160 13 13
2.884628 187 160 13 13
2.886628 187 160 13 13
2.888628 188 159 13 13
2.890628 188 159 13 13
2.892628 188 159 13 13
2.894628 188 159 13 13
2.896628 188 158 13 13
2.898628 188 158 13 13
2.900628 188 158 13 13
2.902628 188 158 13 13
2.904628 189 157 13 13
2.906628 189 157 13 13
2.908628 189 157 13 13
2.910628 189 157 13 13
2.912628 189 157 13 13
2.914628 189 157 13 13
2.916628 189 157 13 13
2.918628 190 156 13 13
2.920628 190 156 13 13
2.922628 190 156 13 13
2.924628 190 156 13 13
2.926628 190 156 13 13
2.928628 190 156 13 13
2.930628 190 156 13 13
2.932628 190 156 13 13
2.934628 191 155 13 13
2.936628 191 155 13 13
2.938628 191 155 13 13
2.940628 191 155 13 13
2.942628 191 155 13 13
2.944628 191 155 13 13
2.946628 191 155 13 13
2.948628 191 155 13 13
2.950628 192 154 13 13
2.952628 192 154 13 13
2.954628 192 154 13 13
2.956628 192 154 13 13
2.958628 192 154 13 13
2.960628 192 154 13 13
2.962628 192 153 13 13
2.964628 192 153 13 13
2.966628 193 153 13 13
2.968628 193 153 13 13
2.970628 193 153 13 13
2.972628 193 153 13 13
2.974628 193 152 13 13
2.976628 193 152 13 13
2.978628 193 152 13 13
2.980628 193 152 13 13
2.982628 194 152 13 13
2.984628 194 152 13 13
2.986628 194 151 13 13
2.988628 194 151 13 13
2.990628 194 151 13 13
2.992628 194 151 13 13
2.994628 194 151 13 13
2.996628 194 151 13 13
2.998628 195 151 12 12
3.000628 195 151 12 12
3.002628 195 151 12 12
3.004628 195 151 12 12
3.006628 195 151 12 12
3.008628 195 151 12 12
3.010628 195 151 12 12
3.012628 195 151 12 12
3.014628 195 151 12 11
3.016628 195 151 12 11
3.018628 195 151 12 11
3.020628 195 151 12 11
3.022628 195 151 11 11
3.024628 195 151 11 11
3.026628 195 151 11 11
3.028628 195 151 11 11
3.030628 195 151 11 10
3.032628 195 151 11 10
3.034628 195 151 11 10
3.036628 195 151 11 10
3.038628 195 151 11 10
3.040628 195 151 11 10
3.042628 195 151 11 10
3.044628 195 151 11 10
3.046628 195 151 11 10
3.048628 195 151 11 10
3.050628 195 151 11 10
3.052628 195 151 11 10
3.054628 195 151 11 10
3.056628 195 151 11 10
3.058628 195 151 11 10
3.060628 195 151 11 10
3.062628 195 151 11 10
3.064628 195 151 11 10
3.066628 195 151 11 10
3.068628 195 151 11 10
3.070628 195 151 11 10
3.072628 195 151 11 10
3.074628 195 151 11 10
3.076628 195 151 11 10
3.078628 195 151 11 10
3.080628 195 151 11 10
3.082628 195 151 11 10
3.084628 195 151 11 10
3.086628 195 151 11 10
3.088628 195 151 11 10
3.090628 195 151 11 10
3.092628 195 151 11 10
3.094628 195 151 11 10
3.096628 195 151 11 10
3.098628 195 151 11 10
3.100628 195 151 11 10
3.102628 195 151 11 10
3.104628 195 151 11 10
3.106628 195 151 11 10
3.108628 195 151 11 10
3.110628 195 151 11 10
3.112628 195 151 11 10
3.114628 195 151 11 10
3.116628 195 151 11 10
3.118628 195 151 11 10
3.120628 195 151 11 10
3.122628 195 151 11 10
3.124628 195 151 11 10
3.126628 195 151 11 10
3.128628 195 151 11 10
3.130628 195 151 11 10
3.132628 195 151 11 10
3.134628 195 151 11 10
3.136628 195 151 11 10
3.138628 195 151 11 10
3.140628 195 151 11 10
3.142628 195 151 11 10
3.144628 195 151 11 10
3.146628 195 151 11 10
3.148628 195 151 11 10
3.150628 196 151 11 10
3.152628 196 151 11 10
3.154628 196 151 11 10
3.156628 196 151 11 10
3.158628 196 151 11 10
3.160628 196 151 11 10
3.162628 197 151 11 10
3.164628 197 151 11 10
3.166628 197 151 11 10
3.168628 197 151 11 10
3.170628 197 151 11 10
3.172628 197 151 11 10
3.174628 198 151 11 10
3.176628 198 151 11 10
3.178628 198 151 11 10
3.180628 198 151 11 10
3.182628 198 151 11 10
3.184628 198 151 11 10
3.186628 199 151 11 10
3.188628 199 151 11 10
3.190628 199 151 11 10
3.192628 199 151 11 10
3.194628 199 151 11 10
3.196628 199 151 11 10
3.198628 199 151 11 10
3.200628 199 151 11 10
3.202628 199 151 11 10
3.204628 199 151 11 10
3.206628 199 151 11 10
3.208628 199 151 11 10
3.210628 199 151 11 10
3.212628 199 151 11 10
3.214628 199 151 11 10
3.216628 199 151 11 10
3.218628 199 151 11 10
3.220628 199 151 11 10
3.222628 199 151 11 10
3.224628 199 151 11 10
3.226628 199 151 11 10
3.228628 199 151 11 10
3.230628 199 151 11 10
3.232628 199 151 11 10
3.234628 199 151 11 10
3.236628 199 151 11 10
3.238628 199 151 11 10
3.240628 199 151 11 10
3.242628 199 151 11 10
3.244628 199 151 11 10
3.246628 199 152 11 10
3.248628 199 152 11 10
3.250628 199 152 11 10
3.252628 199 152 11 10
3.254628 199 152 11 10
3.256628 199 152 11 10
3.258628 200 153 11 10
3.260628 200 153 11 10
3.262628 200 153 11 10
3.264628 200 153 11 10
3.266628 200 153 11 10
3.268628 200 153 11 10
3.270628 200 154 11 10
3.272628 200 154 11 10
3.274628 200 154 11 10
3.276628 200 154 11 10
3.278628 200 154 11 10
3.280628 201 155 11 10
3.282628 201 155 11 10
3.284628 201 155 11 10
3.286628 201 155 11 10
3.288628 201 155 11 10
3.290628 201 156 11 10
3.292628 201 156 11 10
3.294628 201 156 11 10
3.296628 201 156 11 10
3.298628 201 156 11 10
3.300628 201 157 11 10
3.302628 201 157 11 10
3.304628 202 157 11 10
3.306628 202 157 11 10
3.308628 202 157 11 10
3.310628 202 158 11 10
3.312628 202 158 11 10
3.314628 202 158 11 10
3.316628 202 158 11 10
3.318628 202 159 11 10
3.320628 202 159 11 10
3.322628 202 159 11 10
3.324628 202 159 11 10
3.326628 202 159 11 10
3.328628 203 160 11 10
3.330628 203 160 11 10
3.332628 203 160 11 10
3.334628 203 161 11 10
3.336628 203 161 11 10
3.338628 203 161 11 10
3.340628 203 162 11 10
3.342628 203 162 11 10
3.344628 203 162 11 10
3.346628 203 163 11 10
3.348628 203 163 11 10
3.350628 203 163 11 10
3.352628 204 164 11 10
3.354628 204 164 11 10
3.356628 204 164 11 10
3.358628 204 165 11 10
3.360628 204 165 11 10
3.362628 204 165 11 10
3.364628 204 166 11 10
3.366628 204 166 11 10
3.368628 204 166 11 10
3.370628 204 167 11 10
3.372628 204 167 11 10
3.374628 204 167 11 10
3.376628 205 168 11 10
3.378628 205 168 11 10
3.380628 205 168 11 10
3.382628 205 168 11 10
3.384628 205 169 11 10
3.386628 205 169 11 10
3.388628 206 169 11 10
3.390628 206 169 11 10
3.392628 206 170 11 10
3.394628 206 170 11 10
3.396628 206 170 11 10
3.398628 207 171 11 11
3.400628 207 171 11 11
3.402628 207 171 11 11
3.404628 207 171 11 11
3.406628 207 172 11 11
3.408628 207 172 11 11
3.410628 208 172 11 11
3.412628 208 172 11 11
3.414628 208 173 11 11
3.416628 208 173 11 11
3.418628 208 173 11 11
3.420628 208 173 11 11
3.422628 209 174 10 12
3.424628 209 174 10 12
3.426628 209 174 10 12
3.428628 209 175 10 12
3.430628 209 175 10 12
3.432628 209 176 10 12
3.434628 209 176 10 12
3.436628 209 176 10 12
3.438628 209 177 10 12
3.440628 209 177 10 12
3.442628 209 177 10 12
3.444628 209 178 10 12
3.446628 209 178 10 12
3.448628 209 179 10 12
3.450628 209 179 10 12
3.452628 209 179 10 12
3.454628 209 180 10 12
3.456628 209 180 10 12
3.458628 209 180 10 12
3.460628 209 181 10 12
3.462628 209 181 10 12
3.464628 209 182 10 12
3.466628 209 182 10 12
3.468628 209 182 10 12
3.470628 209 183 10 12
3.472628 209 183 10 12
3.474628 209 183 10 12
3.476628 209 184 10 12
3.478628 209 184 10 12
3.480628 209 184 10 12
3.482628 209 184 10 12
3.484628 209 185 10 12
3.486628 209 185 10 12
3.488628 209 185 10 12
3.490628 209 186 10 12
3.492628 209 186 10 12
3.494628 209 186 11 12
3.496628 209 187 11 12
3.498628 209 187 11 12
3.500628 209 187 11 12
3.502628 209 187 11 12
3.504628 209 188 11 12
3.506628 209 188 11 12
3.508628 209 188 11 12
3.510628 209 189 11 12
3.512628 209 189 11 12
3.514628 209 189 11 12
3.516628 209 189 11 11
3.518628 209 189 11 11
3.520628 209 189 11 11
3.522628 209 189 11 11
3.524628 209 188 11 11
3.526628 209 188 11 11
3.528628 209 188 11 11
3.530628 209 188 11 11
3.532628 209 187 10 11
3.534628 209 187 10 11
3.536628 209 187 10 11
3.538628 209 187 10 11
3.540628 210 186 10 11
3.542628 210 186 10 11
3.544628 210 186 10 11
3.546628 210 186 10 11
3.548628 210 185 9 11
3.550628 210 185 9 11
3.552628 210 185 9 11
3.554628 210 185 9 11
3.556628 210 184 9 11
3.558628 210 184 9 11
3.560628 210 184 9 11
3.562628 210 184 9 11
3.564628 210 183 9 11
3.566628 210 183 9 11
3.568628 210 183 9 11
3.570628 210 183 9 11
3.572628 210 182 9 11
3.574628 210 182 9 11
3.576628 210 182 9 11
3.578628 210 182 9 11
3.580628 210 181 9 11
3.582628 210 181 9 11
3.584628 210 181 9 11
3.586628 210 181 9 11
3.588628 210 180 9 11
3.590628 210 180 9 11
3.592628 210 180 9 11
3.594628 210 180 9 11
3.596628 210 179 9 11
3.598628 210 179 9 11
3.600628 210 179 9 11
3.602628 210 179 9 11
3.604628 210 178 9 11
3.606628 210 178 9 11
3.608628 210 178 9 11
3.610628 210 178 9 11
3.612628 210 177 10 11
3.614628 210 177 10 11
3.616628 210 177 10 11
3.618628 210 177 10 11
3.620628 210 177 10 11
3.622628 210 177 10 11
3.624628 210 176 10 11
3.626628 210 176 10 11
3.628628 210 176 10 11
3.630628 210 176 10 11
3.632628 210 176 10 11
3.634628 210 175 10 11
3.636628 210 175 10 11
3.638628 210 175 10 11
3.640628 210 175 10 11
3.642628 210 175 10 11
3.644628 210 175 10 11
3.646628 210 174 10 11
3.648628 210 174 10 11
3.650628 210 174 10 11
3.652628 210 174 10 11
3.654628 210 174 10 11
3.656628 210 174 10 11
3.658628 210 173 10 11
3.660628 210 173 10 11
3.662628 210 173 10 11
3.664628 210 173 10 11
3.666628 210 173 10 11
3.668628 210 173 10 11
3.670628 210 172 10 11
3.672628 210 172 10 11
3.674628 210 172 10 11
3.676628 210 172 10 11
3.678628 210 172 10 11
3.680628 210 172 10 11
3.682628 210 171 10 11
3.684628 210 171 10 11
3.686628 210 171 10 11
3.688628 210 171 10 11
3.690628 210 171 10 11
3.692628 210 171 10 11
3.694628 210 170 10 11
3.696628 210 170 10 11
3.698628 210 170 10 11
3.700628 210 170 10 11
3.702628 210 170 10 11
3.704628 210 170 10 11
3.706628 211 169 10 11
3.708628 211 169 10 11
3.710628 211 169 10 11
3.712628 211 169 10 11
3.714628 211 168 10 11
3.716628 211 168 10 11
3.718628 211 168 10 11
3.720628 211 168 10 11
3.722628 211 167 10 11
3.724628 211 167 10 11
3.726628 211 167 10 11
3.728628 211 167 10 11
3.730628 211 166 10 11
3.732628 211 166 10 11
3.734628 211 166 10 11
3.736628 211 166 10 11
3.738628 211 165 10 11
3.740628 211 165 10 11
3.742628 211 165 10 11
3.744628 211 165 10 11
3.746628 211 164 10 11
3.748628 211 164 10 11
3.750628 211 164 10 11
3.752628 211 163 10 11
3.754628 211 163 10 11
3.756628 211 163 10 11
3.758628 211 163 10 11
3.760628 211 163 10 11
3.762628 211 162 10 11
3.764628 211 162 10 11
3.766628 211 162 10 11
3.768628 211 162 10 11
3.770628 211 162 10 11
3.772628 211 161 10 11
3.774628 211 161 10 11
3.776628 211 161 10 11
3.778628 211 161 10 11
3.780628 211 161 10 11
3.782628 211 160 10 11
3.784628 211 160 10 11
3.786628 211 160 10 11
3.788628 211 160 10 11
3.790628 211 159 10 11
3.792628 211 159 10 11
3.794628 211 159 10 11
3.796628 211 159 10 11
3.798628 211 159 10 11
3.800628 212 159 10 11
3.802628 212 159 10 11
3.804628 212 159 10 11
3.806628 212 159 10 11
3.808628 212 159 10 11
3.810628 212 159 10 11
3.812628 212 159 10 11
3.814628 212 159 10 11
3.816628 212 159 10 11
3.818628 212 159 10 11
3.820628 212 159 10 11
3.822628 212 159 10 11
3.824628 213 159 10 11
3.826628 213 159 10 11
3.828628 213 159 10 11
3.830628 213 159 10 11
3.832628 213 159 10 11
3.834628 213 159 10 11
3.836628 213 159 10 11
3.838628 213 159 10 11
3.840628 213 159 10 11
3.842628 213 159 10 11
3.844628 213 159 10 11
3.846628 213 159 10 11
