0.018697 240 147 9 10
0.020697 239 146 9 10
0.022697 239 146 9 10
0.024697 239 146 9 10
0.026697 239 145 9 10
0.028697 239 145 9 10
0.030697 239 145 9 10
0.032697 239 145 9 10
0.034697 239 144 9 10
0.036697 239 144 9 10
0.038697 239 144 9 10
0.040697 239 144 9 10
0.042697 238 143 10 10
0.044697 238 143 10 10
0.046697 238 143 10 10
0.048697 238 143 10 10
0.050697 238 142 10 10
0.052697 238 142 10 10
0.054697 238 142 10 10
0.056697 238 142 10 10
0.058697 238 141 10 10
0.060697 238 141 10 10
0.062697 238 141 10 10
0.064697 238 141 10 10
0.066697 237 140 10 10
0.068697 237 140 10 10
0.070697 237 140 10 10
0.072697 237 140 10 10
0.074697 237 140 10 10
0.076697 237 140 10 10
0.078697 237 140 10 10
0.080697 237 140 10 10
0.082697 237 139 10 10
0.084697 237 139 10 10
0.086697 237 139 10 10
0.088697 237 139 10 10
0.090697 236 139 10 10
0.092697 236 139 10 10
0.094697 236 139 10 10
0.096697 236 139 10 10
0.098697 236 138 10 10
0.100697 236 138 10 10
0.102697 236 138 10 10
0.104697 236 138 10 10
0.106697 236 138 10 10
0.108697 236 138 10 10
0.110697 236 138 10 10
0.112697 236 138 10 10
0.114697 235 137 10 10
0.116697 235 137 10 10
0.118697 235 137 10 10
0.120697 235 137 10 10
0.122697 235 137 10 10
0.124697 235 137 10 10
0.126697 235 137 10 10
0.128697 235 137 10 10
0.130697 235 136 10 10
0.132697 235 136 10 10
0.134697 235 136 10 10
0.136697 235 136 10 10
0.138697 235 136 10 10
0.140697 235 136 10 10
0.142697 235 136 10 10
0.144697 235 135 10 10
0.146697 235 135 10 10
0.148697 235 135 10 10
0.150697 235 135 10 10
0.152697 235 135 10 10
0.154697 235 135 10 10
0.156697 235 135 10 10
0.158697 235 135 10 10
0.160697 234 134 10 10
0.162697 234 134 10 10
0.164697 234 134 10 10
0.166697 234 134 10 10
0.168697 234 134 10 10
0.170697 234 134 10 10
0.172697 234 134 10 10
0.174697 234 134 10 10
0.176697 234 134 10 10
0.178697 234 134 10 10
0.180697 234 134 10 10
0.182697 234 134 10 10
0.184697 233 134 10 10
0.186697 233 134 10 10
0.188697 233 134 10 10
0.190697 233 134 10 10
0.192697 233 134 10 10
0.194697 233 134 10 10
0.196697 233 134 10 10
0.198697 233 134 10 10
0.200697 233 134 10 10
0.202697 233 134 10 10
0.204697 233 134 10 10
0.206697 233 134 10 10
0.208697 233 134 10 10
0.210697 233 134 10 10
0.212697 233 134 10 10
0.214697 233 134 10 10
0.216697 233 134 10 10
0.218697 233 134 10 10
0.220697 233 134 10 10
0.222697 233 134 10 10
0.224697 233 134 10 10
0.226697 233 134 10 10
0.228697 233 134 10 10
0.230697 233 134 10 10
0.232697 233 134 10 10
0.234697 233 134 10 10
0.236697 233 134 10 10
0.238697 233 134 10 10
0.240697 233 134 10 10
0.242697 233 134 10 10
0.244697 233 134 10 10
0.246697 233 134 10 10
0.248697 233 134 10 10
0.250697 233 134 10 10
0.252697 233 134 10 10
0.254697 233 134 10 10
0.256697 233 133 10 10
0.258697 233 133 10 10
0.260697 233 133 10 10
0.262697 233 133 10 10
0.264697 233 133 10 10
0.266697 233 132 10 10
0.268697 233 132 10 10
0.270697 233 132 10 10
0.272697 233 132 10 10
0.274697 233 132 10 10
0.276697 233 132 10 10
0.278697 233 131 10 10
0.280697 233 131 10 10
0.282697 233 131 10 10
0.284697 233 131 10 10
0.286697 233 131 10 10
0.288697 233 131 10 10
0.290697 233 130 10 10
0.292697 233 130 10 10
0.294697 233 130 10 10
0.296697 233 130 10 10
0.298697 233 130 10 10
0.300697 233 130 10 10
0.302697 232 129 10 11
0.304697 232 129 10 11
0.306697 232 129 10 11
0.308697 232 129 10 11
0.310697 232 129 10 11
0.312697 232 129 10 11
0.314697 232 129 10 11
0.316697 232 129 10 11
0.318697 232 128 10 11
0.320697 232 128 10 11
0.322697 232 128 10 11
0.324697 232 128 10 11
0.326697 232 128 11 11
0.328697 232 128 11 11
0.330697 232 128 11 11
0.332697 232 128 11 11
0.334697 232 127 11 11
0.336697 232 127 11 11
0.338697 232 127 11 11
0.340697 232 127 11 11
0.342697 232 127 11 11
0.344697 232 127 11 11
0.346697 232 127 11 11
0.348697 232 127 11 11
0.350697 231 126 11 11
0.352697 231 126 11 11
0.354697 231 126 11 11
0.356697 231 126 11 11
0.358697 231 125 11 11
0.360697 231 125 11 11
0.362697 231 125 11 11
0.364697 231 125 11 11
0.366697 231 125 11 11
0.368697 231 124 11 11
0.370697 231 124 11 11
0.372697 231 124 11 11
0.374697 231 124 11 11
0.376697 231 124 11 11
0.378697 231 123 11 11
0.380697 231 123 11 11
0.382697 231 123 11 11
0.384697 231 123 11 11
0.386697 231 123 11 11
0.388697 231 122 11 11
0.390697 231 122 11 11
0.392697 231 122 11 11
0.394697 231 122 11 11
0.396697 231 121 10 11
0.398697 231 121 10 11
0.400697 231 120 10 11
0.402697 231 120 10 11
0.404697 231 119 10 12
0.406697 231 119 10 12
0.408697 231 118 10 12
0.410697 231 118 10 13
0.412697 231 117 10 13
0.414697 231 117 10 13
0.416697 231 116 10 14
0.418697 231 116 10 14
0.420697 231 115 10 14
0.422697 231 115 10 14
0.424697 231 114 10 15
0.426697 231 114 10 15
0.428697 231 113 10 15
0.430697 231 113 10 16
0.432697 231 112 10 16
0.434697 231 112 10 16
0.436697 231 111 10 16
0.438697 231 111 10 17
0.440697 231 110 10 17
0.442697 231 110 10 17
0.444697 230 109 10 18
0.446697 230 109 10 18
0.448697 230 108 10 18
0.450697 230 108 10 18
0.452697 230 107 10 18
0.454697 230 107 10 18
0.456697 230 106 10 18
0.458697 230 106 10 18
0.460697 230 106 10 18
0.462697 230 105 10 18
0.464697 230 105 10 18
0.466697 230 104 10 18
0.468697 230 104 11 18
0.470697 230 103 11 18
0.472697 230 103 11 18
0.474697 230 102 11 18
0.476697 230 102 11 18
0.478697 230 101 11 18
0.480697 230 101 11 18
0.482697 230 100 11 18
0.484697 230 100 11 18
0.486697 230 99 11 18
0.488697 230 99 11 18
0.490697 230 99 11 18
0.492697 229 98 11 18
0.494697 229 98 11 18
0.496697 229 97 11 18
0.498697 229 97 11 18
0.500697 229 96 11 18
0.502697 229 96 11 18
0.504697 229 96 11 18
0.506697 229 95 11 18
0.508697 229 95 11 18
0.510697 229 94 11 18
0.512697 229 94 11 18
0.514697 229 93 11 19
0.516697 229 93 11 19
0.518697 229 93 11 19
0.520697 229 92 11 19
0.522697 229 92 11 19
0.524697 229 91 11 19
0.526697 229 91 11 19
0.528697 229 90 11 19
0.530697 229 90 11 19
0.532697 229 90 11 19
0.534697 229 89 11 19
0.536697 229 89 11 19
0.538697 228 88 11 20
0.540697 228 88 11 20
0.542697 228 88 11 20
0.544697 228 87 11 20
0.546697 228 87 11 20
0.548697 228 86 11 20
0.550697 228 86 11 20
0.552697 228 86 11 20
0.554697 228 85 11 20
0.556697 228 85 11 20
0.558697 228 85 11 20
0.560697 228 84 11 20
0.562697 228 84 11 20
0.564697 228 83 11 20
0.566697 228 83 11 20
0.568697 228 83 11 20
0.570697 228 82 11 20
0.572697 228 82 11 20
0.574697 228 82 11 20
0.576697 228 81 11 20
0.578697 228 81 11 20
0.580697 228 80 11 20
0.582697 228 80 11 20
0.584697 228 80 11 20
0.586697 228 79 10 19
0.588697 228 79 10 19
0.590697 228 79 10 19
0.592697 228 78 10 19
0.594697 228 78 10 19
0.596697 228 78 10 18
0.598697 228 77 10 18
0.600697 228 77 10 18
0.602697 228 77 10 18
0.604697 228 76 10 17
0.606697 228 76 10 17
0.608697 228 76 10 17
0.610697 229 75 9 17
0.612697 229 75 9 17
0.614697 229 75 9 16
0.616697 229 74 9 16
0.618697 229 74 9 16
0.620697 229 73 9 16
0.622697 229 73 9 16
0.624697 229 73 9 15
0.626697 229 72 9 15
0.628697 229 72 9 15
0.630697 229 72 9 15
0.632697 229 71 9 14
0.634697 229 71 9 14
0.636697 229 71 9 14
0.638697 229 71 9 14
0.640697 229 70 9 14
0.642697 229 70 9 14
0.644697 229 70 9 13
0.646697 229 69 9 13
0.648697 229 69 9 13
0.650697 229 69 9 13
0.652697 229 69 9 13
0.654697 229 68 9 13
0.656697 229 68 9 12
0.658697 229 68 9 12
0.660697 229 67 9 12
0.662697 229 67 9 12
0.664697 229 67 9 12
0.666697 229 66 9 12
0.668697 229 66 9 11
0.670697 229 66 9 11
0.672697 229 66 9 11
0.674697 229 65 9 11
0.676697 229 65 9 11
0.678697 229 65 9 11
0.680697 228 64 10 11
0.682697 228 64 10 11
0.684697 228 64 10 11
0.686697 228 63 10 11
0.688697 228 63 10 11
0.690697 228 62 10 11
0.692697 228 62 10 11
0.694697 228 62 10 11
0.696697 228 61 10 11
0.698697 228 61 10 11
0.700697 228 60 10 11
0.702697 228 60 10 11
0.704697 228 60 10 12
0.706697 228 59 10 12
0.708697 228 59 10 12
0.710697 228 59 10 12
0.712697 228 58 10 12
0.714697 228 58 10 12
0.716697 228 57 10 12
0.718697 228 57 10 12
0.720697 228 57 10 12
0.722697 228 56 10 12
0.724697 228 56 10 12
0.726697 228 56 10 12
0.728697 228 55 11 13
0.730697 228 55 11 13
0.732697 228 55 11 13
0.734697 228 54 11 13
0.736697 228 54 11 13
0.738697 228 54 11 13
0.740697 228 53 11 13
0.742697 228 53 11 13
0.744697 228 52 11 13
0.746697 228 52 11 13
0.748697 228 52 11 13
0.750697 228 51 11 13
0.752697 228 51 11 13
0.754697 228 51 11 13
0.756697 228 50 11 13
0.758697 228 50 11 13
0.760697 228 50 11 13
0.762697 228 49 11 13
0.764697 228 49 11 13
0.766697 228 49 11 13
0.768697 228 48 11 13
0.770697 228 48 11 13
0.772697 228 48 11 13
0.774697 228 47 11 12
0.776697 228 47 11 12
0.778697 228 47 11 12
0.780697 228 47 11 12
0.782697 228 46 11 12
0.784697 228 46 11 12
0.786697 228 46 11 12
0.788697 228 45 11 12
0.790697 228 45 11 12
0.792697 228 45 11 12
0.794697 228 44 11 12
0.796697 228 44 11 12
0.798697 228 44 11 12
0.800697 228 44 11 12
0.802697 228 43 11 12
0.804697 228 43 11 12
0.806697 228 43 11 12
0.808697 228 42 11 12
0.810697 228 42 11 12
0.812697 228 42 11 12
0.814697 228 41 11 12
0.816697 228 41 11 12
0.818697 228 41 11 12
0.820697 228 41 11 12
0.822697 228 40 10 12
0.824697 228 40 10 12
0.826697 228 40 10 12
0.828697 228 40 10 12
0.830697 228 39 10 12
0.832697 228 39 10 12
0.834697 228 39 10 12
0.836697 228 39 10 12
0.838697 228 38 10 12
0.840697 228 38 10 12
0.842697 228 38 10 12
0.844697 228 38 10 12
0.846697 228 37 10 12
0.848697 228 37 10 12
0.850697 228 37 10 12
0.852697 228 37 10 12
0.854697 228 36 10 12
0.856697 228 36 10 12
0.858697 228 36 10 12
0.860697 228 36 10 12
0.862697 228 35 10 12
0.864697 228 35 10 12
0.866697 228 35 10 12
0.868697 227 34 10 11
0.870697 227 34 10 11
0.872697 227 34 10 11
0.874697 227 34 10 11
0.876697 227 34 10 11
0.878697 227 34 10 11
0.880697 227 33 10 11
0.882697 227 33 10 11
0.884697 227 33 10 11
0.886697 227 33 10 11
0.888697 227 33 10 11
0.890697 227 33 10 11
0.892697 227 32 10 10
0.894697 227 32 10 10
0.896697 227 32 10 10
0.898697 227 32 10 10
0.900697 227 32 10 10
0.902697 227 32 10 10
0.904697 227 31 10 10
0.906697 227 31 10 10
0.908697 227 31 10 10
0.910697 227 31 10 10
0.912697 227 31 10 10
0.914697 227 31 10 10
0.916697 227 30 10 10
0.918697 227 30 10 10
0.920697 227 30 10 10
0.922697 227 29 10 10
0.924697 227 29 10 10
0.926697 227 29 10 10
0.928697 227 28 10 10
0.930697 227 28 10 10
0.932697 227 28 9 11
0.934697 227 27 9 11
0.936697 227 27 9 11
0.938697 227 27 9 11
0.940697 227 26 9 11
0.942697 227 26 9 11
0.944697 227 26 9 11
0.946697 227 25 9 11
0.948697 227 25 8 12
0.950697 227 25 8 12
0.952697 227 24 8 12
0.954697 227 24 8 12
0.956697 227 24 8 12
0.958697 227 23 8 12
0.960697 227 23 8 12
0.962697 227 23 8 12
0.964697 227 22 7 12
0.966697 227 22 7 12
0.968697 227 22 7 12
0.970697 227 22 7 12
0.972697 227 22 7 12
0.974697 227 22 7 12
0.976697 227 22 7 12
0.978697 227 22 7 12
0.980697 227 21 7 12
0.982697 227 21 7 12
0.984697 227 21 7 12
0.986697 226 21 7 11
0.988697 226 21 7 11
0.990697 226 21 7 11
0.992697 226 21 7 11
0.994697 226 20 7 11
0.996697 226 20 7 11
0.998697 226 20 7 11
1.000697 226 20 7 11
1.002697 226 20 7 11
1.004697 226 20 7 11
1.006697 226 20 7 11
1.008697 226 20 7 11
1.010697 226 19 7 10
1.012697 226 19 7 10
1.014697 226 19 7 10
1.016697 226 19 7 10
1.018697 226 18 7 10
1.020697 226 18 7 10
1.022697 226 18 8 10
1.024697 226 18 8 10
1.026697 227 17 8 10
1.028697 227 17 8 10
1.030697 227 17 8 10
1.032697 227 17 8 10
1.034697 227 16 9 10
1.036697 227 16 9 10
1.038697 227 16 9 10
1.040697 227 16 9 10
1.042697 228 15 9 10
1.044697 228 15 9 10
1.046697 228 15 10 10
1.048697 228 15 10 10
1.050697 228 14 10 10
1.052697 228 14 10 10
1.054697 228 14 10 10
1.056697 228 14 10 10
1.058697 229 13 10 10
1.060697 229 13 10 10
1.062697 229 13 10 10
1.064697 229 13 10 10
1.066697 229 13 10 10
1.068697 229 13 10 10
1.070697 229 12 10 10
1.072697 229 12 10 10
1.074697 229 12 10 10
1.076697 229 12 10 10
1.078697 229 12 10 10
1.080697 229 12 10 10
1.082697 230 11 10 10
1.084697 230 11 10 10
1.086697 230 11 10 10
1.088697 230 11 10 10
1.090697 230 11 10 10
1.092697 230 11 10 10
1.094697 230 10 10 10
1.096697 230 10 10 10
1.098697 230 10 10 10
1.100697 230 10 10 10
1.102697 230 10 10 10
1.104697 230 9 10 10
1.106697 230 9 10 10
1.108697 230 9 10 10
1.110697 230 9 10 10
1.112697 230 9 10 10
1.114697 230 9 10 10
1.116697 230 9 10 10
1.118697 230 9 10 10
1.120697 230 9 10 10
1.122697 230 9 10 10
1.124697 230 9 10 10
1.126697 230 9 10 10
1.128697 229 8 10 10
1.130697 229 8 10 10
1.132697 229 8 10 10
1.134697 229 8 10 10
1.136697 229 8 10 10
1.138697 229 8 10 10
1.140697 229 8 10 10
1.142697 229 8 10 10
1.144697 229 8 10 10
1.146697 229 8 10 10
1.148697 229 8 10 10
1.150697 229 8 10 10
1.152697 229 7 11 11
1.154697 229 7 11 11
1.156697 229 7 11 11
1.158697 229 7 11 11
1.160697 229 7 11 11
1.162697 229 7 11 11
1.164697 229 7 11 11
1.166697 229 7 11 11
1.168697 229 7 11 11
1.170697 229 7 11 11
1.172697 229 7 11 11
1.174697 229 7 11 11
1.176697 229 6 11 11
1.178697 229 6 11 11
1.180697 229 6 11 11
1.182697 229 6 11 11
1.184697 229 6 11 11
1.186697 229 6 11 11
1.188697 229 6 11 11
1.190697 229 6 11 11
1.192697 229 6 11 11
1.194697 229 6 11 11
1.196697 229 6 11 11
1.198697 229 6 11 11
1.200697 230 6 11 12
1.202697 230 6 11 12
1.204697 230 6 11 12
1.206697 230 6 11 12
1.208697 230 6 11 12
1.210697 230 6 11 12
1.212697 230 6 11 12
1.214697 230 6 11 12
1.216697 230 6 11 12
1.218697 230 6 11 12
1.220697 230 6 11 12
1.222697 230 6 11 12
1.224697 230 6 11 12
1.226697 230 6 11 12
1.228697 230 6 11 12
1.230697 230 6 11 12
1.232697 230 6 11 12
1.234697 230 6 11 12
1.236697 230 6 11 12
1.238697 230 6 11 12
1.240697 230 6 11 12
1.242697 230 6 11 12
1.244697 230 6 11 12
1.246697 230 6 12 12
1.248697 230 6 12 12
1.250697 230 6 12 12
1.252697 230 6 12 12
1.254697 230 6 12 12
1.256697 230 6 12 12
1.258697 230 6 12 12
1.260697 230 6 12 12
1.262697 230 6 12 12
1.264697 230 6 12 12
1.266697 230 6 12 12
1.268697 230 6 12 12
1.270697 230 6 12 12
1.272697 230 6 12 12
1.274697 230 6 12 12
1.276697 230 6 12 12
1.278697 230 6 12 12
1.280697 230 6 12 12
1.282697 230 6 12 12
1.284697 230 6 12 12
1.286697 230 6 12 12
1.288697 230 6 12 12
1.290697 230 6 12 12
1.292697 230 6 12 12
1.294697 231 6 12 11
1.296697 231 6 12 11
1.298697 231 6 12 11
1.300697 231 6 12 11
1.302697 231 6 12 11
1.304697 231 6 12 11
1.306697 231 6 12 11
1.308697 231 6 12 11
1.310697 231 6 12 11
1.312697 231 6 12 11
1.314697 231 6 12 11
1.316697 231 6 12 11
1.318697 231 6 12 11
1.320697 231 6 12 11
1.322697 231 6 12 11
1.324697 231 6 12 11
1.326697 231 6 12 11
1.328697 231 6 12 11
1.330697 231 6 12 11
1.332697 231 6 12 11
1.334697 231 6 12 11
1.336697 231 6 12 11
1.338697 231 6 12 11
1.340697 231 6 12 11
1.342697 232 7 13 10
1.344697 232 7 13 10
1.346697 232 7 13 10
1.348697 232 7 13 10
1.350697 232 7 13 10
1.352697 232 7 13 10
1.354697 232 7 13 10
1.356697 232 7 13 10
1.358697 232 7 13 10
1.360697 232 7 13 10
1.362697 232 7 13 10
1.364697 232 7 13 10
1.366697 232 7 13 10
1.368697 232 7 13 10
1.370697 232 7 13 10
1.372697 232 7 13 10
1.374697 232 7 13 10
1.376697 232 7 13 10
1.378697 232 7 13 10
1.380697 232 7 13 10
1.382697 232 7 13 10
1.384697 232 7 13 10
1.386697 232 7 13 10
1.388697 232 8 12 10
1.390697 232 8 12 10
1.392697 232 8 12 10
1.394697 232 8 12 10
1.396697 232 8 12 10
1.398697 232 8 12 10
1.400697 232 8 12 10
1.402697 232 8 12 10
1.404697 233 8 11 10
1.406697 233 8 11 10
1.408697 233 8 11 10
1.410697 233 8 11 10
1.412697 233 8 11 10
1.414697 233 8 11 10
1.416697 233 8 11 10
1.418697 233 8 11 10
1.420697 234 8 10 10
1.422697 234 8 10 10
1.424697 234 8 10 10
1.426697 234 8 10 10
1.428697 234 8 10 10
1.430697 234 8 10 10
1.432697 234 8 10 10
1.434697 234 8 10 10
1.436697 235 9 10 10
1.438697 235 9 10 10
1.440697 235 9 10 10
1.442697 235 9 10 10
1.444697 235 9 10 10
1.446697 235 9 10 10
1.448697 235 9 10 10
1.450697 235 9 10 10
1.452697 235 9 10 10
1.454697 235 9 10 10
1.456697 235 9 10 10
1.458697 235 9 10 10
1.460697 236 9 10 10
1.462697 236 9 10 10
1.464697 236 9 10 10
1.466697 236 9 10 10
1.468697 236 9 10 10
1.470697 236 9 10 10
1.472697 236 9 10 10
1.474697 236 9 10 10
1.476697 236 9 10 10
1.478697 236 9 10 10
1.480697 236 9 10 10
1.482697 236 8 11 10
1.484697 236 8 11 10
1.486697 236 8 11 10
1.488697 236 8 11 10
1.490697 236 7 11 10
1.492697 236 7 11 11
1.494697 236 7 12 11
1.496697 236 7 12 11
1.498697 235 6 12 11
1.500697 235 6 12 11
1.502697 235 6 12 12
1.504697 235 6 12 12
1.506697 235 5 13 12
1.508697 235 5 13 12
1.510697 235 5 13 13
1.512697 235 5 13 13
1.514697 234 4 13 13
1.516697 234 4 13 13
1.518697 234 4 14 13
1.520697 234 4 14 14
1.522697 234 3 14 14
1.524697 234 3 14 14
1.526697 234 3 14 14
1.528697 234 3 14 14
1.530697 233 2 15 14
1.532697 233 2 15 14
1.534697 233 2 15 14
1.536697 233 2 15 14
1.538697 233 2 15 14
1.540697 233 2 15 14
1.542697 233 2 15 14
1.544697 233 2 15 14
1.546697 233 2 15 14
1.548697 233 2 15 14
1.550697 233 2 15 14
1.552697 233 2 15 14
1.554697 233 1 15 13
1.556697 233 1 15 13
1.558697 233 1 15 13
1.560697 233 1 15 13
1.562697 233 1 15 13
1.564697 233 1 15 13
1.566697 233 1 15 13
1.568697 233 1 15 13
1.570697 233 1 15 13
1.572697 233 1 15 13
1.574697 233 1 15 13
1.576697 233 1 15 13
1.578697 232 1 15 12
1.580697 232 1 15 12
1.582697 232 1 15 12
1.584697 232 1 15 12
1.586697 232 1 15 12
1.588697 232 1 15 12
1.590697 232 1 15 12
1.592697 232 1 15 11
1.594697 232 1 15 11
1.596697 232 1 15 11
1.598697 232 1 15 11
1.600697 232 1 15 11
1.602697 232 1 15 11
1.604697 232 1 15 11
1.606697 232 1 15 11
1.608697 232 1 15 10
1.610697 232 1 15 10
1.612697 232 1 15 10
1.614697 232 1 15 10
1.616697 232 1 15 10
1.618697 232 1 15 10
1.620697 232 1 15 10
1.622697 232 1 15 10
1.624697 231 0 15 10
1.626697 231 0 15 10
1.628697 231 0 15 10
1.630697 231 0 15 10
1.632697 231 0 15 10
1.634697 231 0 15 10
1.636697 231 0 15 10
1.638697 231 0 15 10
1.640697 231 0 15 10
1.642697 231 0 15 10
1.644697 231 0 15 10
1.646697 231 0 15 10
1.648697 231 0 15 10
1.650697 231 0 15 10
1.652697 231 0 15 10
1.654697 231 0 15 10
1.656697 231 0 15 10
1.658697 231 0 15 10
1.660697 231 0 15 10
1.662697 231 0 15 10
1.664697 231 0 15 10
1.666697 231 0 15 10
1.668697 231 0 15 10
1.670697 231 0 15 10
1.672697 230 0 14 9
1.674697 230 0 14 9
1.676697 230 0 14 9
1.678697 230 0 14 8
1.680697 230 0 13 8
1.682697 230 0 13 8
1.684697 230 0 13 8
1.686697 230 0 13 7
1.688697 230 0 12 7
1.690697 230 0 12 7
1.692697 230 0 12 6
1.694697 230 0 12 6
1.696697 230 0 11 6
1.698697 230 0 11 5
1.700697 230 0 11 5
1.702697 230 0 11 5
1.704697 230 0 10 5
1.706697 230 0 10 4
1.708697 230 0 10 4
1.710697 230 0 9 4
1.712697 230 0 9 3
1.714697 230 0 9 3
1.716697 230 0 9 3
1.718697 228 0 8 2
1.720697 219 0 8 2
1.722697 209 0 8 2
1.724697 199 0 7 2
1.726697 189 0 7 2
1.728697 180 0 7 2
1.730697 170 0 6 2
1.732697 160 0 6 2
1.734697 150 0 5 1
1.736697 141 0 5 1
1.738697 131 0 5 1
1.740697 121 0 4 1
1.742697 111 0 4 1
1.744697 102 0 3 1
1.746697 92 0 3 1
1.748697 82 0 3 1
1.750697 72 0 2 0
1.752697 63 0 2 0
1.754697 53 0 2 0
1.756697 43 0 1 0
1.758697 33 0 1 0
1.760697 24 0 0 0
1.762697 14 0 0 0
1.764697 4 0 0 0
1.766697 4 0 0 0
1.768697 13 0 0 0
1.770697 23 0 1 0
1.772697 32 0 2 0
1.774697 41 0 2 0
1.776697 50 0 3 0
1.778697 59 0 4 1
1.780697 69 0 4 1
1.782697 78 0 5 1
1.784697 87 0 6 1
1.786697 96 0 6 1
1.788697 105 0 7 1
1.790697 115 0 7 2
1.792697 124 0 8 2
1.794697 133 0 9 2
1.796697 142 0 9 2
1.798697 151 0 10 2
1.800697 161 0 11 2
1.802697 170 0 11 3
1.804697 179 0 12 3
1.806697 188 0 13 3
1.808697 197 0 13 3
1.810697 207 0 14 3
1.812697 216 0 14 3
1.814697 216 0 14 4
1.816697 216 0 14 4
1.818697 216 0 14 4
1.820697 216 0 14 4
1.822697 216 0 14 5
1.824697 215 0 14 5
1.826697 215 0 14 5
1.828697 215 0 13 6
1.830697 215 0 13 6
1.832697 215 0 13 6
1.834697 215 0 13 6
1.836697 214 0 13 7
1.838697 214 0 13 7
1.840697 214 0 13 7
1.842697 214 0 13 7
1.844697 214 0 12 8
1.846697 214 0 12 8
1.848697 213 0 12 8
1.850697 213 0 12 8
1.852697 213 0 12 9
1.854697 213 0 12 9
1.856697 213 0 12 9
1.858697 213 0 12 9
1.860697 213 0 12 10
1.862697 213 0 12 10
1.864697 213 0 12 10
1.866697 213 0 12 10
1.868697 213 0 12 10
1.870697 213 0 12 10
1.872697 213 0 12 11
1.874697 213 0 12 11
1.876697 213 0 12 11
1.878697 213 0 12 11
1.880697 213 0 12 11
1.882697 213 0 12 11
1.884697 213 0 13 12
1.886697 213 0 13 12
1.888697 213 0 13 12
1.890697 213 0 13 12
1.892697 213 0 13 12
1.894697 213 0 13 12
1.896697 213 0 13 13
1.898697 213 0 13 13
1.900697 213 0 13 13
1.902697 213 0 13 13
1.904697 213 0 13 13
1.906697 213 0 13 13
1.908697 212 0 14 14
1.910697 212 0 14 14
1.912697 212 0 14 14
1.914697 212 0 14 14
1.916697 212 0 14 14
1.918697 212 0 14 14
1.920697 212 0 14 15
1.922697 212 0 14 15
1.924697 211 0 14 15
1.926697 211 0 14 15
1.928697 211 0 14 15
1.930697 211 0 14 15
1.932697 211 0 15 16
1.934697 211 0 15 16
1.936697 211 0 15 16
1.938697 211 0 15 16
1.940697 210 0 15 16
1.942697 210 0 15 16
1.944697 210 0 15 17
1.946697 210 0 15 17
1.948697 210 0 15 17
1.950697 210 0 15 17
1.952697 210 0 15 17
1.954697 209 0 15 17
1.956697 209 0 15 17
1.958697 209 0 15 17
1.960697 209 1 15 17
1.962697 209 1 15 17
1.964697 209 1 15 17
1.966697 209 2 15 16
1.968697 209 2 15 16
1.970697 209 3 15 16
1.972697 209 3 15 16
1.974697 209 3 15 16
1.976697 209 4 15 16
1.978697 208 4 14 15
1.980697 208 4 14 15
1.982697 208 5 14 15
1.984697 208 5 14 15
1.986697 208 6 14 15
1.988697 208 6 14 15
1.990697 208 6 14 14
1.992697 208 7 14 14
1.994697 208 7 14 14
1.996697 208 8 14 14
1.998697 208 8 14 14
2.000697 208 8 14 14
2.002697 207 9 14 13
2.004697 207 9 14 13
2.006697 207 9 14 13
2.008697 207 9 14 13
2.010697 207 9 14 13
2.012697 207 10 14 13
2.014697 207 10 14 13
2.016697 207 10 14 13
2.018697 207 10 14 13
2.020697 207 11 14 13
2.022697 207 11 14 13
2.024697 207 11 14 13
2.026697 206 11 14 12
2.028697 206 11 14 12
2.030697 206 12 14 12
2.032697 206 12 14 12
2.034697 206 12 14 12
2.036697 206 12 14 12
2.038697 206 12 14 12
2.040697 206 13 14 12
2.042697 206 13 14 12
2.044697 206 13 14 12
2.046697 206 13 14 12
2.048697 206 13 14 12
2.050697 205 14 15 12
2.052697 205 15 15 12
2.054697 205 15 15 12
2.056697 205 16 15 12
2.058697 205 16 15 12
2.060697 205 17 15 12
2.062697 205 17 15 12
2.064697 204 18 15 12
2.066697 204 18 15 12
2.068697 204 19 15 12
2.070697 204 19 15 12
2.072697 204 20 15 12
2.074697 204 21 15 12
2.076697 204 21 15 12
2.078697 204 22 15 12
2.080697 203 22 15 12
2.082697 203 23 15 12
2.084697 203 23 15 12
2.086697 203 24 15 12
2.088697 203 24 15 12
2.090697 203 25 15 12
2.092697 203 26 15 12
2.094697 203 26 15 12
2.096697 202 27 15 12
2.098697 202 27 15 12
2.100697 202 27 15 12
2.102697 202 28 15 12
2.104697 202 28 15 12
2.106697 202 28 15 12
2.108697 202 29 15 13
2.110697 202 29 15 13
2.112697 201 29 15 13
2.114697 201 30 15 13
2.116697 201 30 15 13
2.118697 201 30 15 13
2.120697 201 31 15 14
2.122697 201 31 15 14
2.124697 201 31 15 14
2.126697 201 32 15 14
2.128697 200 32 15 14
2.130697 200 32 15 14
2.132697 200 33 15 15
2.134697 200 33 15 15
2.136697 200 33 15 15
2.138697 200 34 15 15
2.140697 200 34 15 15
2.142697 200 34 15 15
2.144697 199 35 16 16
2.146697 199 35 16 16
2.148697 199 36 16 16
2.150697 199 36 16 16
2.152697 199 36 16 16
2.154697 199 37 16 16
2.156697 199 37 16 16
2.158697 199 38 16 16
2.160697 199 38 16 16
2.162697 199 39 16 16
2.164697 199 39 16 16
2.166697 199 39 16 16
2.168697 198 40 16 16
2.170697 198 40 16 16
2.172697 198 41 16 16
2.174697 198 41 16 16
2.176697 198 42 16 16
2.178697 198 42 16 16
2.180697 198 42 16 16
2.182697 198 43 16 16
2.184697 198 43 16 16
2.186697 198 44 16 16
2.188697 198 44 16 16
2.190697 197 45 16 16
2.192697 197 45 16 16
2.194697 197 46 16 16
2.196697 197 46 16 16
2.198697 197 47 16 16
2.200697 197 47 16 16
2.202697 197 48 16 16
2.204697 197 49 16 16
2.206697 197 49 15 16
2.208697 197 50 15 16
2.210697 197 50 15 16
2.212697 197 51 15 16
2.214697 197 52 15 15
2.216697 197 52 15 15
2.218697 197 53 15 15
2.220697 197 53 15 15
2.222697 197 54 14 15
2.224697 197 55 14 15
2.226697 197 55 14 15
2.228697 197 56 14 15
2.230697 197 56 14 15
2.232697 197 57 14 15
2.234697 197 58 14 15
2.236697 197 58 14 15
2.238697 196 59 14 14
2.240697 196 59 14 14
2.242697 196 60 14 14
2.244697 196 61 14 14
2.246697 196 61 14 14
2.248697 196 62 14 14
2.250697 196 62 14 14
2.252697 196 63 14 14
2.254697 195 64 14 13
2.256697 195 64 14 13
2.258697 195 65 14 13
2.260697 195 65 14 13
2.262697 195 66 15 13
2.264697 195 66 15 13
2.266697 195 67 15 13
2.268697 195 68 15 13
2.270697 194 68 15 12
2.272697 194 69 15 12
2.274697 194 69 15 12
2.276697 194 70 15 12
2.278697 194 71 15 12
2.280697 194 71 15 12
2.282697 194 72 15 12
2.284697 194 72 15 12
2.286697 193 73 16 12
2.288697 193 73 16 12
2.290697 193 74 16 12
2.292697 193 74 16 13
2.294697 193 75 16 13
2.296697 193 75 16 13
2.298697 193 76 16 14
2.300697 193 76 16 14
2.302697 192 77 17 14
2.304697 192 77 17 14
2.306697 192 78 17 15
2.308697 192 78 17 15
2.310697 192 78 17 15
2.312697 192 79 17 16
2.314697 192 79 17 16
2.316697 191 80 18 16
2.318697 191 80 18 16
2.320697 191 81 18 17
2.322697 191 81 18 17
2.324697 191 82 18 17
2.326697 191 82 18 18
2.328697 191 83 18 18
2.330697 191 83 18 18
2.332697 190 84 18 18
2.334697 190 84 18 18
2.336697 190 85 18 18
2.338697 190 86 17 18
2.340697 190 86 17 18
2.342697 190 87 17 18
2.344697 190 88 16 17
2.346697 190 88 16 17
2.348697 190 89 16 17
2.350697 190 90 15 17
2.352697 190 90 15 17
2.354697 190 91 15 17
2.356697 190 92 14 16
2.358697 190 92 14 16
2.360697 190 93 14 16
2.362697 190 94 13 16
2.364697 190 95 13 16
2.366697 190 95 13 16
2.368697 190 96 12 15
2.370697 190 97 12 15
2.372697 190 97 12 15
2.374697 190 98 11 15
2.376697 190 99 11 15
2.378697 190 99 11 15
2.380697 189 100 11 14
2.382697 189 101 11 14
2.384697 189 101 11 14
2.386697 189 102 11 14
2.388697 189 102 11 14
2.390697 189 103 11 14
2.392697 189 104 11 14
2.394697 189 104 11 14
2.396697 189 105 11 13
2.398697 189 106 11 13
2.400697 189 106 11 13
2.402697 189 107 11 13
2.404697 188 108 11 13
2.406697 188 108 11 13
2.408697 188 109 11 13
2.410697 188 109 11 13
2.412697 188 110 11 12
2.414697 188 111 11 12
2.416697 188 111 11 12
2.418697 188 112 11 12
2.420697 188 113 11 12
2.422697 188 113 11 12
2.424697 188 114 11 12
2.426697 188 115 11 12
2.428697 188 115 11 12
2.430697 188 116 11 12
2.432697 188 117 11 12
2.434697 188 117 11 12
2.436697 188 118 11 12
2.438697 188 119 11 12
2.440697 188 120 11 12
2.442697 188 120 12 13
2.444697 188 121 12 13
2.446697 188 122 12 13
2.448697 188 122 12 13
2.450697 188 123 12 13
2.452697 188 124 12 13
2.454697 188 125 12 13
2.456697 188 125 12 13
2.458697 188 126 13 14
2.460697 188 127 13 14
2.462697 188 127 13 14
2.464697 188 128 13 14
2.466697 188 129 13 14
2.468697 188 130 13 14
2.470697 188 130 13 14
2.472697 188 131 13 14
2.474697 187 132 13 15
2.476697 187 133 13 15
2.478697 187 134 13 15
2.480697 187 135 13 15
2.482697 187 136 13 15
2.484697 187 137 13 15
2.486697 187 137 13 15
2.488697 187 138 13 15
2.490697 187 139 13 15
2.492697 187 140 13 15
2.494697 187 141 13 15
2.496697 187 142 13 15
2.498697 186 143 13 15
2.500697 186 144 13 15
2.502697 186 145 13 15
2.504697 186 146 13 15
2.506697 186 147 13 15
2.508697 186 148 13 15
2.510697 186 149 13 15
2.512697 186 150 13 15
2.514697 186 151 13 15
2.516697 186 151 13 15
2.518697 186 152 13 15
2.520697 186 153 13 15
2.522697 186 154 13 16
2.524697 186 155 13 16
2.526697 186 156 13 17
2.528697 186 156 13 17
2.530697 186 157 13 18
2.532697 186 158 13 18
2.534697 186 159 13 19
2.536697 186 159 13 19
2.538697 186 160 14 20
2.540697 186 161 14 20
2.542697 186 162 14 21
2.544697 186 162 14 21
2.546697 186 163 14 22
2.548697 186 164 14 23
2.550697 186 165 14 23
2.552697 186 166 15 24
2.554697 186 166 15 24
2.556697 186 167 15 25
2.558697 186 168 15 25
2.560697 186 169 15 26
2.562697 186 169 15 26
2.564697 186 170 15 27
2.566697 186 171 15 27
2.568697 186 172 15 27
2.570697 186 173 15 27
2.572697 186 174 15 27
2.574697 186 176 15 26
2.576697 186 177 15 26
2.578697 186 179 15 25
2.580697 186 180 15 25
2.582697 186 181 15 24
2.584697 186 183 15 24
2.586697 186 184 15 24
2.588697 186 185 15 23
2.590697 186 187 15 23
2.592697 186 188 14 22
2.594697 186 189 14 22
2.596697 186 191 14 21
2.598697 186 192 14 21
2.600697 186 193 14 21
2.602697 186 195 14 20
2.604697 186 196 14 20
2.606697 186 198 14 19
2.608697 186 199 14 19
2.610697 186 200 14 19
2.612697 186 202 14 18
2.614697 186 203 14 18
2.616697 185 203 13 18
2.618697 185 203 13 18
2.620697 185 203 13 18
2.622697 185 203 13 18
2.624697 185 202 13 18
2.626697 185 202 13 18
2.628697 185 202 13 18
2.630697 185 202 13 18
2.632697 185 201 13 18
2.634697 185 201 13 18
2.636697 185 201 13 18
2.638697 185 201 13 18
2.640697 184 200 13 18
2.642697 184 200 13 18
2.644697 184 200 13 18
2.646697 184 200 13 18
2.648697 184 199 13 18
2.650697 184 199 13 18
2.652697 184 199 13 18
2.654697 184 199 13 18
2.656697 184 198 13 18
2.658697 184 198 13 18
2.660697 184 198 13 18
2.662697 184 198 13 18
2.664697 183 197 13 18
2.666697 183 196 13 18
2.668697 183 196 13 18
2.670697 183 195 13 18
2.672697 183 194 13 18
2.674697 182 194 13 17
2.676697 182 193 13 17
2.678697 182 192 13 17
2.680697 182 192 13 17
2.682697 182 191 13 17
2.684697 182 191 13 17
2.686697 181 190 14 16
2.688697 181 189 14 16
2.690697 181 189 14 16
2.692697 181 188 14 16
2.694697 181 187 14 16
2.696697 181 187 14 16
2.698697 180 186 14 15
2.700697 180 185 14 15
2.702697 180 185 14 15
2.704697 180 184 14 15
2.706697 180 184 14 15
2.708697 180 183 14 15
2.710697 180 182 14 14
2.712697 180 182 14 14
2.714697 180 181 14 14
2.716697 180 181 14 14
2.718697 180 180 14 14
2.720697 180 180 14 14
2.722697 180 179 14 14
2.724697 180 179 14 14
2.726697 180 178 14 14
2.728697 180 178 14 14
2.730697 180 177 14 14
2.732697 180 177 14 14
2.734697 180 176 13 14
2.736697 180 176 13 14
2.738697 180 175 13 14
2.740697 180 175 13 14
2.742697 180 174 13 14
2.744697 180 174 13 14
2.746697 180 173 13 14
2.748697 180 173 13 14
2.750697 180 172 13 14
2.752697 180 172 13 14
2.754697 180 171 13 14
2.756697 180 171 13 14
2.758697 180 170 13 14
2.760697 180 169 13 14
2.762697 180 168 13 14
2.764697 180 167 13 14
2.766697 179 166 13 14
2.768697 179 165 13 14
2.770697 179 164 14 14
2.772697 179 164 14 14
2.774697 179 163 14 14
2.776697 178 162 14 14
2.778697 178 161 14 14
2.780697 178 160 14 14
2.782697 178 159 15 15
2.784697 178 158 15 15
2.786697 177 157 15 15
2.788697 177 156 15 15
2.790697 177 156 15 15
2.792697 177 155 16 15
2.794697 177 154 16 15
2.796697 176 153 16 15
2.798697 176 152 16 15
2.800697 176 151 16 15
2.802697 176 150 16 15
2.804697 175 149 17 16
2.806697 175 149 17 16
2.808697 175 148 17 16
2.810697 175 148 17 16
2.812697 174 147 17 16
2.814697 174 147 17 16
2.816697 174 146 17 16
2.818697 173 146 17 16
2.820697 173 145 17 16
2.822697 173 145 17 16
2.824697 172 144 17 16
2.826697 172 144 17 16
2.828697 172 143 17 16
2.830697 172 143 17 16
2.832697 171 142 17 16
2.834697 171 142 17 16
2.836697 171 141 17 16
2.838697 170 141 17 16
2.840697 170 140 17 16
2.842697 170 140 17 16
2.844697 170 139 17 16
2.846697 169 139 17 16
2.848697 169 138 17 16
2.850697 169 138 17 16
2.852697 168 137 18 15
2.854697 168 137 18 15
2.856697 168 137 18 15
2.858697 168 137 18 15
2.860697 168 137 18 15
2.862697 168 137 18 15
2.864697 168 136 18 15
2.866697 168 136 18 15
2.868697 168 136 18 15
2.870697 168 136 18 15
2.872697 168 136 18 15
2.874697 168 136 18 15
2.876697 168 135 18 14
2.878697 168 135 18 14
2.880697 168 135 18 14
2.882697 168 135 18 14
2.884697 168 135 18 14
2.886697 168 135 18 14
2.888697 168 134 18 14
2.890697 168 134 18 14
2.892697 168 134 18 14
2.894697 168 134 18 14
2.896697 168 134 18 14
2.898697 168 134 18 14
2.900697 168 133 18 14
2.902697 168 133 18 14
2.904697 168 133 18 14
2.906697 168 133 18 14
2.908697 168 133 18 14
2.910697 168 132 17 14
2.912697 168 132 17 14
2.914697 168 132 17 14
2.916697 168 132 17 14
2.918697 168 132 17 14
2.920697 168 132 17 14
2.922697 168 131 16 14
2.924697 168 131 16 14
2.926697 168 131 16 14
2.928697 168 131 16 14
2.930697 168 131 16 14
2.932697 168 131 16 14
2.934697 168 130 15 14
2.936697 168 130 15 14
2.938697 168 130 15 14
2.940697 168 130 15 14
2.942697 168 130 15 14
2.944697 168 130 15 14
2.946697 167 129 15 14
2.948697 167 129 15 14
2.950697 167 129 15 14
2.952697 167 129 15 14
2.954697 166 129 16 14
2.956697 166 129 16 14
2.958697 166 129 16 14
2.960697 166 129 17 14
2.962697 165 128 17 14
2.964697 165 128 17 14
2.966697 165 128 18 14
2.968697 165 128 18 14
2.970697 164 128 18 15
2.972697 164 128 18 15
2.974697 164 128 19 15
2.976697 164 128 19 15
2.978697 163 127 19 15
2.980697 163 127 20 15
2.982697 163 127 20 15
2.984697 163 127 20 15
2.986697 162 127 21 15
2.988697 162 127 21 15
2.990697 162 127 21 15
2.992697 162 127 21 15
2.994697 161 126 21 16
2.996697 161 126 21 16
2.998697 161 126 21 16
3.000697 161 126 21 16
3.002697 161 126 20 16
3.004697 161 126 20 16
3.006697 161 126 20 16
3.008697 161 126 20 16
3.010697 160 125 20 17
3.012697 160 125 19 17
3.014697 160 125 19 17
3.016697 160 125 19 17
3.018697 160 125 19 17
3.020697 160 125 19 17
3.022697 160 125 18 17
3.024697 160 125 18 17
3.026697 159 124 18 18
3.028697 159 124 18 18
3.030697 159 124 18 18
3.032697 159 124 17 18
3.034697 159 124 17 18
3.036697 159 124 17 18
3.038697 159 124 17 18
3.040697 158 124 17 19
3.042697 158 124 17 19
3.044697 158 124 17 19
3.046697 158 124 17 19
3.048697 158 124 17 19
3.050697 157 124 17 19
3.052697 157 124 17 20
3.054697 157 124 17 20
3.056697 157 124 18 20
3.058697 157 124 18 20
3.060697 156 124 18 20
3.062697 156 124 18 20
3.064697 156 124 18 21
3.066697 156 124 18 21
3.068697 156 124 18 21
3.070697 155 124 18 21
3.072697 155 124 19 21
3.074697 155 124 19 21
3.076697 155 124 19 22
3.078697 154 124 19 22
3.080697 154 124 19 22
3.082697 154 124 19 22
3.084697 154 124 19 22
3.086697 154 124 19 22
3.088697 153 124 19 22
3.090697 153 124 19 22
3.092697 153 124 19 22
3.094697 153 124 19 21
3.096697 153 124 19 21
3.098697 153 124 18 21
3.100697 153 124 18 20
3.102697 153 124 18 20
3.104697 152 124 18 20
3.106697 152 124 17 19
3.108697 152 124 17 19
3.110697 152 124 17 19
3.112697 152 124 17 18
3.114697 152 124 17 18
3.116697 152 124 16 18
3.118697 152 124 16 17
3.120697 151 124 16 17
3.122697 151 124 16 17
3.124697 151 124 16 16
3.126697 151 124 15 16
3.128697 151 124 15 16
3.130697 151 124 15 15
3.132697 151 124 15 15
3.134697 151 124 15 15
3.136697 150 125 14 14
3.138697 150 125 14 14
3.140697 150 125 14 14
3.142697 150 125 14 14
3.144697 150 125 14 14
3.146697 149 125 14 14
3.148697 149 125 14 14
3.150697 149 125 14 14
3.152697 149 125 14 14
3.154697 149 125 14 14
3.156697 149 125 14 14
3.158697 148 126 14 14
3.160697 148 126 14 14
3.162697 148 126 14 14
3.164697 148 126 14 14
3.166697 148 126 14 14
3.168697 148 126 14 14
3.170697 147 126 14 14
3.172697 147 126 14 14
3.174697 147 126 14 14
3.176697 147 126 14 14
3.178697 147 126 14 14
3.180697 147 126 14 14
3.182697 146 127 14 14
3.184697 146 127 14 14
3.186697 146 127 14 14
3.188697 145 127 14 14
3.190697 145 127 14 14
3.192697 144 127 14 14
3.194697 144 127 14 14
3.196697 144 127 14 14
3.198697 143 127 14 14
3.200697 143 127 14 14
3.202697 143 127 14 14
3.204697 142 127 14 14
3.206697 142 128 15 14
3.208697 141 128 15 14
3.210697 141 128 15 14
3.212697 141 128 15 14
3.214697 140 128 15 14
3.216697 140 128 15 14
3.218697 140 128 15 14
3.220697 139 128 15 14
3.222697 139 128 15 14
3.224697 138 128 15 14
3.226697 138 128 15 14
3.228697 138 128 15 14
3.230697 137 129 15 14
3.232697 137 129 15 14
3.234697 137 129 15 14
3.236697 137 129 15 14
3.238697 137 129 15 14
3.240697 137 129 15 14
3.242697 136 129 14 14
3.244697 136 129 14 14
3.246697 136 129 14 14
3.248697 136 129 14 14
3.250697 136 129 14 14
3.252697 136 129 14 14
3.254697 135 130 13 14
3.256697 135 130 13 14
3.258697 135 130 13 14
3.260697 135 130 13 14
3.262697 135 130 13 14
3.264697 135 130 13 14
3.266697 134 130 12 14
3.268697 134 130 12 14
3.270697 134 130 12 14
3.272697 134 130 12 14
3.274697 134 130 12 14
3.276697 133 131 12 13
3.278697 133 131 12 13
3.280697 133 131 12 13
3.282697 133 131 12 13
3.284697 133 132 12 13
3.286697 132 132 12 13
3.288697 132 132 12 13
3.290697 132 132 12 13
3.292697 132 133 12 13
3.294697 132 133 12 13
3.296697 131 133 12 13
3.298697 131 133 12 13
3.300697 131 134 12 12
3.302697 131 134 12 12
3.304697 131 134 12 12
3.306697 130 134 12 12
3.308697 130 135 12 12
3.310697 130 135 12 12
3.312697 130 135 12 12
3.314697 129 135 12 12
3.316697 129 136 12 12
3.318697 129 136 12 12
3.320697 129 136 12 12
3.322697 129 136 12 12
3.324697 128 137 12 12
3.326697 128 137 12 12
3.328697 128 137 12 12
3.330697 127 137 12 12
3.332697 127 137 12 12
3.334697 127 137 12 12
3.336697 126 137 12 12
3.338697 126 137 12 12
3.340697 126 137 12 12
3.342697 125 137 12 12
3.344697 125 137 12 12
3.346697 125 137 12 12
3.348697 124 138 12 12
3.350697 124 138 12 12
3.352697 124 138 12 12
3.354697 123 138 12 12
3.356697 123 138 12 12
3.358697 123 138 12 12
3.360697 122 138 12 12
3.362697 122 138 12 12
3.364697 122 138 12 12
3.366697 121 138 12 12
3.368697 121 138 12 12
3.370697 121 138 12 12
3.372697 120 139 13 12
3.374697 120 139 13 12
3.376697 120 139 13 12
3.378697 120 139 13 12
3.380697 119 139 13 12
3.382697 119 139 13 12
3.384697 119 139 13 12
3.386697 119 139 13 12
3.388697 119 140 13 12
3.390697 118 140 13 12
3.392697 118 140 13 12
3.394697 118 140 13 13
3.396697 118 140 13 13
3.398697 118 140 13 13
3.400697 117 140 13 13
3.402697 117 141 13 13
3.404697 117 141 13 13
3.406697 117 141 13 13
3.408697 117 141 13 13
3.410697 116 141 13 13
3.412697 116 141 13 13
3.414697 116 141 13 13
3.416697 116 141 13 13
3.418697 115 142 14 14
3.420697 115 142 14 14
3.422697 115 142 14 14
3.424697 115 142 14 14
3.426697 115 142 14 14
3.428697 114 142 14 14
3.430697 114 143 14 14
3.432697 114 143 14 14
3.434697 114 143 14 14
3.436697 114 143 14 14
3.438697 113 143 14 14
3.440697 113 143 14 14
3.442697 113 144 14 14
3.444697 113 144 14 14
3.446697 112 144 14 14
3.448697 112 144 14 14
3.450697 112 144 14 14
3.452697 112 144 14 14
3.454697 112 145 14 14
3.456697 111 145 14 14
3.458697 111 145 14 14
3.460697 111 145 14 14
3.462697 111 145 14 14
3.464697 111 145 14 14
3.466697 110 146 14 14
3.468697 110 146 14 14
3.470697 110 146 14 14
3.472697 110 146 14 14
3.474697 110 146 14 14
3.476697 110 146 14 14
3.478697 109 146 14 14
3.480697 109 146 14 14
3.482697 109 146 14 14
3.484697 109 146 14 14
3.486697 109 146 14 14
3.488697 109 146 14 14
3.490697 108 147 14 14
3.492697 108 147 14 14
3.494697 108 147 14 14
3.496697 108 147 14 14
3.498697 108 147 14 14
3.500697 108 147 14 14
3.502697 107 147 14 14
3.504697 107 147 14 14
3.506697 107 147 14 14
3.508697 107 147 14 14
3.510697 107 147 14 14
3.512697 106 148 13 13
3.514697 106 148 13 13
3.516697 106 148 13 13
3.518697 106 148 13 13
3.520697 105 148 13 13
3.522697 105 149 13 13
3.524697 105 149 13 13
3.526697 105 149 13 13
3.528697 104 149 13 13
3.530697 104 149 13 13
3.532697 104 150 13 13
3.534697 104 150 13 13
3.536697 103 150 12 12
3.538697 103 150 12 12
3.540697 103 150 12 12
3.542697 103 151 12 12
3.544697 102 151 12 12
3.546697 102 151 12 12
3.548697 102 151 12 12
3.550697 102 152 12 12
3.552697 101 152 12 12
3.554697 101 152 12 12
3.556697 101 152 12 12
3.558697 101 152 12 12
3.560697 100 153 12 12
3.562697 100 153 12 12
3.564697 100 153 12 12
3.566697 100 153 12 12
3.568697 100 153 12 12
3.570697 100 153 12 12
3.572697 99 153 13 13
3.574697 99 153 13 13
3.576697 99 153 13 13
3.578697 99 153 13 13
3.580697 99 153 13 13
3.582697 99 153 13 13
3.584697 98 153 14 14
3.586697 98 153 14 14
3.588697 98 153 14 14
3.590697 98 153 14 14
3.592697 98 153 14 14
3.594697 98 153 14 14
3.596697 97 153 15 15
3.598697 97 153 15 15
3.600697 97 153 15 15
3.602697 97 153 15 15
3.604697 97 153 15 15
3.606697 97 153 15 15
3.608697 96 154 16 15
3.610697 96 154 16 15
3.612697 96 154 16 15
3.614697 96 154 16 15
3.616697 96 154 16 15
3.618697 96 154 16 15
3.620697 96 154 16 15
3.622697 96 154 16 15
3.624697 95 154 16 15
3.626697 95 154 16 15
3.628697 95 154 16 15
3.630697 95 155 16 15
3.632697 95 155 16 15
3.634697 95 155 16 15
3.636697 95 155 16 15
3.638697 94 155 16 15
3.640697 94 155 16 15
3.642697 94 155 16 15
3.644697 94 155 16 15
3.646697 94 155 16 15
3.648697 94 155 16 15
3.650697 94 155 16 15
3.652697 94 155 16 15
3.654697 93 156 15 15
3.656697 93 156 15 15
3.658697 93 156 15 15
3.660697 93 156 15 15
3.662697 93 156 15 15
3.664697 93 156 15 15
3.666697 93 157 15 15
3.668697 93 157 15 15
3.670697 93 157 15 15
3.672697 93 157 15 15
3.674697 93 157 15 15
3.676697 93 157 15 15
3.678697 92 158 15 15
3.680697 92 158 15 15
3.682697 92 158 15 15
3.684697 92 158 15 15
3.686697 92 158 15 15
3.688697 92 158 15 15
3.690697 92 159 15 15
3.692697 92 159 15 15
3.694697 92 159 15 15
3.696697 92 159 15 15
3.698697 92 159 15 15
3.700697 92 159 15 15
