0.017186 178 142 21 25
0.019186 178 142 21 25
0.021186 178 142 21 25
0.023186 178 142 21 25
0.025186 178 142 21 25
0.027186 178 142 21 25
0.029186 178 142 21 25
0.031186 178 142 21 25
0.033186 178 142 21 25
0.035186 178 142 21 25
0.037186 178 142 21 25
0.039186 178 142 21 25
0.041186 178 142 21 25
0.043186 178 142 21 25
0.045186 178 142 21 25
0.047186 178 142 21 25
0.049186 178 142 21 25
0.051186 178 142 21 25
0.053186 178 142 21 25
0.055186 178 142 21 25
0.057186 178 142 21 25
0.059186 178 142 21 25
0.061186 178 142 21 25
0.063186 178 142 21 25
0.065186 178 142 20 25
0.067186 178 142 20 25
0.069186 178 142 20 25
0.071186 178 142 20 25
0.073186 178 142 20 25
0.075186 178 142 20 25
0.077186 178 142 20 25
0.079186 178 142 20 25
0.081186 178 142 20 25
0.083186 178 142 20 25
0.085186 178 142 20 25
0.087186 178 142 20 25
0.089186 178 142 20 25
0.091186 178 142 20 25
0.093186 178 142 20 25
0.095186 178 142 20 25
0.097186 178 142 20 25
0.099186 178 142 20 25
0.101186 178 142 20 25
0.103186 178 142 20 25
0.105186 178 142 20 25
0.107186 178 142 20 25
0.109186 178 142 20 25
0.111186 178 142 20 25
0.113186 177 142 19 26
0.115186 177 142 19 26
0.117186 177 142 19 26
0.119186 177 142 19 26
0.121186 177 142 19 26
0.123186 177 142 19 26
0.125186 177 142 19 26
0.127186 177 142 19 26
0.129186 177 142 19 26
0.131186 177 142 19 26
0.133186 177 142 19 26
0.135186 177 142 19 26
0.137186 176 142 19 26
0.139186 176 142 19 26
0.141186 176 142 19 26
0.143186 176 142 19 26
0.145186 176 142 19 26
0.147186 176 142 19 26
0.149186 176 142 19 26
0.151186 176 142 19 26
0.153186 176 142 19 26
0.155186 176 142 19 26
0.157186 176 142 19 26
0.159186 175 141 19 26
0.161186 175 141 19 26
0.163186 175 141 19 26
0.165186 175 141 19 26
0.167186 175 141 19 26
0.169186 175 141 19 26
0.171186 175 141 19 26
0.173186 175 141 19 26
0.175186 174 141 19 26
0.177186 174 141 19 26
0.179186 174 141 19 26
0.181186 174 141 19 26
0.183186 174 141 19 26
0.185186 174 141 19 26
0.187186 174 141 19 26
0.189186 174 141 19 26
0.191186 173 141 19 26
0.193186 173 141 19 26
0.195186 173 141 19 26
0.197186 173 141 19 26
0.199186 173 141 19 26
0.201186 173 141 19 26
0.203186 173 141 19 26
0.205186 173 141 19 26
0.207186 173 141 20 26
0.209186 173 141 20 26
0.211186 173 141 20 26
0.213186 173 141 20 26
0.215186 173 141 20 26
0.217186 173 141 20 26
0.219186 173 141 20 26
0.221186 173 141 20 26
0.223186 173 141 20 26
0.225186 173 141 20 26
0.227186 173 141 20 26
0.229186 173 141 20 26
0.231186 173 141 20 26
0.233186 173 141 20 26
0.235186 173 141 20 26
0.237186 173 141 20 26
0.239186 173 141 20 26
0.241186 173 141 20 26
0.243186 173 141 20 26
0.245186 173 141 20 26
0.247186 173 141 20 26
0.249186 173 141 20 26
0.251186 173 141 20 26
0.253186 173 141 20 26
0.255186 172 141 20 26
0.257186 172 141 20 26
0.259186 172 141 20 26
0.261186 172 141 20 26
0.263186 172 141 20 26
0.265186 172 141 20 26
0.267186 172 141 20 26
0.269186 171 141 20 26
0.271186 171 141 20 26
0.273186 171 141 20 26
0.275186 171 141 20 26
0.277186 171 140 21 26
0.279186 171 140 21 26
0.281186 171 140 21 26
0.283186 171 140 21 26
0.285186 170 140 21 26
0.287186 170 140 21 26
0.289186 170 140 21 26
0.291186 170 140 21 26
0.293186 170 140 21 26
0.295186 170 140 21 26
0.297186 170 140 21 26
0.299186 170 140 21 26
0.301186 169 140 22 26
0.303186 169 140 22 26
0.305186 169 140 22 26
0.307186 169 140 22 26
0.309186 169 140 22 26
0.311186 169 140 22 26
0.313186 169 140 22 26
0.315186 169 140 22 26
0.317186 168 140 22 26
0.319186 168 140 22 26
0.321186 168 140 22 26
0.323186 168 140 22 26
0.325186 168 140 22 26
0.327186 168 140 22 26
0.329186 168 140 22 26
0.331186 168 140 22 26
0.333186 167 140 22 26
0.335186 167 140 22 26
0.337186 167 140 22 26
0.339186 167 140 22 26
0.341186 167 140 22 26
0.343186 167 140 22 26
0.345186 167 140 22 26
0.347186 167 140 22 26
0.349186 166 140 23 26
0.351186 166 140 23 26
0.353186 166 140 23 26
0.355186 166 140 23 26
0.357186 166 140 23 26
0.359186 166 140 23 26
0.361186 166 140 23 26
0.363186 166 140 23 26
0.365186 166 140 23 26
0.367186 166 140 23 26
0.369186 166 140 23 26
0.371186 166 140 23 26
0.373186 166 140 23 26
0.375186 166 140 23 26
0.377186 166 140 23 26
0.379186 166 140 23 26
0.381186 166 140 23 26
0.383186 166 140 23 26
0.385186 166 140 23 26
0.387186 166 140 23 26
0.389186 166 140 23 26
0.391186 166 140 23 26
0.393186 166 140 23 26
0.395186 165 140 23 27
0.397186 165 140 23 27
0.399186 165 140 23 27
0.401186 165 140 23 27
0.403186 165 140 23 27
0.405186 165 140 23 27
0.407186 165 140 23 27
0.409186 165 140 23 27
0.411186 165 140 23 27
0.413186 165 140 23 27
0.415186 165 140 23 27
0.417186 165 140 23 27
0.419186 164 140 22 27
0.421186 164 140 22 27
0.423186 164 140 22 27
0.425186 164 140 22 27
0.427186 164 140 22 27
0.429186 164 140 22 27
0.431186 164 140 22 27
0.433186 164 140 22 27
0.435186 164 140 22 27
0.437186 164 140 22 27
0.439186 164 140 22 27
0.441186 164 140 22 27
0.443186 163 139 21 27
0.445186 163 139 21 27
0.447186 163 139 21 27
0.449186 163 139 21 27
0.451186 163 139 21 27
0.453186 163 139 21 27
0.455186 163 139 21 27
0.457186 163 139 21 27
0.459186 163 139 21 27
0.461186 163 139 21 27
0.463186 163 139 21 27
0.465186 163 139 21 27
0.467186 162 138 20 27
0.469186 162 138 20 27
0.471186 162 138 20 27
0.473186 162 138 20 27
0.475186 162 138 20 27
0.477186 162 138 20 27
0.479186 162 138 20 27
0.481186 162 138 20 27
0.483186 162 138 20 27
0.485186 162 138 20 27
0.487186 162 138 20 27
0.489186 162 138 20 27
0.491186 161 138 19 27
0.493186 161 138 19 27
0.495186 161 138 19 27
0.497186 161 138 19 27
0.499186 161 138 19 27
0.501186 161 138 19 27
0.503186 161 138 19 27
0.505186 161 138 19 27
0.507186 161 138 19 27
0.509186 161 138 19 27
0.511186 161 138 19 27
0.513186 160 138 19 27
0.515186 160 138 19 27
0.517186 160 138 19 27
0.519186 160 138 19 27
0.521186 160 138 19 27
0.523186 160 138 19 27
0.525186 160 138 19 27
0.527186 160 138 19 27
0.529186 160 138 19 27
0.531186 160 138 19 27
0.533186 160 138 19 27
0.535186 160 138 19 27
0.537186 159 139 19 27
0.539186 159 139 19 27
0.541186 159 139 19 27
0.543186 159 139 19 27
0.545186 159 139 19 27
0.547186 159 139 19 27
0.549186 159 139 19 27
0.551186 159 139 19 27
0.553186 159 139 19 27
0.555186 159 139 19 27
0.557186 159 139 19 27
0.559186 159 139 19 27
0.561186 159 139 20 27
0.563186 159 139 20 27
0.565186 159 139 20 27
0.567186 159 139 20 27
0.569186 159 139 20 27
0.571186 159 139 20 27
0.573186 159 139 20 27
0.575186 159 139 20 27
0.577186 159 139 20 27
0.579186 159 139 20 27
0.581186 159 139 20 27
0.583186 159 139 20 27
0.585186 158 139 21 27
0.587186 158 139 21 27
0.589186 158 139 21 27
0.591186 158 139 21 27
0.593186 158 139 21 27
0.595186 158 139 21 27
0.597186 158 139 21 27
0.599186 158 139 21 27
0.601186 158 139 21 27
0.603186 158 139 21 27
0.605186 158 139 21 27
0.607186 158 139 21 27
0.609186 157 139 21 26
0.611186 157 139 21 26
0.613186 157 139 21 26
0.615186 157 139 21 26
0.617186 157 139 21 26
0.619186 157 139 21 26
0.621186 157 139 21 26
0.623186 157 139 21 26
0.625186 157 139 21 26
0.627186 157 139 21 26
0.629186 157 139 21 26
0.631186 156 139 21 26
0.633186 156 139 21 26
0.635186 156 139 21 26
0.637186 156 139 21 26
0.639186 156 139 21 26
0.641186 156 139 21 26
0.643186 156 139 21 26
0.645186 156 139 21 26
0.647186 155 139 21 26
0.649186 155 139 21 26
0.651186 155 139 21 26
0.653186 155 139 21 26
0.655186 155 139 21 26
0.657186 155 139 21 26
0.659186 155 139 21 26
0.661186 155 139 21 26
0.663186 154 139 21 26
0.665186 154 139 21 26
0.667186 154 139 21 26
0.669186 154 139 21 26
0.671186 154 139 21 26
0.673186 154 139 21 26
0.675186 154 139 21 26
0.677186 154 139 21 26
0.679186 153 139 21 26
0.681186 153 139 21 26
0.683186 153 139 21 26
0.685186 153 139 21 26
0.687186 153 139 21 26
0.689186 153 139 21 26
0.691186 153 139 21 26
0.693186 153 139 21 26
0.695186 152 139 21 26
0.697186 152 139 21 26
0.699186 152 139 21 26
0.701186 152 139 21 26
0.703186 152 139 21 26
0.705186 152 139 21 26
0.707186 152 139 21 26
0.709186 152 139 21 26
0.711186 151 139 21 26
0.713186 151 139 21 26
0.715186 151 139 21 26
0.717186 151 139 21 26
0.719186 151 139 21 26
0.721186 151 139 21 26
0.723186 151 139 21 26
0.725186 151 139 21 26
0.727186 150 139 21 26
0.729186 150 139 21 26
0.731186 150 139 21 26
0.733186 150 139 21 26
0.735186 150 139 21 26
0.737186 150 139 21 26
0.739186 150 139 21 26
0.741186 149 139 21 26
0.743186 149 139 21 26
0.745186 149 139 21 26
0.747186 149 139 21 26
0.749186 149 139 22 26
0.751186 149 139 22 26
0.753186 149 139 22 26
0.755186 149 139 22 26
0.757186 148 139 22 26
0.759186 148 139 22 26
0.761186 148 139 22 26
0.763186 148 139 22 26
0.765186 148 139 22 26
0.767186 148 139 22 26
0.769186 148 139 22 26
0.771186 148 139 22 26
0.773186 148 138 22 26
0.775186 148 138 22 26
0.777186 148 138 22 26
0.779186 148 138 22 26
0.781186 148 138 22 26
0.783186 148 138 22 26
0.785186 148 138 22 26
0.787186 148 138 22 26
0.789186 148 138 22 26
0.791186 148 138 22 26
0.793186 148 138 22 26
0.795186 148 138 22 26
0.797186 148 138 21 26
0.799186 148 138 21 26
0.801186 148 138 21 26
0.803186 148 138 21 26
0.805186 148 138 21 26
0.807186 148 138 21 26
0.809186 148 138 21 26
0.811186 148 138 21 26
0.813186 148 138 21 26
0.815186 148 138 21 26
0.817186 148 138 21 26
0.819186 148 138 21 26
0.821186 147 137 21 27
0.823186 147 137 21 27
0.825186 147 137 21 27
0.827186 147 137 21 27
0.829186 147 137 21 27
0.831186 147 137 21 27
0.833186 147 137 21 27
0.835186 147 137 21 27
0.837186 146 137 21 27
0.839186 146 137 21 27
0.841186 146 137 21 27
0.843186 146 137 21 27
0.845186 146 137 21 27
0.847186 146 137 21 27
0.849186 146 137 21 27
0.851186 146 137 21 27
0.853186 145 137 21 27
0.855186 145 137 21 27
0.857186 145 137 21 27
0.859186 145 137 21 27
0.861186 145 137 21 27
0.863186 145 137 21 27
0.865186 145 137 21 27
0.867186 144 137 21 27
0.869186 144 137 21 27
0.871186 144 137 21 27
0.873186 144 137 21 27
0.875186 144 137 21 27
0.877186 144 137 21 27
0.879186 144 137 21 27
0.881186 144 137 21 27
0.883186 144 137 21 27
0.885186 144 137 21 27
0.887186 144 137 21 27
0.889186 144 137 21 27
0.891186 143 137 21 27
0.893186 143 137 21 27
0.895186 143 137 21 27
0.897186 143 137 21 27
0.899186 143 137 21 27
0.901186 143 137 21 27
0.903186 143 137 21 27
0.905186 143 137 21 27
0.907186 143 137 21 27
0.909186 143 137 21 27
0.911186 143 137 21 27
0.913186 143 137 21 27
0.915186 142 137 21 27
0.917186 142 137 21 27
0.919186 142 137 21 27
0.921186 142 137 21 27
0.923186 142 137 21 27
0.925186 142 137 21 27
0.927186 141 137 21 27
0.929186 141 137 21 27
0.931186 141 137 22 27
0.933186 141 137 22 27
0.935186 141 137 22 27
0.937186 141 137 22 27
0.939186 140 137 22 27
0.941186 140 137 22 27
0.943186 140 137 22 27
0.945186 140 137 22 27
0.947186 140 137 23 27
0.949186 140 137 23 27
0.951186 139 137 23 27
0.953186 139 137 23 27
0.955186 139 137 23 27
0.957186 139 137 23 27
0.959186 139 137 23 27
0.961186 139 137 23 27
0.963186 138 137 23 26
0.965186 138 137 23 26
0.967186 138 137 23 26
0.969186 138 137 23 26
0.971186 138 137 23 26
0.973186 138 137 23 26
0.975186 138 137 23 26
0.977186 138 137 23 26
0.979186 138 137 23 26
0.981186 138 137 23 26
0.983186 138 137 23 26
0.985186 138 137 23 26
0.987186 138 137 23 26
0.989186 138 137 23 26
0.991186 138 137 23 26
0.993186 138 137 23 26
0.995186 138 137 23 26
0.997186 138 137 23 26
0.999186 138 137 23 26
1.001186 138 137 23 26
1.003186 138 137 23 26
1.005186 138 137 23 26
1.007186 138 137 23 26
1.009186 137 136 23 26
1.011186 137 136 23 26
1.013186 137 136 23 26
1.015186 137 136 23 26
1.017186 137 136 23 26
1.019186 137 136 23 26
1.021186 137 136 23 26
1.023186 137 136 23 26
1.025186 137 136 23 26
1.027186 137 136 23 26
1.029186 137 136 23 26
1.031186 137 136 23 26
1.033186 136 135 23 27
1.035186 136 135 23 27
1.037186 136 135 23 27
1.039186 136 135 23 27
1.041186 136 135 23 27
1.043186 136 135 23 27
1.045186 136 135 23 27
1.047186 136 135 23 27
1.049186 136 135 23 27
1.051186 136 135 23 27
1.053186 136 135 23 27
1.055186 136 135 23 27
1.057186 135 135 24 28
1.059186 135 135 24 28
1.061186 135 135 24 28
1.063186 135 135 24 28
1.065186 135 135 24 28
1.067186 135 135 24 28
1.069186 135 135 24 28
1.071186 135 135 24 28
1.073186 135 135 24 28
1.075186 135 135 24 28
1.077186 135 135 24 28
1.079186 135 135 24 28
1.081186 134 135 24 28
1.083186 134 135 24 28
1.085186 134 135 24 28
1.087186 134 135 24 28
1.089186 134 135 24 28
1.091186 134 135 24 28
1.093186 134 135 24 28
1.095186 134 135 24 28
1.097186 134 135 24 28
1.099186 134 135 24 28
1.101186 134 135 24 28
1.103186 133 136 24 27
1.105186 133 136 24 27
1.107186 133 136 24 27
1.109186 133 136 24 27
1.111186 133 136 24 27
1.113186 133 136 24 27
1.115186 133 136 24 27
1.117186 133 136 24 27
1.119186 132 136 24 27
1.121186 132 136 24 27
1.123186 132 136 24 27
1.125186 132 136 24 27
1.127186 132 136 24 26
1.129186 132 136 24 26
1.131186 132 136 24 26
1.133186 132 136 24 26
1.135186 131 136 24 26
1.137186 131 136 24 26
1.139186 131 136 24 26
1.141186 131 136 24 26
1.143186 131 136 24 26
1.145186 131 136 24 26
1.147186 131 136 24 26
1.149186 131 136 24 26
1.151186 130 136 24 26
1.153186 130 136 24 26
1.155186 130 136 24 26
1.157186 130 136 24 26
1.159186 130 136 24 26
1.161186 130 136 24 26
1.163186 130 136 24 26
1.165186 130 136 24 26
1.167186 130 136 24 26
1.169186 130 136 24 26
1.171186 130 136 24 26
1.173186 130 136 24 26
1.175186 130 136 24 26
1.177186 130 136 24 26
1.179186 130 136 24 26
1.181186 130 136 24 26
1.183186 130 136 24 26
1.185186 130 136 24 26
1.187186 130 136 24 26
1.189186 130 136 24 26
1.191186 130 136 24 26
1.193186 130 136 24 26
1.195186 130 136 24 26
1.197186 130 136 24 26
1.199186 129 136 24 27
1.201186 129 136 24 27
1.203186 129 136 24 27
1.205186 129 136 24 27
1.207186 129 136 24 27
1.209186 129 136 24 27
1.211186 129 136 24 27
1.213186 129 136 24 27
1.215186 128 136 24 27
1.217186 128 136 24 27
1.219186 128 136 24 27
1.221186 128 136 24 27
1.223186 128 136 24 27
1.225186 128 136 24 27
1.227186 128 136 24 27
1.229186 127 136 24 27
1.231186 127 136 24 27
1.233186 127 136 24 27
1.235186 127 136 24 27
1.237186 127 136 24 27
1.239186 127 136 24 27
1.241186 127 136 24 27
1.243186 127 136 24 27
1.245186 126 136 24 27
1.247186 126 136 24 27
1.249186 126 136 24 27
1.251186 126 136 24 27
1.253186 126 136 24 27
1.255186 126 136 24 27
1.257186 126 136 24 27
1.259186 126 136 24 27
1.261186 126 136 24 27
1.263186 126 136 24 27
1.265186 126 136 24 27
1.267186 126 136 24 27
1.269186 126 136 23 27
1.271186 126 136 23 27
1.273186 126 136 23 27
1.275186 126 136 23 27
1.277186 126 136 23 27
1.279186 126 136 23 27
1.281186 126 136 23 27
1.283186 126 136 23 27
1.285186 126 136 23 27
1.287186 126 136 23 27
1.289186 126 136 23 27
1.291186 126 136 23 27
1.293186 125 135 23 27
1.295186 125 135 23 27
1.297186 125 135 23 27
1.299186 125 135 23 27
1.301186 125 135 23 27
1.303186 125 135 23 27
1.305186 125 135 23 27
1.307186 125 135 23 27
1.309186 124 135 23 27
1.311186 124 135 23 27
1.313186 124 135 23 27
1.315186 124 135 23 27
1.317186 124 134 24 28
1.319186 124 134 24 28
1.321186 124 134 24 28
1.323186 124 134 24 28
1.325186 123 134 24 28
1.327186 123 134 24 28
1.329186 123 134 24 28
1.331186 123 134 24 28
1.333186 123 134 24 28
1.335186 123 134 24 28
1.337186 123 134 24 28
1.339186 123 134 24 28
1.341186 122 134 24 28
1.343186 122 134 24 28
1.345186 122 134 24 28
1.347186 122 134 24 28
1.349186 122 134 24 28
1.351186 122 134 24 28
1.353186 122 134 24 28
1.355186 121 134 24 28
1.357186 121 134 24 28
1.359186 121 134 24 28
1.361186 121 134 24 28
1.363186 121 134 23 28
1.365186 121 134 23 28
1.367186 121 134 23 28
1.369186 121 134 23 28
1.371186 120 134 23 28
1.373186 120 134 23 28
1.375186 120 134 23 28
1.377186 120 134 23 28
1.379186 120 134 23 28
1.381186 120 134 23 28
1.383186 120 134 23 28
1.385186 120 134 23 28
1.387186 119 133 22 28
1.389186 119 133 22 28
1.391186 119 133 22 28
1.393186 119 133 22 28
1.395186 119 133 22 28
1.397186 119 133 22 28
1.399186 119 133 22 28
1.401186 119 133 22 28
1.403186 119 133 22 28
1.405186 119 133 22 28
1.407186 119 133 22 28
1.409186 119 133 22 28
1.411186 118 133 22 28
1.413186 118 133 22 28
1.415186 118 133 22 28
1.417186 118 133 22 28
1.419186 118 133 22 28
1.421186 118 133 22 28
1.423186 118 133 22 28
1.425186 118 133 22 28
1.427186 118 133 22 28
1.429186 118 133 22 28
1.431186 118 133 22 28
1.433186 118 133 22 28
1.435186 117 133 22 28
1.437186 117 133 22 28
1.439186 117 133 22 28
1.441186 117 133 22 28
1.443186 117 133 23 28
1.445186 117 133 23 28
1.447186 116 133 23 28
1.449186 116 133 23 28
1.451186 116 133 23 28
1.453186 116 133 24 28
1.455186 116 133 24 28
1.457186 116 133 24 28
1.459186 115 133 24 28
1.461186 115 133 24 28
1.463186 115 133 25 28
1.465186 115 133 25 28
1.467186 115 133 25 28
1.469186 114 133 25 28
1.471186 114 133 25 28
1.473186 114 133 26 28
1.475186 114 133 26 28
1.477186 114 133 26 28
1.479186 114 133 26 28
1.481186 113 133 27 28
1.483186 113 133 27 28
1.485186 113 133 27 28
1.487186 113 133 27 28
1.489186 113 133 27 28
1.491186 113 133 27 28
1.493186 113 133 27 28
1.495186 113 133 27 28
1.497186 113 133 27 28
1.499186 113 133 27 28
1.501186 113 133 27 28
1.503186 113 133 27 28
1.505186 112 132 27 29
1.507186 112 132 27 29
1.509186 112 132 27 29
1.511186 112 132 27 29
1.513186 112 132 27 29
1.515186 112 132 27 29
1.517186 112 132 27 29
1.519186 112 132 27 29
1.521186 112 132 27 29
1.523186 112 132 27 29
1.525186 112 132 27 29
1.527186 112 132 27 29
1.529186 111 132 28 29
1.531186 111 132 28 29
1.533186 111 132 28 29
1.535186 111 132 28 29
1.537186 111 132 28 29
1.539186 111 132 28 29
1.541186 111 132 28 29
1.543186 111 132 28 29
1.545186 110 132 29 29
1.547186 110 132 29 29
1.549186 110 132 29 29
1.551186 110 132 29 29
1.553186 110 132 29 29
1.555186 110 132 29 29
1.557186 110 132 29 29
1.559186 110 132 29 29
1.561186 109 132 30 29
1.563186 109 132 30 29
1.565186 109 132 30 29
1.567186 109 132 30 29
1.569186 109 132 30 29
1.571186 109 132 30 29
1.573186 109 132 30 29
1.575186 109 132 30 29
1.577186 108 133 31 28
1.579186 108 133 31 28
1.581186 108 133 31 28
1.583186 108 133 31 28
1.585186 108 133 31 28
1.587186 108 133 31 28
1.589186 108 133 31 28
1.591186 108 133 31 28
1.593186 108 133 31 28
1.595186 108 133 31 28
1.597186 108 133 31 28
1.599186 107 133 32 28
1.601186 107 133 32 28
1.603186 107 133 32 28
1.605186 107 133 32 28
1.607186 107 133 32 28
1.609186 107 133 32 28
1.611186 107 133 32 28
1.613186 107 133 32 28
1.615186 107 133 32 28
1.617186 107 133 32 28
1.619186 107 133 32 28
1.621186 107 133 32 28
1.623186 106 133 32 28
1.625186 106 133 32 28
1.627186 106 133 32 28
1.629186 106 133 31 28
1.631186 106 133 31 28
1.633186 106 133 31 28
1.635186 106 133 30 28
1.637186 106 133 30 28
1.639186 106 133 30 28
1.641186 106 133 29 28
1.643186 106 133 29 28
1.645186 106 133 29 28
1.647186 106 133 28 28
1.649186 106 133 28 28
1.651186 106 133 28 28
1.653186 106 133 27 28
1.655186 106 133 27 28
1.657186 106 133 27 28
1.659186 106 133 26 28
1.661186 106 133 26 28
1.663186 106 133 26 28
1.665186 106 133 25 28
1.667186 106 133 25 28
1.669186 106 133 25 28
1.671186 105 132 25 28
1.673186 105 132 25 28
1.675186 105 132 25 28
1.677186 105 132 25 28
1.679186 105 132 25 28
1.681186 105 132 25 28
1.683186 105 132 25 28
1.685186 105 132 25 28
1.687186 104 132 25 28
1.689186 104 132 25 28
1.691186 104 132 25 28
1.693186 104 132 25 28
1.695186 104 132 26 28
1.697186 104 132 26 28
1.699186 104 132 26 28
1.701186 104 132 26 28
1.703186 103 132 26 28
1.705186 103 132 26 28
1.707186 103 132 26 28
1.709186 103 132 26 28
1.711186 103 132 26 28
1.713186 103 132 26 28
1.715186 103 132 26 28
1.717186 102 132 26 27
1.719186 102 132 26 27
1.721186 102 132 26 27
1.723186 102 132 26 27
1.725186 102 132 26 27
1.727186 102 132 26 27
1.729186 102 132 26 27
1.731186 102 132 26 27
1.733186 102 132 26 27
1.735186 102 132 26 27
1.737186 102 132 26 27
1.739186 102 132 26 27
1.741186 101 132 25 27
1.743186 101 132 25 27
1.745186 101 132 25 27
1.747186 101 132 25 27
1.749186 101 132 25 27
1.751186 101 132 25 27
1.753186 101 132 25 27
1.755186 101 132 25 27
1.757186 101 132 25 27
1.759186 101 132 25 27
1.761186 101 132 25 27
1.763186 101 132 25 27
1.765186 100 131 25 27
1.767186 100 131 25 27
1.769186 100 131 25 27
1.771186 100 131 25 27
1.773186 100 131 25 27
1.775186 100 131 25 27
1.777186 100 131 25 27
1.779186 100 131 25 27
1.781186 99 131 25 27
1.783186 99 131 25 27
1.785186 99 131 25 27
1.787186 99 131 25 27
1.789186 99 131 25 27
1.791186 99 131 25 27
1.793186 99 131 25 27
1.795186 99 131 25 27
1.797186 98 131 25 27
1.799186 98 131 25 27
1.801186 98 131 25 27
1.803186 98 131 25 27
1.805186 98 131 25 27
1.807186 98 131 25 27
1.809186 98 131 25 27
1.811186 98 131 25 27
1.813186 97 130 26 28
1.815186 97 130 26 28
1.817186 97 130 26 28
1.819186 97 130 26 28
1.821186 97 130 26 28
1.823186 97 130 26 28
1.825186 97 130 26 28
1.827186 97 130 26 28
1.829186 97 130 26 28
1.831186 97 130 26 28
1.833186 97 130 26 28
1.835186 96 130 26 28
1.837186 96 130 26 28
1.839186 96 130 26 28
1.841186 96 130 26 28
1.843186 96 130 26 28
1.845186 96 130 26 28
1.847186 96 130 26 28
1.849186 96 130 26 28
1.851186 96 130 26 28
1.853186 96 130 26 28
1.855186 96 130 26 28
1.857186 96 130 26 28
1.859186 95 129 26 29
1.861186 95 129 26 29
1.863186 95 129 26 29
1.865186 95 129 26 29
1.867186 95 129 26 29
1.869186 95 129 26 29
1.871186 95 129 26 29
1.873186 95 129 26 29
1.875186 94 129 27 29
1.877186 94 129 27 29
1.879186 94 129 27 29
1.881186 94 129 27 29
1.883186 94 128 27 30
1.885186 94 128 27 30
1.887186 94 128 27 30
1.889186 94 128 27 30
1.891186 93 128 28 30
1.893186 93 128 28 30
1.895186 93 128 28 30
1.897186 93 128 28 30
1.899186 93 128 28 30
1.901186 93 128 28 30
1.903186 93 128 28 30
1.905186 93 128 28 30
1.907186 92 128 29 31
1.909186 92 128 29 31
1.911186 92 128 29 31
1.913186 92 128 29 31
1.915186 92 128 29 31
1.917186 92 128 29 31
1.919186 92 128 29 31
1.921186 92 128 29 31
1.923186 91 128 29 32
1.925186 91 128 29 32
1.927186 91 128 29 32
1.929186 91 128 29 32
1.931186 91 128 30 32
1.933186 91 128 30 32
1.935186 91 128 30 32
1.937186 91 128 30 32
1.939186 90 128 30 33
1.941186 90 128 30 33
1.943186 90 128 30 33
1.945186 90 128 30 33
1.947186 90 128 30 33
1.949186 90 128 30 33
1.951186 90 128 30 33
1.953186 89 128 30 33
1.955186 89 128 30 33
1.957186 89 128 30 33
1.959186 89 128 30 33
1.961186 89 128 29 33
1.963186 89 128 29 33
1.965186 89 128 29 32
1.967186 89 128 29 32
1.969186 89 128 28 32
1.971186 89 128 28 32
1.973186 89 128 28 32
1.975186 89 128 28 32
1.977186 88 128 27 31
1.979186 88 128 27 31
1.981186 88 128 27 31
1.983186 88 128 27 31
1.985186 88 128 26 31
1.987186 88 128 26 31
1.989186 88 128 26 30
1.991186 88 128 26 30
1.993186 88 128 25 30
1.995186 88 128 25 30
1.997186 88 128 25 30
1.999186 88 128 25 30
2.001186 87 128 25 30
2.003186 87 128 25 30
2.005186 87 128 25 30
2.007186 87 128 25 30
2.009186 87 128 25 30
2.011186 87 128 25 30
2.013186 87 128 25 30
2.015186 87 128 25 30
2.017186 87 128 25 30
2.019186 87 128 25 30
2.021186 87 128 25 30
2.023186 87 128 25 30
2.025186 86 128 25 31
2.027186 86 128 25 31
2.029186 86 128 25 31
2.031186 86 128 25 31
2.033186 86 128 25 31
2.035186 86 128 25 31
2.037186 86 128 25 31
2.039186 86 128 25 31
2.041186 86 128 25 31
2.043186 86 128 25 31
2.045186 86 128 25 31
2.047186 86 128 25 31
2.049186 85 128 26 31
2.051186 85 128 26 31
2.053186 85 128 26 31
2.055186 85 128 26 31
2.057186 85 128 26 31
2.059186 85 128 26 31
2.061186 85 128 26 31
2.063186 85 128 26 31
2.065186 85 128 26 31
2.067186 85 128 26 31
2.069186 85 128 26 31
2.071186 84 128 27 30
2.073186 84 128 27 30
2.075186 84 128 27 30
2.077186 84 128 27 30
2.079186 84 128 27 30
2.081186 84 128 27 30
2.083186 84 128 27 30
2.085186 84 128 27 30
2.087186 84 128 27 30
2.089186 84 128 27 30
2.091186 84 128 27 30
2.093186 84 128 27 30
2.095186 83 128 27 30
2.097186 83 128 27 30
2.099186 83 128 27 30
2.101186 83 128 27 30
2.103186 83 128 27 30
2.105186 83 128 27 30
2.107186 83 128 27 30
2.109186 83 128 27 30
2.111186 83 128 27 30
2.113186 83 128 27 30
2.115186 83 128 27 30
2.117186 83 128 27 30
2.119186 82 127 26 31
2.121186 82 127 26 31
2.123186 82 127 26 31
2.125186 82 127 26 31
2.127186 82 127 26 31
2.129186 82 127 26 31
2.131186 82 127 26 31
2.133186 82 127 26 31
2.135186 82 127 26 31
2.137186 82 127 26 31
2.139186 82 127 26 31
2.141186 82 127 26 31
2.143186 81 126 26 32
2.145186 81 126 26 32
2.147186 81 126 26 32
2.149186 81 126 26 32
2.151186 81 126 26 32
2.153186 81 126 26 32
2.155186 81 126 26 32
2.157186 81 126 26 32
2.159186 81 126 26 32
2.161186 81 126 26 32
2.163186 81 126 26 32
2.165186 81 126 26 32
2.167186 80 126 26 33
2.169186 80 126 26 33
2.171186 80 126 26 33
2.173186 80 126 26 33
2.175186 80 126 26 33
2.177186 80 126 26 33
2.179186 80 126 26 33
2.181186 80 126 26 33
2.183186 80 126 26 33
2.185186 80 126 26 33
2.187186 80 126 26 33
2.189186 79 126 27 33
2.191186 79 126 27 33
2.193186 79 126 27 33
2.195186 79 126 27 33
2.197186 79 126 27 33
2.199186 79 126 27 33
2.201186 79 126 27 33
2.203186 79 126 27 33
2.205186 79 126 27 33
2.207186 79 126 27 33
2.209186 79 126 27 33
2.211186 79 126 27 33
2.213186 78 126 27 32
2.215186 78 126 27 32
2.217186 78 126 27 32
2.219186 78 126 27 32
2.221186 78 126 27 32
2.223186 78 126 27 32
2.225186 78 126 27 32
2.227186 78 126 27 32
2.229186 78 126 27 32
2.231186 78 126 27 32
2.233186 78 126 27 32
2.235186 78 126 27 32
2.237186 77 127 26 31
2.239186 77 127 26 31
2.241186 77 127 26 31
2.243186 77 127 26 31
2.245186 77 127 26 31
2.247186 77 127 26 31
2.249186 77 127 26 31
2.251186 77 127 26 31
2.253186 77 127 25 31
2.255186 77 127 25 31
2.257186 77 127 25 31
2.259186 77 127 25 31
2.261186 76 127 25 30
2.263186 76 127 25 30
2.265186 76 127 25 30
2.267186 76 127 25 30
2.269186 76 127 24 30
2.271186 76 127 24 30
2.273186 76 127 24 30
2.275186 76 127 24 30
2.277186 76 127 24 30
2.279186 76 127 24 30
2.281186 76 127 24 30
2.283186 76 127 24 30
2.285186 75 127 24 30
2.287186 75 127 24 30
2.289186 75 127 24 30
2.291186 75 127 24 30
2.293186 75 127 24 30
2.295186 75 127 24 30
2.297186 75 127 24 30
2.299186 75 127 24 30
2.301186 74 127 24 30
2.303186 74 127 24 30
2.305186 74 127 24 30
2.307186 74 127 24 30
2.309186 74 127 24 30
2.311186 74 127 24 30
2.313186 74 127 24 30
2.315186 73 127 24 30
2.317186 73 127 24 30
2.319186 73 127 24 30
2.321186 73 127 24 30
2.323186 73 127 24 30
2.325186 73 127 24 30
2.327186 73 127 24 30
2.329186 73 127 24 30
2.331186 72 127 25 30
2.333186 72 127 25 30
2.335186 72 127 25 30
2.337186 72 127 26 30
2.339186 71 127 26 30
2.341186 71 127 26 30
2.343186 71 127 27 30
2.345186 70 127 27 30
2.347186 70 127 28 30
2.349186 70 127 28 30
2.351186 69 127 28 30
2.353186 69 127 29 30
2.355186 69 127 29 30
2.357186 69 127 30 30
2.359186 68 127 30 30
2.361186 68 127 30 30
2.363186 68 127 31 30
2.365186 67 127 31 30
2.367186 67 127 31 30
2.369186 67 127 32 30
2.371186 67 127 32 30
2.373186 66 127 33 30
2.375186 66 127 33 30
2.377186 66 127 33 30
2.379186 65 127 34 30
2.381186 65 127 34 30
2.383186 65 127 34 30
2.385186 65 127 34 30
2.387186 65 127 34 30
2.389186 65 127 34 30
2.391186 65 127 34 30
2.393186 65 127 34 30
2.395186 64 127 34 30
2.397186 64 127 34 30
2.399186 64 127 34 30
2.401186 64 127 34 30
2.403186 64 127 34 30
2.405186 64 127 34 30
2.407186 64 127 34 30
2.409186 64 127 34 30
2.411186 63 127 34 30
2.413186 63 127 34 30
2.415186 63 127 34 30
2.417186 63 127 34 30
2.419186 63 127 34 30
2.421186 63 127 34 30
2.423186 63 127 34 30
2.425186 62 127 35 29
2.427186 62 127 35 29
2.429186 62 127 35 29
2.431186 62 127 35 29
2.433186 62 127 35 29
2.435186 62 127 35 29
2.437186 62 127 35 29
2.439186 62 127 35 29
2.441186 62 127 35 29
2.443186 62 127 35 29
2.445186 62 127 35 29
2.447186 62 127 35 29
2.449186 61 127 35 29
2.451186 61 127 35 29
2.453186 61 127 35 29
2.455186 61 127 35 29
2.457186 61 127 35 29
2.459186 61 127 35 29
2.461186 61 127 35 29
2.463186 61 127 35 29
2.465186 61 127 35 29
2.467186 61 127 35 29
2.469186 61 127 35 29
2.471186 61 127 35 29
2.473186 60 127 35 29
2.475186 60 127 35 29
2.477186 60 127 35 29
2.479186 60 127 35 29
2.481186 60 127 35 29
2.483186 60 127 35 29
2.485186 60 127 35 29
2.487186 60 127 35 29
2.489186 59 127 35 29
2.491186 59 127 35 29
2.493186 59 127 35 29
2.495186 59 127 35 29
2.497186 59 127 35 29
2.499186 59 127 35 29
2.501186 59 127 35 29
2.503186 59 127 35 29
2.505186 58 127 35 29
2.507186 58 127 35 29
2.509186 58 127 35 29
2.511186 58 127 35 29
2.513186 58 127 35 29
2.515186 58 127 35 29
2.517186 58 127 35 29
2.519186 58 127 35 29
2.521186 57 127 34 28
2.523186 57 127 34 28
2.525186 57 127 34 28
2.527186 57 127 34 28
2.529186 57 127 34 28
2.531186 57 127 34 28
2.533186 57 127 34 28
2.535186 57 127 34 28
2.537186 57 127 34 28
2.539186 57 127 34 28
2.541186 57 127 34 28
2.543186 57 127 34 28
2.545186 57 127 33 28
2.547186 57 127 33 28
2.549186 57 127 33 28
2.551186 57 127 33 28
2.553186 57 127 33 28
2.555186 57 127 33 28
2.557186 57 127 33 28
2.559186 57 127 33 28
2.561186 57 127 33 28
2.563186 57 127 33 28
2.565186 57 127 33 28
2.567186 56 126 33 28
2.569186 56 126 33 28
2.571186 56 126 33 28
2.573186 56 126 33 28
2.575186 56 126 33 28
2.577186 55 126 33 28
2.579186 55 126 33 28
2.581186 55 126 33 28
2.583186 55 126 33 28
2.585186 55 126 33 28
2.587186 54 126 33 28
2.589186 54 126 33 28
2.591186 54 125 34 29
2.593186 54 125 34 29
2.595186 53 125 34 29
2.597186 53 125 34 29
2.599186 53 125 34 29
2.601186 53 125 34 29
2.603186 53 125 34 29
2.605186 52 125 34 29
2.607186 52 125 34 29
2.609186 52 125 34 29
2.611186 52 125 34 29
2.613186 52 125 34 29
2.615186 51 125 35 29
2.617186 51 125 35 29
2.619186 51 125 35 29
2.621186 51 125 35 29
2.623186 51 125 35 29
2.625186 51 125 35 29
2.627186 51 125 35 29
2.629186 51 125 35 29
2.631186 51 125 35 29
2.633186 51 125 35 29
2.635186 51 125 35 29
2.637186 51 125 35 29
2.639186 51 125 35 28
2.641186 51 125 35 28
2.643186 51 125 35 28
2.645186 51 125 35 28
2.647186 51 125 35 28
2.649186 51 125 35 28
2.651186 51 125 35 28
2.653186 51 125 35 28
2.655186 51 125 35 28
2.657186 51 125 35 28
2.659186 51 125 35 28
2.661186 51 125 35 28
2.663186 50 125 34 28
2.665186 50 125 34 28
2.667186 50 125 34 28
2.669186 50 125 34 28
2.671186 50 125 33 28
2.673186 50 125 33 28
2.675186 50 125 33 28
2.677186 50 125 33 29
2.679186 50 125 33 29
2.681186 50 125 32 29
2.683186 50 125 32 29
2.685186 50 125 32 29
2.687186 50 125 32 29
2.689186 50 125 32 29
2.691186 50 125 31 29
2.693186 50 125 31 30
2.695186 50 125 31 30
2.697186 50 125 31 30
2.699186 50 125 30 30
2.701186 50 125 30 30
2.703186 50 125 30 30
2.705186 50 125 30 30
2.707186 50 125 30 30
2.709186 49 125 30 30
2.711186 49 125 30 30
2.713186 49 125 30 30
2.715186 49 125 30 30
2.717186 49 125 30 30
2.719186 49 125 30 30
2.721186 49 125 30 30
2.723186 49 125 30 30
2.725186 48 125 30 30
2.727186 48 125 30 30
2.729186 48 125 30 30
2.731186 48 125 30 30
2.733186 48 125 30 30
2.735186 48 125 30 30
2.737186 48 125 30 30
2.739186 48 125 30 30
2.741186 47 125 30 30
2.743186 47 125 30 30
2.745186 47 125 30 30
2.747186 47 125 30 30
2.749186 47 125 30 30
2.751186 47 125 30 30
2.753186 47 125 30 30
2.755186 47 125 30 30
2.757186 46 125 31 29
2.759186 46 125 31 29
2.761186 46 125 31 29
2.763186 46 125 31 29
2.765186 46 125 31 29
2.767186 46 125 31 29
2.769186 46 125 31 29
2.771186 46 125 31 29
2.773186 45 125 31 29
2.775186 45 125 31 29
2.777186 45 125 31 29
2.779186 45 125 31 29
2.781186 45 125 31 29
2.783186 45 125 31 29
2.785186 45 125 31 29
2.787186 44 125 31 29
2.789186 44 125 31 29
2.791186 44 125 31 29
2.793186 44 125 31 29
2.795186 44 125 31 29
2.797186 44 125 31 29
2.799186 44 125 31 29
2.801186 44 125 31 29
2.803186 43 124 31 29
2.805186 43 124 31 29
2.807186 43 124 31 29
2.809186 43 124 31 29
2.811186 43 124 31 29
2.813186 43 124 31 29
2.815186 43 124 31 29
2.817186 43 124 31 29
2.819186 42 124 31 29
2.821186 42 124 31 29
2.823186 42 124 31 29
2.825186 42 124 31 29
2.827186 42 124 31 29
2.829186 42 124 31 29
2.831186 42 124 31 29
2.833186 42 124 31 29
2.835186 41 124 31 29
2.837186 41 124 31 29
2.839186 41 124 31 29
2.841186 41 124 31 29
2.843186 41 124 31 29
2.845186 41 124 31 29
2.847186 41 124 31 29
2.849186 41 124 31 29
2.851186 40 123 31 30
2.853186 40 123 31 30
2.855186 40 123 31 30
2.857186 40 123 31 30
2.859186 40 123 31 30
2.861186 40 123 31 30
2.863186 40 123 31 30
2.865186 40 123 31 30
2.867186 39 123 31 30
2.869186 39 123 31 30
2.871186 39 123 31 30
2.873186 39 123 31 30
2.875186 39 123 31 30
2.877186 39 123 31 30
2.879186 39 123 31 30
2.881186 39 123 31 30
2.883186 38 123 31 30
2.885186 38 123 31 30
2.887186 38 123 31 30
2.889186 38 123 31 30
2.891186 38 123 31 30
2.893186 38 123 31 30
2.895186 38 123 31 30
2.897186 38 123 31 30
2.899186 37 122 31 30
2.901186 37 122 31 30
2.903186 37 122 31 30
2.905186 37 122 31 30
2.907186 37 122 31 30
2.909186 37 122 31 30
2.911186 37 122 31 30
2.913186 37 122 31 30
2.915186 37 122 31 30
2.917186 37 122 31 30
2.919186 37 122 31 30
2.921186 37 122 31 31
2.923186 37 122 31 31
2.925186 37 122 31 31
2.927186 37 122 31 31
2.929186 37 122 31 31
2.931186 37 122 31 31
2.933186 37 122 31 31
2.935186 37 122 31 31
2.937186 37 122 31 31
2.939186 37 122 31 31
2.941186 37 122 31 31
2.943186 37 122 31 31
2.945186 36 121 31 32
2.947186 36 121 31 32
2.949186 36 121 31 32
2.951186 36 121 31 32
2.953186 36 121 31 32
2.955186 36 121 31 32
2.957186 36 121 31 32
2.959186 36 121 31 32
2.961186 36 121 31 32
2.963186 36 121 31 32
2.965186 36 121 31 32
2.967186 36 121 31 32
2.969186 35 121 31 32
2.971186 35 121 31 32
2.973186 35 121 31 32
2.975186 35 121 31 32
2.977186 35 121 31 32
2.979186 35 121 31 32
2.981186 35 121 31 32
2.983186 35 121 31 32
2.985186 35 121 31 32
2.987186 35 121 31 32
2.989186 35 121 31 32
2.991186 35 121 31 32
2.993186 34 121 31 31
2.995186 34 121 31 31
2.997186 34 121 31 31
2.999186 34 121 31 31
3.001186 34 121 31 31
3.003186 34 121 31 31
3.005186 34 121 31 31
3.007186 34 121 31 31
3.009186 34 121 31 31
3.011186 34 121 31 31
3.013186 34 121 31 31
3.015186 34 121 31 31
3.017186 33 121 31 31
3.019186 33 121 31 31
3.021186 33 121 31 31
3.023186 33 121 31 31
3.025186 33 121 31 31
3.027186 33 121 31 31
3.029186 33 121 31 31
3.031186 33 121 31 31
3.033186 33 121 31 31
3.035186 33 121 31 31
3.037186 33 121 31 31
3.039186 32 122 31 31
3.041186 32 122 31 31
3.043186 32 122 31 31
3.045186 32 122 31 31
3.047186 32 122 31 31
3.049186 32 122 31 31
3.051186 32 122 31 31
3.053186 32 122 31 31
3.055186 32 122 31 31
3.057186 32 122 31 31
3.059186 32 122 31 31
3.061186 32 122 31 31
3.063186 31 122 31 31
3.065186 31 122 31 31
3.067186 31 122 31 31
3.069186 31 122 31 31
3.071186 31 122 31 31
3.073186 31 122 31 31
3.075186 31 122 31 31
3.077186 31 122 31 31
3.079186 31 122 31 31
3.081186 31 122 31 31
3.083186 31 122 31 31
3.085186 31 122 31 31
3.087186 30 121 31 31
3.089186 30 121 31 31
3.091186 30 121 31 31
3.093186 30 121 31 31
3.095186 30 121 31 31
3.097186 30 121 31 31
3.099186 30 121 31 31
3.101186 30 121 31 31
3.103186 30 121 31 31
3.105186 30 121 31 31
3.107186 30 121 31 31
3.109186 30 121 31 31
3.111186 30 121 31 31
3.113186 30 121 31 31
3.115186 30 121 31 31
3.117186 30 121 31 31
3.119186 30 121 31 31
3.121186 30 121 31 31
3.123186 30 121 31 31
3.125186 30 121 31 31
3.127186 30 121 31 31
3.129186 30 121 31 31
3.131186 30 121 31 31
3.133186 30 121 31 31
3.135186 29 121 30 30
3.137186 29 121 30 30
3.139186 29 121 30 30
3.141186 29 121 30 30
3.143186 29 121 30 30
3.145186 29 121 30 30
3.147186 29 121 30 30
3.149186 29 121 30 30
3.151186 29 121 30 30
3.153186 29 121 30 30
3.155186 29 121 30 30
3.157186 29 121 30 29
3.159186 29 121 30 29
3.161186 29 121 30 29
3.163186 29 121 30 29
3.165186 29 121 30 29
3.167186 29 121 30 29
3.169186 29 121 30 29
3.171186 29 121 30 29
3.173186 29 121 30 29
3.175186 29 121 30 29
3.177186 29 121 30 29
3.179186 29 121 30 29
3.181186 28 121 30 29
3.183186 28 121 30 29
3.185186 28 121 30 29
3.187186 28 121 30 29
3.189186 28 121 30 29
3.191186 28 121 30 29
3.193186 27 121 30 29
3.195186 27 121 30 29
3.197186 27 121 31 29
3.199186 27 121 31 29
3.201186 27 121 31 29
3.203186 27 121 31 29
3.205186 26 121 31 30
3.207186 26 121 31 30
3.209186 26 121 31 30
3.211186 26 121 31 30
3.213186 26 121 32 30
3.215186 26 121 32 30
3.217186 25 121 32 30
3.219186 25 121 32 30
3.221186 25 121 32 30
3.223186 25 121 32 30
3.225186 25 121 32 30
3.227186 25 121 32 30
3.229186 24 121 32 30
3.231186 24 121 32 30
3.233186 24 121 32 30
3.235186 24 121 32 30
3.237186 24 121 32 30
3.239186 24 121 32 30
3.241186 23 121 32 30
3.243186 23 121 32 30
3.245186 23 121 32 30
3.247186 23 121 32 30
3.249186 23 121 32 30
3.251186 23 121 32 30
3.253186 22 121 32 29
3.255186 22 121 32 29
3.257186 22 121 32 29
3.259186 22 121 32 29
3.261186 22 121 32 29
3.263186 22 121 32 29
3.265186 21 121 32 29
3.267186 21 121 32 29
3.269186 21 121 32 29
3.271186 21 121 32 29
3.273186 21 121 32 29
3.275186 21 120 32 29
3.277186 21 120 32 29
3.279186 21 120 32 29
3.281186 21 120 32 29
3.283186 21 120 32 29
3.285186 21 120 32 29
3.287186 21 120 32 29
3.289186 21 120 32 29
3.291186 21 120 32 29
3.293186 21 120 32 29
3.295186 21 120 32 29
3.297186 21 120 32 29
3.299186 21 120 32 29
3.301186 21 120 32 29
3.303186 21 120 32 29
3.305186 21 120 32 29
3.307186 21 120 32 29
3.309186 21 120 32 29
3.311186 21 120 32 29
3.313186 21 120 32 29
3.315186 21 120 32 29
3.317186 21 120 32 29
3.319186 21 120 32 29
3.321186 21 120 32 29
3.323186 20 120 33 29
3.325186 20 120 33 29
3.327186 20 120 33 29
3.329186 20 120 33 29
3.331186 19 120 33 29
3.333186 19 120 33 29
3.335186 19 120 33 29
3.337186 19 120 33 29
3.339186 18 120 34 29
3.341186 18 120 34 29
3.343186 18 120 34 29
3.345186 18 120 34 29
3.347186 17 120 34 30
3.349186 17 120 34 30
3.351186 17 120 34 30
3.353186 17 120 34 30
3.355186 16 120 35 30
3.357186 16 120 35 30
3.359186 16 120 35 30
3.361186 16 120 35 30
3.363186 15 120 35 30
3.365186 15 120 35 30
3.367186 15 120 35 30
3.369186 15 120 35 30
3.371186 14 119 35 31
3.373186 14 119 35 31
3.375186 14 119 35 31
3.377186 14 119 35 31
3.379186 14 119 35 31
3.381186 14 119 35 31
3.383186 14 119 35 31
3.385186 14 119 35 31
3.387186 14 119 35 31
3.389186 14 119 35 31
3.391186 14 119 35 31
3.393186 13 119 34 31
3.395186 13 119 34 31
3.397186 13 119 34 31
3.399186 13 119 34 31
3.401186 13 119 34 31
3.403186 13 119 34 31
3.405186 13 119 34 31
3.407186 13 119 34 31
3.409186 13 119 34 31
3.411186 13 119 34 31
3.413186 13 119 34 31
3.415186 13 119 34 31
3.417186 12 118 34 31
3.419186 12 118 34 31
3.421186 12 118 34 31
3.423186 11 118 34 31
3.425186 11 118 34 31
3.427186 10 118 35 31
3.429186 10 118 35 31
3.431186 10 118 35 31
3.433186 9 118 35 32
3.435186 9 118 35 32
3.437186 9 118 36 32
3.439186 8 118 36 32
3.441186 8 118 36 32
3.443186 7 118 36 32
3.445186 7 118 37 32
3.447186 7 118 37 32
3.449186 6 118 37 33
3.451186 6 118 37 33
3.453186 6 118 37 33
3.455186 5 118 38 33
3.457186 5 118 38 33
3.459186 4 118 38 33
3.461186 4 118 38 33
3.463186 4 118 38 33
3.465186 4 118 38 33
3.467186 4 118 37 33
3.469186 4 118 37 33
3.471186 5 118 36 33
3.473186 5 118 35 33
3.475186 5 118 34 32
3.477186 6 118 34 32
3.479186 6 118 33 32
3.481186 6 118 32 32
3.483186 7 118 32 31
3.485186 7 118 31 31
3.487186 7 118 30 31
3.489186 8 118 29 31
3.491186 8 118 29 31
3.493186 8 118 28 30
3.495186 9 118 27 30
3.497186 9 118 27 30
3.499186 9 118 26 30
3.501186 10 118 25 30
3.503186 10 118 24 29
3.505186 10 118 24 29
3.507186 11 118 23 29
3.509186 11 118 22 29
3.511186 11 118 22 29
3.513186 11 118 22 29
3.515186 11 118 22 29
3.517186 11 118 22 29
3.519186 11 118 22 29
3.521186 11 118 22 29
3.523186 11 118 22 29
3.525186 11 118 22 29
3.527186 11 118 22 29
3.529186 11 118 22 29
3.531186 11 118 22 29
3.533186 11 118 22 29
3.535186 11 118 22 29
3.537186 11 118 22 29
3.539186 11 118 22 29
3.541186 11 118 22 29
3.543186 11 118 22 29
3.545186 11 118 22 29
3.547186 11 118 22 29
3.549186 11 118 22 29
3.551186 11 118 22 29
3.553186 11 118 22 29
3.555186 11 118 22 29
3.557186 11 118 22 29
3.559186 10 117 21 29
3.561186 10 117 21 29
3.563186 10 117 21 29
3.565186 10 117 21 29
3.567186 10 117 21 29
3.569186 10 117 21 29
3.571186 10 117 21 29
3.573186 10 117 21 29
3.575186 10 117 21 29
3.577186 10 117 21 29
3.579186 10 117 21 29
3.581186 10 117 21 29
3.583186 10 117 21 29
3.585186 10 117 21 29
3.587186 10 117 21 29
3.589186 10 117 21 29
3.591186 10 117 21 29
3.593186 10 117 21 29
3.595186 10 117 21 29
3.597186 10 117 21 29
3.599186 10 117 21 29
3.601186 10 117 21 29
3.603186 10 117 21 29
3.605186 10 117 21 29
3.607186 9 117 20 29
3.609186 9 117 20 29
3.611186 9 117 20 29
3.613186 9 117 20 29
3.615186 9 117 20 29
3.617186 9 117 20 29
3.619186 9 117 20 29
3.621186 9 117 20 29
3.623186 8 117 20 29
3.625186 8 117 20 29
3.627186 8 117 20 29
3.629186 8 117 20 29
3.631186 8 117 20 29
3.633186 8 117 20 29
3.635186 8 117 20 29
3.637186 7 117 20 29
3.639186 7 117 20 29
3.641186 7 117 20 29
3.643186 7 117 20 29
3.645186 7 117 20 29
3.647186 7 117 20 29
3.649186 7 117 20 29
3.651186 7 117 20 29
3.653186 7 117 20 29
3.655186 7 117 20 29
3.657186 7 117 20 29
3.659186 7 117 20 29
3.661186 7 117 20 29
3.663186 7 117 20 29
3.665186 7 117 20 29
3.667186 7 117 20 29
3.669186 7 117 20 29
3.671186 7 117 20 29
3.673186 7 117 20 29
3.675186 7 117 20 29
3.677186 7 117 20 29
3.679186 7 117 20 29
3.681186 7 117 20 29
3.683186 7 117 20 29
3.685186 7 117 20 29
3.687186 7 117 20 29
3.689186 7 117 20 29
3.691186 7 117 20 29
3.693186 7 117 20 29
3.695186 7 117 20 29
3.697186 7 117 20 29
3.699186 7 117 20 29
3.701186 6 117 21 29
3.703186 6 117 21 29
3.705186 6 117 21 29
3.707186 6 117 21 29
3.709186 6 117 21 29
3.711186 6 117 21 29
3.713186 6 117 21 29
3.715186 6 117 21 29
3.717186 6 116 21 29
3.719186 6 116 21 29
3.721186 6 116 21 29
3.723186 6 116 21 29
3.725186 6 116 21 30
3.727186 6 116 21 30
3.729186 6 116 21 30
3.731186 6 116 21 30
3.733186 6 115 21 30
3.735186 6 115 21 30
3.737186 6 115 21 30
3.739186 6 115 21 30
3.741186 6 115 21 30
3.743186 6 115 21 30
3.745186 6 115 21 30
3.747186 5 115 20 30
3.749186 5 115 20 30
3.751186 5 115 20 30
3.753186 5 115 20 30
3.755186 5 115 20 30
3.757186 5 115 20 29
3.759186 4 115 19 29
3.761186 4 115 19 29
3.763186 4 115 19 29
3.765186 4 115 19 29
3.767186 4 115 19 28
3.769186 4 115 19 28
3.771186 3 116 18 28
3.773186 3 116 18 28
3.775186 3 116 18 28
3.777186 3 116 18 27
3.779186 3 116 18 27
3.781186 3 116 18 27
3.783186 2 116 17 27
3.785186 2 116 17 26
3.787186 2 116 17 26
3.789186 2 116 17 26
3.791186 2 116 17 26
3.793186 2 116 17 26
