0.023436 1 45 109 159
0.025436 1 44 109 159
0.027436 1 44 109 159
0.029436 1 44 110 159
0.031436 1 44 110 159
0.033436 1 44 110 159
0.035436 1 44 111 159
0.037436 1 44 111 159
0.039436 1 43 112 159
0.041436 1 43 112 159
0.043436 1 43 112 159
0.045436 1 43 113 159
0.047436 1 43 113 160
0.049436 1 43 113 160
0.051436 1 43 114 160
0.053436 1 43 114 160
0.055436 1 42 115 160
0.057436 1 42 115 160
0.059436 1 42 115 160
0.061436 1 42 116 160
0.063436 1 42 116 160
0.065436 1 42 117 160
0.067436 1 42 117 160
0.069436 1 42 117 160
0.071436 2 42 118 160
0.073436 2 42 118 160
0.075436 2 42 118 160
0.077436 2 42 119 160
0.079436 2 42 119 160
0.081436 2 43 119 160
0.083436 2 43 119 159
0.085436 2 43 120 159
0.087436 2 43 120 159
0.089436 2 43 120 159
0.091436 2 44 121 159
0.093436 2 44 121 159
0.095436 2 44 121 158
0.097436 2 44 121 158
0.099436 2 45 122 158
0.101436 2 45 122 158
0.103436 2 45 122 158
0.105436 2 45 123 158
0.107436 2 45 123 157
0.109436 2 46 123 157
0.111436 2 46 124 157
0.113436 2 46 124 157
0.115436 2 46 124 157
0.117436 2 46 124 157
0.119436 3 47 125 156
0.121436 3 47 125 156
0.123436 3 47 125 156
0.125436 3 47 126 156
0.127436 3 48 126 155
0.129436 3 48 126 155
0.131436 4 48 127 155
0.133436 4 48 127 155
0.135436 4 48 127 154
0.137436 4 49 127 154
0.139436 4 49 128 154
0.141436 4 49 128 154
0.143436 5 49 128 153
0.145436 5 49 129 153
0.147436 5 50 129 153
0.149436 5 50 129 152
0.151436 5 50 129 152
0.153436 6 50 130 152
0.155436 6 50 130 152
0.157436 6 51 130 151
0.159436 6 51 131 151
0.161436 6 51 131 151
0.163436 6 51 131 151
0.165436 7 52 132 150
0.167436 7 52 132 150
0.169436 7 52 132 150
0.171436 8 52 132 150
0.173436 8 52 132 150
0.175436 9 52 132 150
0.177436 9 52 132 150
0.179436 10 52 132 150
0.181436 10 52 132 150
0.183436 10 52 132 150
0.185436 11 52 132 150
0.187436 11 52 132 150
0.189436 12 53 132 150
0.191436 12 53 132 150
0.193436 13 53 132 150
0.195436 13 53 132 150
0.197436 13 53 132 150
0.199436 14 53 132 150
0.201436 14 53 132 150
0.203436 15 53 132 150
0.205436 15 53 132 150
0.207436 15 53 132 150
0.209436 16 53 132 150
0.211436 16 53 132 150
0.213436 17 54 132 149
0.215436 17 54 132 149
0.217436 18 54 132 149
0.219436 18 54 132 149
0.221436 19 54 131 149
0.223436 19 55 131 148
0.225436 20 55 131 148
0.227436 20 55 131 148
0.229436 20 55 130 148
0.231436 21 56 130 147
0.233436 21 56 130 147
0.235436 22 56 130 147
0.237436 22 56 129 147
0.239436 23 56 129 147
0.241436 23 57 129 146
0.243436 24 57 129 146
0.245436 24 57 128 146
0.247436 25 57 128 146
0.249436 25 57 128 146
0.251436 26 58 128 145
0.253436 26 58 127 145
0.255436 27 58 127 145
0.257436 27 58 127 145
0.259436 27 58 127 145
0.261436 28 59 126 144
0.263436 28 59 126 144
0.265436 29 59 126 144
0.267436 30 59 126 144
0.269436 30 59 125 144
0.271436 31 59 125 143
0.273436 31 59 125 143
0.275436 32 60 125 143
0.277436 32 60 125 143
0.279436 33 60 124 143
0.281436 33 60 124 143
0.283436 34 60 124 142
0.285436 34 60 124 142
0.287436 35 60 124 142
0.289436 35 60 123 142
0.291436 36 61 123 142
0.293436 36 61 123 142
0.295436 37 61 123 141
0.297436 37 61 122 141
0.299436 38 61 122 141
0.301436 38 61 122 141
0.303436 39 61 122 141
0.305436 39 61 122 141
0.307436 40 62 121 140
0.309436 40 62 121 140
0.311436 41 62 121 140
0.313436 41 62 121 140
0.315436 42 62 120 140
0.317436 43 62 120 140
0.319436 43 62 120 140
0.321436 44 62 119 140
0.323436 44 63 119 139
0.325436 45 63 119 139
0.327436 46 63 118 139
0.329436 46 63 118 139
0.331436 47 63 118 139
0.333436 47 63 118 139
0.335436 48 63 117 139
0.337436 49 63 117 139
0.339436 49 64 117 138
0.341436 50 64 116 138
0.343436 50 64 116 138
0.345436 51 64 116 138
0.347436 52 64 115 138
0.349436 52 64 115 138
0.351436 53 64 115 138
0.353436 53 64 115 138
0.355436 54 65 114 137
0.357436 54 65 114 137
0.359436 55 65 114 137
0.361436 56 65 114 137
0.363436 56 66 113 136
0.365436 57 66 113 136
0.367436 57 66 113 136
0.369436 58 66 113 136
0.371436 58 66 112 135
0.373436 59 67 112 135
0.375436 59 67 112 135
0.377436 60 67 112 135
0.379436 61 67 111 134
0.381436 61 67 111 134
0.383436 62 68 111 134
0.385436 62 68 110 133
0.387436 63 68 110 133
0.389436 63 68 110 133
0.391436 64 68 110 133
0.393436 64 69 109 132
0.395436 65 69 109 132
0.397436 65 69 109 132
0.399436 66 69 109 132
0.401436 67 70 108 131
0.403436 67 70 108 131
0.405436 68 70 108 131
0.407436 68 70 108 131
0.409436 69 70 107 131
0.411436 69 70 107 131
0.413436 70 70 107 131
0.415436 70 70 107 131
0.417436 71 70 106 131
0.419436 72 70 106 131
0.421436 72 70 106 131
0.423436 73 70 106 131
0.425436 73 71 105 131
0.427436 74 71 105 131
0.429436 74 71 105 131
0.431436 75 71 105 131
0.433436 75 71 104 131
0.435436 76 71 104 131
0.437436 76 71 104 131
0.439436 77 71 104 131
0.441436 78 71 103 131
0.443436 78 71 103 131
0.445436 79 71 103 131
0.447436 79 71 103 131
0.449436 80 72 102 130
0.451436 80 72 102 130
0.453436 81 72 102 130
0.455436 81 72 101 130
0.457436 82 72 101 130
0.459436 82 72 101 130
0.461436 83 72 100 130
0.463436 83 72 100 130
0.465436 84 73 100 129
0.467436 84 73 99 129
0.469436 85 73 99 129
0.471436 85 73 99 129
0.473436 86 73 98 129
0.475436 86 73 98 129
0.477436 87 73 98 129
0.479436 87 73 97 129
0.481436 88 74 97 128
0.483436 88 74 97 128
0.485436 89 74 96 128
0.487436 89 74 96 128
0.489436 90 74 96 128
0.491436 90 74 95 128
0.493436 91 74 95 128
0.495436 91 74 95 128
0.497436 92 75 94 127
0.499436 92 75 94 127
0.501436 93 75 94 127
0.503436 93 75 94 127
0.505436 93 75 94 127
0.507436 94 75 94 127
0.509436 94 75 94 127
0.511436 95 75 93 127
0.513436 95 75 93 127
0.515436 95 75 93 127
0.517436 96 75 93 127
0.519436 96 75 93 126
0.521436 96 75 93 126
0.523436 97 75 93 126
0.525436 97 75 93 126
0.527436 98 75 92 126
0.529436 98 75 92 126
0.531436 98 75 92 126
0.533436 99 75 92 126
0.535436 99 75 92 126
0.537436 99 75 92 126
0.539436 100 75 92 126
0.541436 100 75 92 126
0.543436 101 76 91 125
0.545436 101 76 91 125
0.547436 102 76 91 125
0.549436 102 76 91 125
0.551436 103 77 90 124
0.553436 103 77 90 124
0.555436 103 77 90 124
0.557436 104 77 90 123
0.559436 104 78 89 123
0.561436 105 78 89 123
0.563436 105 78 89 122
0.565436 106 78 89 122
0.567436 106 79 88 122
0.569436 107 79 88 122
0.571436 107 79 88 121
0.573436 108 79 88 121
0.575436 108 80 87 121
0.577436 109 80 87 120
0.579436 109 80 87 120
0.581436 110 80 87 120
0.583436 110 81 86 119
0.585436 110 81 86 119
0.587436 111 81 86 119
0.589436 111 81 86 119
0.591436 112 81 85 119
0.593436 112 81 85 119
0.595436 112 81 85 119
0.597436 113 81 85 119
0.599436 113 81 85 119
0.601436 113 81 85 119
0.603436 113 81 85 119
0.605436 114 81 85 119
0.607436 114 81 85 119
0.609436 114 81 85 119
0.611436 115 81 85 119
0.613436 115 81 85 119
0.615436 115 81 84 119
0.617436 116 81 84 119
0.619436 116 81 84 119
0.621436 116 81 84 119
0.623436 116 81 84 119
0.625436 117 81 84 119
0.627436 117 81 84 119
0.629436 117 81 84 119
0.631436 118 81 84 119
0.633436 118 81 84 119
0.635436 118 81 84 119
0.637436 119 81 83 119
0.639436 119 81 83 119
0.641436 119 81 83 119
0.643436 120 81 83 119
0.645436 120 82 83 118
0.647436 121 82 83 118
0.649436 121 82 82 118
0.651436 122 83 82 117
0.653436 122 83 82 117
0.655436 123 83 82 117
0.657436 123 83 82 117
0.659436 124 84 82 116
0.661436 124 84 81 116
0.663436 125 84 81 116
0.665436 125 85 81 115
0.667436 126 85 81 115
0.669436 126 85 81 115
0.671436 126 86 81 114
0.673436 127 86 80 114
0.675436 127 86 80 114
0.677436 128 86 80 114
0.679436 128 87 80 113
0.681436 129 87 80 113
0.683436 129 87 80 113
0.685436 130 88 79 113
0.687436 130 88 79 113
0.689436 130 88 79 113
0.691436 131 88 79 113
0.693436 131 88 79 113
0.695436 131 88 79 113
0.697436 131 88 78 113
0.699436 132 88 78 113
0.701436 132 88 78 113
0.703436 132 88 78 113
0.705436 133 88 78 113
0.707436 133 88 78 113
0.709436 133 88 77 113
0.711436 134 88 77 113
0.713436 134 88 77 113
0.715436 134 88 77 113
0.717436 134 88 77 113
0.719436 135 88 77 113
0.721436 135 88 76 113
0.723436 135 88 76 113
0.725436 136 88 76 113
0.727436 136 88 76 113
0.729436 136 88 76 113
0.731436 136 88 76 113
0.733436 137 89 76 112
0.735436 137 89 76 112
0.737436 138 89 76 112
0.739436 138 89 76 112
0.741436 138 89 76 111
0.743436 139 89 76 111
0.745436 139 89 76 111
0.747436 140 90 76 111
0.749436 140 90 76 111
0.751436 140 90 76 110
0.753436 141 90 76 110
0.755436 141 90 77 110
0.757436 141 90 77 110
0.759436 142 90 77 110
0.761436 142 90 77 109
0.763436 143 91 77 109
0.765436 143 91 77 109
0.767436 143 91 77 109
0.769436 144 91 77 108
0.771436 144 91 77 108
0.773436 144 91 77 108
0.775436 145 91 77 108
0.777436 145 91 77 108
0.779436 146 92 77 107
0.781436 146 92 77 107
0.783436 146 92 77 107
0.785436 147 92 76 107
0.787436 147 92 76 107
0.789436 147 92 76 107
0.791436 148 92 75 107
0.793436 148 92 75 107
0.795436 148 92 75 107
0.797436 149 92 74 107
0.799436 149 92 74 107
0.801436 149 92 74 107
0.803436 150 92 73 106
0.805436 150 92 73 106
0.807436 150 92 73 106
0.809436 151 92 72 106
0.811436 151 92 72 106
0.813436 151 92 72 106
0.815436 152 92 71 106
0.817436 152 92 71 106
0.819436 152 92 71 106
0.821436 153 92 70 106
0.823436 153 92 70 106
0.825436 153 92 70 106
0.827436 154 93 70 105
0.829436 154 93 70 105
0.831436 154 93 70 105
0.833436 154 93 70 105
0.835436 155 93 70 105
0.837436 155 93 70 105
0.839436 155 93 70 105
0.841436 155 93 70 105
0.843436 156 93 70 105
0.845436 156 93 70 105
0.847436 156 93 70 105
0.849436 156 93 70 105
0.851436 157 94 70 105
0.853436 157 94 70 105
0.855436 157 94 70 105
0.857436 157 94 70 105
0.859436 158 94 70 105
0.861436 158 94 70 105
0.863436 158 94 70 105
0.865436 158 94 70 105
0.867436 159 94 70 105
0.869436 159 94 70 105
0.871436 159 94 70 105
0.873436 160 95 70 104
0.875436 160 95 70 104
0.877436 160 95 70 104
0.879436 160 95 70 104
0.881436 160 95 70 104
0.883436 161 95 70 104
0.885436 161 95 70 104
0.887436 161 95 70 104
0.889436 161 95 70 103
0.891436 161 95 70 103
0.893436 162 95 70 103
0.895436 162 95 70 103
0.897436 162 96 69 103
0.899436 162 96 69 103
0.901436 162 96 69 103
0.903436 163 96 69 103
0.905436 163 96 69 102
0.907436 163 96 69 102
0.909436 163 96 69 102
0.911436 164 96 69 102
0.913436 164 96 69 102
0.915436 164 96 69 102
0.917436 164 96 69 102
0.919436 164 96 69 102
0.921436 165 97 69 101
0.923436 165 97 69 101
0.925436 165 97 69 101
0.927436 165 97 69 101
0.929436 165 97 69 101
0.931436 165 97 69 101
0.933436 165 97 69 100
0.935436 165 97 69 100
0.937436 166 98 69 100
0.939436 166 98 69 100
0.941436 166 98 69 100
0.943436 166 98 69 100
0.945436 166 98 69 99
0.947436 166 98 69 99
0.949436 166 98 69 99
0.951436 166 98 69 99
0.953436 167 99 69 99
0.955436 167 99 69 99
0.957436 167 99 69 98
0.959436 167 99 69 98
0.961436 167 99 69 98
0.963436 167 99 69 98
0.965436 167 99 69 98
0.967436 167 99 69 98
0.969436 168 100 69 97
0.971436 169 100 69 97
0.973436 169 100 68 97
0.975436 170 100 68 97
0.977436 170 100 68 97
0.979436 171 100 67 97
0.981436 171 100 67 96
0.983436 172 100 67 96
0.985436 172 100 66 96
0.987436 173 100 66 96
0.989436 173 100 65 96
0.991436 174 100 65 95
0.993436 175 100 65 95
0.995436 175 100 64 95
0.997436 176 100 64 95
0.999436 176 100 63 95
1.001436 177 100 63 95
1.003436 177 100 63 94
1.005436 178 100 62 94
1.007436 178 100 62 94
1.009436 179 100 62 94
1.011436 180 100 61 94
1.013436 180 100 61 94
1.015436 181 101 60 93
1.017436 181 101 60 93
1.019436 181 101 60 93
1.021436 181 101 60 93
1.023436 181 101 60 93
1.025436 181 101 60 93
1.027436 182 101 60 93
1.029436 182 101 60 93
1.031436 182 101 60 93
1.033436 182 101 60 93
1.035436 182 101 60 93
1.037436 182 101 60 93
1.039436 183 102 59 92
1.041436 183 102 59 92
1.043436 183 102 59 92
1.045436 183 102 59 92
1.047436 183 102 59 92
1.049436 183 102 59 92
1.051436 184 102 59 92
1.053436 184 102 59 92
1.055436 184 102 59 92
1.057436 184 102 59 92
1.059436 184 102 59 92
1.061436 184 102 59 92
1.063436 185 103 58 91
1.065436 185 103 58 91
1.067436 185 103 58 91
1.069436 186 103 58 91
1.071436 186 103 58 91
1.073436 186 103 58 91
1.075436 187 103 58 91
1.077436 187 103 58 91
1.079436 187 103 57 91
1.081436 188 103 57 91
1.083436 188 103 57 91
1.085436 188 103 57 91
1.087436 189 104 57 91
1.089436 189 104 57 91
1.091436 189 104 57 91
1.093436 190 104 57 91
1.095436 190 104 56 91
1.097436 190 104 56 91
1.099436 191 104 56 91
1.101436 191 104 56 91
1.103436 191 104 56 91
1.105436 192 104 56 91
1.107436 192 104 56 91
1.109436 193 105 56 90
1.111436 193 105 56 90
1.113436 193 105 56 90
1.115436 193 105 56 90
1.117436 193 105 56 90
1.119436 193 105 56 90
1.121436 194 105 56 90
1.123436 194 105 56 90
1.125436 194 105 56 90
1.127436 194 105 56 90
1.129436 194 105 56 90
1.131436 194 105 56 90
1.133436 195 105 56 89
1.135436 195 105 56 89
1.137436 195 105 56 89
1.139436 195 105 56 89
1.141436 195 105 56 89
1.143436 195 105 56 89
1.145436 196 105 56 89
1.147436 196 105 56 89
1.149436 196 105 56 89
1.151436 196 105 56 89
1.153436 196 105 56 89
1.155436 196 105 56 89
1.157436 197 106 55 88
1.159436 197 106 55 88
1.161436 197 106 55 88
1.163436 197 106 55 88
1.165436 197 106 55 88
1.167436 198 106 55 88
1.169436 198 106 55 88
1.171436 198 106 55 88
1.173436 198 106 55 87
1.175436 198 106 55 87
1.177436 199 106 55 87
1.179436 199 106 55 87
1.181436 199 106 54 87
1.183436 199 106 54 87
1.185436 200 106 54 87
1.187436 200 106 54 87
1.189436 200 106 54 86
1.191436 200 106 54 86
1.193436 200 106 54 86
1.195436 201 106 54 86
1.197436 201 106 54 86
1.199436 201 106 54 86
1.201436 201 106 54 86
1.203436 201 106 54 86
1.205436 202 107 53 85
1.207436 202 107 53 85
1.209436 202 107 53 85
1.211436 202 107 53 85
1.213436 203 107 53 84
1.215436 203 107 53 84
1.217436 203 108 52 84
1.219436 203 108 52 84
1.221436 204 108 52 84
1.223436 204 108 52 83
1.225436 204 108 52 83
1.227436 205 109 51 83
1.229436 205 109 51 83
1.231436 205 109 51 83
1.233436 205 109 51 82
1.235436 206 109 51 82
1.237436 206 109 51 82
1.239436 206 110 50 82
1.241436 206 110 50 82
1.243436 207 110 50 81
1.245436 207 110 50 81
1.247436 207 110 50 81
1.249436 207 110 50 81
1.251436 208 111 50 81
1.253436 208 111 50 81
1.255436 208 111 50 81
1.257436 208 111 50 81
1.259436 208 111 50 81
1.261436 208 111 50 81
1.263436 208 111 50 81
1.265436 208 111 50 81
1.267436 209 111 50 81
1.269436 209 111 50 81
1.271436 209 111 50 81
1.273436 209 111 50 81
1.275436 209 111 51 81
1.277436 209 111 51 81
1.279436 209 111 51 81
1.281436 209 111 51 81
1.283436 210 111 51 81
1.285436 210 111 51 81
1.287436 210 111 51 81
1.289436 210 111 51 81
1.291436 210 111 51 81
1.293436 210 111 51 81
1.295436 210 111 51 81
1.297436 210 111 51 81
1.299436 211 112 51 80
1.301436 211 112 51 80
1.303436 211 112 51 80
1.305436 212 112 51 80
1.307436 212 112 51 80
1.309436 212 112 51 80
1.311436 212 112 51 80
1.313436 213 112 51 80
1.315436 213 112 50 80
1.317436 213 112 50 80
1.319436 214 112 50 80
1.321436 214 112 50 80
1.323436 214 112 50 80
1.325436 215 112 50 80
1.327436 215 112 50 80
1.329436 215 112 50 80
1.331436 215 112 49 80
1.333436 216 112 49 80
1.335436 216 112 49 80
1.337436 216 112 49 80
1.339436 217 112 49 80
1.341436 217 112 49 80
1.343436 217 112 49 80
1.345436 217 112 49 80
1.347436 218 112 48 79
1.349436 218 112 48 79
1.351436 218 112 48 79
1.353436 218 112 48 79
1.355436 219 112 48 79
1.357436 219 112 48 79
1.359436 219 112 48 79
1.361436 219 112 48 79
1.363436 219 112 48 79
1.365436 220 112 48 79
1.367436 220 112 48 79
1.369436 220 112 47 79
1.371436 220 112 47 79
1.373436 220 112 47 79
1.375436 221 112 47 79
1.377436 221 112 47 79
1.379436 221 112 47 79
1.381436 221 112 47 79
1.383436 222 112 47 79
1.385436 222 112 47 79
1.387436 222 112 47 79
1.389436 222 112 47 79
1.391436 222 112 47 79
1.393436 223 113 46 78
1.395436 223 113 46 78
1.397436 223 113 46 78
1.399436 223 113 46 78
1.401436 223 113 46 78
1.403436 224 113 46 78
1.405436 224 113 46 78
1.407436 224 113 46 78
1.409436 224 113 45 78
1.411436 224 113 45 78
1.413436 225 113 45 78
1.415436 225 113 45 78
1.417436 225 113 45 78
1.419436 225 113 45 78
1.421436 226 113 45 78
1.423436 226 113 45 78
1.425436 226 113 44 78
1.427436 226 113 44 78
1.429436 226 113 44 78
1.431436 227 113 44 78
1.433436 227 113 44 78
1.435436 227 113 44 78
1.437436 227 113 44 78
1.439436 227 113 44 78
1.441436 228 113 44 77
1.443436 228 113 44 77
1.445436 228 113 44 77
1.447436 228 113 44 77
1.449436 228 113 44 76
1.451436 228 113 44 76
1.453436 228 114 44 76
1.455436 228 114 44 76
1.457436 229 114 44 76
1.459436 229 114 44 75
1.461436 229 114 44 75
1.463436 229 114 44 75
1.465436 229 115 44 75
1.467436 229 115 44 75
1.469436 229 115 44 74
1.471436 230 115 44 74
1.473436 230 115 44 74
1.475436 230 116 44 74
1.477436 230 116 44 74
1.479436 230 116 44 73
1.481436 230 116 44 73
1.483436 230 116 44 73
1.485436 230 116 44 73
1.487436 231 116 43 73
1.489436 231 116 43 73
1.491436 231 116 43 73
1.493436 231 116 43 73
1.495436 231 116 43 73
1.497436 231 116 43 73
1.499436 232 116 43 73
1.501436 232 116 43 73
1.503436 232 116 43 73
1.505436 232 116 43 73
1.507436 232 116 43 73
1.509436 232 116 43 73
1.511436 233 115 42 74
1.513436 233 115 42 74
1.515436 233 115 42 74
1.517436 233 115 42 74
1.519436 233 115 42 74
1.521436 233 115 42 74
1.523436 234 115 42 74
1.525436 234 115 42 74
1.527436 234 115 42 74
1.529436 234 115 42 74
1.531436 234 115 42 74
1.533436 234 115 42 74
1.535436 235 115 42 74
1.537436 235 115 42 74
1.539436 235 115 42 74
1.541436 235 115 42 74
1.543436 235 115 42 74
1.545436 235 115 42 74
1.547436 235 115 42 74
1.549436 235 115 42 74
1.551436 235 115 42 74
1.553436 235 115 42 74
1.555436 235 115 42 74
1.557436 235 115 42 74
1.559436 236 115 42 74
1.561436 236 115 42 74
1.563436 236 115 42 74
1.565436 236 115 42 74
1.567436 236 115 42 74
1.569436 236 115 42 74
1.571436 236 115 42 74
1.573436 236 115 42 74
1.575436 236 115 42 74
1.577436 236 115 42 74
1.579436 236 115 42 74
1.581436 236 115 42 74
1.583436 237 116 41 73
1.585436 237 116 41 73
1.587436 237 116 41 73
1.589436 237 116 41 73
1.591436 238 116 41 73
1.593436 238 116 41 73
1.595436 238 116 41 73
1.597436 238 116 41 73
1.599436 238 116 41 73
1.601436 239 116 41 73
1.603436 239 116 41 73
1.605436 239 116 40 73
1.607436 239 116 40 73
1.609436 239 116 40 73
1.611436 240 116 40 73
1.613436 240 116 40 73
1.615436 240 116 40 73
1.617436 240 116 40 73
1.619436 241 116 40 73
1.621436 241 116 40 73
1.623436 241 116 40 73
1.625436 241 116 40 73
1.627436 241 116 40 73
1.629436 242 117 40 72
1.631436 242 117 40 72
1.633436 242 117 40 72
1.635436 242 117 40 72
1.637436 242 117 40 72
1.639436 242 117 40 72
1.641436 243 117 40 72
1.643436 243 117 40 72
1.645436 243 117 40 72
1.647436 243 117 40 72
1.649436 243 117 40 72
1.651436 243 117 40 72
1.653436 244 118 40 72
1.655436 244 118 40 72
1.657436 244 118 40 72
1.659436 244 118 40 72
1.661436 244 118 40 72
1.663436 244 118 40 72
1.665436 245 118 40 72
1.667436 245 118 40 72
1.669436 245 118 40 72
1.671436 245 118 40 72
1.673436 245 118 40 72
1.675436 245 118 40 72
1.677436 246 119 39 71
1.679436 246 119 39 71
1.681436 246 119 39 71
1.683436 246 119 39 71
1.685436 246 119 39 71
1.687436 246 119 39 71
1.689436 246 119 39 71
1.691436 246 119 39 71
1.693436 247 119 39 71
1.695436 247 119 39 71
1.697436 247 119 39 71
1.699436 247 119 39 71
1.701436 247 119 39 71
1.703436 247 119 39 71
1.705436 247 119 39 71
1.707436 247 119 39 71
1.709436 248 119 39 71
1.711436 248 119 39 71
1.713436 248 119 39 71
1.715436 248 119 39 71
1.717436 248 119 39 71
1.719436 248 119 39 71
1.721436 248 119 39 71
1.723436 249 120 39 70
1.725436 249 120 39 70
1.727436 249 120 39 70
1.729436 249 120 39 70
1.731436 249 120 39 70
1.733436 249 120 39 70
1.735436 249 120 39 70
1.737436 249 120 39 70
1.739436 249 120 39 69
1.741436 249 120 39 69
1.743436 249 120 39 69
1.745436 249 120 39 69
1.747436 250 120 39 69
1.749436 250 120 39 69
1.751436 250 120 39 69
1.753436 250 120 39 69
1.755436 250 120 39 68
1.757436 250 120 39 68
1.759436 250 120 39 68
1.761436 250 120 39 68
1.763436 250 120 39 68
1.765436 250 120 39 68
1.767436 250 120 39 68
1.769436 250 120 39 68
1.771436 251 120 38 67
1.773436 251 120 38 67
1.775436 251 120 38 67
1.777436 251 120 38 67
1.779436 251 120 38 67
1.781436 252 120 38 67
1.783436 252 120 38 67
1.785436 252 120 38 67
1.787436 252 121 38 67
1.789436 253 121 38 67
1.791436 253 121 38 67
1.793436 253 121 38 67
1.795436 253 121 37 66
1.797436 253 121 37 66
1.799436 254 121 37 66
1.801436 254 121 37 66
1.803436 254 122 37 66
1.805436 254 122 37 66
1.807436 254 122 37 66
1.809436 255 122 37 66
1.811436 255 122 37 66
1.813436 255 122 37 66
1.815436 255 122 37 66
1.817436 255 122 37 66
1.819436 256 122 36 66
1.821436 256 122 36 66
1.823436 256 122 36 66
1.825436 256 122 36 66
1.827436 257 122 36 66
1.829436 257 122 36 66
1.831436 257 122 36 66
1.833436 257 122 36 66
1.835436 257 122 36 66
1.837436 258 122 36 66
1.839436 258 122 36 66
1.841436 258 122 35 66
1.843436 258 122 35 66
1.845436 258 122 35 66
1.847436 259 122 35 66
1.849436 259 122 35 66
1.851436 259 122 35 66
1.853436 259 122 35 66
1.855436 260 122 35 66
1.857436 260 122 35 66
1.859436 260 122 35 66
1.861436 260 122 35 66
1.863436 260 122 35 66
1.865436 261 122 34 66
1.867436 261 122 34 66
1.869436 261 122 34 66
1.871436 261 122 34 66
1.873436 261 122 34 66
1.875436 261 122 34 66
1.877436 262 122 34 66
1.879436 262 122 34 66
1.881436 262 122 34 65
1.883436 262 122 34 65
1.885436 262 122 34 65
1.887436 262 122 34 65
1.889436 263 123 33 65
1.891436 263 123 33 65
1.893436 263 123 33 65
1.895436 263 123 33 65
1.897436 263 123 33 64
1.899436 263 123 33 64
1.901436 264 123 33 64
1.903436 264 123 33 64
1.905436 264 123 33 64
1.907436 264 123 33 64
1.909436 264 123 33 64
1.911436 264 123 33 64
1.913436 265 124 33 63
1.915436 265 124 33 63
1.917436 265 124 33 63
1.919436 265 124 33 63
1.921436 265 124 33 63
1.923436 265 124 33 63
1.925436 265 124 33 63
1.927436 265 124 33 63
1.929436 266 124 33 63
1.931436 266 124 33 63
1.933436 266 124 33 63
1.935436 266 124 33 63
1.937436 266 124 33 63
1.939436 266 124 33 63
1.941436 266 124 33 63
1.943436 266 124 33 63
1.945436 267 124 33 63
1.947436 267 124 33 63
1.949436 267 124 33 63
1.951436 267 124 33 63
1.953436 267 124 33 63
1.955436 267 124 33 63
1.957436 267 124 33 63
1.959436 268 125 34 62
1.961436 268 125 34 62
1.963436 268 125 34 62
1.965436 268 125 34 62
1.967436 268 125 34 62
1.969436 268 125 34 62
1.971436 268 125 34 62
1.973436 268 125 34 62
1.975436 268 125 34 62
1.977436 268 125 34 62
1.979436 268 125 34 62
1.981436 268 125 34 62
1.983436 268 125 34 62
1.985436 268 125 34 62
1.987436 268 125 34 62
1.989436 268 125 34 62
1.991436 268 125 34 62
1.993436 268 125 34 62
1.995436 268 125 34 62
1.997436 268 125 34 62
1.999436 268 125 34 62
2.001436 268 125 34 62
2.003436 268 125 34 62
2.005436 268 125 34 62
2.007436 269 126 34 61
2.009436 269 126 34 61
2.011436 269 126 34 61
2.013436 269 126 34 61
2.015436 269 126 34 61
2.017436 269 126 34 61
2.019436 269 126 34 61
2.021436 269 126 34 61
2.023436 270 126 34 61
2.025436 270 126 34 61
2.027436 270 126 34 61
2.029436 270 126 34 61
2.031436 270 126 33 61
2.033436 270 126 33 61
2.035436 270 126 33 61
2.037436 270 126 33 61
2.039436 271 126 33 61
2.041436 271 126 33 61
2.043436 271 126 33 61
2.045436 271 126 33 61
2.047436 271 126 33 61
2.049436 271 126 33 61
2.051436 271 126 33 61
2.053436 271 126 33 61
2.055436 272 127 33 60
2.057436 272 127 33 60
2.059436 272 127 33 60
2.061436 272 127 33 60
2.063436 272 127 33 60
2.065436 272 127 33 60
2.067436 272 127 33 60
2.069436 273 127 33 60
2.071436 273 127 33 60
2.073436 273 127 33 60
2.075436 273 127 33 60
2.077436 273 127 33 60
2.079436 273 127 33 60
2.081436 273 127 33 60
2.083436 273 127 33 60
2.085436 274 127 33 60
2.087436 274 127 33 60
2.089436 274 127 33 60
2.091436 274 127 33 60
2.093436 274 127 33 60
2.095436 274 127 33 60
2.097436 274 127 33 60
2.099436 274 127 33 60
2.101436 275 128 33 59
2.103436 275 128 33 59
2.105436 275 128 33 59
2.107436 275 128 33 59
2.109436 275 128 33 59
2.111436 275 128 33 59
2.113436 275 128 33 59
2.115436 275 128 33 59
2.117436 275 128 33 59
2.119436 275 128 33 59
2.121436 275 128 33 59
2.123436 275 128 33 59
2.125436 275 129 33 59
2.127436 275 129 33 59
2.129436 275 129 33 59
2.131436 275 129 33 59
2.133436 275 129 33 59
2.135436 275 129 33 59
2.137436 275 129 33 59
2.139436 275 129 33 59
2.141436 275 129 33 59
2.143436 275 129 33 59
2.145436 275 129 33 59
2.147436 275 129 33 59
2.149436 276 130 33 58
2.151436 276 130 33 58
2.153436 276 130 33 58
2.155436 276 130 33 58
2.157436 276 130 33 58
2.159436 277 130 33 58
2.161436 277 130 33 58
2.163436 277 130 33 58
2.165436 277 130 32 58
2.167436 278 130 32 58
2.169436 278 130 32 58
2.171436 278 130 32 58
2.173436 278 130 32 57
2.175436 278 130 32 57
2.177436 279 130 32 57
2.179436 279 130 32 57
2.181436 279 130 31 57
2.183436 279 130 31 57
2.185436 279 130 31 57
2.187436 280 130 31 57
2.189436 280 130 31 57
2.191436 280 130 31 57
2.193436 280 130 31 57
2.195436 281 131 30 56
2.197436 281 131 30 56
2.199436 281 131 30 56
2.201436 281 131 30 56
2.203436 281 131 30 56
2.205436 281 131 30 56
2.207436 281 131 30 56
2.209436 281 131 30 56
2.211436 282 131 30 56
2.213436 282 131 30 56
2.215436 282 131 30 56
2.217436 282 131 30 56
2.219436 282 131 30 56
2.221436 282 131 30 56
2.223436 282 131 30 56
2.225436 282 131 30 56
2.227436 283 131 30 56
2.229436 283 131 30 56
2.231436 283 131 30 56
2.233436 283 131 30 56
2.235436 283 131 30 56
2.237436 283 131 30 56
2.239436 283 131 30 56
2.241436 283 131 30 56
2.243436 284 131 29 55
2.245436 284 131 29 55
2.247436 284 131 29 55
2.249436 284 131 29 55
2.251436 284 131 29 55
2.253436 284 131 29 55
2.255436 284 131 29 55
2.257436 284 131 29 55
2.259436 285 131 29 55
2.261436 285 131 29 55
2.263436 285 131 29 55
2.265436 285 131 29 55
2.267436 285 131 29 55
2.269436 285 131 29 55
2.271436 285 131 29 55
2.273436 285 131 29 55
2.275436 286 131 29 55
2.277436 286 131 29 55
2.279436 286 131 29 55
2.281436 286 131 29 55
2.283436 286 131 29 55
2.285436 286 131 29 55
2.287436 286 131 29 55
2.289436 286 131 29 55
2.291436 287 131 29 54
2.293436 287 131 29 54
2.295436 287 131 29 54
2.297436 287 131 29 54
2.299436 287 131 29 54
2.301436 287 131 29 54
2.303436 287 131 29 54
2.305436 287 131 29 54
2.307436 287 131 29 54
2.309436 287 131 29 54
2.311436 287 131 29 54
2.313436 287 131 29 54
2.315436 287 131 29 54
2.317436 287 131 29 54
2.319436 287 131 29 54
2.321436 287 131 29 54
2.323436 287 131 29 54
2.325436 287 131 29 54
2.327436 287 131 29 54
2.329436 287 131 29 54
2.331436 287 131 29 54
2.333436 287 131 29 54
2.335436 287 131 29 54
2.337436 288 132 29 53
2.339436 288 132 29 53
2.341436 288 132 29 53
2.343436 288 132 29 53
2.345436 288 132 29 53
2.347436 288 132 29 53
2.349436 288 132 29 53
2.351436 288 132 29 53
2.353436 289 132 29 53
2.355436 289 132 29 53
2.357436 289 132 29 53
2.359436 289 132 29 53
2.361436 289 132 29 53
2.363436 289 132 29 53
2.365436 289 132 29 53
2.367436 289 132 29 53
2.369436 290 132 29 53
2.371436 290 132 29 53
2.373436 290 132 29 53
2.375436 290 132 29 53
2.377436 290 132 29 53
2.379436 290 132 29 53
2.381436 290 132 29 53
2.383436 290 132 29 53
2.385436 291 133 28 53
2.387436 291 133 28 53
2.389436 291 133 28 53
2.391436 291 133 28 53
2.393436 291 133 28 53
2.395436 291 133 28 53
2.397436 291 133 28 53
2.399436 291 133 28 53
2.401436 292 133 28 53
2.403436 292 133 28 53
2.405436 292 133 28 53
2.407436 292 133 28 53
2.409436 292 133 28 53
2.411436 292 133 28 53
2.413436 292 133 28 53
2.415436 292 133 28 53
2.417436 293 133 28 53
2.419436 293 133 28 53
2.421436 293 133 28 53
2.423436 293 133 28 53
2.425436 293 133 28 53
2.427436 293 133 28 53
2.429436 293 133 28 53
2.431436 294 134 27 52
2.433436 294 134 27 52
2.435436 294 134 27 52
2.437436 294 134 27 52
2.439436 294 134 27 52
2.441436 294 134 27 52
2.443436 294 134 27 52
2.445436 294 134 27 52
2.447436 295 134 26 52
2.449436 295 134 26 52
2.451436 295 134 26 52
2.453436 295 134 26 52
2.455436 295 134 26 51
2.457436 295 134 26 51
2.459436 295 134 26 51
2.461436 295 134 26 51
2.463436 296 134 25 51
2.465436 296 134 25 51
2.467436 296 134 25 51
2.469436 296 134 25 51
2.471436 296 134 25 51
2.473436 296 134 25 51
2.475436 296 134 25 51
2.477436 296 134 25 51
2.479436 297 134 24 51
2.481436 297 134 24 51
2.483436 297 134 24 51
2.485436 297 134 24 51
2.487436 297 134 24 51
2.489436 297 134 24 51
2.491436 298 134 24 51
2.493436 298 134 24 51
2.495436 298 134 24 51
2.497436 298 134 24 51
2.499436 298 134 24 51
2.501436 298 134 24 51
2.503436 299 134 24 51
2.505436 299 134 24 51
2.507436 299 134 24 51
2.509436 299 134 24 51
2.511436 299 134 24 51
2.513436 299 134 24 51
2.515436 300 134 24 51
2.517436 300 134 24 51
2.519436 300 134 24 51
2.521436 300 134 24 51
2.523436 300 134 24 51
2.525436 300 134 24 51
2.527436 301 134 24 52
2.529436 301 134 24 52
2.531436 301 134 24 52
2.533436 301 134 24 52
2.535436 301 134 24 52
2.537436 301 134 24 52
2.539436 301 134 24 52
2.541436 301 134 24 52
2.543436 301 134 24 52
2.545436 301 134 24 52
2.547436 301 134 24 52
2.549436 301 134 24 52
2.551436 301 134 24 52
2.553436 301 134 24 52
2.555436 301 134 24 52
2.557436 301 134 24 52
2.559436 301 134 24 52
2.561436 301 134 24 52
2.563436 301 134 24 52
2.565436 301 134 24 52
2.567436 301 134 24 52
2.569436 301 134 24 52
2.571436 301 134 24 52
2.573436 302 135 23 51
2.575436 302 135 23 51
2.577436 302 135 23 51
2.579436 302 135 23 51
2.581436 302 135 23 51
2.583436 302 135 23 51
2.585436 302 135 23 51
2.587436 302 135 23 51
2.589436 303 135 23 51
2.591436 303 135 23 51
2.593436 303 135 23 51
2.595436 303 135 23 51
2.597436 303 135 23 50
2.599436 303 135 23 50
2.601436 303 135 23 50
2.603436 303 135 23 50
2.605436 304 135 23 50
2.607436 304 135 23 50
2.609436 304 135 23 50
2.611436 304 135 23 50
2.613436 304 135 23 50
2.615436 304 135 23 50
2.617436 304 135 23 50
2.619436 304 135 23 50
2.621436 305 136 23 49
2.623436 305 136 23 49
2.625436 305 136 23 49
2.627436 305 136 23 49
2.629436 305 136 23 49
2.631436 305 136 23 49
2.633436 305 136 23 49
2.635436 305 136 23 49
2.637436 305 136 23 49
2.639436 305 136 23 49
2.641436 305 136 23 49
2.643436 305 136 23 49
2.645436 305 136 23 49
2.647436 305 136 23 49
2.649436 305 136 23 49
2.651436 305 136 23 49
2.653436 305 136 23 49
2.655436 305 136 23 49
2.657436 305 136 23 49
2.659436 305 136 23 49
2.661436 305 136 23 49
2.663436 305 136 23 49
2.665436 305 136 23 49
2.667436 305 136 23 49
2.669436 306 136 22 48
2.671436 306 136 22 48
2.673436 306 136 22 48
2.675436 306 136 22 48
2.677436 306 136 22 48
2.679436 306 136 22 48
2.681436 306 136 22 48
2.683436 306 136 22 48
2.685436 306 136 22 48
2.687436 306 136 22 48
2.689436 306 136 22 48
2.691436 307 136 22 48
2.693436 307 136 22 48
2.695436 307 136 22 48
2.697436 307 136 22 48
2.699436 307 136 22 48
2.701436 307 136 22 48
2.703436 307 136 22 48
2.705436 307 136 22 48
2.707436 307 136 22 48
2.709436 307 136 22 48
2.711436 307 136 22 48
2.713436 307 136 22 48
2.715436 308 137 21 48
2.717436 308 137 21 48
2.719436 308 137 21 48
2.721436 308 137 21 48
2.723436 308 137 21 48
2.725436 308 137 21 48
2.727436 308 137 21 48
2.729436 308 137 21 48
2.731436 308 137 21 48
2.733436 308 137 21 48
2.735436 308 137 21 48
2.737436 308 137 21 48
2.739436 309 137 21 48
2.741436 309 137 21 48
2.743436 309 137 21 48
2.745436 309 137 21 48
2.747436 309 137 21 48
2.749436 309 137 21 48
2.751436 309 137 21 48
2.753436 309 137 21 48
2.755436 309 137 21 48
2.757436 309 137 21 48
2.759436 309 137 21 48
2.761436 309 137 21 48
2.763436 310 137 21 48
2.765436 310 137 21 48
2.767436 310 137 21 48
2.769436 310 137 21 48
2.771436 310 137 21 48
2.773436 310 137 21 48
2.775436 310 137 21 48
2.777436 310 137 21 48
2.779436 310 137 21 48
2.781436 310 137 21 48
2.783436 310 137 21 48
2.785436 310 137 21 48
2.787436 311 137 21 48
2.789436 311 137 21 48
2.791436 311 137 21 48
2.793436 311 137 21 48
2.795436 311 137 21 48
2.797436 311 137 21 48
2.799436 311 137 21 48
2.801436 311 137 21 48
2.803436 311 137 21 48
2.805436 311 137 21 48
2.807436 311 137 21 48
2.809436 312 138 22 48
2.811436 312 138 22 48
2.813436 312 138 22 48
2.815436 312 138 22 48
2.817436 312 138 22 48
2.819436 312 138 22 48
2.821436 312 138 22 48
2.823436 312 138 22 48
2.825436 312 138 22 48
2.827436 312 138 22 48
2.829436 312 138 22 48
2.831436 312 138 22 48
2.833436 313 138 22 47
2.835436 313 138 22 47
2.837436 313 138 22 47
2.839436 313 138 22 47
2.841436 313 138 22 47
2.843436 313 138 22 47
2.845436 313 138 22 47
2.847436 313 138 22 47
2.849436 313 138 22 47
2.851436 313 138 22 47
2.853436 313 138 22 47
2.855436 313 138 22 47
2.857436 314 138 21 46
2.859436 314 138 21 46
2.861436 314 138 21 46
2.863436 314 138 21 46
2.865436 314 138 21 46
2.867436 314 138 21 46
2.869436 314 138 21 46
2.871436 314 138 21 46
2.873436 314 138 21 46
2.875436 314 138 21 46
2.877436 314 138 21 46
2.879436 314 138 21 46
2.881436 315 139 21 46
2.883436 315 139 21 46
2.885436 315 139 21 46
2.887436 315 139 21 46
2.889436 315 139 21 46
2.891436 315 139 21 46
2.893436 315 139 21 46
2.895436 315 139 21 46
2.897436 315 139 21 46
2.899436 315 139 21 46
2.901436 315 139 21 46
2.903436 315 139 21 46
2.905436 316 139 21 45
2.907436 316 139 21 45
2.909436 316 139 21 45
2.911436 316 139 21 45
2.913436 316 139 21 45
2.915436 316 139 21 45
2.917436 316 139 21 45
2.919436 316 139 21 45
2.921436 316 139 21 45
2.923436 316 139 21 45
2.925436 316 139 21 45
2.927436 317 139 21 45
2.929436 317 139 21 45
2.931436 317 139 21 45
2.933436 317 139 21 45
2.935436 317 139 21 45
2.937436 317 139 21 45
2.939436 317 139 21 45
2.941436 317 139 21 45
2.943436 317 139 21 45
2.945436 317 139 21 45
2.947436 317 139 21 45
2.949436 317 139 21 45
2.951436 318 139 21 45
2.953436 318 139 21 45
2.955436 318 139 21 45
2.957436 318 139 21 45
2.959436 318 139 21 45
2.961436 318 139 21 45
2.963436 318 139 21 45
2.965436 318 139 21 45
2.967436 318 139 21 45
2.969436 318 139 21 45
2.971436 318 139 21 45
2.973436 318 139 21 45
2.975436 319 139 21 45
2.977436 319 139 21 45
2.979436 319 139 21 45
2.981436 319 139 21 45
2.983436 319 139 21 45
2.985436 319 139 21 45
2.987436 319 139 21 45
2.989436 319 139 21 45
2.991436 319 139 21 45
2.993436 319 139 21 45
2.995436 319 139 21 45
2.997436 319 139 21 45
2.999436 320 139 20 45
3.001436 320 139 20 45
3.003436 320 139 20 45
3.005436 320 139 20 45
3.007436 320 139 20 45
3.009436 320 139 20 45
3.011436 320 139 20 45
3.013436 320 139 20 45
3.015436 320 139 20 44
3.017436 320 139 20 44
3.019436 320 139 20 44
3.021436 320 139 20 44
3.023436 321 139 20 44
3.025436 321 139 20 44
3.027436 321 139 20 44
3.029436 321 139 20 44
3.031436 321 139 20 43
3.033436 321 139 20 43
3.035436 321 139 20 43
3.037436 321 139 20 43
3.039436 321 139 20 43
3.041436 321 139 20 43
3.043436 321 139 20 43
3.045436 322 139 19 43
3.047436 322 139 19 43
3.049436 322 139 19 43
3.051436 322 139 19 43
3.053436 322 139 19 43
3.055436 322 139 19 43
3.057436 322 139 19 43
3.059436 322 139 19 43
3.061436 322 139 19 43
3.063436 322 139 19 43
3.065436 322 139 19 43
3.067436 322 139 19 43
3.069436 323 139 19 44
3.071436 323 139 19 44
3.073436 323 139 19 44
3.075436 323 139 19 44
3.077436 323 139 19 44
3.079436 323 139 19 44
3.081436 323 139 19 44
3.083436 323 139 19 44
3.085436 323 139 19 44
3.087436 323 139 19 44
3.089436 323 139 19 44
3.091436 323 139 19 44
3.093436 324 139 18 44
3.095436 324 139 18 44
3.097436 324 139 18 44
3.099436 324 139 18 44
3.101436 324 139 18 44
3.103436 324 139 18 44
3.105436 324 139 18 44
3.107436 324 139 18 44
3.109436 324 139 18 44
3.111436 324 139 18 44
3.113436 324 139 18 44
3.115436 324 139 18 44
3.117436 324 140 18 43
3.119436 324 140 18 43
3.121436 324 140 18 43
3.123436 324 140 18 43
3.125436 324 140 18 43
3.127436 324 140 18 43
3.129436 324 140 18 43
3.131436 324 140 18 43
3.133436 324 140 18 43
3.135436 324 140 18 43
3.137436 324 140 18 43
3.139436 324 140 18 43
3.141436 325 141 18 43
3.143436 325 141 18 43
3.145436 325 141 18 43
3.147436 325 141 18 43
3.149436 325 141 18 43
3.151436 325 141 18 43
3.153436 325 141 18 43
3.155436 325 141 18 43
3.157436 325 141 18 43
3.159436 325 141 18 43
3.161436 325 141 18 43
3.163436 325 141 18 43
3.165436 325 141 18 43
3.167436 325 141 18 43
3.169436 325 141 18 43
3.171436 325 141 18 43
3.173436 325 141 18 43
3.175436 325 141 18 43
3.177436 325 141 18 43
3.179436 325 141 18 43
3.181436 325 141 18 43
3.183436 325 141 18 43
3.185436 325 141 18 43
3.187436 326 141 17 43
3.189436 326 141 17 43
3.191436 326 141 17 43
3.193436 326 141 17 43
3.195436 326 141 17 43
3.197436 326 141 17 43
3.199436 326 141 17 43
3.201436 326 141 17 43
3.203436 326 141 17 43
3.205436 326 141 17 43
3.207436 326 141 17 43
3.209436 326 141 17 43
3.211436 327 141 16 43
3.213436 327 141 16 43
3.215436 327 141 16 43
3.217436 327 141 16 43
3.219436 327 141 16 43
3.221436 327 141 16 43
3.223436 327 141 16 43
3.225436 327 141 16 43
3.227436 327 141 16 43
3.229436 327 141 16 43
3.231436 327 141 16 43
3.233436 327 141 16 43
3.235436 328 141 15 42
3.237436 328 141 15 42
3.239436 328 141 15 42
3.241436 328 141 15 42
3.243436 328 141 15 42
3.245436 328 141 15 42
3.247436 328 141 15 42
3.249436 328 141 15 42
3.251436 328 141 15 42
3.253436 328 141 15 42
3.255436 328 141 15 42
3.257436 328 141 15 42
3.259436 329 141 15 42
3.261436 329 141 15 42
3.263436 329 141 15 42
3.265436 329 141 15 42
3.267436 329 141 15 42
3.269436 329 141 15 42
3.271436 329 141 15 42
3.273436 329 141 15 42
3.275436 329 141 15 42
3.277436 329 141 15 42
3.279436 329 141 15 42
3.281436 330 142 14 41
3.283436 330 142 14 41
3.285436 330 142 14 41
3.287436 330 142 14 41
3.289436 330 142 14 41
3.291436 330 142 14 41
3.293436 330 142 14 41
3.295436 330 142 14 41
3.297436 330 142 14 41
3.299436 330 142 14 41
3.301436 330 142 14 41
3.303436 330 142 14 41
3.305436 330 142 14 40
3.307436 330 142 14 40
3.309436 330 142 14 40
3.311436 330 142 14 40
3.313436 330 142 14 40
3.315436 330 142 14 40
3.317436 330 142 14 40
3.319436 330 142 14 40
3.321436 330 142 14 40
3.323436 330 142 14 40
3.325436 330 142 14 40
3.327436 330 142 14 40
3.329436 331 143 14 39
3.331436 331 143 14 39
3.333436 331 143 14 39
3.335436 331 143 14 39
3.337436 331 143 14 39
3.339436 331 143 14 39
3.341436 331 143 14 39
3.343436 331 143 14 39
3.345436 331 143 14 39
3.347436 331 143 14 39
3.349436 331 143 14 39
3.351436 331 143 14 39
3.353436 331 143 14 39
3.355436 331 143 14 39
3.357436 331 143 14 39
3.359436 331 143 14 39
3.361436 331 143 14 39
3.363436 331 143 14 39
3.365436 331 143 14 39
3.367436 331 143 14 39
3.369436 331 143 14 39
3.371436 331 143 14 39
3.373436 331 143 14 39
3.375436 331 143 14 39
