0.039374 5 63 132 137
0.041374 5 63 132 136
0.043374 5 63 132 136
0.045374 5 63 132 136
0.047374 5 63 132 136
0.049374 6 63 132 136
0.051374 6 63 132 136
0.053374 6 63 132 136
0.055374 6 63 132 136
0.057374 6 63 132 136
0.059374 7 63 132 136
0.061374 7 63 132 136
0.063374 7 63 132 136
0.065374 7 63 132 136
0.067374 7 63 132 136
0.069374 8 63 132 136
0.071374 8 63 132 136
0.073374 8 63 132 136
0.075374 8 63 132 136
0.077374 9 63 132 136
0.079374 9 63 132 136
0.081374 9 63 132 136
0.083374 9 63 132 136
0.085374 9 63 132 136
0.087374 10 63 132 136
0.089374 10 63 132 136
0.091374 10 63 132 136
0.093374 11 63 132 136
0.095374 11 63 132 136
0.097374 12 63 132 136
0.099374 12 63 132 136
0.101374 12 63 132 136
0.103374 13 63 132 136
0.105374 13 63 132 136
0.107374 13 63 132 136
0.109374 14 63 132 136
0.111374 14 63 131 136
0.113374 15 63 131 136
0.115374 15 63 131 136
0.117374 15 63 131 136
0.119374 16 63 131 136
0.121374 16 63 131 136
0.123374 17 63 131 136
0.125374 17 63 131 136
0.127374 17 63 131 136
0.129374 18 63 131 136
0.131374 18 63 131 136
0.133374 18 63 131 136
0.135374 19 64 130 136
0.137374 19 64 130 136
0.139374 19 64 130 136
0.141374 20 64 130 136
0.143374 20 64 130 136
0.145374 20 64 130 136
0.147374 21 64 130 136
0.149374 21 64 130 136
0.151374 21 64 130 136
0.153374 22 64 130 136
0.155374 22 64 130 136
0.157374 22 64 130 136
0.159374 23 64 129 136
0.161374 23 64 129 136
0.163374 24 64 129 136
0.165374 24 64 129 136
0.167374 24 64 129 136
0.169374 25 64 129 136
0.171374 25 64 129 136
0.173374 25 64 129 136
0.175374 26 64 129 136
0.177374 26 64 129 136
0.179374 26 64 129 136
0.181374 27 64 128 136
0.183374 27 64 128 136
0.185374 27 64 128 136
0.187374 28 64 128 136
0.189374 28 64 128 136
0.191374 28 64 128 136
0.193374 29 64 128 136
0.195374 29 64 128 136
0.197374 30 64 127 136
0.199374 30 64 127 136
0.201374 30 64 127 136
0.203374 31 64 127 136
0.205374 31 63 127 136
0.207374 32 63 127 136
0.209374 32 63 127 136
0.211374 32 63 127 136
0.213374 33 63 126 136
0.215374 33 63 126 136
0.217374 33 63 126 136
0.219374 34 63 126 136
0.221374 34 63 126 136
0.223374 35 63 126 136
0.225374 35 63 126 136
0.227374 35 63 126 136
0.229374 36 63 126 136
0.231374 36 63 126 136
0.233374 36 63 126 136
0.235374 36 63 126 136
0.237374 37 63 126 136
0.239374 37 63 126 136
0.241374 37 64 126 136
0.243374 37 64 126 136
0.245374 38 64 126 135
0.247374 38 64 126 135
0.249374 38 64 126 135
0.251374 38 64 126 135
0.253374 39 65 126 135
0.255374 39 65 126 135
0.257374 39 65 126 135
0.259374 39 65 126 135
0.261374 40 65 126 134
0.263374 40 65 126 134
0.265374 40 66 126 134
0.267374 40 66 126 134
0.269374 41 66 126 134
0.271374 41 66 126 134
0.273374 41 66 126 134
0.275374 41 66 126 134
0.277374 42 67 125 133
0.279374 42 67 125 133
0.281374 43 67 125 133
0.283374 43 67 125 133
0.285374 44 67 125 133
0.287374 44 67 124 133
0.289374 45 67 124 133
0.291374 45 67 124 132
0.293374 46 67 124 132
0.295374 46 67 124 132
0.297374 47 67 124 132
0.299374 47 68 123 132
0.301374 48 68 123 132
0.303374 48 68 123 132
0.305374 48 68 123 132
0.307374 49 68 123 131
0.309374 49 68 123 131
0.311374 50 68 122 131
0.313374 50 68 122 131
0.315374 51 68 122 131
0.317374 51 68 122 131
0.319374 52 68 122 131
0.321374 52 68 122 131
0.323374 53 69 121 130
0.325374 53 69 121 130
0.327374 53 69 121 130
0.329374 54 69 121 130
0.331374 54 69 121 130
0.333374 55 69 121 130
0.335374 55 70 121 130
0.337374 55 70 121 130
0.339374 56 70 120 129
0.341374 56 70 120 129
0.343374 56 70 120 129
0.345374 57 70 120 129
0.347374 57 71 120 129
0.349374 58 71 120 129
0.351374 58 71 120 129
0.353374 58 71 120 129
0.355374 59 71 119 128
0.357374 59 71 119 128
0.359374 59 72 119 128
0.361374 60 72 119 128
0.363374 60 72 119 128
0.365374 61 72 119 128
0.367374 61 72 119 128
0.369374 61 72 119 128
0.371374 62 72 118 128
0.373374 62 72 118 128
0.375374 63 72 118 128
0.377374 63 72 118 128
0.379374 63 72 118 128
0.381374 64 72 118 128
0.383374 64 72 117 128
0.385374 64 72 117 128
0.387374 65 72 117 128
0.389374 65 72 117 128
0.391374 66 72 117 128
0.393374 66 72 117 128
0.395374 66 72 116 128
0.397374 67 72 116 128
0.399374 67 72 116 128
0.401374 68 72 116 128
0.403374 68 72 116 128
0.405374 68 72 115 128
0.407374 69 72 115 128
0.409374 69 72 115 128
0.411374 69 72 115 128
0.413374 70 72 115 128
0.415374 70 72 115 128
0.417374 71 72 114 128
0.419374 71 72 114 128
0.421374 71 72 114 128
0.423374 72 72 114 128
0.425374 72 72 114 128
0.427374 72 72 114 128
0.429374 73 72 113 128
0.431374 73 72 113 128
0.433374 74 73 113 127
0.435374 74 73 113 127
0.437374 74 73 113 127
0.439374 75 73 113 127
0.441374 75 73 112 127
0.443374 76 73 112 127
0.445374 76 73 112 127
0.447374 76 73 112 127
0.449374 77 74 112 126
0.451374 77 74 112 126
0.453374 77 74 111 126
0.455374 78 74 111 126
0.457374 78 74 111 126
0.459374 79 74 111 126
0.461374 79 74 111 126
0.463374 79 74 111 126
0.465374 80 75 110 125
0.467374 80 75 110 125
0.469374 81 75 110 125
0.471374 81 75 110 125
0.473374 82 75 110 125
0.475374 82 75 109 125
0.477374 83 75 109 125
0.479374 83 75 109 125
0.481374 83 76 109 124
0.483374 84 76 108 124
0.485374 84 76 108 124
0.487374 85 76 108 124
0.489374 85 76 108 124
0.491374 86 76 108 124
0.493374 86 76 107 124
0.495374 87 76 107 124
0.497374 87 77 107 123
0.499374 88 77 107 123
0.501374 88 77 107 123
0.503374 89 77 106 123
0.505374 89 77 106 123
0.507374 90 77 106 123
0.509374 90 77 106 123
0.511374 90 77 106 123
0.513374 91 78 105 122
0.515374 91 78 105 122
0.517374 91 78 105 122
0.519374 91 78 105 122
0.521374 92 78 105 122
0.523374 92 78 105 122
0.525374 92 78 105 122
0.527374 93 78 105 122
0.529374 93 78 105 122
0.531374 93 78 105 122
0.533374 93 78 105 122
0.535374 94 79 105 121
0.537374 94 79 105 121
0.539374 94 79 105 121
0.541374 94 79 105 121
0.543374 95 79 105 121
0.545374 95 79 105 121
0.547374 95 79 105 121
0.549374 95 79 105 121
0.551374 96 79 105 121
0.553374 96 79 105 121
0.555374 96 79 105 121
0.557374 96 79 105 121
0.559374 97 80 104 120
0.561374 97 80 104 120
0.563374 97 80 104 120
0.565374 98 80 104 120
0.567374 98 80 104 120
0.569374 98 80 104 120
0.571374 99 80 104 120
0.573374 99 80 104 120
0.575374 99 80 103 120
0.577374 100 80 103 120
0.579374 100 80 103 120
0.581374 100 80 103 120
0.583374 101 81 103 120
0.585374 101 81 103 120
0.587374 101 81 103 120
0.589374 102 81 103 120
0.591374 102 81 102 120
0.593374 102 81 102 120
0.595374 103 81 102 120
0.597374 103 81 102 120
0.599374 103 81 102 120
0.601374 104 81 102 120
0.603374 104 81 102 120
0.605374 104 81 102 120
0.607374 105 82 101 119
0.609374 105 82 101 119
0.611374 106 82 101 119
0.613374 106 82 101 119
0.615374 106 82 100 119
0.617374 107 82 100 118
0.619374 107 83 100 118
0.621374 108 83 100 118
0.623374 108 83 99 118
0.625374 109 83 99 117
0.627374 109 83 99 117
0.629374 109 83 99 117
0.631374 110 84 98 117
0.633374 110 84 98 117
0.635374 111 84 98 116
0.637374 111 84 98 116
0.639374 112 84 97 116
0.641374 112 85 97 116
0.643374 112 85 97 116
0.645374 113 85 96 115
0.647374 113 85 96 115
0.649374 114 85 96 115
0.651374 114 85 96 115
0.653374 115 85 95 115
0.655374 115 85 95 115
0.657374 115 85 95 115
0.659374 115 85 95 115
0.661374 116 85 95 115
0.663374 116 85 95 115
0.665374 116 85 95 115
0.667374 116 85 95 115
0.669374 117 85 95 115
0.671374 117 85 95 115
0.673374 117 85 95 115
0.675374 117 85 95 115
0.677374 118 85 94 115
0.679374 118 85 94 115
0.681374 118 85 94 115
0.683374 118 85 94 115
0.685374 119 85 94 115
0.687374 119 85 94 115
0.689374 119 85 94 115
0.691374 119 85 94 115
0.693374 120 85 94 115
0.695374 120 85 94 115
0.697374 120 85 94 115
0.699374 120 85 94 115
0.701374 121 85 93 115
0.703374 121 85 93 115
0.705374 121 85 93 115
0.707374 122 85 93 115
0.709374 122 85 93 115
0.711374 123 86 93 114
0.713374 123 86 93 114
0.715374 123 86 93 114
0.717374 124 86 93 114
0.719374 124 87 93 113
0.721374 125 87 93 113
0.723374 125 87 93 113
0.725374 125 87 92 113
0.727374 126 87 92 113
0.729374 126 88 92 112
0.731374 126 88 92 112
0.733374 127 88 92 112
0.735374 127 88 92 112
0.737374 128 88 92 112
0.739374 128 89 92 111
0.741374 128 89 92 111
0.743374 129 89 92 111
0.745374 129 89 92 111
0.747374 129 89 92 111
0.749374 130 90 91 111
0.751374 130 90 91 111
0.753374 130 90 91 111
0.755374 131 90 91 111
0.757374 131 90 91 111
0.759374 131 90 91 111
0.761374 132 90 91 111
0.763374 132 90 90 111
0.765374 132 90 90 111
0.767374 132 90 90 111
0.769374 133 90 90 111
0.771374 133 90 90 111
0.773374 133 90 90 111
0.775374 134 90 90 111
0.777374 134 90 90 111
0.779374 134 90 89 111
0.781374 135 90 89 111
0.783374 135 90 89 111
0.785374 135 90 89 111
0.787374 135 90 89 111
0.789374 136 90 89 111
0.791374 136 90 89 111
0.793374 136 90 89 111
0.795374 137 91 89 110
0.797374 137 91 89 110
0.799374 137 91 89 110
0.801374 137 91 89 110
0.803374 137 91 89 110
0.805374 138 91 89 110
0.807374 138 91 89 110
0.809374 138 91 89 110
0.811374 138 91 89 110
0.813374 138 91 89 110
0.815374 139 91 89 110
0.817374 139 91 89 110
0.819374 139 91 89 109
0.821374 139 91 89 109
0.823374 140 91 89 109
0.825374 140 91 89 109
0.827374 140 91 89 109
0.829374 140 91 89 109
0.831374 140 91 89 109
0.833374 141 91 89 109
0.835374 141 91 89 109
0.837374 141 91 89 109
0.839374 141 91 89 109
0.841374 141 91 89 109
0.843374 142 91 88 108
0.845374 142 91 88 108
0.847374 142 91 88 108
0.849374 143 91 88 108
0.851374 143 91 88 108
0.853374 143 91 87 108
0.855374 144 91 87 108
0.857374 144 91 87 108
0.859374 144 91 87 107
0.861374 145 91 86 107
0.863374 145 91 86 107
0.865374 145 91 86 107
0.867374 146 92 86 107
0.869374 146 92 86 107
0.871374 146 92 85 107
0.873374 147 92 85 107
0.875374 147 92 85 106
0.877374 147 92 85 106
0.879374 148 92 85 106
0.881374 148 92 84 106
0.883374 149 92 84 106
0.885374 149 92 84 106
0.887374 149 92 84 106
0.889374 150 93 83 105
0.891374 150 93 83 105
0.893374 150 93 83 105
0.895374 150 93 83 105
0.897374 150 93 83 105
0.899374 151 93 83 105
0.901374 151 93 83 105
0.903374 151 93 83 105
0.905374 151 93 83 105
0.907374 151 93 83 105
0.909374 152 93 83 105
0.911374 152 93 83 105
0.913374 152 93 82 105
0.915374 152 93 82 105
0.917374 152 93 82 105
0.919374 153 93 82 105
0.921374 153 93 82 105
0.923374 153 93 82 105
0.925374 153 93 82 105
0.927374 154 93 82 105
0.929374 154 93 82 105
0.931374 154 93 82 105
0.933374 154 93 82 105
0.935374 154 93 82 105
0.937374 155 94 81 104
0.939374 155 94 81 104
0.941374 155 94 81 104
0.943374 155 94 81 104
0.945374 156 94 81 104
0.947374 156 94 81 104
0.949374 156 94 81 104
0.951374 156 94 81 104
0.953374 157 94 81 104
0.955374 157 94 81 104
0.957374 157 94 81 104
0.959374 157 94 81 104
0.961374 158 94 80 103
0.963374 158 94 80 103
0.965374 158 94 80 103
0.967374 158 94 80 103
0.969374 159 94 80 103
0.971374 159 94 80 103
0.973374 159 94 80 103
0.975374 159 94 80 103
0.977374 160 94 80 103
0.979374 160 94 80 103
0.981374 160 94 80 103
0.983374 160 94 80 103
0.985374 161 95 79 102
0.987374 161 95 79 102
0.989374 161 95 79 102
0.991374 162 95 79 102
0.993374 162 95 79 102
0.995374 162 95 79 102
0.997374 163 95 79 102
0.999374 163 95 79 102
1.001374 163 95 78 102
1.003374 164 95 78 102
1.005374 164 95 78 102
1.007374 165 96 78 101
1.009374 165 96 78 101
1.011374 165 96 78 101
1.013374 166 96 78 101
1.015374 166 96 77 101
1.017374 166 96 77 101
1.019374 167 96 77 101
1.021374 167 96 77 101
1.023374 167 96 77 101
1.025374 168 96 77 101
1.027374 168 96 77 101
1.029374 168 96 77 101
1.031374 169 97 76 101
1.033374 169 97 76 101
1.035374 169 97 76 101
1.037374 169 97 76 101
1.039374 170 97 76 101
1.041374 170 97 76 101
1.043374 170 97 76 101
1.045374 170 97 76 101
1.047374 171 97 76 101
1.049374 171 97 76 101
1.051374 171 97 76 101
1.053374 171 97 76 101
1.055374 172 97 75 101
1.057374 172 97 75 101
1.059374 172 97 75 101
1.061374 172 97 75 101
1.063374 173 97 75 101
1.065374 173 97 75 101
1.067374 173 97 75 101
1.069374 173 97 75 101
1.071374 174 97 75 101
1.073374 174 97 75 101
1.075374 174 97 75 101
1.077374 174 97 75 101
1.079374 175 97 74 100
1.081374 175 97 74 100
1.083374 175 97 74 100
1.085374 175 97 74 100
1.087374 176 97 74 100
1.089374 176 97 74 100
1.091374 176 97 73 99
1.093374 176 97 73 99
1.095374 177 98 73 99
1.097374 177 98 73 99
1.099374 177 98 73 99
1.101374 177 98 73 99
1.103374 178 98 72 98
1.105374 178 98 72 98
1.107374 178 98 72 98
1.109374 178 98 72 98
1.111374 179 99 72 98
1.113374 179 99 72 98
1.115374 179 99 71 97
1.117374 179 99 71 97
1.119374 180 99 71 97
1.121374 180 99 71 97
1.123374 180 99 71 97
1.125374 181 100 71 96
1.127374 181 100 71 96
1.129374 181 100 71 96
1.131374 181 100 71 96
1.133374 181 100 71 96
1.135374 181 100 71 96
1.137374 182 100 71 96
1.139374 182 100 71 96
1.141374 182 100 71 96
1.143374 182 100 71 96
1.145374 182 100 71 96
1.147374 182 100 71 96
1.149374 183 100 71 96
1.151374 183 100 71 96
1.153374 183 100 71 96
1.155374 183 100 71 96
1.157374 183 100 71 96
1.159374 183 100 71 96
1.161374 184 100 71 96
1.163374 184 100 71 96
1.165374 184 100 71 96
1.167374 184 100 71 96
1.169374 184 100 71 96
1.171374 184 100 71 96
1.173374 185 101 71 95
1.175374 185 101 71 95
1.177374 185 101 71 95
1.179374 185 101 71 95
1.181374 185 101 71 95
1.183374 185 101 71 95
1.185374 186 101 71 95
1.187374 186 101 71 95
1.189374 186 101 71 95
1.191374 186 101 71 95
1.193374 186 101 71 95
1.195374 186 101 71 95
1.197374 187 101 70 95
1.199374 187 101 70 95
1.201374 187 101 70 95
1.203374 187 101 70 95
1.205374 187 101 70 95
1.207374 187 101 70 95
1.209374 188 101 70 95
1.211374 188 101 70 95
1.213374 188 101 70 95
1.215374 188 101 70 95
1.217374 188 101 70 95
1.219374 188 101 70 95
1.221374 189 102 69 94
1.223374 189 102 69 94
1.225374 189 102 69 94
1.227374 189 102 69 94
1.229374 190 102 69 94
1.231374 190 102 69 94
1.233374 190 102 69 94
1.235374 190 102 69 94
1.237374 191 102 69 94
1.239374 191 102 69 94
1.241374 191 102 69 94
1.243374 192 103 68 93
1.245374 192 103 68 93
1.247374 192 103 68 93
1.249374 192 103 68 93
1.251374 193 103 68 93
1.253374 193 103 68 93
1.255374 193 103 68 93
1.257374 193 103 68 93
1.259374 194 103 68 93
1.261374 194 103 68 93
1.263374 194 103 68 93
1.265374 194 103 68 93
1.267374 195 104 67 92
1.269374 195 104 67 92
1.271374 195 104 67 92
1.273374 195 104 67 92
1.275374 195 104 67 92
1.277374 195 104 67 92
1.279374 196 104 67 92
1.281374 196 104 67 92
1.283374 196 104 67 91
1.285374 196 104 67 91
1.287374 196 104 67 91
1.289374 196 104 67 91
1.291374 197 104 66 91
1.293374 197 104 66 91
1.295374 197 104 66 91
1.297374 197 104 66 91
1.299374 197 104 66 90
1.301374 197 104 66 90
1.303374 198 104 66 90
1.305374 198 104 66 90
1.307374 198 104 66 90
1.309374 198 104 66 90
1.311374 198 104 66 90
1.313374 198 104 66 90
1.315374 199 105 66 89
1.317374 199 105 66 89
1.319374 199 105 66 89
1.321374 199 105 66 89
1.323374 200 105 66 89
1.325374 200 105 66 89
1.327374 200 105 66 89
1.329374 200 105 66 89
1.331374 201 105 66 89
1.333374 201 105 66 89
1.335374 201 105 66 89
1.337374 201 105 66 89
1.339374 202 105 66 89
1.341374 202 105 66 89
1.343374 202 105 66 89
1.345374 202 105 66 89
1.347374 203 105 66 89
1.349374 203 105 66 89
1.351374 203 105 66 89
1.353374 203 105 66 89
1.355374 204 105 66 89
1.357374 204 105 66 89
1.359374 204 105 66 89
1.361374 204 105 66 89
1.363374 205 106 65 88
1.365374 205 106 65 88
1.367374 205 106 65 88
1.369374 205 106 65 88
1.371374 205 106 65 88
1.373374 205 106 65 88
1.375374 205 106 65 88
1.377374 206 107 65 88
1.379374 206 107 65 88
1.381374 206 107 65 88
1.383374 206 107 65 88
1.385374 206 107 65 87
1.387374 206 107 65 87
1.389374 206 107 65 87
1.391374 206 107 65 87
1.393374 207 108 65 87
1.395374 207 108 65 87
1.397374 207 108 65 87
1.399374 207 108 65 87
1.401374 207 108 65 87
1.403374 207 108 65 87
1.405374 207 108 65 87
1.407374 207 108 65 87
1.409374 208 109 64 86
1.411374 208 109 64 86
1.413374 208 109 64 86
1.415374 208 109 64 86
1.417374 208 109 64 86
1.419374 208 109 64 86
1.421374 209 109 64 86
1.423374 209 109 64 86
1.425374 209 109 64 86
1.427374 209 109 64 86
1.429374 209 109 64 86
1.431374 209 109 64 86
1.433374 210 109 64 86
1.435374 210 109 64 86
1.437374 210 109 64 86
1.439374 210 109 64 86
1.441374 210 109 64 86
1.443374 210 109 64 86
1.445374 211 109 64 86
1.447374 211 109 64 86
1.449374 211 109 64 86
1.451374 211 109 64 86
1.453374 211 109 64 86
1.455374 211 109 64 86
1.457374 212 109 63 85
1.459374 212 109 63 85
1.461374 212 109 63 85
1.463374 212 109 63 85
1.465374 213 109 63 84
1.467374 213 109 63 84
1.469374 213 110 63 84
1.471374 213 110 63 84
1.473374 214 110 63 84
1.475374 214 110 63 83
1.477374 214 110 63 83
1.479374 214 110 63 83
1.481374 215 111 62 83
1.483374 215 111 62 83
1.485374 215 111 62 82
1.487374 216 111 62 82
1.489374 216 111 62 82
1.491374 216 112 62 82
1.493374 216 112 62 82
1.495374 217 112 62 81
1.497374 217 112 62 81
1.499374 217 112 62 81
1.501374 217 112 62 81
1.503374 218 112 61 81
1.505374 218 112 61 81
1.507374 218 112 61 81
1.509374 218 112 61 81
1.511374 218 112 61 81
1.513374 218 112 61 81
1.515374 219 112 60 81
1.517374 219 112 60 81
1.519374 219 111 60 82
1.521374 219 111 60 82
1.523374 219 111 60 82
1.525374 219 111 60 82
1.527374 220 111 59 82
1.529374 220 111 59 82
1.531374 220 111 59 82
1.533374 220 111 59 82
1.535374 220 110 59 83
1.537374 220 110 59 83
1.539374 221 110 58 83
1.541374 221 110 58 83
1.543374 221 110 58 83
1.545374 221 110 58 83
1.547374 221 110 58 83
1.549374 221 110 58 83
1.551374 222 110 57 83
1.553374 222 110 57 83
1.555374 222 110 57 83
1.557374 222 110 57 83
1.559374 222 110 57 83
1.561374 223 110 57 83
1.563374 223 110 57 83
1.565374 223 110 57 83
1.567374 223 110 57 83
1.569374 224 110 57 83
1.571374 224 110 57 83
1.573374 224 110 57 83
1.575374 224 110 56 82
1.577374 224 110 56 82
1.579374 225 110 56 82
1.581374 225 110 56 82
1.583374 225 110 56 82
1.585374 225 110 56 82
1.587374 225 110 56 82
1.589374 226 110 56 82
1.591374 226 110 56 82
1.593374 226 110 56 82
1.595374 226 110 56 82
1.597374 226 110 56 82
1.599374 227 111 55 82
1.601374 227 111 55 82
1.603374 227 111 55 82
1.605374 227 111 55 82
1.607374 227 111 55 82
1.609374 227 111 55 82
1.611374 227 111 55 82
1.613374 228 111 55 82
1.615374 228 111 55 82
1.617374 228 111 55 82
1.619374 228 111 55 82
1.621374 228 112 55 82
1.623374 228 112 55 82
1.625374 228 112 55 82
1.627374 228 112 55 82
1.629374 229 112 55 82
1.631374 229 112 55 82
1.633374 229 112 55 82
1.635374 229 112 55 82
1.637374 229 112 55 82
1.639374 229 112 55 82
1.641374 229 112 55 82
1.643374 229 112 55 82
1.645374 230 113 54 81
1.647374 230 113 54 81
1.649374 230 113 54 81
1.651374 230 113 54 81
1.653374 230 113 54 81
1.655374 230 113 54 81
1.657374 231 113 54 81
1.659374 231 113 54 81
1.661374 231 113 54 81
1.663374 231 113 54 81
1.665374 231 113 54 81
1.667374 231 113 54 81
1.669374 232 113 54 81
1.671374 232 113 54 81
1.673374 232 113 54 81
1.675374 232 113 54 81
1.677374 232 113 54 81
1.679374 232 113 54 81
1.681374 233 113 54 81
1.683374 233 113 54 81
1.685374 233 113 54 81
1.687374 233 113 54 81
1.689374 233 113 54 81
1.691374 233 113 54 81
1.693374 234 113 53 80
1.695374 234 113 53 80
1.697374 234 113 53 80
1.699374 234 113 53 80
1.701374 234 113 53 80
1.703374 234 113 53 80
1.705374 235 113 53 80
1.707374 235 113 53 80
1.709374 235 113 53 80
1.711374 235 113 53 80
1.713374 235 113 53 80
1.715374 235 113 53 80
1.717374 236 114 52 79
1.719374 236 114 52 79
1.721374 236 114 52 79
1.723374 236 114 52 79
1.725374 236 114 52 79
1.727374 237 114 52 79
1.729374 237 114 52 79
1.731374 237 114 52 79
1.733374 237 114 52 79
1.735374 237 114 52 79
1.737374 237 114 52 79
1.739374 238 115 51 78
1.741374 238 115 51 78
1.743374 238 115 51 78
1.745374 238 115 51 78
1.747374 238 115 51 78
1.749374 238 115 51 78
1.751374 239 115 51 78
1.753374 239 115 51 78
1.755374 239 115 51 78
1.757374 239 115 51 78
1.759374 239 115 51 78
1.761374 239 115 51 78
1.763374 240 115 50 78
1.765374 240 115 50 78
1.767374 240 115 50 78
1.769374 240 115 50 78
1.771374 240 115 50 78
1.773374 240 115 50 78
1.775374 241 115 50 78
1.777374 241 115 50 78
1.779374 241 115 50 78
1.781374 241 115 50 78
1.783374 241 115 50 78
1.785374 241 115 50 78
1.787374 242 116 49 77
1.789374 242 116 49 77
1.791374 242 116 49 77
1.793374 242 116 49 77
1.795374 242 116 49 77
1.797374 242 116 49 77
1.799374 242 116 49 77
1.801374 242 116 49 77
1.803374 243 116 49 77
1.805374 243 116 49 77
1.807374 243 116 49 77
1.809374 243 116 49 77
1.811374 243 116 49 76
1.813374 243 116 49 76
1.815374 243 116 49 76
1.817374 243 116 49 76
1.819374 244 116 49 76
1.821374 244 116 49 76
1.823374 244 116 49 76
1.825374 244 116 49 76
1.827374 244 116 49 76
1.829374 244 116 49 76
1.831374 244 116 49 76
1.833374 244 116 49 76
1.835374 245 117 48 76
1.837374 245 117 48 76
1.839374 245 117 48 76
1.841374 245 117 48 76
1.843374 245 117 48 76
1.845374 246 117 48 76
1.847374 246 117 48 76
1.849374 246 117 48 76
1.851374 246 117 48 76
1.853374 246 117 48 76
1.855374 246 117 48 76
1.857374 247 117 48 76
1.859374 247 117 48 76
1.861374 247 117 48 76
1.863374 247 117 48 76
1.865374 247 117 48 76
1.867374 247 117 48 76
1.869374 248 117 48 76
1.871374 248 117 48 76
1.873374 248 117 48 76
1.875374 248 117 48 76
1.877374 248 117 48 76
1.879374 248 117 48 76
1.881374 249 117 47 75
1.883374 249 117 47 75
1.885374 249 117 47 75
1.887374 249 117 47 75
1.889374 249 117 47 75
1.891374 249 117 47 75
1.893374 249 117 47 75
1.895374 249 117 47 75
1.897374 250 117 47 75
1.899374 250 117 47 75
1.901374 250 117 47 75
1.903374 250 117 47 75
1.905374 250 117 47 75
1.907374 250 117 47 75
1.909374 250 117 47 75
1.911374 250 117 47 75
1.913374 251 117 47 75
1.915374 251 117 47 75
1.917374 251 117 47 75
1.919374 251 117 47 75
1.921374 251 117 47 75
1.923374 251 117 47 75
1.925374 251 117 47 75
1.927374 251 117 47 75
1.929374 252 117 46 74
1.931374 252 117 46 74
1.933374 252 117 46 74
1.935374 252 117 46 74
1.937374 252 117 46 74
1.939374 252 117 46 74
1.941374 252 117 46 74
1.943374 252 117 46 74
1.945374 253 117 45 74
1.947374 253 117 45 74
1.949374 253 117 45 74
1.951374 253 117 45 74
1.953374 253 117 45 74
1.955374 253 117 45 74
1.957374 253 117 45 74
1.959374 253 117 45 74
1.961374 254 117 44 74
1.963374 254 117 44 74
1.965374 254 117 44 74
1.967374 254 117 44 74
1.969374 254 117 44 74
1.971374 254 117 44 74
1.973374 254 117 44 74
1.975374 255 118 44 73
1.977374 255 118 44 73
1.979374 255 118 44 73
1.981374 255 118 44 73
1.983374 255 118 44 73
1.985374 255 118 44 73
1.987374 255 118 44 73
1.989374 255 118 44 73
1.991374 256 118 44 73
1.993374 256 118 44 73
1.995374 256 118 44 73
1.997374 256 118 44 73
1.999374 256 118 44 72
2.001374 256 118 44 72
2.003374 256 118 44 72
2.005374 256 118 44 72
2.007374 257 118 44 72
2.009374 257 118 44 72
2.011374 257 118 44 72
2.013374 257 118 44 72
2.015374 257 118 44 72
2.017374 257 118 44 72
2.019374 257 118 44 72
2.021374 257 118 44 72
2.023374 258 119 43 72
2.025374 258 119 43 72
2.027374 258 119 43 72
2.029374 258 119 43 72
2.031374 258 119 43 72
2.033374 258 119 43 72
2.035374 258 119 43 72
2.037374 258 119 43 72
2.039374 259 119 43 72
2.041374 259 119 43 72
2.043374 259 119 43 72
2.045374 259 119 43 72
2.047374 259 119 43 72
2.049374 259 119 43 72
2.051374 259 119 43 72
2.053374 259 119 43 72
2.055374 260 119 43 72
2.057374 260 119 43 72
2.059374 260 119 43 72
2.061374 260 119 43 72
2.063374 260 119 43 72
2.065374 260 119 43 72
2.067374 260 119 43 72
2.069374 260 119 43 72
2.071374 261 120 43 72
2.073374 261 120 43 72
2.075374 261 120 43 72
2.077374 261 120 43 72
2.079374 261 120 43 72
2.081374 261 120 43 72
2.083374 261 120 43 72
2.085374 261 120 43 71
2.087374 261 120 43 71
2.089374 261 120 43 71
2.091374 261 120 43 71
2.093374 262 121 43 71
2.095374 262 121 43 71
2.097374 262 121 43 71
2.099374 262 121 43 71
2.101374 262 121 43 70
2.103374 262 121 43 70
2.105374 262 121 43 70
2.107374 262 121 43 70
2.109374 262 121 43 70
2.111374 262 121 43 70
2.113374 262 121 43 70
2.115374 262 121 43 70
2.117374 263 122 42 69
2.119374 263 122 42 69
2.121374 263 122 42 69
2.123374 263 122 42 69
2.125374 263 122 42 69
2.127374 263 122 42 69
2.129374 264 122 42 69
2.131374 264 122 42 69
2.133374 264 122 42 69
2.135374 264 122 42 69
2.137374 264 122 42 69
2.139374 264 122 42 69
2.141374 265 122 41 69
2.143374 265 122 41 69
2.145374 265 122 41 69
2.147374 265 122 41 69
2.149374 265 122 41 69
2.151374 265 122 41 69
2.153374 266 122 41 69
2.155374 266 122 41 69
2.157374 266 122 41 69
2.159374 266 122 41 69
2.161374 266 122 41 69
2.163374 266 122 41 69
2.165374 267 122 40 69
2.167374 267 122 40 69
2.169374 267 122 40 69
2.171374 267 122 40 69
2.173374 267 122 40 69
2.175374 267 122 40 69
2.177374 267 122 40 69
2.179374 267 122 40 69
2.181374 267 122 40 69
2.183374 267 122 40 69
2.185374 267 122 40 69
2.187374 267 122 40 69
2.189374 268 122 40 69
2.191374 268 122 40 69
2.193374 268 122 40 69
2.195374 268 122 40 69
2.197374 268 122 40 69
2.199374 268 122 40 69
2.201374 268 122 40 69
2.203374 268 122 40 69
2.205374 268 122 40 69
2.207374 268 122 40 69
2.209374 268 122 40 69
2.211374 269 122 39 69
2.213374 269 122 39 69
2.215374 269 122 39 69
2.217374 269 122 39 69
2.219374 269 122 39 69
2.221374 269 122 39 69
2.223374 270 122 39 69
2.225374 270 122 39 69
2.227374 270 122 39 69
2.229374 270 122 39 69
2.231374 270 122 39 69
2.233374 270 122 39 69
2.235374 271 122 39 68
2.237374 271 122 39 68
2.239374 271 122 39 68
2.241374 271 122 39 68
2.243374 271 122 39 68
2.245374 271 122 39 68
2.247374 272 122 39 68
2.249374 272 122 39 68
2.251374 272 122 39 68
2.253374 272 122 39 68
2.255374 272 122 39 68
2.257374 272 122 39 68
2.259374 273 123 39 68
2.261374 273 123 39 68
2.263374 273 123 39 68
2.265374 273 123 39 68
2.267374 273 123 39 68
2.269374 273 123 39 68
2.271374 273 123 39 68
2.273374 273 123 39 68
2.275374 273 123 39 68
2.277374 273 123 39 68
2.279374 273 123 39 68
2.281374 273 123 39 68
2.283374 274 123 39 68
2.285374 274 123 39 68
2.287374 274 123 39 68
2.289374 274 123 39 68
2.291374 274 123 39 68
2.293374 274 123 39 68
2.295374 274 123 39 68
2.297374 274 123 39 68
2.299374 274 123 39 68
2.301374 274 123 39 68
2.303374 274 123 39 68
2.305374 274 123 39 68
2.307374 275 123 38 67
2.309374 275 123 38 67
2.311374 275 123 38 67
2.313374 275 123 38 67
2.315374 275 123 38 67
2.317374 275 123 38 67
2.319374 275 123 38 67
2.321374 275 123 38 67
2.323374 276 123 38 67
2.325374 276 123 38 67
2.327374 276 123 38 67
2.329374 276 124 37 66
2.331374 276 124 37 66
2.333374 276 124 37 66
2.335374 276 124 37 66
2.337374 277 124 37 66
2.339374 277 124 37 66
2.341374 277 124 37 66
2.343374 277 124 37 66
2.345374 277 124 37 66
2.347374 277 124 37 66
2.349374 277 124 37 66
2.351374 277 124 37 66
2.353374 278 125 36 66
2.355374 278 125 36 66
2.357374 278 125 36 66
2.359374 278 125 36 66
2.361374 278 125 36 66
2.363374 278 125 36 66
2.365374 278 125 36 66
2.367374 278 125 36 66
2.369374 278 125 36 66
2.371374 278 125 36 66
2.373374 278 125 36 66
2.375374 278 125 36 66
2.377374 279 125 36 66
2.379374 279 125 36 66
2.381374 279 125 36 66
2.383374 279 125 36 66
2.385374 279 125 36 66
2.387374 279 125 36 66
2.389374 279 125 36 66
2.391374 279 125 36 66
2.393374 279 125 36 66
2.395374 279 125 36 66
2.397374 279 125 36 66
2.399374 279 125 36 66
2.401374 280 125 35 65
2.403374 280 125 35 65
2.405374 280 125 35 65
2.407374 280 125 35 65
2.409374 280 125 35 65
2.411374 280 125 35 65
2.413374 280 125 35 65
2.415374 280 125 35 65
2.417374 281 125 35 65
2.419374 281 125 35 65
2.421374 281 125 35 65
2.423374 281 125 35 65
2.425374 281 125 35 65
2.427374 281 125 35 65
2.429374 281 125 35 65
2.431374 281 125 35 65
2.433374 282 125 35 65
2.435374 282 125 35 65
2.437374 282 125 35 65
2.439374 282 125 35 65
2.441374 282 125 35 65
2.443374 282 125 35 65
2.445374 282 125 35 65
2.447374 283 125 34 64
2.449374 283 125 34 64
2.451374 283 125 34 64
2.453374 283 125 34 64
2.455374 283 125 34 64
2.457374 283 125 34 64
2.459374 283 125 34 64
2.461374 283 125 34 64
2.463374 284 125 34 64
2.465374 284 125 34 64
2.467374 284 125 34 64
2.469374 284 125 34 64
2.471374 284 126 33 64
2.473374 284 126 33 64
2.475374 284 126 33 64
2.477374 284 126 33 64
2.479374 285 126 33 64
2.481374 285 126 33 64
2.483374 285 126 33 64
2.485374 285 126 33 64
2.487374 285 126 33 64
2.489374 285 126 33 64
2.491374 285 126 33 64
2.493374 285 126 33 64
2.495374 286 127 33 63
2.497374 286 127 33 63
2.499374 286 127 33 63
2.501374 286 127 33 63
2.503374 286 127 33 63
2.505374 286 127 33 63
2.507374 286 127 33 63
2.509374 286 127 33 63
2.511374 286 127 33 63
2.513374 286 127 33 63
2.515374 286 127 33 63
2.517374 286 127 33 63
2.519374 287 127 33 62
2.521374 287 127 33 62
2.523374 287 127 33 62
2.525374 287 127 33 62
2.527374 287 127 33 62
2.529374 287 127 33 62
2.531374 287 127 33 62
2.533374 287 127 33 62
2.535374 287 127 33 62
2.537374 287 127 33 62
2.539374 287 127 33 62
2.541374 287 127 33 62
2.543374 288 128 32 62
2.545374 288 128 32 62
2.547374 288 128 32 62
2.549374 288 128 32 62
2.551374 288 128 32 62
2.553374 288 128 32 62
2.555374 288 128 32 62
2.557374 288 128 32 62
2.559374 288 128 32 62
2.561374 288 128 32 62
2.563374 288 128 32 62
2.565374 288 128 32 62
2.567374 288 128 32 62
2.569374 288 128 32 62
2.571374 288 128 32 62
2.573374 288 128 32 62
2.575374 288 128 32 62
2.577374 288 128 32 62
2.579374 288 128 32 62
2.581374 288 128 32 62
2.583374 288 128 32 62
2.585374 288 128 32 62
2.587374 288 128 32 62
2.589374 289 128 31 61
2.591374 289 128 31 61
2.593374 289 128 31 61
2.595374 289 128 31 61
2.597374 289 128 31 61
2.599374 289 128 31 61
2.601374 289 128 31 61
2.603374 289 128 31 61
2.605374 290 128 31 61
2.607374 290 128 31 61
2.609374 290 128 31 61
2.611374 290 128 31 61
2.613374 290 128 30 61
2.615374 290 128 30 61
2.617374 290 128 30 61
2.619374 290 128 30 61
2.621374 291 128 30 61
2.623374 291 128 30 61
2.625374 291 128 30 61
2.627374 291 128 30 61
2.629374 291 128 30 61
2.631374 291 128 30 61
2.633374 291 128 30 61
2.635374 291 128 30 61
2.637374 292 129 30 61
2.639374 292 129 30 61
2.641374 292 129 30 61
2.643374 292 129 30 61
2.645374 292 129 30 61
2.647374 292 129 30 61
2.649374 292 129 30 61
2.651374 292 129 30 61
2.653374 292 129 30 61
2.655374 292 129 30 61
2.657374 292 129 30 61
2.659374 292 129 30 61
2.661374 293 129 30 61
2.663374 293 129 30 61
2.665374 293 129 30 61
2.667374 293 129 30 61
2.669374 293 129 30 61
2.671374 293 129 30 61
2.673374 293 129 30 61
2.675374 293 129 30 61
2.677374 293 129 30 61
2.679374 293 129 30 61
2.681374 293 129 30 61
2.683374 293 129 30 61
2.685374 294 129 30 60
2.687374 294 129 30 60
2.689374 294 129 30 60
2.691374 294 129 30 60
2.693374 294 129 30 60
2.695374 294 129 30 60
2.697374 294 129 30 60
2.699374 294 129 30 60
2.701374 294 129 30 60
2.703374 294 129 30 60
2.705374 294 129 30 60
2.707374 294 129 30 60
2.709374 294 129 30 60
2.711374 294 129 30 60
2.713374 294 129 30 60
2.715374 294 129 30 60
2.717374 294 129 30 60
2.719374 294 129 30 60
2.721374 294 129 30 60
2.723374 294 129 30 60
2.725374 294 129 30 60
2.727374 294 129 30 60
2.729374 294 129 30 60
2.731374 295 129 29 59
2.733374 295 129 29 59
2.735374 295 129 29 59
2.737374 295 129 29 59
2.739374 295 129 29 59
2.741374 295 129 29 59
2.743374 295 129 29 59
2.745374 295 129 29 59
2.747374 296 129 29 59
2.749374 296 129 29 59
2.751374 296 129 29 59
2.753374 296 129 29 59
2.755374 296 129 29 59
2.757374 296 129 29 59
2.759374 296 129 29 59
2.761374 296 129 29 59
2.763374 297 129 29 59
2.765374 297 129 29 59
2.767374 297 129 29 59
2.769374 297 129 29 59
2.771374 297 129 29 59
2.773374 297 129 29 59
2.775374 297 129 29 59
2.777374 297 129 29 59
2.779374 298 129 28 58
2.781374 298 129 28 58
2.783374 298 129 28 58
2.785374 298 129 28 58
2.787374 298 129 28 58
2.789374 298 129 28 58
2.791374 298 129 28 58
2.793374 298 129 28 58
2.795374 298 129 28 58
2.797374 298 129 28 58
2.799374 298 129 28 58
2.801374 298 129 28 58
2.803374 299 129 28 58
2.805374 299 129 28 58
2.807374 299 129 28 58
2.809374 299 129 28 58
2.811374 299 129 28 58
2.813374 299 129 28 58
2.815374 299 129 28 58
2.817374 299 129 28 58
2.819374 299 129 28 58
2.821374 299 129 28 58
2.823374 299 129 28 58
2.825374 300 130 28 58
2.827374 300 130 28 58
2.829374 300 130 28 58
2.831374 300 130 28 58
2.833374 300 130 28 58
2.835374 300 130 28 58
2.837374 300 130 28 58
2.839374 300 130 28 58
2.841374 300 130 28 58
2.843374 300 130 28 58
2.845374 300 130 28 58
2.847374 300 130 28 58
2.849374 301 130 28 58
2.851374 301 130 28 58
2.853374 301 130 28 58
2.855374 301 130 28 58
2.857374 301 130 28 58
2.859374 301 130 28 58
2.861374 301 130 28 58
2.863374 301 130 28 58
2.865374 301 130 28 58
2.867374 301 130 28 58
2.869374 301 130 28 58
2.871374 301 130 28 58
2.873374 302 131 27 57
2.875374 302 131 27 57
2.877374 302 131 27 57
2.879374 302 131 27 57
2.881374 302 131 27 57
2.883374 302 131 27 57
2.885374 302 131 27 57
2.887374 302 131 27 57
2.889374 302 131 27 57
2.891374 302 131 27 57
2.893374 302 131 27 57
2.895374 302 131 27 57
2.897374 303 131 26 57
2.899374 303 131 26 57
2.901374 303 131 26 57
2.903374 303 131 26 57
2.905374 303 131 26 57
2.907374 303 131 26 57
2.909374 303 131 26 57
2.911374 303 131 26 57
2.913374 303 131 26 57
2.915374 303 131 26 57
2.917374 303 131 26 57
2.919374 303 131 26 57
2.921374 304 131 25 56
2.923374 304 131 25 56
2.925374 304 131 25 56
2.927374 304 131 25 56
2.929374 304 131 25 56
2.931374 304 131 25 56
2.933374 304 131 25 56
2.935374 304 131 25 56
2.937374 304 131 25 56
2.939374 304 131 25 56
2.941374 304 131 25 56
2.943374 304 131 25 56
2.945374 304 131 25 56
2.947374 304 131 25 56
2.949374 304 131 25 56
2.951374 304 131 25 56
2.953374 304 131 25 56
2.955374 304 131 25 56
2.957374 304 131 25 56
2.959374 304 131 25 56
2.961374 304 131 25 56
2.963374 304 131 25 56
2.965374 304 131 25 56
2.967374 305 131 25 56
2.969374 305 131 25 56
2.971374 305 131 25 56
2.973374 305 131 25 56
2.975374 305 131 25 56
2.977374 305 131 25 56
2.979374 305 131 25 56
2.981374 305 131 25 56
2.983374 305 131 25 56
2.985374 305 131 25 56
2.987374 305 131 25 56
2.989374 305 131 25 56
2.991374 306 131 25 56
2.993374 306 131 25 56
2.995374 306 131 25 56
2.997374 306 131 25 56
2.999374 306 131 25 56
3.001374 306 131 25 56
3.003374 306 131 25 56
3.005374 306 131 25 56
3.007374 306 131 25 56
3.009374 306 131 25 56
3.011374 306 131 25 56
3.013374 306 131 25 56
3.015374 307 131 25 56
3.017374 307 131 25 56
3.019374 307 131 25 56
3.021374 307 131 25 56
3.023374 307 131 25 56
3.025374 307 131 25 56
3.027374 307 131 25 56
3.029374 307 131 25 56
3.031374 307 132 25 55
3.033374 307 132 25 55
3.035374 307 132 25 55
3.037374 307 132 25 55
3.039374 307 132 26 55
3.041374 307 132 26 55
3.043374 307 132 26 55
3.045374 307 132 26 55
3.047374 307 133 26 54
3.049374 307 133 26 54
3.051374 307 133 26 54
3.053374 307 133 26 54
3.055374 307 133 26 54
3.057374 307 133 26 54
3.059374 307 133 26 54
3.061374 308 133 26 54
3.063374 308 133 26 54
3.065374 308 133 26 54
3.067374 308 133 26 54
3.069374 308 133 26 54
3.071374 308 133 26 54
3.073374 308 133 26 54
3.075374 308 133 26 54
3.077374 309 133 25 54
3.079374 309 133 25 54
3.081374 309 133 25 54
3.083374 309 133 25 54
3.085374 309 132 25 54
3.087374 309 132 25 54
3.089374 309 132 25 54
3.091374 309 132 25 54
3.093374 310 132 24 54
3.095374 310 132 24 54
3.097374 310 132 24 54
3.099374 310 132 24 54
3.101374 310 132 24 54
3.103374 310 132 24 54
3.105374 310 132 24 54
3.107374 310 132 24 54
3.109374 311 132 24 55
3.111374 311 132 24 55
3.113374 311 132 24 55
3.115374 311 132 24 55
3.117374 311 132 24 55
3.119374 311 132 24 55
3.121374 311 132 24 55
3.123374 311 132 24 55
3.125374 311 132 24 55
3.127374 311 132 24 55
3.129374 311 132 24 55
3.131374 311 132 24 55
3.133374 311 132 24 55
3.135374 311 132 24 55
3.137374 311 132 24 55
3.139374 311 132 24 55
3.141374 311 132 24 55
3.143374 311 132 24 55
3.145374 311 132 24 55
3.147374 311 132 24 55
3.149374 311 132 24 55
3.151374 311 132 24 55
3.153374 311 132 24 55
3.155374 311 132 24 55
3.157374 312 133 24 54
3.159374 312 133 24 54
3.161374 312 133 24 54
3.163374 312 133 24 54
3.165374 312 133 24 54
3.167374 312 133 24 54
3.169374 312 133 24 54
3.171374 312 133 24 54
3.173374 312 133 24 54
3.175374 312 133 24 54
3.177374 312 133 24 54
3.179374 313 134 23 53
3.181374 313 134 23 53
3.183374 313 134 23 53
3.185374 313 134 23 53
3.187374 313 134 23 53
3.189374 313 134 23 53
3.191374 313 134 23 53
3.193374 313 134 23 53
3.195374 313 134 23 53
3.197374 313 134 23 53
3.199374 313 134 23 53
3.201374 313 134 23 53
3.203374 314 134 23 53
3.205374 314 134 23 53
3.207374 314 134 23 53
3.209374 314 134 23 53
3.211374 314 134 23 53
3.213374 314 134 23 53
3.215374 314 134 23 53
3.217374 314 134 23 53
3.219374 314 134 23 53
3.221374 314 134 23 53
3.223374 314 134 23 53
3.225374 314 134 23 53
3.227374 314 134 23 53
3.229374 314 134 23 53
3.231374 314 134 23 53
3.233374 314 134 23 53
3.235374 314 134 23 53
3.237374 314 134 23 53
3.239374 314 134 23 53
3.241374 314 134 23 53
3.243374 314 134 23 53
3.245374 314 134 23 53
3.247374 314 134 23 53
3.249374 314 134 23 53
3.251374 314 134 23 52
3.253374 314 134 23 52
3.255374 314 134 23 52
3.257374 314 134 23 52
3.259374 314 134 23 52
3.261374 314 134 23 52
3.263374 314 134 23 52
3.265374 314 134 23 52
3.267374 315 134 23 52
3.269374 315 134 23 52
3.271374 315 134 23 52
3.273374 315 134 23 52
3.275374 315 134 23 52
3.277374 315 134 23 52
3.279374 315 134 23 52
3.281374 315 134 23 52
3.283374 316 134 23 52
3.285374 316 134 23 52
3.287374 316 134 23 52
3.289374 316 134 23 52
3.291374 316 134 23 52
3.293374 316 134 23 52
3.295374 316 134 23 52
3.297374 317 135 23 52
3.299374 317 135 23 52
3.301374 317 135 23 52
3.303374 317 135 23 52
3.305374 317 135 23 52
3.307374 317 135 23 52
3.309374 317 135 23 52
3.311374 317 135 23 52
3.313374 317 135 23 52
3.315374 317 135 23 52
3.317374 317 135 23 52
3.319374 317 135 23 52
3.321374 317 135 23 52
3.323374 317 135 23 52
3.325374 317 135 23 52
3.327374 317 135 23 52
3.329374 317 135 23 52
3.331374 317 135 23 52
3.333374 317 135 23 52
3.335374 317 135 23 52
3.337374 317 135 23 52
3.339374 317 135 23 52
3.341374 317 135 23 52
3.343374 317 135 23 52
3.345374 317 135 23 52
3.347374 317 135 23 52
3.349374 317 135 23 52
3.351374 317 135 23 52
3.353374 317 135 23 52
3.355374 317 135 23 52
3.357374 317 135 23 52
3.359374 317 135 23 52
3.361374 317 135 23 52
3.363374 317 135 23 52
3.365374 317 135 23 52
3.367374 317 135 23 52
3.369374 317 135 23 52
3.371374 317 135 23 52
3.373374 317 135 23 52
3.375374 317 135 23 52
3.377374 317 135 23 52
3.379374 317 135 23 52
3.381374 317 135 23 52
3.383374 317 135 23 52
3.385374 317 135 23 52
3.387374 317 135 23 52
3.389374 317 135 23 52
3.391374 317 135 23 52
3.393374 318 136 24 51
3.395374 318 136 24 51
3.397374 318 136 24 51
3.399374 318 136 24 51
3.401374 318 136 24 51
3.403374 318 136 24 51
3.405374 318 136 24 51
3.407374 318 136 24 51
3.409374 318 136 24 51
3.411374 318 136 24 51
3.413374 318 136 24 51
3.415374 318 136 24 51
3.417374 318 136 24 51
3.419374 318 136 24 51
3.421374 318 136 24 51
3.423374 318 136 24 51
3.425374 318 136 24 51
3.427374 318 136 24 51
3.429374 318 136 24 51
3.431374 318 136 24 51
3.433374 318 136 24 51
3.435374 318 136 24 51
3.437374 318 136 24 51
3.439374 318 136 23 50
3.441374 318 136 23 50
3.443374 318 136 23 50
3.445374 318 136 23 50
3.447374 318 136 23 50
3.449374 318 136 23 50
3.451374 318 136 23 50
3.453374 318 136 23 50
3.455374 319 136 23 50
3.457374 319 136 23 50
3.459374 319 136 23 50
3.461374 319 136 23 50
3.463374 319 136 22 50
3.465374 319 136 22 50
3.467374 319 136 22 50
3.469374 319 136 22 50
3.471374 320 136 22 50
3.473374 320 136 22 50
3.475374 320 136 22 50
3.477374 320 136 22 50
3.479374 320 136 22 50
3.481374 320 136 22 50
3.483374 320 136 22 50
3.485374 320 136 22 50
3.487374 321 136 22 49
3.489374 321 136 22 49
3.491374 321 136 22 49
3.493374 321 136 22 49
3.495374 321 136 22 49
3.497374 321 136 22 49
3.499374 321 136 22 49
3.501374 321 136 22 49
3.503374 321 136 22 49
3.505374 321 136 22 49
3.507374 321 136 22 49
3.509374 321 136 22 49
3.511374 321 136 22 49
3.513374 321 136 22 49
3.515374 321 136 22 49
3.517374 321 136 22 49
3.519374 321 136 22 49
3.521374 321 136 22 49
3.523374 321 136 22 49
3.525374 321 136 22 49
3.527374 321 136 22 49
3.529374 321 136 22 49
3.531374 321 136 22 49
3.533374 321 137 22 48
3.535374 321 137 22 48
3.537374 321 137 22 48
3.539374 321 137 22 48
3.541374 321 137 22 48
3.543374 321 137 22 48
3.545374 321 137 22 48
3.547374 321 137 22 48
3.549374 321 137 22 48
3.551374 321 137 22 48
3.553374 321 137 22 48
3.555374 321 137 22 48
3.557374 322 137 22 48
3.559374 322 137 22 48
3.561374 322 137 22 48
3.563374 322 137 22 48
3.565374 322 137 22 48
3.567374 322 137 22 48
3.569374 322 137 22 48
3.571374 322 137 22 48
3.573374 322 137 22 48
3.575374 322 137 22 48
3.577374 322 137 22 48
3.579374 322 137 22 48
3.581374 323 137 21 48
3.583374 323 137 21 48
3.585374 323 137 21 48
3.587374 323 137 21 48
3.589374 323 137 21 48
3.591374 323 137 21 48
3.593374 323 137 21 48
3.595374 323 137 21 48
3.597374 323 137 21 48
3.599374 323 137 21 48
3.601374 323 137 21 48
3.603374 323 137 21 48
3.605374 323 137 21 49
3.607374 323 137 21 49
3.609374 323 137 21 49
3.611374 323 137 21 49
3.613374 323 137 21 49
3.615374 323 137 21 49
3.617374 323 137 21 49
3.619374 323 137 21 49
3.621374 323 137 21 49
3.623374 323 137 21 49
3.625374 323 137 21 49
3.627374 323 137 21 49
3.629374 324 138 21 49
3.631374 324 138 21 49
3.633374 324 138 21 49
3.635374 324 138 21 49
3.637374 324 138 21 49
3.639374 324 138 21 49
3.641374 324 138 21 49
3.643374 324 138 21 49
3.645374 324 138 21 48
3.647374 324 138 21 48
3.649374 324 138 21 48
3.651374 324 138 21 48
3.653374 324 138 21 48
3.655374 324 138 21 48
3.657374 324 138 21 48
3.659374 324 138 21 47
3.661374 324 138 21 47
3.663374 324 138 21 47
3.665374 324 138 21 47
3.667374 324 138 21 47
3.669374 324 138 21 47
3.671374 324 138 21 47
3.673374 324 138 21 47
