0.019751 102 141 36 45
0.021751 102 141 36 45
0.023751 102 141 36 45
0.025751 102 141 36 45
0.027751 102 141 36 45
0.029751 102 141 36 45
0.031751 102 141 36 45
0.033751 102 141 36 45
0.035751 102 141 36 45
0.037751 102 141 36 45
0.039751 102 141 36 45
0.041751 102 141 36 45
0.043751 102 141 36 45
0.045751 102 141 36 45
0.047751 102 141 36 45
0.049751 102 141 36 45
0.051751 102 141 36 45
0.053751 102 141 36 45
0.055751 102 141 36 45
0.057751 102 141 36 45
0.059751 102 141 36 45
0.061751 102 141 36 45
0.063751 102 141 36 45
0.065751 102 141 36 45
0.067751 102 141 36 45
0.069751 102 141 36 45
0.071751 102 141 36 45
0.073751 102 141 36 45
0.075751 102 141 36 45
0.077751 102 141 36 45
0.079751 102 141 36 45
0.081751 102 141 36 45
0.083751 102 141 36 45
0.085751 102 141 36 45
0.087751 102 141 35 46
0.089751 102 141 35 46
0.091751 102 141 35 46
0.093751 102 141 35 46
0.095751 102 141 35 46
0.097751 102 141 35 46
0.099751 102 141 35 46
0.101751 102 141 35 46
0.103751 102 141 35 46
0.105751 102 141 35 46
0.107751 102 141 35 46
0.109751 102 141 35 46
0.111751 102 141 35 46
0.113751 102 141 35 46
0.115751 102 141 35 46
0.117751 102 141 35 46
0.119751 103 141 34 46
0.121751 103 141 34 46
0.123751 103 141 34 46
0.125751 103 141 34 46
0.127751 103 141 34 46
0.129751 103 141 34 46
0.131751 103 141 34 46
0.133751 103 141 34 46
0.135751 103 141 34 46
0.137751 103 141 34 47
0.139751 103 141 34 47
0.141751 103 141 34 47
0.143751 103 141 34 47
0.145751 103 141 34 47
0.147751 103 141 34 47
0.149751 103 141 34 47
0.151751 103 141 34 47
0.153751 103 141 33 47
0.155751 103 141 33 47
0.157751 103 141 33 47
0.159751 103 141 33 47
0.161751 103 141 33 47
0.163751 103 141 33 47
0.165751 103 141 33 47
0.167751 103 141 33 47
0.169751 104 141 32 47
0.171751 104 141 32 47
0.173751 104 141 32 47
0.175751 104 141 32 47
0.177751 104 141 32 47
0.179751 104 141 32 47
0.181751 104 141 32 47
0.183751 104 141 32 47
0.185751 104 141 32 47
0.187751 105 141 31 47
0.189751 105 141 31 47
0.191751 105 141 31 47
0.193751 105 141 31 47
0.195751 105 141 31 47
0.197751 105 141 31 47
0.199751 105 141 31 47
0.201751 105 141 31 47
0.203751 105 141 31 47
0.205751 105 141 31 47
0.207751 105 141 31 47
0.209751 105 141 31 47
0.211751 105 141 31 47
0.213751 105 141 31 47
0.215751 105 141 31 47
0.217751 105 141 31 47
0.219751 106 140 31 48
0.221751 106 140 31 48
0.223751 106 140 31 48
0.225751 106 140 31 48
0.227751 106 140 31 48
0.229751 106 140 31 48
0.231751 106 140 31 48
0.233751 106 140 31 48
0.235751 106 140 31 48
0.237751 106 139 31 49
0.239751 106 139 31 49
0.241751 106 139 31 49
0.243751 106 139 31 49
0.245751 106 139 31 49
0.247751 106 139 31 49
0.249751 106 139 31 49
0.251751 106 139 31 49
0.253751 107 139 30 50
0.255751 107 139 30 50
0.257751 107 139 30 50
0.259751 107 139 30 50
0.261751 107 139 30 50
0.263751 107 139 30 50
0.265751 107 139 30 50
0.267751 107 139 30 50
0.269751 107 139 29 50
0.271751 107 139 29 50
0.273751 107 139 29 50
0.275751 107 139 29 50
0.277751 107 139 29 50
0.279751 107 139 29 50
0.281751 107 139 29 50
0.283751 107 139 29 50
0.285751 107 139 29 50
0.287751 108 139 29 50
0.289751 108 139 29 50
0.291751 108 139 29 50
0.293751 108 139 29 50
0.295751 108 138 29 50
0.297751 108 138 29 51
0.299751 108 138 29 51
0.301751 108 138 29 51
0.303751 108 137 29 51
0.305751 108 137 29 51
0.307751 108 137 29 51
0.309751 108 137 29 52
0.311751 108 136 29 52
0.313751 108 136 29 52
0.315751 108 136 29 52
0.317751 108 136 29 52
0.319751 108 135 29 53
0.321751 108 135 29 53
0.323751 108 135 29 53
0.325751 108 135 29 53
0.327751 108 135 29 53
0.329751 108 135 29 53
0.331751 108 135 29 53
0.333751 108 135 29 53
0.335751 108 135 29 53
0.337751 108 135 29 53
0.339751 108 135 29 53
0.341751 108 135 29 53
0.343751 108 135 29 53
0.345751 108 135 29 53
0.347751 108 135 29 53
0.349751 108 135 29 53
0.351751 108 135 29 53
0.353751 107 134 29 53
0.355751 107 134 29 53
0.357751 107 134 29 53
0.359751 107 133 29 53
0.361751 107 133 29 53
0.363751 107 133 29 53
0.365751 107 132 29 54
0.367751 107 132 29 54
0.369751 107 131 30 54
0.371751 107 131 30 54
0.373751 107 131 30 54
0.375751 107 130 30 55
0.377751 107 130 30 55
0.379751 107 130 30 55
0.381751 107 129 30 55
0.383751 107 129 30 55
0.385751 107 129 30 55
0.387751 106 128 31 56
0.389751 106 128 31 56
0.391751 106 128 31 56
0.393751 106 127 31 56
0.395751 106 127 31 56
0.397751 105 127 31 56
0.399751 105 126 31 56
0.401751 105 126 31 56
0.403751 105 126 31 56
0.405751 105 126 31 56
0.407751 105 125 31 56
0.409751 104 125 31 56
0.411751 104 125 31 56
0.413751 104 124 31 56
0.415751 104 124 31 56
0.417751 104 124 31 56
0.419751 103 123 32 56
0.421751 103 123 32 56
0.423751 103 123 32 56
0.425751 103 122 32 56
0.427751 103 122 32 55
0.429751 102 122 32 55
0.431751 102 121 32 55
0.433751 102 121 32 54
0.435751 102 121 32 54
0.437751 101 120 33 54
0.439751 101 120 33 53
0.441751 101 120 33 53
0.443751 101 119 33 53
0.445751 100 119 33 53
0.447751 100 118 33 52
0.449751 100 118 33 52
0.451751 100 118 33 52
0.453751 99 117 34 52
0.455751 99 117 34 52
0.457751 99 116 34 52
0.459751 99 115 34 52
0.461751 98 115 34 52
0.463751 98 114 34 52
0.465751 98 114 34 52
0.467751 98 113 34 52
0.469751 97 112 35 52
0.471751 97 112 35 52
0.473751 97 111 35 52
0.475751 97 111 35 52
0.477751 97 110 35 52
0.479751 96 109 35 52
0.481751 96 109 35 52
0.483751 96 108 35 52
0.485751 96 108 35 52
0.487751 95 107 36 51
0.489751 95 107 36 50
0.491751 95 106 36 49
0.493751 95 106 36 48
0.495751 95 105 37 48
0.497751 94 105 37 47
0.499751 94 104 37 46
0.501751 94 104 37 45
0.503751 94 103 38 44
0.505751 94 103 38 43
0.507751 94 102 38 43
0.509751 93 102 38 42
0.511751 93 101 39 41
0.513751 93 101 39 40
0.515751 93 100 39 39
0.517751 93 100 39 38
0.519751 92 99 40 37
0.521751 92 99 40 37
0.523751 91 98 41 37
0.525751 91 97 41 37
0.527751 90 96 42 37
0.529751 89 95 42 37
0.531751 89 94 43 37
0.533751 88 94 43 37
0.535751 87 93 44 37
0.537751 87 92 44 36
0.539751 86 91 45 36
0.541751 85 90 45 36
0.543751 85 89 46 36
0.545751 84 89 47 36
0.547751 83 88 47 36
0.549751 83 87 48 36
0.551751 82 86 48 36
0.553751 81 85 49 35
0.555751 81 85 49 35
0.557751 81 84 49 34
0.559751 81 83 49 33
0.561751 80 82 50 33
0.563751 80 82 50 32
0.565751 80 81 50 32
0.567751 80 80 50 31
0.569751 79 79 51 30
0.571751 79 79 51 30
0.573751 79 78 51 29
0.575751 79 77 51 29
0.577751 79 77 51 28
0.579751 78 76 52 27
0.581751 78 75 52 27
0.583751 78 74 52 26
0.585751 78 74 52 26
0.587751 78 73 52 25
0.589751 78 72 52 25
0.591751 78 71 52 25
0.593751 78 70 51 24
0.595751 78 69 51 24
0.597751 78 68 51 23
0.599751 78 67 50 23
0.601751 78 67 50 23
0.603751 79 66 50 22
0.605751 79 65 50 22
0.607751 79 64 49 22
0.609751 79 63 49 21
0.611751 79 62 49 21
0.613751 79 61 48 21
0.615751 79 60 48 20
0.617751 79 59 48 20
0.619751 80 58 47 20
0.621751 80 57 47 20
0.623751 80 56 47 21
0.625751 80 55 47 21
0.627751 80 54 47 22
0.629751 80 53 47 22
0.631751 81 52 47 23
0.633751 81 51 47 23
0.635751 81 49 47 24
0.637751 81 48 47 24
0.639751 81 47 47 25
0.641751 81 46 47 25
0.643751 82 45 47 26
0.645751 82 44 47 27
0.647751 82 43 47 27
0.649751 82 41 47 28
0.651751 82 40 47 28
0.653751 83 39 46 29
0.655751 83 38 46 29
0.657751 83 37 46 30
0.659751 83 36 45 30
0.661751 84 35 45 31
0.663751 84 34 45 31
0.665751 84 33 44 32
0.667751 84 32 44 32
0.669751 85 30 43 33
0.671751 85 29 43 33
0.673751 85 28 43 33
0.675751 85 27 42 34
0.677751 85 26 42 34
0.679751 86 25 42 35
0.681751 86 24 41 35
0.683751 86 23 41 36
0.685751 86 22 41 36
0.687751 87 21 40 37
0.689751 87 20 40 37
0.691751 87 20 40 37
0.693751 87 19 39 37
0.695751 88 18 39 37
0.697751 88 18 38 38
0.699751 88 17 38 38
0.701751 88 16 38 38
0.703751 89 16 37 38
0.705751 89 15 37 38
0.707751 89 14 37 38
0.709751 89 14 36 39
0.711751 90 13 36 39
0.713751 90 12 36 39
0.715751 90 12 35 39
0.717751 90 11 35 39
0.719751 91 10 34 40
0.721751 91 10 34 40
0.723751 91 9 34 40
0.725751 91 9 34 40
0.727751 91 8 34 40
0.729751 91 7 34 40
0.731751 91 7 34 40
0.733751 91 6 34 40
0.735751 91 6 34 40
0.737751 92 5 34 40
0.739751 92 4 34 40
0.741751 92 4 34 40
0.743751 92 3 34 40
0.745751 92 3 34 40
0.747751 92 2 34 40
0.749751 92 1 34 40
0.751751 92 1 34 40
0.753751 93 1 33 40
0.755751 93 1 33 40
0.757751 93 1 33 40
0.759751 93 1 33 39
0.761751 93 1 33 39
0.763751 93 1 33 39
0.765751 93 1 33 38
0.767751 93 1 33 38
0.769751 93 1 33 37
0.771751 93 1 33 37
0.773751 93 1 33 37
0.775751 93 1 33 36
0.777751 93 1 33 36
0.779751 93 1 33 36
0.781751 93 1 33 35
0.783751 93 1 33 35
0.785751 93 1 33 35
0.787751 94 1 32 34
0.789751 94 1 31 34
0.791751 95 1 30 33
0.793751 95 1 30 33
0.795751 95 1 29 33
0.797751 96 1 28 32
0.799751 96 1 27 32
0.801751 97 1 27 31
0.803751 97 1 26 31
0.805751 98 1 25 30
0.807751 98 1 24 30
0.809751 98 1 23 30
0.811751 99 1 23 29
0.813751 99 1 22 29
0.815751 100 1 21 28
0.817751 100 1 20 28
0.819751 100 1 20 27
0.821751 100 1 20 27
0.823751 100 1 20 27
0.825751 100 1 20 27
0.827751 100 1 20 27
0.829751 100 1 20 27
0.831751 99 1 20 27
0.833751 99 1 20 27
0.835751 99 1 20 27
0.837751 99 1 20 27
0.839751 99 1 20 27
0.841751 99 1 20 27
0.843751 98 1 20 27
0.845751 98 1 20 27
0.847751 98 1 20 27
0.849751 98 1 20 27
0.851751 98 1 20 27
0.853751 97 1 20 26
0.855751 97 1 20 26
0.857751 97 1 20 26
0.859751 97 1 20 26
0.861751 97 1 20 26
0.863751 97 1 20 26
0.865751 97 1 20 26
0.867751 97 1 20 26
0.869751 97 1 20 26
0.871751 97 1 20 26
0.873751 97 1 20 26
0.875751 97 1 20 26
0.877751 97 1 20 26
0.879751 97 1 20 26
0.881751 97 1 20 26
0.883751 97 1 20 26
0.885751 97 1 20 26
0.887751 97 1 20 26
0.889751 97 1 20 26
0.891751 97 1 20 26
0.893751 97 1 20 26
0.895751 97 1 20 26
0.897751 97 1 20 26
0.899751 97 1 20 26
0.901751 97 1 20 26
0.903751 97 1 20 26
0.905751 97 1 20 26
0.907751 97 1 20 26
0.909751 97 1 20 26
0.911751 97 1 20 26
0.913751 97 1 20 26
0.915751 97 1 20 26
0.917751 97 1 20 26
0.919751 96 1 20 25
0.921751 96 1 20 25
0.923751 96 1 20 25
0.925751 95 1 21 25
0.927751 95 1 21 25
0.929751 95 1 21 24
0.931751 94 1 22 24
0.933751 94 1 22 24
0.935751 94 1 22 24
0.937751 93 1 23 23
0.939751 93 1 23 23
0.941751 93 1 23 23
0.943751 92 1 24 23
0.945751 92 1 24 22
0.947751 91 1 25 22
0.949751 91 1 25 22
0.951751 91 1 25 22
0.953751 91 1 26 21
0.955751 91 1 26 21
0.957751 91 1 27 21
0.959751 91 1 27 21
0.961751 91 1 28 21
0.963751 91 1 28 21
0.965751 91 1 29 21
0.967751 91 1 29 21
0.969751 91 1 30 20
0.971751 91 1 31 20
0.973751 91 1 31 20
0.975751 91 1 32 20
0.977751 91 1 32 20
0.979751 91 1 33 20
0.981751 91 1 33 20
0.983751 91 1 34 20
0.985751 91 1 34 20
0.987751 90 1 35 20
0.989751 90 1 35 20
0.991751 90 1 35 21
0.993751 90 1 35 21
0.995751 89 1 36 21
0.997751 89 1 36 22
0.999751 89 1 36 22
1.001751 89 1 36 23
1.003751 88 1 37 23
1.005751 88 1 37 24
1.007751 88 1 37 24
1.009751 88 1 37 24
1.011751 87 1 38 25
1.013751 87 1 38 25
1.015751 87 1 38 26
1.017751 87 1 38 26
1.019751 86 1 39 26
1.021751 86 1 39 26
1.023751 86 2 39 26
1.025751 86 2 40 25
1.027751 86 3 40 25
1.029751 86 3 40 25
1.031751 86 4 41 24
1.033751 86 4 41 24
1.035751 86 5 41 24
1.037751 85 5 42 23
1.039751 85 6 42 23
1.041751 85 6 42 23
1.043751 85 7 43 22
1.045751 85 8 43 22
1.047751 85 8 44 21
1.049751 85 9 44 21
1.051751 85 9 44 21
1.053751 84 10 45 21
1.055751 84 10 45 21
1.057751 84 11 45 21
1.059751 84 12 45 21
1.061751 84 12 45 21
1.063751 84 13 45 21
1.065751 83 14 45 21
1.067751 83 14 45 21
1.069751 83 15 45 21
1.071751 83 16 45 21
1.073751 83 16 45 21
1.075751 82 17 45 21
1.077751 82 18 45 21
1.079751 82 18 45 21
1.081751 82 19 45 21
1.083751 82 20 45 21
1.085751 82 20 45 21
1.087751 82 21 45 21
1.089751 82 22 45 21
1.091751 82 22 45 21
1.093751 82 23 45 21
1.095751 82 23 45 21
1.097751 82 24 45 21
1.099751 82 25 45 21
1.101751 82 25 45 21
1.103751 82 26 45 21
1.105751 82 26 45 21
1.107751 82 27 45 21
1.109751 82 28 45 21
1.111751 82 28 45 21
1.113751 82 29 45 21
1.115751 82 29 45 21
1.117751 82 30 45 21
1.119751 81 31 45 21
1.121751 81 31 45 21
1.123751 81 32 45 21
1.125751 81 32 45 21
1.127751 81 33 45 21
1.129751 81 34 45 21
1.131751 81 34 45 21
1.133751 81 35 45 21
1.135751 81 36 45 21
1.137751 80 36 45 21
1.139751 80 37 45 21
1.141751 80 38 45 21
1.143751 80 38 45 21
1.145751 80 39 45 21
1.147751 80 40 45 21
1.149751 80 40 45 21
1.151751 80 41 45 21
1.153751 79 42 44 20
1.155751 79 42 44 20
1.157751 79 43 44 20
1.159751 79 44 44 20
1.161751 79 45 44 20
1.163751 79 45 44 20
1.165751 79 46 44 19
1.167751 79 47 44 19
1.169751 79 48 44 19
1.171751 79 48 44 19
1.173751 79 49 44 19
1.175751 79 50 44 18
1.177751 79 50 44 18
1.179751 79 51 44 18
1.181751 79 52 44 18
1.183751 79 53 44 18
1.185751 79 53 44 18
1.187751 79 54 44 18
1.189751 79 55 44 18
1.191751 79 56 44 18
1.193751 79 56 44 18
1.195751 79 57 44 18
1.197751 79 58 44 18
1.199751 79 59 44 18
1.201751 79 59 44 18
1.203751 79 60 44 18
1.205751 79 61 44 18
1.207751 79 62 44 18
1.209751 79 63 44 18
1.211751 79 63 44 18
1.213751 79 64 44 18
1.215751 79 65 44 18
1.217751 79 66 44 18
1.219751 79 67 45 18
1.221751 79 67 45 18
1.223751 79 68 45 18
1.225751 79 68 45 19
1.227751 79 69 45 19
1.229751 79 70 45 20
1.231751 79 70 45 20
1.233751 79 71 45 21
1.235751 79 71 45 21
1.237751 79 72 46 22
1.239751 79 73 46 22
1.241751 79 73 46 23
1.243751 79 74 46 23
1.245751 79 74 46 24
1.247751 79 75 46 24
1.249751 79 76 46 25
1.251751 79 76 46 25
1.253751 79 77 46 26
1.255751 79 78 46 26
1.257751 79 78 46 27
1.259751 79 79 45 28
1.261751 80 80 45 28
1.263751 80 81 45 29
1.265751 80 82 45 30
1.267751 80 83 44 30
1.269751 81 84 44 31
1.271751 81 84 44 32
1.273751 81 85 43 32
1.275751 81 86 43 33
1.277751 81 87 43 34
1.279751 82 88 42 34
1.281751 82 89 42 35
1.283751 82 89 42 36
1.285751 82 90 42 36
1.287751 83 91 41 37
1.289751 83 91 41 38
1.291751 84 92 41 38
1.293751 84 92 41 39
1.295751 85 93 40 39
1.297751 86 93 40 40
1.299751 86 94 40 41
1.301751 87 94 40 41
1.303751 87 95 39 42
1.305751 88 95 39 42
1.307751 88 96 39 43
1.309751 89 96 39 44
1.311751 89 97 38 44
1.313751 90 97 38 45
1.315751 90 98 38 45
1.317751 91 98 38 46
1.319751 92 99 37 47
1.321751 92 99 37 47
1.323751 93 100 36 47
1.325751 94 100 35 47
1.327751 95 101 35 47
1.329751 95 102 34 47
1.331751 96 102 33 47
1.333751 97 103 32 47
1.335751 98 104 32 47
1.337751 99 104 31 48
1.339751 99 105 30 48
1.341751 100 106 30 48
1.343751 101 106 29 48
1.345751 102 107 28 48
1.347751 102 108 27 48
1.349751 103 108 27 48
1.351751 104 109 26 48
1.353751 105 110 25 49
1.355751 105 110 25 49
1.357751 105 110 25 49
1.359751 106 111 25 50
1.361751 106 111 25 50
1.363751 107 111 25 50
1.365751 107 112 25 50
1.367751 108 112 25 51
1.369751 108 113 25 51
1.371751 108 113 25 51
1.373751 109 113 25 52
1.375751 109 114 25 52
1.377751 110 114 25 52
1.379751 110 114 25 53
1.381751 111 115 25 53
1.383751 111 115 25 53
1.385751 111 115 25 53
1.387751 112 116 24 53
1.389751 112 116 24 53
1.391751 112 117 24 53
1.393751 113 117 24 53
1.395751 113 118 24 53
1.397751 113 118 24 53
1.399751 114 119 24 53
1.401751 114 119 24 53
1.403751 114 120 24 53
1.405751 114 120 24 53
1.407751 115 121 24 53
1.409751 115 121 24 53
1.411751 115 122 24 53
1.413751 116 122 24 53
1.415751 116 123 24 53
1.417751 116 123 24 53
1.419751 117 124 23 52
1.421751 117 124 23 52
1.423751 117 124 23 52
1.425751 117 125 23 52
1.427751 117 125 23 52
1.429751 117 126 23 52
1.431751 118 126 23 52
1.433751 118 126 23 52
1.435751 118 127 23 52
1.437751 118 127 23 51
1.439751 118 128 23 51
1.441751 118 128 23 51
1.443751 119 129 23 51
1.445751 119 129 23 51
1.447751 119 129 23 51
1.449751 119 130 23 51
1.451751 119 130 23 51
1.453751 120 131 23 51
1.455751 120 131 23 51
1.457751 120 131 23 51
1.459751 120 132 23 51
1.461751 120 132 23 51
1.463751 120 132 23 51
1.465751 120 132 23 51
1.467751 120 133 23 51
1.469751 121 133 23 51
1.471751 121 133 23 51
1.473751 121 134 23 51
1.475751 121 134 23 51
1.477751 121 134 23 51
1.479751 121 135 23 51
1.481751 121 135 23 51
1.483751 121 135 23 51
1.485751 121 135 23 51
1.487751 122 136 23 50
1.489751 122 136 23 50
1.491751 122 136 23 50
1.493751 122 136 23 50
1.495751 122 137 23 49
1.497751 122 137 23 49
1.499751 122 137 23 49
1.501751 122 137 23 49
1.503751 122 138 23 48
1.505751 122 138 23 48
1.507751 122 138 23 48
1.509751 122 138 23 48
1.511751 122 139 23 47
1.513751 122 139 23 47
1.515751 122 139 23 47
1.517751 122 139 23 47
1.519751 122 140 23 47
1.521751 122 140 23 47
1.523751 122 140 23 47
1.525751 122 140 23 47
1.527751 122 140 23 47
1.529751 122 140 23 47
1.531751 122 140 23 47
1.533751 122 140 23 47
1.535751 122 140 23 47
1.537751 121 140 23 47
1.539751 121 140 23 47
1.541751 121 140 23 47
1.543751 121 140 23 47
1.545751 121 140 23 47
1.547751 121 140 23 47
1.549751 121 140 23 47
1.551751 121 140 23 47
1.553751 120 139 23 47
1.555751 120 139 23 47
1.557751 120 139 23 47
1.559751 120 139 23 47
1.561751 119 138 23 48
1.563751 119 138 23 48
1.565751 119 138 24 48
1.567751 119 138 24 48
1.569751 118 137 24 49
1.571751 118 137 24 49
1.573751 118 137 24 49
1.575751 118 137 25 49
1.577751 118 137 25 49
1.579751 117 136 25 50
1.581751 117 136 25 50
1.583751 117 136 25 50
1.585751 117 136 25 50
1.587751 116 135 26 51
1.589751 116 135 26 51
1.591751 116 135 26 51
1.593751 116 134 26 51
1.595751 115 134 26 51
1.597751 115 134 26 51
1.599751 115 133 26 51
1.601751 115 133 26 51
1.603751 114 133 26 51
1.605751 114 133 26 51
1.607751 114 132 26 51
1.609751 114 132 26 51
1.611751 113 132 26 51
1.613751 113 131 26 51
1.615751 113 131 26 51
1.617751 113 131 26 51
1.619751 112 130 27 51
1.621751 112 130 27 51
1.623751 112 130 27 51
1.625751 112 129 27 51
1.627751 111 129 27 51
1.629751 111 129 27 51
1.631751 111 128 27 51
1.633751 110 128 27 51
1.635751 110 128 27 51
1.637751 110 127 27 51
1.639751 109 127 27 51
1.641751 109 127 27 51
1.643751 109 126 27 51
1.645751 109 126 27 51
1.647751 108 125 27 51
1.649751 108 125 27 51
1.651751 108 125 27 51
1.653751 107 124 28 51
1.655751 107 124 28 51
1.657751 107 124 28 51
1.659751 107 123 28 51
1.661751 106 123 28 50
1.663751 106 122 28 50
1.665751 106 122 28 50
1.667751 106 121 28 50
1.669751 105 121 28 49
1.671751 105 121 28 49
1.673751 105 120 28 49
1.675751 105 120 28 49
1.677751 105 119 28 49
1.679751 104 119 28 48
1.681751 104 118 28 48
1.683751 104 118 28 48
1.685751 104 118 28 48
1.687751 103 117 29 47
1.689751 102 117 29 47
1.691751 102 116 30 47
1.693751 101 116 30 46
1.695751 100 116 31 46
1.697751 100 115 31 46
1.699751 99 115 32 45
1.701751 98 114 32 45
1.703751 98 114 33 45
1.705751 97 113 33 45
1.707751 96 113 34 44
1.709751 96 113 34 44
1.711751 95 112 35 44
1.713751 94 112 35 43
1.715751 94 111 36 43
1.717751 93 111 36 43
1.719751 92 110 37 42
1.721751 92 110 37 42
1.723751 92 109 37 42
1.725751 92 109 37 41
1.727751 91 108 37 41
1.729751 91 108 37 41
1.731751 91 107 38 40
1.733751 90 107 38 40
1.735751 90 106 38 40
1.737751 90 106 38 39
1.739751 89 105 38 39
1.741751 89 105 38 39
1.743751 89 104 39 38
1.745751 89 103 39 38
1.747751 88 103 39 37
1.749751 88 102 39 37
1.751751 88 102 39 37
1.753751 87 101 40 36
1.755751 87 101 40 35
1.757751 87 100 40 35
1.759751 86 99 41 34
1.761751 86 99 41 33
1.763751 85 98 41 32
1.765751 85 98 41 32
1.767751 84 97 42 31
1.769751 84 96 42 30
1.771751 84 96 42 29
1.773751 83 95 43 28
1.775751 83 95 43 28
1.777751 82 94 43 27
1.779751 82 93 44 26
1.781751 81 93 44 25
1.783751 81 92 44 25
1.785751 81 92 44 24
1.787751 81 91 44 23
1.789751 81 90 44 23
1.791751 81 89 44 23
1.793751 81 88 44 22
1.795751 81 88 43 22
1.797751 81 87 43 22
1.799751 81 86 43 21
1.801751 81 85 43 21
1.803751 81 84 42 21
1.805751 81 83 42 21
1.807751 81 83 42 20
1.809751 81 82 42 20
1.811751 81 81 41 20
1.813751 81 80 41 19
1.815751 81 79 41 19
1.817751 81 78 41 19
1.819751 81 77 41 19
1.821751 81 76 41 19
1.823751 81 75 41 19
1.825751 81 74 41 20
1.827751 81 73 41 20
1.829751 81 72 42 20
1.831751 81 71 42 21
1.833751 81 70 42 21
1.835751 81 69 42 21
1.837751 82 68 43 22
1.839751 82 67 43 22
1.841751 82 66 43 22
1.843751 82 65 43 23
1.845751 82 63 44 23
1.847751 82 62 44 24
1.849751 82 61 44 24
1.851751 82 60 44 24
1.853751 82 59 45 25
1.855751 82 58 45 25
1.857751 82 58 45 25
1.859751 82 57 45 25
1.861751 82 56 45 26
1.863751 82 55 45 26
1.865751 82 54 45 26
1.867751 82 53 45 26
1.869751 82 52 45 27
1.871751 82 52 45 27
1.873751 82 51 45 27
1.875751 82 50 45 27
1.877751 82 49 45 27
1.879751 82 48 45 28
1.881751 82 47 45 28
1.883751 82 47 45 28
1.885751 82 46 45 28
1.887751 82 45 44 29
1.889751 82 44 44 29
1.891751 82 44 44 29
1.893751 82 43 43 29
1.895751 82 42 43 29
1.897751 82 42 42 30
1.899751 82 41 42 30
1.901751 82 40 42 30
1.903751 82 40 41 30
1.905751 82 39 41 30
1.907751 82 38 41 30
1.909751 82 38 40 31
1.911751 82 37 40 31
1.913751 82 36 40 31
1.915751 82 36 39 31
1.917751 82 35 39 31
1.919751 83 34 38 32
1.921751 83 34 38 32
1.923751 83 33 38 32
1.925751 83 33 38 32
1.927751 83 32 38 33
1.929751 83 31 38 33
1.931751 83 31 37 33
1.933751 83 30 37 34
1.935751 83 30 37 34
1.937751 84 29 37 34
1.939751 84 28 37 35
1.941751 84 28 37 35
1.943751 84 27 36 35
1.945751 84 27 36 35
1.947751 84 26 36 36
1.949751 84 25 36 36
1.951751 84 25 36 36
1.953751 85 24 35 37
1.955751 85 24 35 37
1.957751 85 24 35 37
1.959751 85 23 35 37
1.961751 85 23 34 37
1.963751 85 22 34 37
1.965751 85 22 34 37
1.967751 85 21 34 37
1.969751 85 21 33 37
1.971751 85 21 33 37
1.973751 85 20 33 37
1.975751 85 20 33 37
1.977751 85 19 33 37
1.979751 85 19 32 37
1.981751 85 18 32 37
1.983751 85 18 32 37
1.985751 85 18 32 37
1.987751 86 17 31 38
1.989751 86 17 31 38
1.991751 86 16 31 38
1.993751 86 16 31 38
1.995751 86 16 31 38
1.997751 86 15 30 38
1.999751 86 15 30 38
2.001751 86 14 30 38
2.003751 86 14 30 39
2.005751 86 13 30 39
2.007751 86 13 30 39
2.009751 86 13 29 39
2.011751 86 12 29 39
2.013751 86 12 29 39
2.015751 86 11 29 39
2.017751 86 11 29 39
2.019751 86 10 28 39
2.021751 86 10 28 39
2.023751 86 10 28 39
2.025751 86 10 28 39
2.027751 86 10 27 39
2.029751 86 10 27 39
2.031751 86 10 27 38
2.033751 86 10 26 38
2.035751 86 10 26 38
2.037751 86 9 26 38
2.039751 86 9 25 38
2.041751 86 9 25 38
2.043751 86 9 25 37
2.045751 86 9 25 37
2.047751 86 9 24 37
2.049751 86 9 24 37
2.051751 86 9 24 37
2.053751 86 8 23 37
2.055751 86 8 23 37
2.057751 86 8 23 37
2.059751 86 8 22 37
2.061751 86 8 22 37
2.063751 86 8 22 37
2.065751 86 8 22 38
2.067751 86 8 21 38
2.069751 86 7 21 38
2.071751 86 7 21 38
2.073751 86 7 20 38
2.075751 86 7 20 39
2.077751 86 7 20 39
2.079751 86 7 19 39
2.081751 86 7 19 39
2.083751 86 7 19 39
2.085751 86 7 19 39
2.087751 86 7 18 39
2.089751 86 7 18 39
2.091751 86 7 18 39
2.093751 86 7 18 39
2.095751 86 7 18 39
2.097751 86 7 17 39
2.099751 86 7 17 39
2.101751 86 7 17 39
2.103751 86 7 17 39
2.105751 86 7 17 39
2.107751 86 7 17 39
2.109751 86 7 16 39
2.111751 86 7 16 39
2.113751 86 7 16 39
2.115751 86 7 16 39
2.117751 86 7 16 39
2.119751 86 7 16 38
2.121751 86 7 16 38
2.123751 86 7 16 38
2.125751 86 7 16 38
2.127751 86 7 16 38
2.129751 86 7 16 38
2.131751 85 8 16 38
2.133751 85 8 16 38
2.135751 85 8 16 38
2.137751 85 8 17 38
2.139751 85 8 17 38
2.141751 85 8 17 38
2.143751 84 9 17 38
2.145751 84 9 17 38
2.147751 84 9 17 38
2.149751 84 9 17 38
2.151751 84 9 17 38
2.153751 83 10 18 38
2.155751 83 10 18 38
2.157751 83 10 18 38
2.159751 83 10 18 38
2.161751 83 10 18 38
2.163751 83 10 18 38
2.165751 83 10 18 38
2.167751 83 10 18 38
2.169751 82 10 18 38
2.171751 82 10 18 38
2.173751 82 10 18 38
2.175751 82 10 18 38
2.177751 82 10 18 38
2.179751 82 10 18 38
2.181751 82 10 18 38
2.183751 82 10 18 38
2.185751 82 10 18 38
2.187751 81 11 18 39
2.189751 81 11 18 39
2.191751 81 12 18 39
2.193751 81 12 18 39
2.195751 81 13 18 39
2.197751 80 13 19 39
2.199751 80 14 19 39
2.201751 80 14 19 39
2.203751 80 15 19 39
2.205751 80 15 19 39
2.207751 80 16 19 39
2.209751 79 16 20 39
2.211751 79 17 20 39
2.213751 79 17 20 39
2.215751 79 18 20 39
2.217751 79 18 20 39
2.219751 78 19 21 39
2.221751 78 19 21 39
2.223751 78 19 22 39
2.225751 77 20 22 39
2.227751 77 20 23 39
2.229751 77 20 23 40
2.231751 76 21 24 40
2.233751 76 21 24 40
2.235751 76 21 25 40
2.237751 75 22 25 41
2.239751 75 22 26 41
2.241751 75 22 26 41
2.243751 74 23 27 41
2.245751 74 23 28 42
2.247751 73 24 28 42
2.249751 73 24 29 42
2.251751 73 24 29 42
2.253751 72 25 30 42
2.255751 72 25 30 42
2.257751 72 26 30 42
2.259751 71 26 30 41
2.261751 71 27 30 41
2.263751 71 27 30 41
2.265751 71 28 31 41
2.267751 70 28 31 40
2.269751 70 29 31 40
2.271751 70 30 31 40
2.273751 69 30 31 39
2.275751 69 31 32 39
2.277751 69 31 32 39
2.279751 68 32 32 38
2.281751 68 32 32 38
2.283751 68 33 32 38
2.285751 68 33 32 38
2.287751 67 34 33 37
2.289751 67 35 33 37
2.291751 67 36 33 37
2.293751 66 37 33 37
2.295751 66 38 33 36
2.297751 66 39 34 36
2.299751 65 40 34 36
2.301751 65 40 34 36
2.303751 65 41 34 35
2.305751 65 42 34 35
2.307751 64 43 34 35
2.309751 64 44 35 35
2.311751 64 45 35 34
2.313751 63 46 35 34
2.315751 63 47 35 34
2.317751 63 48 35 34
2.319751 62 49 36 33
2.321751 62 49 36 33
2.323751 62 50 36 33
2.325751 61 50 37 33
2.327751 61 51 37 33
2.329751 60 52 38 33
2.331751 60 52 38 33
2.333751 60 53 38 33
2.335751 59 54 39 33
2.337751 59 54 39 33
2.339751 58 55 40 33
2.341751 58 56 40 33
2.343751 57 56 41 33
2.345751 57 57 41 33
2.347751 57 58 41 33
2.349751 56 58 42 33
2.351751 56 59 42 33
2.353751 55 60 43 33
2.355751 55 60 43 33
2.357751 55 60 43 33
2.359751 54 61 43 34
2.361751 54 61 44 34
2.363751 54 62 44 34
2.365751 54 62 44 35
2.367751 53 63 44 35
2.369751 53 63 45 36
2.371751 53 63 45 36
2.373751 52 64 45 36
2.375751 52 64 45 37
2.377751 52 65 45 37
2.379751 51 65 46 37
2.381751 51 66 46 38
2.383751 51 66 46 38
2.385751 51 66 46 38
2.387751 51 67 46 38
2.389751 51 68 46 38
2.391751 51 68 46 38
2.393751 51 69 46 38
2.395751 51 70 46 38
2.397751 51 71 46 37
2.399751 51 71 46 37
2.401751 51 72 46 37
2.403751 51 73 45 37
2.405751 51 73 45 37
2.407751 51 74 45 37
2.409751 51 75 45 36
2.411751 51 76 45 36
2.413751 51 76 45 36
2.415751 51 77 45 36
2.417751 51 78 45 36
2.419751 51 79 44 36
2.421751 51 79 44 36
2.423751 51 80 44 36
2.425751 51 80 44 37
2.427751 51 81 44 37
2.429751 51 81 44 38
2.431751 51 82 44 38
2.433751 51 82 44 38
2.435751 51 83 44 39
2.437751 51 83 44 39
2.439751 51 84 44 40
2.441751 51 84 44 40
2.443751 51 85 44 41
2.445751 51 86 44 41
2.447751 51 86 44 41
2.449751 51 87 44 42
2.451751 51 87 44 42
2.453751 52 88 43 43
2.455751 52 88 43 43
2.457751 52 88 43 43
2.459751 52 89 43 43
2.461751 53 89 43 44
2.463751 53 90 43 44
2.465751 53 90 43 44
2.467751 53 91 43 44
2.469751 54 91 42 45
2.471751 54 91 42 45
2.473751 54 92 42 45
2.475751 54 92 42 45
2.477751 54 93 42 45
2.479751 55 93 42 46
2.481751 55 94 42 46
2.483751 55 94 42 46
2.485751 55 94 42 46
2.487751 56 95 41 46
2.489751 57 96 41 46
2.491751 57 96 41 46
2.493751 58 97 41 46
2.495751 58 97 40 46
2.497751 59 98 40 46
2.499751 60 99 40 46
2.501751 60 99 40 46
2.503751 61 100 39 46
2.505751 61 100 39 46
2.507751 62 101 39 46
2.509751 63 102 39 46
2.511751 63 102 38 46
2.513751 64 103 38 46
2.515751 64 103 38 46
2.517751 65 104 38 46
2.519751 66 105 37 46
2.521751 66 105 37 46
2.523751 67 105 37 46
2.525751 67 106 37 47
2.527751 68 106 37 47
2.529751 68 107 37 47
2.531751 69 107 37 48
2.533751 69 107 37 48
2.535751 70 108 37 48
2.537751 70 108 36 49
2.539751 71 109 36 49
2.541751 71 109 36 49
2.543751 72 110 36 50
2.545751 73 110 36 50
2.547751 73 110 36 51
2.549751 74 111 36 51
2.551751 74 111 36 51
2.553751 75 112 35 52
2.555751 75 112 35 52
2.557751 76 112 35 52
2.559751 76 113 35 52
2.561751 77 113 34 52
2.563751 77 114 34 52
2.565751 78 114 34 52
2.567751 78 115 34 52
2.569751 79 115 33 52
2.571751 80 115 33 52
2.573751 80 116 33 52
2.575751 81 116 33 52
2.577751 81 117 33 52
2.579751 82 117 32 52
2.581751 82 118 32 52
2.583751 83 118 32 52
2.585751 83 118 32 52
2.587751 84 119 31 53
2.589751 84 119 31 53
2.591751 85 119 31 53
2.593751 85 120 31 53
2.595751 86 120 30 53
2.597751 87 121 30 53
2.599751 87 121 30 53
2.601751 88 121 30 53
2.603751 88 122 29 53
2.605751 89 122 29 53
2.607751 89 122 29 53
2.609751 90 123 29 53
2.611751 90 123 28 53
2.613751 91 123 28 53
2.615751 91 124 28 53
2.617751 92 124 28 53
2.619751 93 125 28 53
2.621751 93 125 28 53
2.623751 93 125 28 53
2.625751 93 125 28 53
2.627751 93 126 28 53
2.629751 94 126 28 53
2.631751 94 126 28 53
2.633751 94 127 28 53
2.635751 94 127 28 53
2.637751 95 127 28 54
2.639751 95 128 28 54
2.641751 95 128 28 54
2.643751 95 128 28 54
2.645751 96 128 28 54
2.647751 96 129 28 54
2.649751 96 129 28 54
2.651751 96 129 28 54
2.653751 97 130 27 55
2.655751 97 130 27 55
2.657751 97 130 27 55
2.659751 98 130 27 55
2.661751 98 131 27 55
2.663751 98 131 27 55
2.665751 99 131 27 55
2.667751 99 131 27 55
2.669751 100 132 27 55
2.671751 100 132 27 55
2.673751 100 132 27 55
2.675751 101 132 27 55
2.677751 101 132 27 55
2.679751 101 133 27 55
2.681751 102 133 27 55
2.683751 102 133 27 55
2.685751 102 133 27 55
2.687751 103 134 26 54
2.689751 103 134 26 54
2.691751 103 134 26 54
2.693751 103 134 26 54
2.695751 104 134 26 54
2.697751 104 135 26 54
2.699751 104 135 26 54
2.701751 104 135 26 54
2.703751 105 135 26 53
2.705751 105 135 26 53
2.707751 105 135 26 53
2.709751 105 136 26 53
2.711751 106 136 26 53
2.713751 106 136 26 53
2.715751 106 136 26 53
2.717751 106 136 26 53
2.719751 107 137 26 52
2.721751 107 137 26 52
2.723751 107 137 26 52
2.725751 107 137 26 52
2.727751 107 137 26 52
2.729751 107 137 26 52
2.731751 107 137 26 52
2.733751 107 137 26 52
2.735751 107 137 26 52
2.737751 107 138 27 52
2.739751 107 138 27 52
2.741751 107 138 27 52
2.743751 107 138 27 52
2.745751 107 138 27 52
2.747751 107 138 27 52
2.749751 107 138 27 52
2.751751 107 138 27 52
2.753751 107 139 28 51
2.755751 107 139 28 51
2.757751 107 139 28 51
2.759751 107 139 28 51
2.761751 107 139 28 51
2.763751 107 139 28 51
2.765751 107 139 28 51
2.767751 107 139 28 51
2.769751 107 139 28 51
2.771751 107 139 28 51
2.773751 107 139 28 51
2.775751 107 139 28 51
2.777751 107 139 28 51
2.779751 107 139 28 51
2.781751 107 139 28 51
2.783751 107 139 28 51
2.785751 107 139 28 51
2.787751 107 139 28 50
2.789751 107 139 28 50
2.791751 107 139 28 50
2.793751 107 139 28 50
2.795751 107 139 28 50
2.797751 107 139 28 50
2.799751 107 139 28 50
2.801751 107 139 28 50
2.803751 107 138 28 50
2.805751 107 138 28 50
2.807751 107 138 28 50
2.809751 107 138 28 50
2.811751 107 138 28 50
2.813751 107 138 28 50
2.815751 107 138 28 50
2.817751 107 138 28 50
2.819751 107 137 28 50
2.821751 107 137 28 50
2.823751 107 137 28 50
2.825751 107 137 28 50
2.827751 107 137 28 50
2.829751 107 137 28 50
2.831751 107 137 28 50
2.833751 107 137 28 50
2.835751 107 137 28 50
2.837751 107 136 28 50
2.839751 107 136 28 50
2.841751 107 136 28 50
2.843751 107 136 28 50
2.845751 107 136 28 50
2.847751 107 136 28 50
2.849751 107 136 28 50
2.851751 107 136 28 50
2.853751 106 135 29 51
2.855751 106 135 29 51
2.857751 106 135 29 51
2.859751 105 134 29 52
2.861751 105 134 29 52
2.863751 105 133 29 52
2.865751 105 133 29 52
2.867751 104 132 29 53
2.869751 104 132 30 53
2.871751 104 132 30 53
2.873751 103 131 30 54
2.875751 103 131 30 54
2.877751 103 130 30 54
2.879751 102 130 30 55
2.881751 102 129 30 55
2.883751 102 129 30 55
2.885751 102 129 30 55
2.887751 101 128 31 55
2.889751 101 128 31 55
2.891751 101 128 31 55
2.893751 100 128 31 54
2.895751 100 128 31 54
2.897751 100 127 31 53
2.899751 99 127 31 53
2.901751 99 127 31 53
2.903751 99 127 32 52
2.905751 99 127 32 52
2.907751 98 127 32 52
2.909751 98 126 32 51
2.911751 98 126 32 51
2.913751 97 126 32 51
2.915751 97 126 32 50
2.917751 97 126 32 50
2.919751 96 125 33 49
2.921751 96 125 33 49
2.923751 96 124 33 49
2.925751 96 124 33 49
2.927751 95 123 33 49
2.929751 95 123 33 49
2.931751 95 122 33 49
2.933751 94 122 33 49
2.935751 94 121 33 49
2.937751 94 121 33 48
2.939751 93 120 33 48
2.941751 93 120 33 48
2.943751 93 119 33 48
2.945751 93 118 33 48
2.947751 92 118 33 48
2.949751 92 117 33 48
2.951751 92 117 33 48
2.953751 91 116 34 47
2.955751 91 116 34 47
2.957751 91 115 34 47
2.959751 91 114 35 46
2.961751 90 114 35 46
2.963751 90 113 35 45
2.965751 90 113 35 45
2.967751 90 112 36 44
2.969751 89 111 36 44
2.971751 89 111 36 44
2.973751 89 110 37 43
2.975751 89 110 37 43
2.977751 89 109 37 42
2.979751 88 108 38 42
2.981751 88 108 38 41
2.983751 88 107 38 41
2.985751 88 107 38 41
2.987751 87 106 39 40
2.989751 86 105 39 40
2.991751 86 105 40 39
2.993751 85 104 40 39
2.995751 84 103 40 38
2.997751 83 103 41 38
2.999751 83 102 41 37
3.001751 82 101 42 37
3.003751 81 101 42 36
3.005751 81 100 43 36
3.007751 80 99 43 35
3.009751 79 99 43 35
3.011751 78 98 44 34
3.013751 78 97 44 34
3.015751 77 97 45 33
3.017751 76 96 45 33
3.019751 75 95 46 32
3.021751 75 95 46 32
3.023751 75 94 46 32
3.025751 75 93 46 31
3.027751 74 93 46 31
3.029751 74 92 46 30
3.031751 74 91 47 30
3.033751 73 90 47 30
3.035751 73 90 47 29
3.037751 73 89 47 29
3.039751 72 88 47 28
3.041751 72 88 47 28
3.043751 72 87 48 27
3.045751 72 86 48 27
3.047751 71 85 48 27
3.049751 71 85 48 26
3.051751 71 84 48 26
3.053751 71 83 48 25
3.055751 71 82 48 25
3.057751 71 82 48 25
3.059751 71 81 48 25
3.061751 72 80 48 25
3.063751 72 79 48 25
3.065751 72 78 48 24
3.067751 72 77 48 24
3.069751 73 76 47 24
3.071751 73 76 47 24
3.073751 73 75 47 24
3.075751 73 74 47 23
3.077751 73 73 47 23
3.079751 74 72 47 23
3.081751 74 71 47 23
3.083751 74 71 47 23
3.085751 74 70 47 23
3.087751 75 69 46 23
3.089751 75 67 46 23
3.091751 75 66 46 23
3.093751 75 65 46 23
3.095751 75 64 46 24
3.097751 75 62 46 24
3.099751 75 61 46 24
3.101751 75 60 46 24
3.103751 76 59 46 25
3.105751 76 57 46 25
3.107751 76 56 46 25
3.109751 76 55 46 25
3.111751 76 54 46 26
3.113751 76 52 46 26
3.115751 76 51 46 26
3.117751 76 50 46 26
3.119751 77 48 45 27
3.121751 77 47 45 27
3.123751 77 46 45 27
3.125751 77 45 45 28
3.127751 77 44 45 28
3.129751 77 43 44 29
3.131751 78 42 44 29
3.133751 78 41 44 30
3.135751 78 40 44 30
3.137751 78 39 43 31
3.139751 78 38 43 31
3.141751 78 37 43 32
3.143751 79 36 43 32
3.145751 79 35 42 33
3.147751 79 34 42 33
3.149751 79 33 42 34
3.151751 79 32 42 34
3.153751 80 31 41 35
3.155751 80 30 41 35
3.157751 80 30 41 35
3.159751 81 29 40 36
3.161751 81 28 40 36
3.163751 81 27 40 36
3.165751 82 27 39 36
3.167751 82 26 39 37
3.169751 83 25 38 37
3.171751 83 24 38 37
3.173751 83 23 38 38
3.175751 84 23 37 38
3.177751 84 22 37 38
3.179751 84 21 37 39
3.181751 85 20 36 39
3.183751 85 20 36 39
3.185751 85 19 36 39
3.187751 86 18 35 40
3.189751 86 17 35 40
3.191751 86 17 35 40
3.193751 86 16 34 40
3.195751 87 15 34 40
3.197751 87 14 33 40
3.199751 87 14 33 40
3.201751 87 13 33 40
3.203751 88 12 32 40
3.205751 88 12 32 40
3.207751 88 11 32 40
3.209751 88 10 31 40
3.211751 89 9 31 40
3.213751 89 9 31 40
3.215751 89 8 30 40
3.217751 89 7 30 40
3.219751 90 6 29 41
3.221751 90 6 29 41
3.223751 90 6 29 41
3.225751 90 5 29 41
3.227751 90 5 28 41
3.229751 91 4 28 41
3.231751 91 4 28 42
3.233751 91 4 27 42
3.235751 91 3 27 42
3.237751 92 3 27 42
3.239751 92 2 26 42
3.241751 92 2 26 42
3.243751 92 1 26 43
3.245751 93 1 26 43
3.247751 93 1 25 43
3.249751 93 0 25 43
3.251751 93 0 25 43
3.253751 94 0 24 43
3.255751 94 0 24 43
3.257751 94 0 24 43
3.259751 94 0 24 42
3.261751 94 0 24 42
3.263751 94 0 24 41
3.265751 94 0 24 41
3.267751 94 0 24 40
3.269751 94 0 23 40
3.271751 94 0 23 40
3.273751 94 0 23 39
3.275751 94 0 23 39
3.277751 94 0 23 38
3.279751 94 0 23 38
3.281751 94 0 23 37
3.283751 94 0 23 37
3.285751 94 0 23 37
3.287751 94 0 22 36
3.289751 94 0 22 36
3.291751 94 0 22 36
3.293751 94 0 22 35
3.295751 94 0 22 35
3.297751 94 0 22 35
3.299751 94 0 22 34
3.301751 94 0 22 34
3.303751 94 0 22 34
3.305751 94 0 22 34
3.307751 94 0 22 33
3.309751 94 0 22 33
3.311751 94 0 22 33
3.313751 94 0 22 32
3.315751 94 0 22 32
3.317751 94 0 22 32
3.319751 93 0 22 31
3.321751 93 0 22 31
3.323751 93 0 22 31
3.325751 93 0 22 31
3.327751 93 0 23 31
3.329751 93 0 23 30
3.331751 93 0 23 30
3.333751 93 0 24 30
3.335751 93 0 24 30
3.337751 92 0 24 29
3.339751 92 0 25 29
3.341751 92 0 25 29
3.343751 92 0 25 29
3.345751 92 0 25 28
3.347751 92 0 26 28
3.349751 92 0 26 28
3.351751 92 0 26 28
3.353751 91 0 27 27
3.355751 91 0 27 27
3.357751 91 0 27 27
3.359751 91 0 27 27
3.361751 91 0 28 27
3.363751 91 0 28 27
3.365751 90 0 28 27
3.367751 90 0 28 27
3.369751 90 0 29 26
3.371751 90 0 29 26
3.373751 90 0 29 26
3.375751 89 0 29 26
3.377751 89 0 29 26
3.379751 89 0 30 26
3.381751 89 0 30 26
3.383751 89 0 30 26
3.385751 89 0 30 26
3.387751 88 0 31 25
3.389751 88 0 31 25
3.391751 88 0 31 25
3.393751 88 0 32 25
3.395751 88 0 32 25
3.397751 88 0 32 25
3.399751 88 0 33 25
3.401751 88 0 33 25
3.403751 87 0 33 25
3.405751 87 0 33 25
3.407751 87 0 34 25
3.409751 87 0 34 25
3.411751 87 0 34 25
3.413751 87 0 35 25
3.415751 87 0 35 25
3.417751 87 0 35 25
3.419751 87 0 36 25
3.421751 87 0 36 25
3.423751 87 0 36 25
3.425751 87 0 36 25
3.427751 87 0 36 25
3.429751 87 0 37 25
3.431751 87 0 37 25
3.433751 87 0 37 25
3.435751 87 0 37 25
3.437751 87 0 38 26
3.439751 87 0 38 26
3.441751 87 0 38 26
3.443751 87 0 38 26
3.445751 87 0 39 26
3.447751 87 0 39 26
3.449751 87 0 39 26
3.451751 87 0 39 26
3.453751 86 1 40 26
3.455751 86 1 40 26
3.457751 86 1 40 25
3.459751 86 2 40 25
3.461751 86 2 41 24
3.463751 86 2 41 24
3.465751 85 3 41 23
3.467751 85 3 41 23
3.469751 85 4 42 22
3.471751 85 4 42 22
3.473751 85 4 42 22
3.475751 84 5 42 21
3.477751 84 5 42 21
3.479751 84 5 43 20
3.481751 84 6 43 20
3.483751 84 6 43 19
3.485751 84 6 43 19
3.487751 83 7 44 19
3.489751 83 7 44 19
3.491751 83 7 44 19
3.493751 83 8 44 19
3.495751 83 8 44 19
3.497751 83 8 44 19
3.499751 83 9 44 19
3.501751 83 9 44 19
3.503751 83 9 44 20
3.505751 83 9 44 20
3.507751 83 10 44 20
3.509751 83 10 44 20
3.511751 83 10 44 20
3.513751 83 11 44 20
3.515751 83 11 44 20
3.517751 83 11 44 20
3.519751 82 12 44 21
3.521751 82 12 44 21
3.523751 82 12 44 21
3.525751 82 13 44 21
3.527751 82 13 44 21
3.529751 82 14 44 21
3.531751 82 14 44 21
3.533751 82 15 44 21
3.535751 82 15 44 21
3.537751 82 16 44 22
3.539751 82 16 44 22
3.541751 82 17 44 22
3.543751 82 17 44 22
3.545751 82 18 44 22
3.547751 82 18 44 22
3.549751 82 19 44 22
3.551751 82 19 44 22
3.553751 82 20 44 23
3.555751 82 20 44 23
3.557751 82 21 44 23
3.559751 82 21 44 23
3.561751 82 22 44 23
3.563751 82 22 44 23
3.565751 82 23 44 23
3.567751 82 23 44 23
3.569751 82 24 44 24
3.571751 82 24 44 24
3.573751 82 24 44 24
3.575751 82 25 44 24
3.577751 82 25 44 24
3.579751 82 26 44 24
3.581751 82 26 44 24
3.583751 82 27 44 24
3.585751 82 27 44 24
3.587751 81 28 44 25
3.589751 81 28 44 25
3.591751 81 29 44 25
3.593751 81 29 44 25
3.595751 81 30 44 25
3.597751 81 30 44 25
3.599751 81 31 44 25
3.601751 81 31 44 25
3.603751 80 32 44 25
3.605751 80 32 44 25
3.607751 80 33 44 25
3.609751 80 33 44 25
3.611751 80 34 44 25
3.613751 80 34 44 25
3.615751 80 35 44 25
3.617751 80 35 44 25
3.619751 80 36 44 25
3.621751 80 36 44 25
3.623751 80 37 44 25
3.625751 80 38 44 25
3.627751 80 39 44 24
3.629751 80 40 44 24
3.631751 80 41 44 24
3.633751 80 41 44 23
3.635751 80 42 44 23
3.637751 80 43 45 23
3.639751 80 44 45 22
3.641751 80 45 45 22
3.643751 80 46 45 22
3.645751 80 46 45 22
3.647751 80 47 45 21
3.649751 80 48 45 21
3.651751 80 49 45 21
3.653751 80 50 45 20
3.655751 80 50 45 20
3.657751 80 51 45 20
3.659751 80 51 45 20
3.661751 80 52 45 20
3.663751 80 52 45 20
3.665751 80 53 45 20
3.667751 80 53 45 20
3.669751 80 54 44 19
3.671751 80 55 44 19
3.673751 80 55 44 19
3.675751 80 56 44 19
3.677751 80 56 44 19
3.679751 80 57 44 19
3.681751 80 57 44 19
3.683751 80 58 44 19
3.685751 80 58 44 19
3.687751 80 59 43 19
3.689751 80 59 43 19
3.691751 80 60 43 20
3.693751 80 60 43 20
3.695751 81 60 43 21
3.697751 81 61 42 22
3.699751 81 61 42 22
3.701751 81 62 42 23
3.703751 82 62 42 23
3.705751 82 63 42 24
3.707751 82 63 42 24
3.709751 82 63 41 25
3.711751 83 64 41 25
3.713751 83 64 41 26
3.715751 83 65 41 26
3.717751 83 65 41 27
3.719751 84 66 41 28
3.721751 84 66 41 28
3.723751 84 67 41 29
3.725751 84 67 41 29
3.727751 84 68 41 30
3.729751 84 68 41 31
3.731751 84 69 41 31
3.733751 84 69 41 32
3.735751 84 70 41 32
3.737751 84 70 41 33
3.739751 84 71 41 34
3.741751 84 71 41 34
3.743751 84 72 41 35
3.745751 84 73 41 35
3.747751 84 73 41 36
3.749751 84 74 41 37
3.751751 84 74 41 37
3.753751 85 75 40 38
3.755751 85 75 40 38
3.757751 85 75 40 38
3.759751 86 76 39 39
3.761751 86 76 39 39
3.763751 86 76 39 40
3.765751 87 77 39 40
3.767751 87 77 38 41
3.769751 88 78 38 41
3.771751 88 78 38 41
3.773751 88 78 37 42
3.775751 89 79 37 42
3.777751 89 79 37 43
3.779751 89 79 36 43
3.781751 90 80 36 44
3.783751 90 80 36 44
3.785751 90 80 36 44
3.787751 91 81 35 45
3.789751 91 81 35 45
3.791751 92 82 35 45
3.793751 92 82 35 45
3.795751 92 83 35 45
3.797751 93 83 34 45
3.799751 93 84 34 45
3.801751 94 84 34 45
3.803751 94 85 34 46
3.805751 95 85 34 46
3.807751 95 86 34 46
3.809751 95 86 33 46
3.811751 96 87 33 46
3.813751 96 87 33 46
3.815751 97 88 33 46
3.817751 97 88 33 46
3.819751 98 89 32 47
3.821751 98 89 32 47
3.823751 98 90 32 47
3.825751 99 90 32 47
3.827751 99 91 31 47
3.829751 100 91 31 47
3.831751 100 92 31 47
3.833751 101 92 30 47
3.835751 101 93 30 47
3.837751 102 93 30 47
3.839751 102 94 29 47
3.841751 103 94 29 47
3.843751 103 95 29 47
3.845751 104 96 29 47
3.847751 104 96 28 47
3.849751 105 97 28 47
3.851751 105 97 28 47
3.853751 106 98 27 47
3.855751 106 98 27 47
3.857751 106 98 27 47
3.859751 106 99 27 47
3.861751 107 99 27 47
3.863751 107 99 27 47
3.865751 107 100 27 47
3.867751 107 100 27 47
3.869751 108 101 27 47
3.871751 108 101 27 47
3.873751 108 101 27 47
3.875751 108 102 27 47
3.877751 108 102 27 47
3.879751 109 102 27 47
3.881751 109 103 27 47
3.883751 109 103 27 47
3.885751 109 103 27 47
3.887751 110 104 26 47
3.889751 110 104 26 47
3.891751 110 104 26 47
3.893751 110 104 26 47
3.895751 110 104 25 47
3.897751 111 105 25 47
3.899751 111 105 25 47
3.901751 111 105 25 47
3.903751 111 105 24 47
3.905751 111 105 24 47
3.907751 111 105 24 47
3.909751 112 106 24 47
3.911751 112 106 23 47
3.913751 112 106 23 47
3.915751 112 106 23 47
3.917751 112 106 23 47
3.919751 113 107 23 48
3.921751 113 107 23 48
3.923751 113 107 23 48
3.925751 113 107 23 48
3.927751 113 107 23 48
3.929751 113 107 23 48
3.931751 113 107 23 48
3.933751 113 107 23 48
3.935751 113 107 23 48
3.937751 114 107 23 49
3.939751 114 107 23 49
3.941751 114 107 23 49
3.943751 114 107 23 49
3.945751 114 107 23 49
3.947751 114 107 23 49
3.949751 114 107 23 49
3.951751 114 107 23 49
3.953751 115 107 23 49
3.955751 115 107 23 49
3.957751 115 107 23 49
3.959751 115 107 23 49
3.961751 115 107 23 49
3.963751 115 107 23 49
3.965751 115 107 23 49
3.967751 115 107 23 49
3.969751 115 107 23 48
3.971751 115 107 23 48
3.973751 115 107 23 48
3.975751 115 107 23 48
3.977751 115 107 23 48
3.979751 115 107 23 48
3.981751 115 107 23 48
3.983751 115 107 23 48
3.985751 115 107 23 48
3.987751 114 107 23 48
3.989751 114 107 23 48
3.991751 114 107 23 48
3.993751 114 107 23 48
3.995751 114 107 23 48
3.997751 114 107 23 48
3.999751 114 107 23 48
4.001751 114 107 23 48
4.003751 114 106 23 48
4.005751 114 106 23 48
4.007751 114 106 23 48
4.009751 114 106 23 48
4.011751 114 106 23 48
4.013751 114 106 23 48
4.015751 114 106 23 48
4.017751 114 106 23 48
4.019751 113 105 24 48
4.021751 113 105 24 48
4.023751 113 105 24 48
4.025751 113 105 24 48
4.027751 112 105 24 48
4.029751 112 104 24 48
4.031751 112 104 24 48
4.033751 111 104 24 48
4.035751 111 104 24 48
4.037751 111 103 25 48
4.039751 110 103 25 48
4.041751 110 103 25 48
4.043751 110 103 25 48
4.045751 110 102 25 48
4.047751 109 102 25 48
4.049751 109 102 25 48
4.051751 109 102 25 48
4.053751 108 101 26 47
4.055751 108 101 26 47
4.057751 108 101 26 47
4.059751 107 100 27 47
4.061751 107 100 27 47
4.063751 107 100 27 47
4.065751 106 100 27 46
4.067751 106 99 28 46
4.069751 105 99 28 46
4.071751 105 99 28 46
4.073751 105 98 29 46
4.075751 104 98 29 45
4.077751 104 98 29 45
4.079751 104 97 30 45
4.081751 103 97 30 45
4.083751 103 97 30 45
4.085751 103 97 30 45
4.087751 102 96 31 44
4.089751 102 95 31 44
4.091751 101 94 31 44
4.093751 101 94 32 44
4.095751 101 93 32 43
4.097751 100 92 32 43
4.099751 100 91 33 43
4.101751 99 91 33 43
4.103751 99 90 33 42
4.105751 98 89 33 42
4.107751 98 88 34 42
4.109751 98 87 34 42
4.111751 97 87 34 41
4.113751 97 86 35 41
4.115751 96 85 35 41
4.117751 96 84 35 41
4.119751 95 83 36 40
4.121751 95 83 36 40
4.123751 95 82 36 40
4.125751 94 82 37 39
4.127751 94 81 37 39
4.129751 93 81 37 39
4.131751 93 80 38 38
4.133751 92 80 38 38
4.135751 92 79 38 38
4.137751 91 79 39 37
4.139751 91 78 39 37
4.141751 90 78 39 37
4.143751 90 77 40 36
4.145751 89 76 40 36
4.147751 89 76 41 35
4.149751 88 75 41 35
4.151751 88 75 41 35
4.153751 87 74 41 34
4.155751 87 73 41 34
4.157751 87 73 41 34
4.159751 87 72 41 33
4.161751 87 71 41 33
4.163751 87 70 41 33
4.165751 86 70 41 33
4.167751 86 69 41 32
4.169751 86 68 41 32
4.171751 86 67 41 32
4.173751 86 66 41 31
4.175751 85 66 41 31
4.177751 85 65 41 31
4.179751 85 64 41 30
4.181751 85 63 41 30
4.183751 85 63 41 30
4.185751 85 62 41 30
4.187751 84 61 41 29
4.189751 84 60 41 28
4.191751 84 60 41 28
4.193751 84 59 41 27
4.195751 84 59 41 27
4.197751 84 58 42 26
4.199751 84 57 42 25
4.201751 84 57 42 25
4.203751 84 56 42 24
4.205751 84 56 42 24
4.207751 84 55 42 23
4.209751 84 54 43 22
4.211751 84 54 43 22
4.213751 84 53 43 21
4.215751 84 53 43 21
4.217751 84 52 43 20
4.219751 84 51 43 20
4.221751 84 50 43 20
4.223751 84 49 43 20
4.225751 84 48 43 21
4.227751 84 47 43 21
4.229751 84 46 43 22
4.231751 84 45 43 22
4.233751 84 44 43 22
4.235751 84 43 43 23
4.237751 85 42 42 23
4.239751 85 41 42 24
4.241751 85 40 42 24
4.243751 85 39 42 25
4.245751 85 38 42 25
4.247751 85 37 42 25
4.249751 85 36 42 26
4.251751 85 35 42 26
4.253751 86 34 41 27
4.255751 86 33 41 27
4.257751 86 32 41 28
4.259751 86 31 41 28
4.261751 86 31 41 29
4.263751 86 30 41 29
4.265751 86 29 40 30
4.267751 86 28 40 30
4.269751 87 27 40 31
4.271751 87 26 40 31
4.273751 87 25 40 31
4.275751 87 24 39 32
4.277751 87 23 39 32
4.279751 87 22 39 33
4.281751 87 22 39 33
4.283751 87 21 39 34
4.285751 87 20 39 34
4.287751 88 19 38 35
4.289751 88 18 38 35
4.291751 88 18 37 35
4.293751 88 17 37 35
4.295751 89 16 36 35
4.297751 89 16 35 35
4.299751 89 15 35 35
4.301751 89 14 34 35
4.303751 90 14 34 36
4.305751 90 13 33 36
4.307751 90 12 33 36
4.309751 90 12 32 36
4.311751 91 11 32 36
4.313751 91 10 31 36
4.315751 91 10 31 36
4.317751 91 9 30 36
4.319751 92 8 29 37
4.321751 92 8 29 37
4.323751 92 8 29 37
4.325751 92 7 29 37
4.327751 92 7 29 37
4.329751 92 6 28 38
4.331751 92 6 28 38
4.333751 92 5 28 38
4.335751 92 5 28 38
4.337751 92 4 27 39
4.339751 92 4 27 39
4.341751 92 3 27 39
4.343751 92 3 27 39
4.345751 92 2 26 40
4.347751 92 2 26 40
4.349751 92 1 26 40
4.351751 92 1 26 40
4.353751 93 1 25 40
4.355751 93 1 25 40
4.357751 93 1 24 39
4.359751 93 1 23 38
4.361751 94 1 23 38
4.363751 94 1 22 37
4.365751 94 1 22 36
4.367751 94 1 21 36
4.369751 95 1 20 35
4.371751 95 1 20 34
4.373751 95 1 19 34
4.375751 95 1 19 33
4.377751 95 1 18 32
4.379751 96 1 17 32
4.381751 96 1 17 31
4.383751 96 1 16 30
4.385751 96 1 16 30
4.387751 97 1 15 29
4.389751 97 1 15 29
4.391751 97 1 15 29
4.393751 97 1 15 28
4.395751 97 1 15 28
4.397751 97 1 15 27
4.399751 97 1 15 27
4.401751 97 1 15 27
4.403751 97 1 15 26
4.405751 97 1 15 26
4.407751 97 1 15 26
4.409751 97 1 15 25
4.411751 97 1 15 25
4.413751 97 1 15 25
4.415751 97 1 15 24
4.417751 97 1 15 24
4.419751 97 1 15 23
4.421751 97 1 15 23
4.423751 97 1 15 23
4.425751 97 1 15 22
4.427751 97 1 15 22
4.429751 97 1 15 21
4.431751 97 1 15 21
4.433751 97 1 15 21
4.435751 97 1 15 20
4.437751 97 1 15 20
4.439751 97 1 15 19
4.441751 97 1 15 19
4.443751 97 1 15 18
4.445751 97 1 15 18
4.447751 97 1 15 18
4.449751 97 1 15 17
4.451751 97 1 15 17
4.453751 96 1 15 16
4.455751 96 1 16 16
4.457751 96 1 16 16
4.459751 95 1 17 15
4.461751 95 1 18 15
4.463751 95 1 19 15
4.465751 95 1 19 14
4.467751 94 1 20 14
4.469751 94 1 21 13
4.471751 94 1 22 13
4.473751 93 1 23 13
4.475751 93 1 23 12
4.477751 93 1 24 12
4.479751 92 1 25 12
4.481751 92 1 26 11
4.483751 92 1 26 11
4.485751 92 1 27 11
4.487751 92 1 28 11
4.489751 92 1 28 11
4.491751 92 1 28 11
4.493751 92 1 28 11
4.495751 92 1 28 11
4.497751 92 1 28 11
4.499751 92 1 28 11
4.501751 92 1 28 11
4.503751 92 1 28 11
4.505751 92 1 28 11
4.507751 92 1 28 11
4.509751 92 1 28 11
4.511751 92 1 28 11
4.513751 92 1 28 11
4.515751 92 1 28 11
4.517751 92 1 28 11
4.519751 91 1 28 11
4.521751 91 1 28 11
4.523751 91 1 28 11
4.525751 91 1 29 11
4.527751 91 1 29 11
4.529751 90 1 29 11
4.531751 90 1 30 11
4.533751 90 1 30 11
4.535751 90 1 30 11
4.537751 89 1 31 11
4.539751 89 1 31 11
4.541751 89 1 31 11
4.543751 89 1 32 11
4.545751 88 1 32 11
4.547751 88 1 33 11
4.549751 88 1 33 11
4.551751 88 1 33 11
4.553751 87 0 34 12
4.555751 87 0 34 12
4.557751 87 0 34 12
4.559751 87 0 34 12
4.561751 87 0 35 12
4.563751 87 0 35 12
4.565751 87 0 35 12
4.567751 87 0 35 12
4.569751 86 0 36 13
4.571751 86 0 36 13
4.573751 86 0 36 13
4.575751 86 0 36 13
4.577751 86 0 36 13
4.579751 86 0 37 13
4.581751 86 0 37 13
4.583751 86 0 37 13
4.585751 86 0 37 13
4.587751 85 0 38 14
4.589751 85 0 38 14
4.591751 85 0 38 15
4.593751 85 0 38 15
4.595751 85 0 38 15
4.597751 85 0 38 16
4.599751 85 0 38 16
4.601751 85 0 38 17
4.603751 85 0 38 17
4.605751 85 0 38 18
4.607751 85 0 38 18
4.609751 85 0 38 18
4.611751 85 0 38 19
4.613751 85 0 38 19
4.615751 85 0 38 20
4.617751 85 0 38 20
4.619751 84 0 39 21
4.621751 84 0 39 21
4.623751 84 0 39 21
4.625751 84 0 39 22
4.627751 84 0 39 22
4.629751 84 0 39 22
4.631751 83 1 39 23
4.633751 83 1 39 23
4.635751 83 1 39 23
4.637751 83 1 39 24
4.639751 83 1 39 24
4.641751 83 1 39 24
4.643751 82 2 39 25
4.645751 82 2 39 25
4.647751 82 2 39 26
4.649751 82 2 39 26
4.651751 82 2 39 26
4.653751 81 3 40 27
4.655751 81 3 40 27
4.657751 81 3 40 28
4.659751 81 3 40 28
4.661751 81 3 40 29
4.663751 81 3 40 29
4.665751 80 4 41 30
4.667751 80 4 41 30
4.669751 80 4 41 31
4.671751 80 4 41 32
4.673751 80 4 41 32
4.675751 79 5 42 33
4.677751 79 5 42 33
4.679751 79 5 42 34
4.681751 79 5 42 34
4.683751 79 5 42 35
4.685751 79 5 42 35
4.687751 79 6 42 35
4.689751 79 7 42 35
4.691751 79 7 42 35
4.693751 79 8 42 34
4.695751 79 9 42 34
4.697751 79 9 42 34
4.699751 79 10 42 33
4.701751 79 11 42 33
4.703751 79 11 41 33
4.705751 79 12 41 33
4.707751 79 13 41 32
4.709751 79 13 41 32
4.711751 79 14 41 32
4.713751 79 15 41 31
4.715751 79 15 41 31
4.717751 79 16 41 31
4.719751 78 17 41 31
4.721751 78 17 41 31
4.723751 78 17 41 31
4.725751 78 18 41 31
4.727751 78 18 41 31
4.729751 78 19 41 31
4.731751 77 19 42 31
4.733751 77 19 42 31
4.735751 77 20 42 31
4.737751 77 20 42 32
4.739751 77 21 42 32
4.741751 77 21 42 32
4.743751 76 22 43 32
4.745751 76 22 43 32
4.747751 76 22 43 32
4.749751 76 23 43 32
4.751751 76 23 43 32
4.753751 75 24 44 32
4.755751 75 25 44 32
4.757751 75 25 44 31
4.759751 75 26 44 30
4.761751 75 27 44 30
4.763751 75 28 44 29
4.765751 75 28 44 29
4.767751 75 29 44 28
4.769751 74 30 44 27
4.771751 74 31 44 27
4.773751 74 32 44 26
4.775751 74 32 44 26
4.777751 74 33 44 25
4.779751 74 34 44 24
4.781751 74 35 44 24
4.783751 74 35 44 23
4.785751 74 36 44 23
4.787751 74 37 44 22
4.789751 74 38 44 22
4.791751 74 38 44 22
4.793751 74 39 43 21
4.795751 74 39 43 21
4.797751 75 40 42 20
4.799751 75 41 42 20
4.801751 75 41 42 20
4.803751 75 42 41 19
4.805751 75 42 41 19
4.807751 75 43 41 19
4.809751 76 44 40 18
4.811751 76 44 40 18
4.813751 76 45 40 18
4.815751 76 45 39 17
4.817751 76 46 39 17
4.819751 77 47 39 17
4.821751 77 47 39 17
4.823751 77 47 39 17
4.825751 77 48 40 17
4.827751 77 48 40 17
4.829751 77 49 41 18
4.831751 77 49 41 18
4.833751 77 49 41 18
4.835751 77 50 42 18
4.837751 77 50 42 19
4.839751 77 51 43 19
4.841751 77 51 43 19
4.843751 77 52 44 19
4.845751 77 52 44 20
4.847751 77 52 44 20
4.849751 77 53 45 20
4.851751 77 53 45 20
4.853751 77 54 46 21
4.855751 77 54 46 21
4.857751 77 55 46 21
4.859751 77 55 46 21
4.861751 77 56 46 21
4.863751 77 56 46 21
4.865751 77 57 46 21
4.867751 77 57 46 21
4.869751 78 58 46 22
4.871751 78 59 46 22
4.873751 78 59 46 22
4.875751 78 60 46 22
4.877751 78 60 46 22
4.879751 78 61 46 22
4.881751 78 61 46 22
4.883751 78 62 46 22
4.885751 78 62 46 22
4.887751 79 63 45 23
4.889751 79 63 45 23
4.891751 79 64 45 23
4.893751 80 64 45 24
4.895751 80 64 44 24
4.897751 81 65 44 25
4.899751 81 65 44 25
4.901751 81 66 44 25
4.903751 82 66 43 26
4.905751 82 67 43 26
4.907751 82 67 43 26
4.909751 83 67 43 27
4.911751 83 68 42 27
4.913751 83 68 42 27
4.915751 84 69 42 28
4.917751 84 69 42 28
4.919751 85 70 41 29
4.921751 85 70 41 29
4.923751 85 70 41 29
4.925751 85 71 41 30
4.927751 85 71 41 30
4.929751 85 72 41 31
4.931751 86 72 41 31
4.933751 86 73 41 32
4.935751 86 73 41 32
4.937751 86 74 40 33
4.939751 86 74 40 33
4.941751 86 75 40 34
4.943751 87 75 40 34
4.945751 87 76 40 35
4.947751 87 76 40 35
4.949751 87 77 40 36
4.951751 87 77 40 36
4.953751 88 78 39 37
4.955751 88 78 39 37
4.957751 88 79 39 37
4.959751 88 79 39 38
4.961751 89 80 38 38
4.963751 89 80 38 38
4.965751 89 81 38 39
4.967751 89 81 38 39
4.969751 90 82 37 40
4.971751 90 82 37 40
4.973751 90 82 37 40
4.975751 90 83 37 41
4.977751 90 83 37 41
4.979751 91 84 36 41
4.981751 91 84 36 42
4.983751 91 85 36 42
4.985751 91 85 36 42
4.987751 92 86 35 43
4.989751 92 87 35 43
4.991751 93 87 34 43
4.993751 93 88 34 43
4.995751 93 88 33 43
4.997751 94 89 33 43
4.999751 94 90 32 43
5.001751 95 90 32 43
5.003751 95 91 31 43
5.005751 96 91 31 43
5.007751 96 92 30 43
5.009751 96 93 30 43
5.011751 97 93 29 43
5.013751 97 94 29 43
5.015751 98 94 28 43
5.017751 98 95 28 43
5.019751 99 96 27 43
5.021751 99 96 27 43
5.023751 99 96 27 43
5.025751 99 96 27 44
5.027751 100 96 27 44
5.029751 100 96 27 44
5.031751 100 96 27 45
5.033751 101 96 27 45
5.035751 101 96 27 45
5.037751 101 97 26 46
5.039751 102 97 26 46
5.041751 102 97 26 46
5.043751 102 97 26 47
5.045751 102 97 26 47
5.047751 103 97 26 48
5.049751 103 97 26 48
5.051751 103 97 26 48
5.053751 104 98 25 49
5.055751 104 98 25 49
5.057751 104 98 25 49
5.059751 104 98 25 49
5.061751 104 99 25 49
5.063751 104 99 25 49
5.065751 105 99 25 49
5.067751 105 99 25 49
5.069751 105 100 25 49
5.071751 105 100 25 49
5.073751 105 100 25 49
5.075751 106 100 25 49
5.077751 106 100 25 49
5.079751 106 101 25 49
5.081751 106 101 25 49
5.083751 106 101 25 49
5.085751 106 101 25 49
5.087751 107 102 24 50
5.089751 107 102 24 50
5.091751 107 102 24 50
5.093751 107 102 24 50
5.095751 107 103 24 50
5.097751 107 103 24 50
5.099751 107 103 24 50
5.101751 107 103 24 50
5.103751 108 104 23 50
5.105751 108 104 23 50
5.107751 108 104 23 50
5.109751 108 104 23 50
5.111751 108 105 23 50
5.113751 108 105 23 50
5.115751 108 105 23 50
5.117751 108 105 23 50
5.119751 109 106 23 50
5.121751 109 106 23 50
5.123751 109 106 23 50
5.125751 109 106 23 50
5.127751 109 106 23 50
5.129751 109 106 23 50
5.131751 109 107 23 50
5.133751 109 107 23 50
5.135751 109 107 23 50
5.137751 109 107 23 50
5.139751 109 107 23 50
5.141751 109 107 23 50
5.143751 109 108 23 50
5.145751 109 108 23 50
5.147751 109 108 23 50
5.149751 109 108 23 50
5.151751 109 108 23 50
5.153751 109 109 24 50
5.155751 109 109 24 50
5.157751 109 109 24 50
5.159751 109 109 24 50
5.161751 109 109 24 50
5.163751 109 109 24 50
5.165751 109 109 24 49
5.167751 109 109 24 49
5.169751 109 110 24 49
5.171751 109 110 24 49
5.173751 109 110 24 49
5.175751 109 110 24 48
5.177751 109 110 24 48
5.179751 109 110 24 48
5.181751 109 110 24 48
5.183751 109 110 24 48
5.185751 109 110 24 48
5.187751 108 110 25 48
5.189751 108 110 25 48
5.191751 108 110 25 48
5.193751 108 110 25 48
5.195751 108 110 25 48
5.197751 107 110 25 49
5.199751 107 110 25 49
5.201751 107 110 25 49
5.203751 107 110 25 49
5.205751 107 110 25 49
5.207751 107 110 25 49
5.209751 106 110 25 50
5.211751 106 110 25 50
5.213751 106 110 25 50
5.215751 106 110 25 50
5.217751 106 110 25 50
5.219751 105 110 24 50
5.221751 105 110 24 50
5.223751 105 110 24 50
5.225751 105 110 24 50
5.227751 105 110 24 50
5.229751 105 110 24 50
5.231751 105 110 24 50
5.233751 105 110 24 50
5.235751 105 110 24 50
5.237751 104 110 23 50
5.239751 104 110 23 50
5.241751 104 110 23 50
5.243751 104 110 23 50
5.245751 104 110 23 50
5.247751 104 110 23 50
5.249751 104 110 23 50
5.251751 104 110 23 50
5.253751 103 110 23 50
5.255751 103 110 23 50
5.257751 103 110 23 50
5.259751 103 110 23 50
5.261751 103 110 23 50
5.263751 103 110 23 50
5.265751 103 110 23 50
5.267751 103 110 23 50
5.269751 103 109 23 51
5.271751 103 109 23 51
5.273751 103 109 23 51
5.275751 103 109 23 51
5.277751 103 109 23 51
5.279751 103 109 23 51
5.281751 103 109 23 51
5.283751 103 109 23 51
5.285751 103 109 23 51
5.287751 102 109 24 52
5.289751 102 109 24 52
5.291751 102 109 24 52
5.293751 102 109 24 52
5.295751 101 109 24 52
5.297751 101 109 24 52
5.299751 101 109 24 52
5.301751 101 109 24 52
5.303751 100 109 24 52
5.305751 100 109 24 52
5.307751 100 109 24 52
5.309751 100 109 24 52
5.311751 99 109 24 52
5.313751 99 109 24 52
5.315751 99 109 24 52
5.317751 99 109 24 52
5.319751 98 108 25 51
5.321751 98 108 25 51
5.323751 98 108 25 51
5.325751 98 108 25 51
5.327751 98 108 25 51
5.329751 98 108 25 51
5.331751 97 108 25 51
5.333751 97 108 25 51
5.335751 97 108 25 51
5.337751 97 108 26 51
5.339751 97 108 26 51
5.341751 97 108 26 51
5.343751 96 108 26 51
5.345751 96 108 26 51
5.347751 96 108 26 51
5.349751 96 108 26 51
5.351751 96 108 26 51
5.353751 95 107 27 50
5.355751 95 107 27 50
5.357751 95 107 27 50
5.359751 94 107 27 50
5.361751 94 107 27 50
5.363751 94 107 27 50
5.365751 94 106 27 50
5.367751 93 106 27 50
5.369751 93 106 27 50
5.371751 93 106 27 50
5.373751 92 106 27 50
5.375751 92 105 27 50
5.377751 92 105 27 50
5.379751 91 105 27 50
5.381751 91 105 27 50
5.383751 91 105 27 50
5.385751 91 105 27 50
5.387751 90 104 27 49
5.389751 90 104 27 49
5.391751 90 104 27 49
5.393751 89 104 27 49
5.395751 89 104 28 49
5.397751 88 104 28 49
5.399751 88 104 28 49
5.401751 88 104 28 49
5.403751 87 103 29 49
5.405751 87 103 29 49
5.407751 87 103 29 49
5.409751 86 103 29 49
5.411751 86 103 30 49
5.413751 86 103 30 49
5.415751 85 103 30 49
5.417751 85 103 30 49
5.419751 84 102 31 48
5.421751 84 102 31 48
5.423751 84 102 31 48
5.425751 83 102 31 48
5.427751 83 102 31 48
5.429751 83 102 31 48
5.431751 82 102 31 47
5.433751 82 102 31 47
5.435751 82 102 31 47
5.437751 81 101 32 47
5.439751 81 101 32 47
5.441751 81 101 32 47
5.443751 80 101 32 46
5.445751 80 101 32 46
5.447751 79 101 32 46
5.449751 79 101 32 46
5.451751 79 101 32 46
5.453751 78 100 33 46
5.455751 78 100 33 46
5.457751 78 100 33 46
5.459751 77 100 34 46
5.461751 77 100 34 46
5.463751 77 100 34 46
5.465751 76 99 35 46
5.467751 76 99 35 46
5.469751 75 99 36 46
5.471751 75 99 36 46
5.473751 75 99 36 46
5.475751 74 98 37 46
5.477751 74 98 37 46
5.479751 74 98 37 46
5.481751 73 98 38 46
5.483751 73 98 38 46
5.485751 73 98 38 46
5.487751 72 97 39 47
5.489751 72 97 39 47
5.491751 71 97 39 47
5.493751 71 97 39 47
5.495751 70 97 39 47
5.497751 70 96 39 47
5.499751 69 96 39 47
5.501751 69 96 39 47
5.503751 68 96 39 47
5.505751 68 96 39 47
5.507751 67 96 39 47
5.509751 67 95 39 47
5.511751 66 95 39 47
5.513751 66 95 39 47
5.515751 65 95 39 47
5.517751 65 95 39 47
5.519751 64 94 38 48
5.521751 64 94 38 48
5.523751 64 94 38 48
5.525751 63 94 38 48
5.527751 63 94 38 48
5.529751 63 94 38 48
5.531751 62 93 38 48
5.533751 62 93 38 48
5.535751 62 93 38 48
5.537751 61 93 37 49
5.539751 61 93 37 49
5.541751 61 93 37 49
5.543751 60 92 37 49
5.545751 60 92 37 49
5.547751 59 92 37 49
5.549751 59 92 37 49
5.551751 59 92 37 49
5.553751 58 91 36 49
5.555751 58 91 36 49
5.557751 58 91 36 49
5.559751 58 91 36 49
5.561751 58 90 36 48
5.563751 58 90 36 48
5.565751 58 90 35 48
5.567751 58 90 35 48
5.569751 58 89 35 47
5.571751 58 89 35 47
5.573751 58 89 35 47
5.575751 58 89 34 47
5.577751 58 89 34 47
5.579751 58 88 34 46
5.581751 58 88 34 46
5.583751 58 88 34 46
5.585751 58 88 34 46
5.587751 57 87 34 46
5.589751 57 87 34 46
5.591751 56 87 34 46
5.593751 56 86 34 46
5.595751 55 86 34 46
5.597751 55 86 34 46
5.599751 54 85 34 46
5.601751 54 85 34 46
5.603751 53 85 34 46
5.605751 53 85 34 46
5.607751 52 84 34 46
5.609751 52 84 34 46
5.611751 51 84 34 46
5.613751 51 83 34 46
5.615751 50 83 34 46
5.617751 50 83 34 46
5.619751 49 82 35 45
5.621751 49 82 35 45
5.623751 49 82 35 45
5.625751 49 82 35 45
5.627751 49 82 35 45
5.629751 48 82 36 45
5.631751 48 82 36 45
5.633751 48 82 36 45
5.635751 48 82 36 45
5.637751 47 81 37 44
5.639751 47 81 37 44
5.641751 47 81 37 44
5.643751 47 81 37 44
5.645751 46 81 38 44
5.647751 46 81 38 44
5.649751 46 81 38 44
5.651751 46 81 38 44
5.653751 45 80 38 44
5.655751 45 80 38 44
5.657751 45 80 38 44
5.659751 45 80 38 44
5.661751 44 80 38 44
5.663751 44 80 38 44
5.665751 44 80 38 44
5.667751 44 80 38 44
5.669751 43 79 37 44
5.671751 43 79 37 44
5.673751 43 79 37 44
5.675751 43 79 37 44
5.677751 43 79 37 44
5.679751 42 79 37 44
5.681751 42 79 37 44
5.683751 42 79 37 44
5.685751 42 79 37 44
5.687751 41 78 37 44
5.689751 41 78 37 44
5.691751 41 78 37 44
5.693751 41 78 37 44
5.695751 41 78 37 44
5.697751 40 77 37 44
5.699751 40 77 37 44
5.701751 40 77 37 44
5.703751 40 77 37 45
5.705751 40 77 37 45
5.707751 40 77 37 45
5.709751 39 76 37 45
5.711751 39 76 37 45
5.713751 39 76 37 45
5.715751 39 76 37 45
5.717751 39 76 37 45
5.719751 38 75 37 46
5.721751 38 75 37 46
5.723751 38 75 37 46
5.725751 38 75 37 46
5.727751 38 75 37 46
5.729751 38 75 37 46
5.731751 38 75 37 46
5.733751 38 75 37 46
5.735751 38 75 37 46
5.737751 37 75 37 46
5.739751 37 75 37 46
5.741751 37 75 37 46
5.743751 37 75 37 46
5.745751 37 75 37 46
5.747751 37 75 37 46
5.749751 37 75 37 46
5.751751 37 75 37 46
5.753751 36 74 36 47
5.755751 36 74 36 47
5.757751 36 74 36 47
5.759751 36 74 36 47
5.761751 36 74 36 47
5.763751 36 74 36 47
5.765751 36 73 35 47
5.767751 36 73 35 47
5.769751 35 73 35 47
5.771751 35 73 35 47
5.773751 35 73 35 47
5.775751 35 72 34 47
5.777751 35 72 34 47
5.779751 35 72 34 47
5.781751 35 72 34 47
5.783751 35 72 34 47
5.785751 35 72 34 47
5.787751 34 71 34 47
5.789751 34 71 34 47
5.791751 34 71 34 47
5.793751 33 71 34 47
5.795751 33 71 34 47
5.797751 33 70 34 47
5.799751 32 70 34 47
5.801751 32 70 34 47
5.803751 32 70 34 47
5.805751 32 70 34 47
5.807751 31 70 34 47
5.809751 31 69 34 47
5.811751 31 69 34 47
5.813751 30 69 34 47
5.815751 30 69 34 47
5.817751 30 69 34 47
5.819751 29 68 35 47
5.821751 29 68 35 47
5.823751 29 68 35 47
5.825751 29 68 35 47
5.827751 29 68 35 47
5.829751 28 67 35 47
5.831751 28 67 35 46
5.833751 28 67 35 46
5.835751 28 67 35 46
5.837751 27 66 35 46
5.839751 27 66 35 46
5.841751 27 66 35 46
5.843751 27 66 35 45
5.845751 26 65 35 45
5.847751 26 65 35 45
5.849751 26 65 35 45
5.851751 26 65 35 45
5.853751 25 64 35 45
5.855751 25 64 35 45
5.857751 25 64 35 45
5.859751 24 63 35 45
5.861751 24 63 35 45
5.863751 23 63 35 45
5.865751 23 63 35 45
5.867751 22 62 35 45
5.869751 22 62 36 45
5.871751 22 62 36 45
5.873751 21 61 36 45
5.875751 21 61 36 45
5.877751 20 61 36 45
5.879751 20 60 36 45
5.881751 19 60 36 45
5.883751 19 60 36 45
5.885751 19 60 36 45
5.887751 18 59 37 45
5.889751 18 58 37 45
5.891751 18 58 37 45
5.893751 17 57 38 45
5.895751 17 56 38 45
5.897751 16 55 38 45
5.899751 16 55 39 45
5.901751 16 54 39 45
5.903751 15 53 39 46
5.905751 15 53 39 46
5.907751 15 52 40 46
5.909751 14 51 40 46
5.911751 14 50 40 46
5.913751 14 50 41 46
5.915751 13 49 41 46
5.917751 13 48 41 46
5.919751 12 47 42 46
5.921751 12 47 42 46
5.923751 12 46 42 46
5.925751 12 46 42 46
5.927751 12 45 42 45
5.929751 11 44 42 45
5.931751 11 44 42 45
5.933751 11 43 42 44
5.935751 11 42 42 44
5.937751 10 42 42 44
5.939751 10 41 42 43
5.941751 10 40 42 43
5.943751 10 40 42 43
5.945751 9 39 42 43
5.947751 9 38 42 42
5.949751 9 38 42 42
5.951751 9 37 42 42
5.953751 8 36 43 41
5.955751 8 36 43 40
5.957751 8 36 43 39
5.959751 8 35 43 38
5.961751 8 35 43 37
5.963751 8 35 43 36
5.965751 8 35 43 35
5.967751 8 34 43 34
5.969751 8 34 44 32
5.971751 8 34 44 31
5.973751 8 33 44 30
5.975751 8 33 44 29
5.977751 8 33 44 28
5.979751 8 32 44 27
5.981751 8 32 44 26
5.983751 8 32 44 25
5.985751 8 32 44 24
5.987751 8 31 45 23
5.989751 8 30 45 23
5.991751 8 30 45 23
5.993751 8 29 45 22
5.995751 8 28 45 22
5.997751 8 28 46 22
5.999751 8 27 46 21
6.001751 8 26 46 21
6.003751 8 26 46 21
6.005751 8 25 46 21
6.007751 8 24 46 20
6.009751 8 24 47 20
6.011751 8 23 47 20
6.013751 8 22 47 19
6.015751 8 22 47 19
6.017751 8 21 47 19
6.019751 9 20 47 19
6.021751 9 20 47 19
6.023751 9 19 47 19
6.025751 9 18 46 20
6.027751 9 17 46 20
6.029751 10 16 45 21
6.031751 10 15 45 21
6.033751 10 14 45 22
6.035751 10 13 44 22
6.037751 11 12 44 23
6.039751 11 11 43 23
6.041751 11 11 43 24
6.043751 11 10 42 24
6.045751 12 9 42 25
6.047751 12 8 42 25
6.049751 12 7 41 26
6.051751 12 6 41 26
6.053751 13 5 40 27
6.055751 13 5 40 27
6.057751 13 5 39 27
6.059751 14 4 39 27
6.061751 14 4 38 27
6.063751 15 4 38 27
6.065751 15 3 37 27
6.067751 16 3 37 27
6.069751 16 2 36 27
6.071751 16 2 36 27
6.073751 17 2 36 27
6.075751 17 1 35 27
6.077751 18 1 35 27
6.079751 18 1 34 27
6.081751 19 0 34 27
6.083751 19 0 33 27
6.085751 19 0 33 27
6.087751 20 0 32 27
6.089751 20 0 31 26
6.091751 21 0 31 26
6.093751 21 0 30 25
6.095751 22 0 29 24
6.097751 23 0 29 24
6.099751 23 0 28 23
6.101751 24 0 27 22
6.103751 24 0 27 22
6.105751 25 0 26 21
6.107751 25 0 25 20
6.109751 26 0 25 20
6.111751 26 0 24 19
6.113751 27 0 23 18
6.115751 27 0 23 18
6.117751 28 0 22 17
6.119751 29 1 21 16
6.121751 29 1 21 16
6.123751 29 1 21 16
6.125751 29 1 21 16
6.127751 29 1 21 16
6.129751 30 1 20 16
6.131751 30 1 20 16
6.133751 30 1 20 16
6.135751 30 1 20 16
6.137751 31 1 19 16
6.139751 31 1 19 16
6.141751 31 1 19 16
6.143751 31 1 19 16
6.145751 32 1 18 16
6.147751 32 1 18 16
6.149751 32 1 18 16
6.151751 32 1 18 16
6.153751 33 1 18 16
6.155751 33 1 18 16
6.157751 33 1 18 16
6.159751 33 1 18 16
6.161751 33 1 18 16
6.163751 33 1 18 16
6.165751 33 1 18 16
6.167751 33 1 18 16
6.169751 33 1 18 16
6.171751 33 1 18 16
6.173751 33 1 18 16
6.175751 33 1 18 16
6.177751 33 1 18 16
6.179751 33 1 18 16
6.181751 33 1 18 16
6.183751 33 1 18 16
6.185751 33 1 18 16
6.187751 33 1 18 16
6.189751 33 1 18 16
6.191751 33 1 18 16
6.193751 33 1 18 16
6.195751 33 1 18 16
6.197751 33 1 18 16
6.199751 33 1 18 16
6.201751 33 1 18 16
6.203751 33 1 18 16
6.205751 33 1 18 16
6.207751 33 1 18 16
6.209751 33 1 18 16
6.211751 33 1 18 16
6.213751 33 1 18 16
6.215751 33 1 18 16
6.217751 33 1 18 16
6.219751 32 1 18 15
6.221751 32 1 18 15
6.223751 32 1 18 15
6.225751 32 1 18 14
6.227751 31 1 19 14
6.229751 31 1 19 14
6.231751 31 1 19 13
6.233751 30 1 20 13
6.235751 30 1 20 13
6.237751 30 1 20 12
6.239751 29 1 21 12
6.241751 29 1 21 12
6.243751 29 1 21 11
6.245751 29 1 21 11
6.247751 28 1 22 10
6.249751 28 1 22 10
6.251751 28 1 22 10
6.253751 28 1 23 10
6.255751 28 1 23 10
6.257751 28 1 23 10
6.259751 28 1 23 10
6.261751 28 1 23 10
6.263751 28 1 23 10
6.265751 28 1 23 10
6.267751 28 1 23 10
6.269751 28 1 23 10
6.271751 28 1 23 10
6.273751 28 1 23 10
6.275751 28 1 23 10
6.277751 28 1 23 10
6.279751 28 1 23 10
6.281751 28 1 23 10
6.283751 28 1 23 10
6.285751 28 1 23 10
6.287751 27 0 23 10
6.289751 27 0 24 10
6.291751 27 0 26 10
6.293751 27 0 27 10
6.295751 27 0 28 10
6.297751 27 0 29 10
6.299751 27 0 30 10
6.301751 27 0 31 10
6.303751 26 0 32 10
6.305751 26 0 34 10
6.307751 26 0 35 10
6.309751 26 0 36 10
6.311751 26 0 37 10
6.313751 26 0 38 10
6.315751 26 0 39 10
6.317751 26 0 40 10
6.319751 25 0 42 11
6.321751 25 0 42 11
6.323751 25 0 42 11
6.325751 25 0 42 11
6.327751 25 0 42 12
6.329751 25 0 42 12
6.331751 25 0 42 12
6.333751 25 0 42 13
6.335751 25 0 42 13
6.337751 25 0 42 13
6.339751 25 0 42 14
6.341751 25 0 42 14
6.343751 25 0 42 14
6.345751 25 0 42 14
6.347751 25 0 42 15
6.349751 25 0 42 15
6.351751 25 0 42 15
6.353751 25 1 43 16
6.355751 25 1 43 16
6.357751 25 1 43 16
6.359751 25 1 43 17
6.361751 25 1 43 17
6.363751 25 1 43 18
6.365751 25 2 43 18
6.367751 25 2 43 19
6.369751 25 2 43 19
6.371751 25 2 43 19
6.373751 25 2 43 20
6.375751 25 3 43 20
6.377751 25 3 43 21
6.379751 25 3 43 21
6.381751 25 3 43 22
6.383751 25 3 43 22
6.385751 25 3 43 22
6.387751 24 4 42 23
6.389751 24 4 42 23
6.391751 24 4 42 24
6.393751 24 5 42 24
6.395751 24 5 42 24
6.397751 24 6 42 25
6.399751 24 6 42 25
6.401751 24 6 42 26
6.403751 23 7 41 26
6.405751 23 7 41 27
6.407751 23 7 41 27
6.409751 23 8 41 27
6.411751 23 8 41 28
6.413751 23 8 41 28
6.415751 23 9 41 29
6.417751 23 9 41 29
6.419751 22 10 40 30
6.421751 22 10 40 30
6.423751 22 11 40 30
6.425751 22 11 40 30
6.427751 22 12 40 30
6.429751 22 12 40 30
6.431751 22 13 40 30
6.433751 22 13 40 30
6.435751 22 14 40 30
6.437751 22 14 40 31
6.439751 22 15 40 31
6.441751 22 15 40 31
6.443751 22 16 40 31
6.445751 22 17 40 31
6.447751 22 17 40 31
6.449751 22 18 40 31
6.451751 22 18 40 31
6.453751 21 19 40 31
6.455751 21 19 40 31
6.457751 21 20 40 31
6.459751 21 20 40 31
6.461751 21 21 40 31
6.463751 21 21 40 31
6.465751 21 22 41 31
6.467751 21 22 41 31
6.469751 20 23 41 30
6.471751 20 23 41 30
6.473751 20 23 41 30
6.475751 20 24 42 30
6.477751 20 24 42 30
6.479751 20 25 42 30
6.481751 20 25 42 30
6.483751 20 26 42 30
6.485751 20 26 42 30
6.487751 19 27 43 29
6.489751 19 28 43 29
6.491751 19 29 43 28
6.493751 19 30 43 28
6.495751 19 30 43 27
6.497751 19 31 44 26
6.499751 19 32 44 26
6.501751 19 33 44 25
6.503751 18 34 44 25
6.505751 18 35 44 24
6.507751 18 35 44 24
6.509751 18 36 45 23
6.511751 18 37 45 23
6.513751 18 38 45 22
6.515751 18 39 45 22
6.517751 18 40 45 21
6.519751 18 41 46 21
6.521751 18 41 46 21
6.523751 18 42 46 21
6.525751 18 42 46 21
6.527751 18 43 46 21
6.529751 18 43 46 21
6.531751 18 44 46 21
6.533751 18 44 46 21
6.535751 18 45 46 21
6.537751 18 45 46 21
6.539751 18 46 46 21
6.541751 18 46 46 21
6.543751 18 47 46 21
6.545751 18 48 46 21
6.547751 18 48 46 21
6.549751 18 49 46 21
6.551751 18 49 46 21
6.553751 18 50 45 21
6.555751 18 50 45 21
6.557751 18 51 45 21
6.559751 18 51 45 22
6.561751 18 52 45 22
6.563751 18 52 45 22
6.565751 18 53 45 23
6.567751 18 53 45 23
6.569751 19 54 45 24
6.571751 19 54 45 24
6.573751 19 54 45 24
6.575751 19 55 45 25
6.577751 19 55 45 25
6.579751 19 56 45 25
6.581751 19 56 45 26
6.583751 19 57 45 26
6.585751 19 57 45 26
6.587751 20 58 44 27
6.589751 20 58 44 27
6.591751 20 59 44 28
6.593751 20 59 44 28
6.595751 20 59 44 28
6.597751 20 60 44 29
6.599751 20 60 44 29
6.601751 20 61 44 30
6.603751 21 61 44 30
6.605751 21 62 44 31
6.607751 21 62 44 31
6.609751 21 62 44 31
6.611751 21 63 44 32
6.613751 21 63 44 32
6.615751 21 64 44 33
6.617751 21 64 44 33
6.619751 22 65 44 34
6.621751 22 65 44 34
6.623751 22 65 44 34
6.625751 22 66 44 34
6.627751 22 66 44 34
6.629751 22 67 44 35
6.631751 23 67 44 35
6.633751 23 68 44 35
6.635751 23 68 44 35
6.637751 23 69 44 36
6.639751 23 69 44 36
6.641751 23 70 44 36
6.643751 24 70 44 36
6.645751 24 71 44 37
6.647751 24 71 44 37
6.649751 24 72 44 37
6.651751 24 72 44 37
6.653751 25 73 44 38
6.655751 25 73 44 38
6.657751 25 73 43 38
6.659751 26 74 42 38
6.661751 26 74 41 38
6.663751 27 75 41 38
6.665751 27 75 40 38
6.667751 28 76 39 38
6.669751 28 76 38 39
6.671751 28 76 38 39
6.673751 29 77 37 39
6.675751 29 77 36 39
6.677751 30 78 36 39
6.679751 30 78 35 39
6.681751 31 79 34 39
6.683751 31 79 33 39
6.685751 31 79 33 39
6.687751 32 80 32 40
6.689751 32 80 32 40
6.691751 32 80 32 41
6.693751 32 80 31 41
6.695751 33 80 31 42
6.697751 33 80 31 43
6.699751 33 80 30 43
6.701751 33 80 30 44
6.703751 34 81 30 44
6.705751 34 81 30 45
6.707751 34 81 29 45
6.709751 34 81 29 46
6.711751 35 81 29 46
6.713751 35 81 28 47
6.715751 35 81 28 47
6.717751 35 81 28 48
6.719751 36 82 27 49
6.721751 36 82 27 49
6.723751 36 83 26 49
6.725751 37 83 26 49
6.727751 37 84 25 49
6.729751 37 84 24 49
6.731751 38 85 24 50
6.733751 38 85 23 50
6.735751 38 86 22 50
6.737751 39 86 22 50
6.739751 39 87 21 50
6.741751 39 87 20 50
6.743751 40 88 20 51
6.745751 40 89 19 51
6.747751 41 89 18 51
6.749751 41 90 18 51
6.751751 41 90 17 51
