0.016252 106 143 29 46
0.018252 105 143 29 45
0.020252 105 143 29 45
0.022252 105 143 30 45
0.024252 104 143 30 45
0.026252 104 143 30 45
0.028252 104 143 31 44
0.030252 103 143 31 44
0.032252 103 143 31 44
0.034252 103 144 32 44
0.036252 102 144 32 44
0.038252 102 144 32 44
0.040252 102 144 33 43
0.042252 102 144 33 43
0.044252 101 144 34 43
0.046252 101 144 34 43
0.048252 101 144 34 43
0.050252 101 144 34 43
0.052252 101 144 34 43
0.054252 101 144 34 43
0.056252 101 144 34 43
0.058252 101 144 34 43
0.060252 101 144 34 43
0.062252 101 144 34 44
0.064252 101 144 34 44
0.066252 101 143 34 44
0.068252 101 143 34 44
0.070252 101 143 34 44
0.072252 101 143 34 45
0.074252 101 143 34 45
0.076252 101 143 34 45
0.078252 101 143 34 45
0.080252 101 143 34 45
0.082252 101 143 34 45
0.084252 102 143 33 45
0.086252 102 143 33 45
0.088252 102 143 33 45
0.090252 102 143 33 45
0.092252 102 143 33 45
0.094252 102 144 33 44
0.096252 102 144 33 44
0.098252 102 144 33 44
0.100252 102 144 33 44
0.102252 102 144 33 44
0.104252 102 144 33 44
0.106252 102 145 33 43
0.108252 102 145 33 43
0.110252 102 145 33 43
0.112252 102 145 33 43
0.114252 102 145 33 43
0.116252 102 145 33 43
0.118252 103 146 33 43
0.120252 103 146 33 43
0.122252 103 146 33 43
0.124252 103 146 33 43
0.126252 103 146 33 43
0.128252 103 146 33 43
0.130252 103 146 33 43
0.132252 103 146 33 43
0.134252 103 146 33 44
0.136252 103 146 33 44
0.138252 103 146 33 44
0.140252 103 146 33 44
0.142252 103 146 33 44
0.144252 103 146 33 44
0.146252 103 146 33 44
0.148252 103 146 33 44
0.150252 103 146 34 44
0.152252 103 146 34 44
0.154252 103 146 34 44
0.156252 103 146 34 44
0.158252 103 146 34 44
0.160252 103 146 34 44
0.162252 103 146 34 44
0.164252 103 146 34 44
0.166252 103 146 34 44
0.168252 103 146 34 44
0.170252 103 146 34 44
0.172252 103 146 34 44
0.174252 103 146 34 44
0.176252 103 146 34 44
0.178252 103 146 34 44
0.180252 103 146 34 44
0.182252 103 146 34 44
0.184252 104 146 34 44
0.186252 104 146 34 44
0.188252 104 146 34 44
0.190252 104 146 33 44
0.192252 104 146 33 45
0.194252 105 146 32 45
0.196252 105 146 32 45
0.198252 105 146 32 45
0.200252 105 145 31 46
0.202252 105 145 31 46
0.204252 105 145 31 46
0.206252 106 145 30 46
0.208252 106 145 30 47
0.210252 106 145 30 47
0.212252 106 145 29 47
0.214252 106 145 29 47
0.216252 106 145 29 47
0.218252 107 145 29 47
0.220252 107 145 29 47
0.222252 107 145 29 47
0.224252 107 145 29 47
0.226252 107 146 29 47
0.228252 108 146 29 46
0.230252 108 146 29 46
0.232252 108 146 29 46
0.234252 108 147 29 46
0.236252 108 147 29 46
0.238252 108 147 29 46
0.240252 109 147 29 45
0.242252 109 148 29 45
0.244252 109 148 29 45
0.246252 109 148 29 45
0.248252 109 148 29 45
0.250252 110 149 29 45
0.252252 110 149 29 45
0.254252 110 149 29 45
0.256252 111 149 29 45
0.258252 111 149 29 45
0.260252 111 149 29 45
0.262252 112 150 29 45
0.264252 112 150 29 45
0.266252 113 150 28 45
0.268252 113 150 28 45
0.270252 113 150 28 45
0.272252 114 151 28 45
0.274252 114 151 28 45
0.276252 114 151 28 45
0.278252 115 151 28 45
0.280252 115 151 28 45
0.282252 115 151 28 45
0.284252 115 152 28 45
0.286252 115 152 28 45
0.288252 115 152 28 45
0.290252 115 152 28 45
0.292252 115 152 28 45
0.294252 115 152 28 45
0.296252 115 152 28 45
0.298252 115 152 28 45
0.300252 114 152 28 45
0.302252 114 152 28 45
0.304252 114 152 28 45
0.306252 114 152 28 45
0.308252 114 152 28 45
0.310252 114 152 28 45
0.312252 114 152 28 45
0.314252 114 152 28 45
0.316252 114 152 28 45
0.318252 114 152 28 45
0.320252 114 152 28 45
0.322252 114 152 28 45
0.324252 114 152 28 45
0.326252 115 152 28 45
0.328252 115 152 28 45
0.330252 115 152 28 45
0.332252 115 152 28 45
0.334252 116 152 28 45
0.336252 116 152 28 45
0.338252 116 152 28 45
0.340252 116 152 28 45
0.342252 117 152 28 45
0.344252 117 152 28 45
0.346252 117 152 28 45
0.348252 117 152 28 45
0.350252 118 152 28 46
0.352252 118 152 28 46
0.354252 118 152 28 46
0.356252 118 152 28 47
0.358252 118 152 28 47
0.360252 118 152 28 47
0.362252 119 152 28 47
0.364252 119 152 28 48
0.366252 119 151 28 48
0.368252 119 151 28 48
0.370252 119 151 28 49
0.372252 120 151 28 49
0.374252 120 151 28 49
0.376252 120 151 28 50
0.378252 120 151 28 50
0.380252 120 151 28 50
0.382252 120 151 28 50
0.384252 121 151 28 51
0.386252 121 151 28 51
0.388252 121 151 28 51
0.390252 121 151 28 51
0.392252 121 151 28 51
0.394252 121 151 28 51
0.396252 121 151 28 51
0.398252 121 151 28 51
0.400252 121 151 28 51
0.402252 121 151 28 51
0.404252 121 151 28 51
0.406252 121 151 28 51
0.408252 121 151 28 51
0.410252 121 151 28 51
0.412252 121 151 28 51
0.414252 121 151 28 51
0.416252 121 151 28 50
0.418252 121 151 28 50
0.420252 121 151 28 50
0.422252 121 151 28 50
0.424252 121 151 28 50
0.426252 121 151 28 50
0.428252 122 151 28 49
0.430252 122 151 28 49
0.432252 122 151 28 49
0.434252 122 152 28 49
0.436252 122 152 28 49
0.438252 122 152 28 49
0.440252 123 152 28 48
0.442252 123 152 28 48
0.444252 123 152 28 48
0.446252 123 152 28 48
0.448252 123 152 28 48
0.450252 124 152 28 48
0.452252 124 152 28 48
0.454252 124 152 28 48
0.456252 124 152 28 48
0.458252 124 152 28 48
0.460252 124 152 28 48
0.462252 124 152 28 48
0.464252 124 152 28 48
0.466252 124 151 29 49
0.468252 124 151 29 49
0.470252 124 151 29 49
0.472252 124 151 29 49
0.474252 124 151 29 49
0.476252 124 151 29 49
0.478252 124 151 29 49
0.480252 124 151 29 49
0.482252 124 151 29 49
0.484252 125 151 30 50
0.486252 125 151 30 50
0.488252 125 151 30 50
0.490252 125 151 30 50
0.492252 125 151 30 50
0.494252 125 151 30 50
0.496252 125 151 30 50
0.498252 125 151 30 50
0.500252 125 151 30 50
0.502252 125 151 30 50
0.504252 125 151 30 50
0.506252 125 151 30 50
0.508252 125 151 30 50
0.510252 125 151 30 50
0.512252 125 151 30 50
0.514252 125 151 30 50
0.516252 125 151 30 50
0.518252 125 151 30 50
0.520252 125 151 30 50
0.522252 125 151 30 50
0.524252 126 151 30 50
0.526252 126 151 30 50
0.528252 126 151 30 50
0.530252 127 151 30 50
0.532252 127 151 30 50
0.534252 127 151 30 50
0.536252 128 151 30 50
0.538252 128 151 30 50
0.540252 128 151 30 50
0.542252 128 151 30 50
0.544252 129 151 30 50
0.546252 129 151 30 50
0.548252 129 151 30 50
0.550252 130 152 30 50
0.552252 130 152 30 50
0.554252 130 152 30 50
0.556252 130 152 30 50
0.558252 130 152 30 50
0.560252 130 152 30 50
0.562252 131 152 30 50
0.564252 131 152 30 50
0.566252 131 152 30 50
0.568252 131 152 30 50
0.570252 131 152 30 50
0.572252 132 152 30 50
0.574252 132 152 30 50
0.576252 132 152 30 50
0.578252 132 152 30 50
0.580252 132 152 30 50
0.582252 132 152 30 50
0.584252 133 152 30 50
0.586252 133 152 30 50
0.588252 133 152 30 50
0.590252 133 152 30 50
0.592252 133 152 30 50
0.594252 134 152 30 50
0.596252 134 152 30 50
0.598252 134 152 30 50
0.600252 134 153 30 50
0.602252 134 153 30 50
0.604252 134 153 30 50
0.606252 135 153 30 50
0.608252 135 153 30 50
0.610252 135 153 30 50
0.612252 135 153 30 50
0.614252 135 153 30 50
0.616252 136 154 30 50
0.618252 136 154 30 50
0.620252 136 154 30 50
0.622252 136 154 30 50
0.624252 136 154 30 50
0.626252 137 154 30 50
0.628252 137 154 30 50
0.630252 137 154 30 50
0.632252 137 154 30 50
0.634252 138 154 30 50
0.636252 138 154 30 50
0.638252 138 154 30 50
0.640252 138 154 30 50
0.642252 139 154 30 50
0.644252 139 154 30 50
0.646252 139 154 30 50
0.648252 139 154 30 50
0.650252 140 154 29 50
0.652252 140 154 29 50
0.654252 140 154 29 50
0.656252 141 154 29 50
0.658252 141 154 28 50
0.660252 141 154 28 50
0.662252 141 154 28 50
0.664252 142 154 28 50
0.666252 142 154 27 50
0.668252 142 154 27 50
0.670252 143 154 27 50
0.672252 143 154 27 50
0.674252 143 154 27 50
0.676252 144 154 26 50
0.678252 144 154 26 50
0.680252 144 154 26 50
0.682252 144 154 26 50
0.684252 145 154 25 49
0.686252 145 154 25 49
0.688252 145 154 25 49
0.690252 146 154 24 49
0.692252 146 154 24 49
0.694252 146 154 24 49
0.696252 147 154 23 49
0.698252 147 154 23 49
0.700252 147 154 23 48
0.702252 147 154 23 48
0.704252 148 154 22 48
0.706252 148 154 22 48
0.708252 148 154 22 48
0.710252 149 154 21 48
0.712252 149 154 21 48
0.714252 149 154 21 48
0.716252 150 154 21 48
0.718252 150 154 21 48
0.720252 150 154 21 48
0.722252 150 154 21 48
0.724252 150 154 21 48
0.726252 150 154 21 48
0.728252 151 154 21 48
0.730252 151 154 21 48
0.732252 151 154 21 48
0.734252 151 154 21 48
0.736252 151 154 21 48
0.738252 151 154 21 48
0.740252 152 154 21 48
0.742252 152 154 21 48
0.744252 152 154 21 48
0.746252 152 154 21 48
0.748252 152 154 21 48
0.750252 153 154 21 48
0.752252 153 154 21 48
0.754252 153 154 21 48
0.756252 153 154 21 48
0.758252 153 154 21 48
0.760252 153 154 21 48
0.762252 153 154 21 48
0.764252 153 154 21 48
0.766252 154 154 21 48
0.768252 154 154 21 48
0.770252 154 154 21 48
0.772252 154 154 21 48
0.774252 154 154 21 48
0.776252 154 154 21 48
0.778252 154 154 21 48
0.780252 154 154 21 48
0.782252 154 154 21 48
0.784252 155 153 21 48
0.786252 155 153 21 48
0.788252 155 153 21 48
0.790252 155 153 21 48
0.792252 155 153 21 48
0.794252 156 153 21 48
0.796252 156 153 21 48
0.798252 156 153 21 48
0.800252 156 153 21 48
0.802252 156 153 21 48
0.804252 156 153 21 48
0.806252 157 153 21 48
0.808252 157 153 21 48
0.810252 157 153 21 48
0.812252 157 153 21 48
0.814252 157 153 21 48
0.816252 158 152 21 48
0.818252 158 152 21 48
0.820252 158 152 21 48
0.822252 158 152 21 48
0.824252 158 152 21 48
0.826252 158 152 21 48
0.828252 158 151 21 48
0.830252 158 151 21 48
0.832252 158 151 21 48
0.834252 158 151 21 48
0.836252 158 151 21 48
0.838252 158 151 21 48
0.840252 158 150 21 48
0.842252 158 150 21 48
0.844252 158 150 21 48
0.846252 158 150 21 48
0.848252 158 150 21 48
0.850252 157 149 20 48
0.852252 157 149 20 48
0.854252 157 148 20 48
0.856252 157 148 20 48
0.858252 157 147 20 49
0.860252 157 147 20 49
0.862252 157 146 19 49
0.864252 157 146 19 49
0.866252 157 145 19 50
0.868252 157 144 19 50
0.870252 157 144 19 50
0.872252 157 143 18 50
0.874252 157 143 18 50
0.876252 157 142 18 51
0.878252 157 142 18 51
0.880252 157 141 18 51
0.882252 157 141 18 51
0.884252 156 140 18 52
0.886252 156 140 18 52
0.888252 156 139 18 52
0.890252 155 139 18 52
0.892252 155 138 18 52
0.894252 155 138 18 52
0.896252 154 137 18 52
0.898252 154 137 18 52
0.900252 154 136 19 53
0.902252 154 136 19 53
0.904252 153 135 19 53
0.906252 153 135 19 53
0.908252 153 134 19 53
0.910252 152 134 19 53
0.912252 152 133 19 53
0.914252 152 133 19 53
0.916252 151 133 20 53
0.918252 151 133 20 53
0.920252 151 133 20 53
0.922252 150 133 21 52
0.924252 150 133 21 52
0.926252 149 133 22 51
0.928252 149 133 22 51
0.930252 149 133 22 51
0.932252 148 133 23 50
0.934252 148 133 23 50
0.936252 147 133 24 49
0.938252 147 133 24 49
0.940252 146 133 25 48
0.942252 146 133 25 48
0.944252 146 133 25 48
0.946252 145 133 26 47
0.948252 145 133 26 47
0.950252 144 132 27 47
0.952252 144 132 27 47
0.954252 144 131 27 47
0.956252 143 130 27 47
0.958252 143 129 27 47
0.960252 143 129 27 47
0.962252 143 128 27 47
0.964252 142 127 27 47
0.966252 142 126 27 47
0.968252 142 126 27 47
0.970252 141 125 27 47
0.972252 141 124 27 47
0.974252 141 124 27 47
0.976252 140 123 27 47
0.978252 140 122 27 47
0.980252 140 121 27 47
0.982252 140 121 27 47
0.984252 139 120 27 47
0.986252 139 119 27 47
0.988252 138 118 27 47
0.990252 138 118 27 47
0.992252 138 117 27 47
0.994252 137 116 27 47
0.996252 137 115 27 47
0.998252 136 115 27 47
1.000252 136 114 27 47
1.002252 135 113 27 47
1.004252 135 112 27 47
1.006252 135 111 27 47
1.008252 134 111 27 47
1.010252 134 110 27 47
1.012252 133 109 27 47
1.014252 133 108 27 47
1.016252 132 107 27 46
1.018252 132 107 27 46
1.020252 132 106 27 46
1.022252 132 105 27 46
1.024252 132 104 27 46
1.026252 131 103 27 46
1.028252 131 102 27 45
1.030252 131 101 27 45
1.032252 131 100 27 45
1.034252 130 99 28 45
1.036252 130 98 28 45
1.038252 130 97 28 45
1.040252 130 96 28 44
1.042252 129 95 28 44
1.044252 129 94 28 44
1.046252 129 93 28 44
1.048252 129 92 28 44
1.050252 128 91 29 43
1.052252 128 90 29 43
1.054252 128 90 30 42
1.056252 127 89 30 42
1.058252 127 88 31 41
1.060252 126 87 31 41
1.062252 126 86 32 40
1.064252 125 85 32 40
1.066252 125 84 33 39
1.068252 125 84 33 39
1.070252 124 83 33 39
1.072252 124 82 34 38
1.074252 123 81 34 38
1.076252 123 80 35 37
1.078252 122 79 35 37
1.080252 122 79 36 36
1.082252 122 78 36 36
1.084252 122 77 36 35
1.086252 122 76 36 35
1.088252 122 75 36 34
1.090252 122 75 36 34
1.092252 122 74 36 33
1.094252 122 73 36 33
1.096252 122 72 36 32
1.098252 122 72 36 32
1.100252 122 71 36 31
1.102252 122 70 36 31
1.104252 122 69 36 30
1.106252 122 68 36 30
1.108252 122 68 36 29
1.110252 122 67 36 29
1.112252 122 66 36 28
1.114252 122 65 36 28
1.116252 122 64 35 27
1.118252 122 64 35 27
1.120252 122 63 35 27
1.122252 122 62 35 26
1.124252 122 61 35 26
1.126252 122 61 35 26
1.128252 122 60 35 25
1.130252 122 59 35 25
1.132252 122 58 35 25
1.134252 122 57 35 24
1.136252 122 57 35 24
1.138252 122 56 35 24
1.140252 122 55 35 23
1.142252 122 54 35 23
1.144252 122 54 35 22
1.146252 122 53 35 22
1.148252 122 52 35 22
1.150252 122 51 35 22
1.152252 122 50 35 22
1.154252 122 49 35 22
1.156252 122 48 35 22
1.158252 122 47 36 22
1.160252 122 46 36 22
1.162252 122 45 36 23
1.164252 122 44 36 23
1.166252 122 43 37 23
1.168252 122 42 37 23
1.170252 122 41 37 23
1.172252 122 40 37 24
1.174252 122 39 37 24
1.176252 122 38 38 24
1.178252 122 37 38 24
1.180252 122 36 38 24
1.182252 122 35 38 24
1.184252 121 34 39 25
1.186252 121 33 39 25
1.188252 121 32 39 25
1.190252 121 31 39 25
1.192252 121 30 39 26
1.194252 121 29 39 26
1.196252 121 28 39 26
1.198252 121 28 39 26
1.200252 121 27 39 27
1.202252 121 26 39 27
1.204252 121 25 39 27
1.206252 121 24 39 27
1.208252 121 23 39 28
1.210252 121 22 39 28
1.212252 121 21 39 28
1.214252 121 20 39 28
1.216252 120 19 39 29
1.218252 120 19 39 29
1.220252 120 18 39 29
1.222252 120 17 39 29
1.224252 120 17 39 29
1.226252 120 16 39 29
1.228252 120 15 39 29
1.230252 120 14 39 29
1.232252 120 14 39 29
1.234252 120 13 39 29
1.236252 120 12 39 29
1.238252 120 12 39 29
1.240252 120 11 39 29
1.242252 120 10 39 29
1.244252 120 9 39 29
1.246252 120 9 39 29
1.248252 120 8 39 29
1.250252 119 7 38 29
1.252252 119 7 38 29
1.254252 119 7 38 29
1.256252 119 6 37 29
1.258252 119 6 37 29
1.260252 119 5 37 29
1.262252 119 5 37 29
1.264252 119 4 36 29
1.266252 119 4 36 30
1.268252 119 4 36 30
1.270252 119 3 35 30
1.272252 119 3 35 30
1.274252 119 2 35 30
1.276252 119 2 34 30
1.278252 119 1 34 30
1.280252 119 1 34 30
1.282252 119 1 34 30
1.284252 119 1 33 30
1.286252 119 1 33 30
1.288252 119 1 33 29
1.290252 119 1 33 29
1.292252 119 1 33 29
1.294252 119 1 32 28
1.296252 119 1 32 28
1.298252 119 1 32 27
1.300252 119 1 32 27
1.302252 119 1 32 26
1.304252 119 1 32 26
1.306252 119 1 31 26
1.308252 119 1 31 25
1.310252 119 1 31 25
1.312252 119 1 31 24
1.314252 119 1 31 24
1.316252 119 1 30 23
1.318252 119 1 30 23
1.320252 119 1 30 23
1.322252 119 1 30 23
1.324252 119 1 30 23
1.326252 119 1 30 22
1.328252 119 1 29 22
1.330252 119 1 29 22
1.332252 119 1 29 22
1.334252 119 1 29 21
1.336252 119 1 29 21
1.338252 119 1 29 21
1.340252 119 1 28 21
1.342252 119 1 28 20
1.344252 119 1 28 20
1.346252 119 1 28 20
1.348252 119 1 28 20
1.350252 119 1 28 20
1.352252 119 1 28 20
1.354252 119 1 28 20
1.356252 119 1 28 20
1.358252 119 1 28 20
1.360252 119 1 28 20
1.362252 119 1 28 20
1.364252 119 1 28 20
1.366252 119 1 28 20
1.368252 119 1 28 20
1.370252 119 1 28 20
1.372252 119 1 28 20
1.374252 119 1 28 20
1.376252 119 1 28 20
1.378252 119 1 28 20
1.380252 119 1 28 20
1.382252 119 1 28 20
1.384252 119 1 27 19
1.386252 119 1 27 19
1.388252 119 1 27 19
1.390252 119 1 26 18
1.392252 119 1 26 18
1.394252 119 1 25 18
1.396252 119 1 25 17
1.398252 119 1 25 17
1.400252 120 1 24 17
1.402252 120 1 24 17
1.404252 120 1 24 16
1.406252 120 1 23 16
1.408252 120 1 23 16
1.410252 120 1 23 15
1.412252 120 1 22 15
1.414252 120 1 22 15
1.416252 121 1 22 15
1.418252 121 1 22 15
1.420252 121 1 22 15
1.422252 121 1 22 15
1.424252 121 1 22 15
1.426252 121 1 22 15
1.428252 121 1 22 15
1.430252 121 1 22 15
1.432252 121 1 22 15
1.434252 121 1 22 15
1.436252 121 1 22 15
1.438252 121 1 22 15
1.440252 121 1 22 15
1.442252 121 1 22 15
1.444252 121 1 22 15
1.446252 121 1 22 15
1.448252 121 1 22 15
1.450252 121 1 21 15
1.452252 121 1 21 15
1.454252 121 1 21 15
1.456252 121 1 20 15
1.458252 121 1 20 15
1.460252 121 1 20 15
1.462252 121 1 20 15
1.464252 121 1 19 15
1.466252 121 1 19 16
1.468252 121 1 19 16
1.470252 121 1 18 16
1.472252 121 1 18 16
1.474252 121 1 18 16
1.476252 121 1 17 16
1.478252 121 1 17 16
1.480252 121 1 17 16
1.482252 121 1 17 16
1.484252 120 1 16 17
1.486252 120 1 16 17
1.488252 120 1 16 17
1.490252 120 1 16 18
1.492252 120 1 16 18
1.494252 119 1 16 19
1.496252 119 1 16 19
1.498252 119 1 16 19
1.500252 119 1 16 20
1.502252 119 1 16 20
1.504252 119 1 16 20
1.506252 118 1 16 21
1.508252 118 1 16 21
1.510252 118 1 16 21
1.512252 118 1 16 22
1.514252 118 1 16 22
1.516252 117 1 16 23
1.518252 117 1 16 23
1.520252 117 1 16 23
1.522252 117 1 16 24
1.524252 117 1 16 24
1.526252 116 1 17 24
1.528252 116 1 17 25
1.530252 116 1 17 25
1.532252 116 1 17 25
1.534252 115 1 18 26
1.536252 115 1 18 26
1.538252 115 1 18 26
1.540252 115 1 18 27
1.542252 114 1 19 27
1.544252 114 1 19 28
1.546252 114 1 19 28
1.548252 114 1 19 28
1.550252 114 1 19 29
1.552252 114 1 19 29
1.554252 114 1 19 29
1.556252 114 1 19 29
1.558252 114 1 19 29
1.560252 114 1 19 29
1.562252 114 1 18 29
1.564252 114 1 18 29
1.566252 114 1 18 30
1.568252 114 1 18 30
1.570252 114 1 18 30
1.572252 114 1 17 30
1.574252 114 1 17 30
1.576252 114 1 17 30
1.578252 114 1 17 30
1.580252 114 1 17 30
1.582252 114 1 17 30
1.584252 113 1 17 31
1.586252 113 1 17 31
1.588252 113 1 17 31
1.590252 113 1 17 31
1.592252 113 1 17 31
1.594252 112 1 17 31
1.596252 112 1 17 31
1.598252 112 1 17 31
1.600252 112 1 18 32
1.602252 112 1 18 32
1.604252 112 1 18 32
1.606252 111 1 18 32
1.608252 111 1 18 32
1.610252 111 1 18 32
1.612252 111 1 18 32
1.614252 111 1 18 32
1.616252 110 1 19 33
1.618252 110 1 19 33
1.620252 110 1 20 34
1.622252 109 1 20 34
1.624252 109 1 21 35
1.626252 108 1 21 36
1.628252 108 1 22 36
1.630252 108 1 22 37
1.632252 107 1 23 37
1.634252 107 1 23 38
1.636252 106 1 24 39
1.638252 106 1 24 39
1.640252 105 1 25 40
1.642252 105 1 26 40
1.644252 105 1 26 41
1.646252 104 1 27 42
1.648252 104 1 27 42
1.650252 103 1 28 42
1.652252 103 1 28 42
1.654252 103 2 28 42
1.656252 103 2 29 42
1.658252 103 3 29 42
1.660252 103 3 30 42
1.662252 103 4 30 41
1.664252 103 4 31 41
1.666252 102 5 31 41
1.668252 102 6 31 41
1.670252 102 6 32 41
1.672252 102 7 32 40
1.674252 102 7 33 40
1.676252 102 8 33 40
1.678252 102 8 34 40
1.680252 102 9 34 40
1.682252 102 9 34 40
1.684252 102 10 35 39
1.686252 102 11 35 38
1.688252 102 12 35 38
1.690252 102 13 36 37
1.692252 102 15 36 37
1.694252 102 16 36 36
1.696252 102 17 37 35
1.698252 102 18 37 35
1.700252 102 19 37 34
1.702252 102 20 37 34
1.704252 102 21 38 33
1.706252 102 22 38 32
1.708252 102 23 38 32
1.710252 102 24 39 31
1.712252 102 25 39 31
1.714252 102 26 39 30
1.716252 102 28 40 30
1.718252 102 28 40 30
1.720252 102 29 40 30
1.722252 102 30 40 30
1.724252 102 31 40 30
1.726252 102 32 40 30
1.728252 102 33 40 30
1.730252 102 34 40 30
1.732252 102 35 40 30
1.734252 102 36 40 30
1.736252 102 37 40 30
1.738252 102 37 40 30
1.740252 102 38 40 30
1.742252 102 39 40 30
1.744252 102 40 40 30
1.746252 102 41 40 30
1.748252 102 42 40 30
1.750252 102 43 40 30
1.752252 102 44 40 30
1.754252 102 45 40 30
1.756252 102 46 40 30
1.758252 102 47 40 30
1.760252 102 49 40 30
1.762252 102 50 40 30
1.764252 102 51 40 30
1.766252 102 52 40 30
1.768252 102 53 40 30
1.770252 102 54 40 30
1.772252 102 55 40 30
1.774252 102 57 40 30
1.776252 102 58 40 30
1.778252 102 59 40 30
1.780252 102 60 40 30
1.782252 102 61 40 30
1.784252 103 62 39 30
1.786252 104 64 39 30
1.788252 104 65 39 30
1.790252 105 66 39 30
1.792252 105 67 38 30
1.794252 106 69 38 31
1.796252 107 70 38 31
1.798252 107 71 38 31
1.800252 108 72 37 31
1.802252 108 74 37 31
1.804252 109 75 37 31
1.806252 110 76 37 32
1.808252 110 77 36 32
1.810252 111 79 36 32
1.812252 111 80 36 32
1.814252 112 81 36 32
1.816252 113 83 35 33
1.818252 113 83 35 33
1.820252 114 83 35 34
1.822252 114 84 35 35
1.824252 115 84 35 36
1.826252 116 85 35 36
1.828252 116 85 35 37
1.830252 117 86 35 38
1.832252 118 86 35 39
1.834252 118 87 34 40
1.836252 119 87 34 40
1.838252 120 88 34 41
1.840252 120 88 34 42
1.842252 121 89 34 43
1.844252 122 89 34 43
1.846252 122 90 34 44
1.848252 123 90 34 45
1.850252 124 91 33 46
1.852252 124 92 33 46
1.854252 125 93 32 46
1.856252 126 94 32 46
1.858252 127 94 31 46
1.860252 127 95 31 46
1.862252 128 96 30 46
1.864252 129 97 30 46
1.866252 130 98 29 46
1.868252 130 99 29 46
1.870252 131 100 29 46
1.872252 132 101 28 46
1.874252 132 102 28 46
1.876252 133 103 27 46
1.878252 134 103 27 46
1.880252 135 104 26 46
1.882252 135 105 26 46
1.884252 136 106 25 47
1.886252 137 107 25 47
1.888252 137 107 25 47
1.890252 138 108 25 48
1.892252 139 109 25 48
1.894252 140 109 24 48
1.896252 140 110 24 49
1.898252 141 111 24 49
1.900252 142 111 24 49
1.902252 142 112 24 49
1.904252 143 113 24 50
1.906252 144 113 23 50
1.908252 145 114 23 50
1.910252 145 115 23 51
1.912252 146 115 23 51
1.914252 147 116 23 51
1.916252 148 117 23 52
1.918252 148 117 23 52
1.920252 149 117 23 52
1.922252 149 117 23 52
1.924252 150 117 23 52
1.926252 150 117 23 53
1.928252 151 117 23 53
1.930252 151 117 23 53
1.932252 152 117 23 53
1.934252 152 118 23 54
1.936252 153 118 23 54
1.938252 153 118 23 54
1.940252 154 118 23 54
1.942252 155 118 23 55
1.944252 155 118 23 55
1.946252 156 118 23 55
1.948252 156 118 23 55
1.950252 157 119 24 56
1.952252 157 119 24 56
1.954252 158 119 24 56
1.956252 159 120 24 56
1.958252 159 120 24 56
1.960252 160 120 24 56
1.962252 160 120 24 56
1.964252 161 121 24 56
1.966252 162 121 24 56
1.968252 162 121 24 56
1.970252 163 122 24 56
1.972252 163 122 24 56
1.974252 164 122 24 56
1.976252 165 123 24 56
1.978252 165 123 24 56
1.980252 166 123 24 56
1.982252 166 123 24 56
1.984252 167 124 24 56
1.986252 167 124 24 56
1.988252 168 124 24 56
1.990252 168 124 24 56
1.992252 169 124 24 56
1.994252 170 125 24 56
1.996252 170 125 24 56
1.998252 171 125 24 56
2.000252 171 125 24 56
2.002252 172 125 24 56
2.004252 172 125 24 56
2.006252 173 126 24 56
2.008252 173 126 24 56
2.010252 174 126 24 56
2.012252 174 126 24 56
2.014252 175 126 24 56
2.016252 176 127 24 55
2.018252 176 127 24 55
2.020252 176 127 24 55
2.022252 177 127 24 55
2.024252 177 127 25 54
2.026252 177 127 25 54
2.028252 178 128 25 54
2.030252 178 128 26 53
2.032252 178 128 26 53
2.034252 179 128 26 53
2.036252 179 128 27 52
2.038252 179 128 27 52
2.040252 180 129 27 52
2.042252 180 129 27 52
2.044252 181 129 28 51
2.046252 181 129 28 51
2.048252 181 129 28 51
2.050252 182 130 29 50
2.052252 182 130 29 50
2.054252 182 130 29 50
2.056252 182 130 30 50
2.058252 182 130 30 50
2.060252 182 130 31 50
2.062252 182 130 31 50
2.064252 182 130 32 50
2.066252 182 130 32 49
2.068252 182 130 32 49
2.070252 182 130 33 49
2.072252 182 130 33 49
2.074252 182 130 34 49
2.076252 182 130 34 49
2.078252 182 130 35 49
2.080252 182 130 35 49
2.082252 182 130 35 49
2.084252 182 129 36 49
2.086252 182 129 36 49
2.088252 182 129 36 49
2.090252 183 129 36 49
2.092252 183 129 36 49
2.094252 184 129 36 49
2.096252 184 129 36 49
2.098252 184 129 36 49
2.100252 185 128 36 49
2.102252 185 128 36 49
2.104252 185 128 36 49
2.106252 186 128 36 49
2.108252 186 128 36 49
2.110252 186 128 36 49
2.112252 187 128 36 49
2.114252 187 128 36 49
2.116252 188 128 36 48
2.118252 188 128 36 48
2.120252 188 128 36 48
2.122252 188 128 36 47
2.124252 188 128 37 47
2.126252 188 128 37 46
2.128252 188 128 37 46
2.130252 188 128 38 46
2.132252 188 128 38 45
2.134252 188 128 38 45
2.136252 188 128 39 44
2.138252 188 128 39 44
2.140252 188 128 39 43
2.142252 188 128 39 43
2.144252 188 128 40 43
2.146252 188 128 40 42
2.148252 188 128 40 42
2.150252 188 128 41 41
2.152252 188 128 41 41
2.154252 188 128 41 41
2.156252 188 128 41 40
2.158252 188 128 41 40
2.160252 188 128 41 40
2.162252 188 128 41 40
2.164252 188 128 41 39
2.166252 188 128 41 39
2.168252 188 128 41 39
2.170252 188 128 41 38
2.172252 188 128 41 38
2.174252 188 128 41 38
2.176252 188 128 41 37
2.178252 188 128 41 37
2.180252 188 128 41 37
2.182252 188 128 41 37
2.184252 188 127 42 37
2.186252 188 127 42 37
2.188252 188 127 42 37
2.190252 188 127 42 37
2.192252 188 127 42 37
2.194252 188 127 42 37
2.196252 188 127 42 37
2.198252 188 127 42 37
2.200252 188 126 42 37
2.202252 188 126 42 37
2.204252 188 126 42 37
2.206252 188 126 42 37
2.208252 188 126 42 37
2.210252 188 126 42 37
2.212252 188 126 42 37
2.214252 188 126 42 37
2.216252 187 125 42 37
2.218252 187 125 42 37
2.220252 187 125 42 37
2.222252 187 125 42 37
2.224252 187 125 42 37
2.226252 186 125 42 37
2.228252 186 124 42 37
2.230252 186 124 42 37
2.232252 186 124 42 37
2.234252 185 124 42 37
2.236252 185 124 42 37
2.238252 185 124 42 37
2.240252 185 123 42 37
2.242252 184 123 42 37
2.244252 184 123 42 37
2.246252 184 123 42 37
2.248252 184 123 42 37
2.250252 183 122 42 37
2.252252 183 122 42 37
2.254252 183 122 42 37
2.256252 183 122 42 37
2.258252 183 122 42 37
2.260252 183 122 42 37
2.262252 183 121 42 37
2.264252 183 121 42 37
2.266252 182 121 42 37
2.268252 182 121 42 37
2.270252 182 121 42 37
2.272252 182 120 42 37
2.274252 182 120 42 37
2.276252 182 120 42 37
2.278252 182 120 42 37
2.280252 182 120 42 37
2.282252 182 120 42 37
2.284252 181 119 41 37
2.286252 181 118 41 37
2.288252 181 118 41 37
2.290252 180 117 40 38
2.292252 180 116 40 38
2.294252 180 116 39 39
2.296252 179 115 39 39
2.298252 179 114 39 39
2.300252 179 114 38 40
2.302252 179 113 38 40
2.304252 178 112 38 40
2.306252 178 112 37 41
2.308252 178 111 37 41
2.310252 177 110 37 41
2.312252 177 110 36 42
2.314252 177 109 36 42
2.316252 176 108 36 43
2.318252 176 108 36 43
2.320252 175 108 36 43
2.322252 175 108 36 43
2.324252 174 108 36 43
2.326252 173 107 36 43
2.328252 173 107 36 43
2.330252 172 107 36 43
2.332252 172 107 36 43
2.334252 171 106 36 43
2.336252 170 106 36 43
2.338252 170 106 36 43
2.340252 169 106 36 43
2.342252 169 105 36 43
2.344252 168 105 36 43
2.346252 167 105 36 43
2.348252 167 105 36 43
2.350252 166 104 35 43
2.352252 166 103 35 43
2.354252 165 102 35 44
2.356252 165 101 35 45
2.358252 164 100 34 46
2.360252 164 99 34 46
2.362252 163 98 34 47
2.364252 163 97 34 48
2.366252 162 96 33 49
2.368252 161 96 33 49
2.370252 161 95 33 50
2.372252 160 94 33 51
2.374252 160 93 33 51
2.376252 159 92 32 52
2.378252 159 91 32 53
2.380252 158 90 32 54
2.382252 158 89 32 54
2.384252 157 88 31 54
2.386252 157 88 30 54
2.388252 156 88 30 54
2.390252 156 88 29 54
2.392252 156 87 29 54
2.394252 155 87 28 54
2.396252 155 87 27 54
2.398252 154 87 27 54
2.400252 154 86 26 54
2.402252 153 86 26 54
2.404252 153 86 25 54
2.406252 153 86 24 54
2.408252 152 85 24 54
2.410252 152 85 23 54
2.412252 151 85 23 54
2.414252 151 85 22 54
2.416252 150 84 22 54
2.418252 150 84 22 54
2.420252 149 84 22 54
2.422252 148 83 22 54
2.424252 148 83 22 54
2.426252 147 82 22 54
2.428252 146 82 22 54
2.430252 145 81 22 54
2.432252 145 81 22 54
2.434252 144 80 22 54
2.436252 143 80 22 54
2.438252 143 79 22 54
2.440252 142 79 22 54
2.442252 141 78 22 54
2.444252 140 78 22 54
2.446252 140 77 22 54
2.448252 139 77 22 54
2.450252 138 76 22 54
2.452252 137 75 22 54
2.454252 137 74 22 54
2.456252 136 73 22 54
2.458252 135 72 22 54
2.460252 134 71 22 54
2.462252 134 70 22 54
2.464252 133 69 22 54
2.466252 132 67 22 54
2.468252 131 66 22 54
2.470252 130 65 22 54
2.472252 130 64 22 54
2.474252 129 63 22 54
2.476252 128 62 22 54
2.478252 127 61 22 54
2.480252 127 60 22 54
2.482252 126 59 22 54
2.484252 125 58 22 53
2.486252 124 57 24 52
2.488252 122 57 25 51
2.490252 121 56 26 50
2.492252 120 55 27 49
2.494252 119 54 28 48
2.496252 118 54 30 47
2.498252 117 53 31 46
2.500252 116 52 32 45
2.502252 114 52 33 44
2.504252 113 51 34 43
2.506252 112 50 36 42
2.508252 111 49 37 41
2.510252 110 49 38 40
2.512252 109 48 39 39
2.514252 108 47 40 38
2.516252 107 46 41 37
2.518252 107 46 41 37
2.520252 107 45 41 36
2.522252 107 45 41 35
2.524252 107 44 41 34
2.526252 107 43 41 33
2.528252 107 43 41 32
2.530252 107 42 41 31
2.532252 107 42 41 30
2.534252 107 41 40 29
2.536252 107 40 40 28
2.538252 107 40 40 28
2.540252 107 39 40 27
2.542252 107 39 40 26
2.544252 107 38 40 25
2.546252 107 37 40 24
2.548252 107 37 40 23
2.550252 106 36 40 23
2.552252 106 35 40 23
2.554252 106 34 40 23
2.556252 106 33 40 23
2.558252 106 32 40 23
2.560252 106 31 40 23
2.562252 106 30 40 23
2.564252 106 29 40 23
2.566252 106 28 40 23
2.568252 106 27 40 23
2.570252 106 26 40 23
2.572252 106 25 40 23
2.574252 106 24 40 23
2.576252 106 23 40 23
2.578252 106 22 40 23
2.580252 106 21 40 23
2.582252 106 20 40 23
2.584252 105 19 40 23
2.586252 105 18 40 24
2.588252 105 16 40 26
2.590252 105 15 40 27
2.592252 105 14 40 28
2.594252 105 13 40 29
2.596252 105 12 40 30
2.598252 105 11 40 31
2.600252 105 10 40 32
2.602252 105 8 40 34
2.604252 105 7 40 35
2.606252 105 6 40 36
2.608252 105 5 40 37
2.610252 105 4 40 38
2.612252 105 3 40 39
2.614252 105 2 40 40
2.616252 105 1 40 41
2.618252 105 1 39 41
2.620252 106 1 38 40
2.622252 106 1 37 40
2.624252 107 1 36 39
2.626252 108 1 35 38
2.628252 108 1 34 38
2.630252 109 1 33 37
2.632252 109 1 32 37
2.634252 110 1 31 36
2.636252 111 1 30 35
2.638252 111 1 29 35
2.640252 112 1 28 34
2.642252 112 1 27 34
2.644252 113 1 26 33
2.646252 114 1 25 32
2.648252 114 1 24 32
2.650252 115 1 23 31
2.652252 115 1 23 31
2.654252 115 1 23 31
2.656252 116 1 22 30
2.658252 116 1 22 30
2.660252 116 1 22 29
2.662252 116 1 22 29
2.664252 117 1 21 28
2.666252 117 1 21 28
2.668252 117 1 21 28
2.670252 118 1 20 27
2.672252 118 1 20 27
2.674252 118 1 20 26
2.676252 119 1 19 26
2.678252 119 1 19 25
2.680252 119 1 19 25
2.682252 119 1 19 25
2.684252 120 1 19 24
2.686252 120 1 19 24
2.688252 120 1 19 23
2.690252 120 1 19 23
2.692252 120 1 19 22
2.694252 120 1 19 22
2.696252 120 1 19 21
2.698252 120 1 19 21
2.700252 120 1 19 20
2.702252 120 1 19 20
2.704252 120 1 19 19
2.706252 120 1 19 19
2.708252 120 1 19 18
2.710252 120 1 19 18
2.712252 120 1 19 17
2.714252 120 1 19 17
2.716252 120 1 18 16
2.718252 120 1 18 16
2.720252 120 1 18 16
2.722252 120 1 18 15
2.724252 120 1 18 15
2.726252 120 1 18 15
2.728252 120 1 18 14
2.730252 120 1 18 14
2.732252 120 1 18 14
2.734252 120 1 17 13
2.736252 120 1 17 13
2.738252 120 1 17 13
2.740252 120 1 17 12
2.742252 120 1 17 12
2.744252 120 1 17 11
2.746252 120 1 17 11
2.748252 120 1 17 11
2.750252 120 1 16 10
2.752252 120 1 16 10
2.754252 120 1 16 10
2.756252 120 1 16 9
2.758252 120 1 15 9
2.760252 120 1 15 8
2.762252 120 1 15 8
2.764252 120 1 15 7
2.766252 120 1 14 7
2.768252 120 1 14 7
2.770252 120 1 14 6
2.772252 120 1 14 6
2.774252 120 1 14 5
2.776252 120 1 13 5
2.778252 120 1 13 4
2.780252 120 1 13 4
2.782252 120 1 13 4
2.784252 115 0 12 3
2.786252 107 0 11 3
2.788252 100 0 10 3
2.790252 93 0 10 3
2.792252 86 0 9 2
2.794252 79 0 8 2
2.796252 71 0 7 2
2.798252 64 0 7 2
2.800252 57 0 6 1
2.802252 50 0 5 1
2.804252 43 0 4 1
2.806252 35 0 3 1
2.808252 28 0 3 0
2.810252 21 0 2 0
2.812252 14 0 1 0
2.814252 7 0 0 0
2.816252 0 0 0 0
2.818252 0 0 0 0
2.820252 0 0 0 0
2.822252 0 0 0 0
2.824252 0 0 0 0
2.826252 0 0 0 0
2.828252 0 0 0 0
2.830252 0 0 0 0
2.832252 0 0 0 0
2.834252 0 0 0 0
2.836252 0 0 0 0
2.838252 0 0 0 0
2.840252 0 0 0 0
2.842252 0 0 0 0
2.844252 0 0 0 0
2.846252 0 0 0 0
2.848252 0 0 0 0
2.850252 0 0 0 0
2.852252 0 0 0 0
2.854252 0 0 0 0
2.856252 0 0 0 0
2.858252 0 0 0 0
2.860252 0 0 0 0
2.862252 0 0 0 0
2.864252 0 0 0 0
2.866252 0 0 0 0
2.868252 0 0 0 0
2.870252 0 0 0 0
2.872252 0 0 0 0
2.874252 0 0 0 0
2.876252 0 0 0 0
2.878252 0 0 0 0
2.880252 0 0 0 0
2.882252 0 0 0 0
2.884252 0 0 0 0
2.886252 0 0 0 0
2.888252 0 0 0 0
2.890252 0 0 0 0
2.892252 0 0 0 0
2.894252 0 0 0 0
2.896252 0 0 0 0
2.898252 0 0 0 0
2.900252 0 0 0 0
2.902252 0 0 0 0
2.904252 0 0 0 0
2.906252 0 0 0 0
2.908252 0 0 0 0
2.910252 0 0 0 0
2.912252 0 0 0 0
2.914252 0 0 0 0
2.916252 0 0 0 0
2.918252 0 0 0 0
2.920252 0 0 0 0
2.922252 0 0 0 0
2.924252 0 0 0 0
2.926252 0 0 0 0
2.928252 0 0 0 0
2.930252 0 0 0 0
2.932252 0 0 0 0
2.934252 0 0 0 0
2.936252 0 0 0 0
2.938252 0 0 0 0
2.940252 0 0 0 0
2.942252 0 0 0 0
2.944252 0 0 0 0
2.946252 0 0 0 0
2.948252 0 0 0 0
2.950252 0 0 0 0
2.952252 0 0 0 0
2.954252 0 0 0 0
2.956252 0 0 0 0
2.958252 0 0 0 0
2.960252 0 0 0 0
2.962252 0 0 0 0
2.964252 0 0 0 0
2.966252 0 0 0 0
2.968252 0 0 0 0
2.970252 0 0 0 0
2.972252 0 0 0 0
2.974252 0 0 0 0
2.976252 0 0 0 0
2.978252 0 0 0 0
2.980252 0 0 0 0
2.982252 0 0 0 0
2.984252 5 0 0 0
2.986252 14 0 1 0
2.988252 22 0 3 1
2.990252 31 0 4 1
2.992252 39 0 5 2
2.994252 48 0 6 2
2.996252 56 0 7 3
2.998252 65 0 8 3
3.000252 73 0 9 4
3.002252 81 0 11 4
3.004252 90 0 12 5
3.006252 98 0 13 5
3.008252 107 0 14 6
3.010252 115 0 15 6
3.012252 124 0 16 7
3.014252 132 0 17 7
3.016252 140 1 19 8
3.018252 140 1 19 8
3.020252 140 1 19 9
3.022252 140 1 19 9
3.024252 139 1 20 10
3.026252 139 1 20 10
3.028252 139 1 20 11
3.030252 138 1 21 11
3.032252 138 1 21 12
3.034252 138 1 21 12
3.036252 137 1 22 13
3.038252 137 1 22 13
3.040252 137 1 22 14
3.042252 137 1 22 15
3.044252 136 1 23 15
3.046252 136 1 23 16
3.048252 136 1 23 16
3.050252 136 1 23 17
3.052252 136 1 23 17
3.054252 136 1 23 18
3.056252 136 1 23 19
3.058252 136 1 23 20
3.060252 136 1 23 20
3.062252 136 1 23 21
3.064252 136 1 23 22
3.066252 136 1 22 23
3.068252 136 1 22 23
3.070252 136 1 22 24
3.072252 136 1 22 25
3.074252 136 1 22 25
3.076252 136 1 22 26
3.078252 136 1 22 27
3.080252 136 1 22 28
3.082252 136 1 22 28
3.084252 135 1 22 29
3.086252 135 1 22 29
3.088252 135 1 22 29
3.090252 135 1 22 30
3.092252 135 1 22 30
3.094252 135 1 23 30
3.096252 135 1 23 31
3.098252 135 1 23 31
3.100252 134 1 23 31
3.102252 134 1 23 31
3.104252 134 1 23 32
3.106252 134 1 24 32
3.108252 134 1 24 32
3.110252 134 1 24 33
3.112252 134 1 24 33
3.114252 134 1 24 33
3.116252 133 1 25 33
3.118252 133 1 25 33
3.120252 133 2 25 33
3.122252 133 3 26 33
3.124252 133 3 26 33
3.126252 133 4 26 33
3.128252 133 5 27 33
3.130252 133 6 27 33
3.132252 133 6 27 33
3.134252 133 7 28 33
3.136252 133 8 28 33
3.138252 133 8 28 33
3.140252 133 9 29 33
3.142252 133 10 29 33
3.144252 133 11 30 33
3.146252 133 11 30 33
3.148252 133 12 30 33
3.150252 133 13 31 32
3.152252 133 14 31 32
3.154252 133 15 31 32
3.156252 133 16 31 31
3.158252 133 17 31 31
3.160252 133 18 31 31
3.162252 134 19 31 30
3.164252 134 20 31 30
3.166252 134 21 31 29
3.168252 134 22 31 29
3.170252 134 23 31 29
3.172252 135 24 31 28
3.174252 135 25 31 28
3.176252 135 26 31 28
3.178252 135 27 31 27
3.180252 135 28 31 27
3.182252 135 29 31 27
3.184252 136 30 32 26
3.186252 136 31 32 26
3.188252 136 32 32 26
3.190252 137 33 32 25
3.192252 137 35 32 25
3.194252 138 36 32 24
3.196252 138 37 32 24
3.198252 138 38 32 24
3.200252 139 39 32 23
3.202252 139 40 32 23
3.204252 139 41 32 23
3.206252 140 42 32 22
3.208252 140 43 32 22
3.210252 140 44 32 22
3.212252 141 45 32 21
3.214252 141 46 32 21
3.216252 142 48 33 21
3.218252 142 48 33 21
3.220252 142 49 33 21
3.222252 143 50 33 21
3.224252 143 51 33 21
3.226252 144 51 33 21
3.228252 144 52 33 21
3.230252 145 53 33 21
3.232252 145 54 33 21
3.234252 146 55 33 21
3.236252 146 55 33 21
3.238252 147 56 33 21
3.240252 147 57 33 21
3.242252 148 58 33 21
3.244252 148 58 33 21
3.246252 149 59 33 21
3.248252 149 60 33 21
3.250252 150 61 32 21
3.252252 150 61 32 22
3.254252 150 61 32 23
3.256252 151 62 31 24
3.258252 151 62 31 25
3.260252 151 63 31 26
3.262252 151 63 30 27
3.264252 152 64 30 28
3.266252 152 64 29 29
3.268252 152 64 29 29
3.270252 153 65 29 30
3.272252 153 65 28 31
3.274252 153 66 28 32
3.276252 154 66 28 33
3.278252 154 67 27 34
3.280252 154 67 27 35
3.282252 154 67 27 36
3.284252 155 68 26 37
3.286252 156 68 26 38
3.288252 156 69 25 38
3.290252 157 69 25 39
3.292252 158 70 25 40
3.294252 158 71 24 40
3.296252 159 71 24 41
3.298252 160 72 23 42
3.300252 160 72 23 42
3.302252 161 73 22 43
3.304252 162 73 22 44
3.306252 162 74 22 44
3.308252 163 74 21 45
3.310252 164 75 21 46
3.312252 164 75 20 46
3.314252 165 76 20 47
3.316252 166 77 20 48
3.318252 166 77 20 48
3.320252 167 78 20 48
3.322252 167 79 20 48
3.324252 168 80 20 48
3.326252 168 81 20 48
3.328252 169 82 20 48
3.330252 169 83 20 48
3.332252 170 84 20 48
3.334252 170 85 20 48
3.336252 171 86 20 48
3.338252 171 87 20 48
3.340252 172 88 20 48
3.342252 173 89 20 48
3.344252 173 90 20 48
3.346252 174 91 20 48
3.348252 174 92 20 48
3.350252 175 93 20 48
3.352252 175 93 20 48
3.354252 175 93 20 48
3.356252 176 93 20 49
3.358252 176 93 20 49
3.360252 177 93 20 49
3.362252 177 94 20 50
3.364252 178 94 20 50
3.366252 178 94 20 51
3.368252 178 94 20 51
3.370252 179 94 20 51
3.372252 179 95 20 52
3.374252 180 95 20 52
3.376252 180 95 20 52
3.378252 181 95 20 53
3.380252 181 95 20 53
3.382252 181 95 20 53
3.384252 182 96 20 54
3.386252 182 96 20 54
3.388252 182 96 20 54
3.390252 183 97 20 54
3.392252 183 97 20 54
3.394252 184 98 20 54
3.396252 184 98 20 54
3.398252 184 98 20 54
3.400252 185 99 20 54
3.402252 185 99 20 54
3.404252 185 99 20 54
3.406252 186 100 20 54
3.408252 186 100 20 54
3.410252 186 100 20 54
3.412252 187 101 20 54
3.414252 187 101 20 54
3.416252 188 102 20 55
3.418252 188 102 20 55
3.420252 188 102 20 55
3.422252 188 102 20 55
3.424252 188 103 20 55
3.426252 188 103 20 55
3.428252 189 103 20 55
3.430252 189 104 20 55
3.432252 189 104 20 55
3.434252 189 104 20 55
3.436252 189 105 20 55
3.438252 189 105 20 55
3.440252 190 105 20 55
3.442252 190 105 20 55
3.444252 190 106 20 55
3.446252 190 106 20 55
3.448252 190 106 20 55
3.450252 191 107 20 55
3.452252 191 107 20 55
3.454252 191 107 20 55
3.456252 191 108 20 54
3.458252 191 108 20 54
3.460252 191 108 20 54
3.462252 191 108 20 54
3.464252 191 109 20 53
3.466252 191 109 20 53
3.468252 191 109 20 53
3.470252 191 110 20 52
3.472252 191 110 20 52
3.474252 191 110 20 52
3.476252 191 111 20 51
3.478252 191 111 20 51
3.480252 191 111 20 51
3.482252 191 111 20 51
3.484252 191 112 21 51
3.486252 191 112 21 51
3.488252 191 112 21 51
3.490252 191 113 21 51
3.492252 191 113 21 51
3.494252 191 113 21 51
3.496252 191 114 21 51
3.498252 191 114 21 51
3.500252 191 114 21 51
3.502252 191 114 21 51
3.504252 191 115 21 51
3.506252 191 115 21 51
3.508252 191 115 21 51
3.510252 191 116 21 51
3.512252 191 116 21 51
3.514252 191 116 21 51
3.516252 192 117 21 51
3.518252 192 117 21 51
3.520252 192 117 21 51
3.522252 192 117 21 51
3.524252 192 117 21 51
3.526252 192 117 21 51
3.528252 192 117 21 51
3.530252 192 117 21 51
3.532252 192 117 21 51
3.534252 192 117 21 51
3.536252 192 117 21 51
3.538252 192 117 21 51
3.540252 192 117 21 51
3.542252 192 117 21 51
3.544252 192 117 21 51
3.546252 192 117 21 51
3.548252 192 117 21 51
3.550252 192 117 21 51
3.552252 192 117 21 51
3.554252 192 117 21 51
3.556252 192 117 21 51
3.558252 192 117 21 51
3.560252 192 117 21 51
3.562252 192 117 21 51
3.564252 192 117 21 51
3.566252 192 117 21 51
3.568252 192 117 21 51
3.570252 192 117 21 51
3.572252 192 117 21 51
3.574252 192 117 21 51
3.576252 192 117 21 51
3.578252 192 117 21 51
3.580252 192 117 21 51
3.582252 192 117 21 51
3.584252 191 117 21 51
3.586252 191 117 21 51
3.588252 191 117 21 51
3.590252 191 117 21 51
3.592252 191 117 21 51
3.594252 190 117 21 51
3.596252 190 117 21 51
3.598252 190 117 21 51
3.600252 190 117 21 51
3.602252 190 117 21 51
3.604252 190 117 21 51
3.606252 189 117 21 51
3.608252 189 117 21 51
3.610252 189 117 21 51
3.612252 189 117 21 51
3.614252 189 117 21 51
3.616252 188 116 21 51
3.618252 188 116 21 51
3.620252 188 116 21 51
3.622252 188 116 21 51
3.624252 188 116 21 51
3.626252 187 116 21 51
3.628252 187 115 21 51
3.630252 187 115 21 51
3.632252 187 115 21 51
3.634252 186 115 21 51
3.636252 186 115 21 51
3.638252 186 115 21 51
3.640252 186 114 21 51
3.642252 185 114 21 51
3.644252 185 114 21 51
3.646252 185 114 21 51
3.648252 185 114 21 51
3.650252 184 113 21 51
3.652252 184 113 21 51
3.654252 184 113 21 51
3.656252 184 113 21 51
3.658252 184 112 21 51
3.660252 184 112 21 51
3.662252 183 112 21 51
3.664252 183 112 21 51
3.666252 183 111 21 51
3.668252 183 111 21 51
3.670252 183 111 21 51
3.672252 182 111 21 51
3.674252 182 111 21 51
3.676252 182 110 21 51
3.678252 182 110 21 51
3.680252 182 110 21 51
3.682252 182 110 21 51
3.684252 181 109 21 51
3.686252 181 109 21 51
3.688252 181 109 21 51
3.690252 180 108 21 51
3.692252 180 108 21 51
3.694252 180 107 21 51
3.696252 179 107 21 51
3.698252 179 107 21 51
3.700252 179 106 21 51
3.702252 179 106 21 51
3.704252 178 106 21 51
3.706252 178 105 21 51
3.708252 178 105 21 51
3.710252 177 105 21 51
3.712252 177 104 21 51
3.714252 177 104 21 51
3.716252 176 103 21 51
3.718252 176 103 21 51
3.720252 176 102 21 51
3.722252 175 101 22 51
3.724252 175 101 22 51
3.726252 174 100 23 51
3.728252 174 100 23 51
3.730252 174 99 23 51
3.732252 173 98 24 51
3.734252 173 98 24 51
3.736252 172 97 25 51
3.738252 172 96 25 51
3.740252 171 96 26 51
3.742252 171 95 26 51
3.744252 171 94 26 51
3.746252 170 94 27 51
3.748252 170 93 27 51
3.750252 169 92 28 52
3.752252 169 91 28 52
3.754252 168 91 28 52
3.756252 168 90 28 52
3.758252 167 89 29 52
3.760252 167 88 29 52
3.762252 166 88 29 52
3.764252 166 87 29 52
3.766252 165 86 30 52
3.768252 165 85 30 52
3.770252 165 84 30 52
3.772252 164 84 30 52
3.774252 164 83 30 52
3.776252 163 82 31 52
3.778252 163 81 31 52
3.780252 162 81 31 52
3.782252 162 80 31 52
3.784252 161 79 32 51
3.786252 160 78 33 50
3.788252 159 78 33 50
3.790252 159 77 34 49
3.792252 158 76 35 48
3.794252 157 76 35 48
3.796252 156 75 36 47
3.798252 155 74 37 46
3.800252 155 74 37 46
3.802252 154 73 38 45
3.804252 153 72 39 44
3.806252 152 72 39 44
3.808252 152 71 40 43
3.810252 151 70 41 42
3.812252 150 70 41 42
3.814252 149 69 42 41
3.816252 149 68 43 40
3.818252 149 68 43 39
3.820252 149 68 43 38
3.822252 149 68 43 37
3.824252 149 68 43 36
3.826252 149 67 43 35
3.828252 149 67 43 34
3.830252 149 67 43 33
3.832252 149 67 43 32
3.834252 149 66 43 31
3.836252 149 66 43 30
3.838252 149 66 43 29
3.840252 149 66 43 27
3.842252 149 65 43 26
3.844252 149 65 43 25
3.846252 149 65 43 24
3.848252 149 65 43 23
3.850252 148 64 43 23
3.852252 148 64 43 23
3.854252 148 63 43 23
3.856252 148 62 43 23
3.858252 148 62 43 23
3.860252 148 61 43 23
3.862252 148 61 43 23
3.864252 148 60 43 23
3.866252 148 59 43 23
3.868252 148 59 43 23
3.870252 148 58 43 23
3.872252 148 58 43 23
3.874252 148 57 43 23
3.876252 148 56 43 23
3.878252 148 56 43 23
3.880252 148 55 43 23
3.882252 148 55 43 23
3.884252 147 54 43 23
3.886252 147 53 43 24
3.888252 147 52 43 24
3.890252 147 52 43 25
3.892252 147 51 43 25
3.894252 147 50 43 26
3.896252 147 49 43 27
3.898252 147 48 43 27
3.900252 146 48 44 28
3.902252 146 47 44 28
3.904252 146 46 44 29
3.906252 146 45 44 30
3.908252 146 45 44 30
3.910252 146 44 44 31
3.912252 146 43 44 31
3.914252 146 42 44 32
3.916252 146 41 44 33
3.918252 146 41 44 33
3.920252 146 40 44 33
3.922252 146 39 44 34
3.924252 146 38 44 34
3.926252 146 38 43 34
3.928252 146 37 43 35
3.930252 146 36 43 35
3.932252 146 35 43 35
3.934252 147 34 42 36
3.936252 147 34 42 36
3.938252 147 33 42 36
3.940252 147 32 42 37
3.942252 147 31 41 37
3.944252 147 31 41 38
3.946252 147 30 41 38
3.948252 147 29 41 38
3.950252 148 28 40 39
3.952252 148 28 40 39
3.954252 148 28 40 39
3.956252 149 27 39 40
3.958252 149 27 39 40
3.960252 149 27 39 40
3.962252 149 26 39 41
3.964252 150 26 38 41
3.966252 150 25 38 42
3.968252 150 25 38 42
3.970252 151 25 37 42
3.972252 151 24 37 43
3.974252 151 24 37 43
3.976252 152 24 36 43
3.978252 152 23 36 44
3.980252 152 23 36 44
3.982252 152 23 36 44
3.984252 153 22 35 45
3.986252 153 22 35 45
3.988252 153 21 34 45
3.990252 154 21 34 45
3.992252 154 21 33 45
3.994252 154 20 33 45
3.996252 155 20 32 45
3.998252 155 19 32 45
4.000252 155 19 31 45
4.002252 155 18 31 45
4.004252 156 18 30 45
4.006252 156 18 30 45
4.008252 156 17 29 45
4.010252 157 17 29 45
4.012252 157 16 28 45
4.014252 157 16 28 45
4.016252 158 16 27 45
4.018252 158 16 27 45
4.020252 158 16 27 45
4.022252 158 16 26 44
4.024252 158 16 26 44
4.026252 158 16 25 44
4.028252 159 16 25 43
4.030252 159 16 25 43
4.032252 159 16 24 43
4.034252 159 16 24 42
4.036252 159 16 23 42
4.038252 159 16 23 42
4.040252 160 16 22 41
4.042252 160 16 22 41
4.044252 160 16 22 40
4.046252 160 16 21 40
4.048252 160 16 21 40
4.050252 161 16 21 40
4.052252 161 16 21 40
4.054252 161 16 21 40
4.056252 161 16 21 40
4.058252 161 16 21 40
4.060252 161 16 21 40
4.062252 161 16 21 40
4.064252 161 16 21 40
4.066252 161 16 21 40
4.068252 161 16 21 40
4.070252 161 16 21 40
4.072252 161 16 21 40
4.074252 161 16 21 40
4.076252 161 16 21 40
4.078252 161 16 21 40
4.080252 161 16 21 40
4.082252 161 16 21 40
4.084252 160 16 21 39
4.086252 159 16 22 39
4.088252 159 16 22 39
4.090252 158 16 23 39
4.092252 158 16 23 39
4.094252 157 16 24 39
4.096252 156 16 25 39
4.098252 156 16 25 39
4.100252 155 16 26 39
4.102252 155 16 26 39
4.104252 154 16 27 39
4.106252 153 16 28 39
4.108252 153 16 28 39
4.110252 152 16 29 39
4.112252 152 16 29 39
4.114252 151 16 30 39
4.116252 150 16 31 38
4.118252 150 16 31 38
4.120252 150 16 31 38
4.122252 150 17 31 37
4.124252 150 17 31 37
4.126252 149 18 32 36
4.128252 149 18 32 36
4.130252 149 18 32 36
4.132252 149 19 32 35
4.134252 148 19 33 35
4.136252 148 20 33 34
4.138252 148 20 33 34
4.140252 148 21 33 33
4.142252 147 21 34 33
4.144252 147 21 34 33
4.146252 147 22 34 32
4.148252 147 22 34 32
4.150252 146 23 35 31
4.152252 146 23 35 31
4.154252 146 24 35 31
4.156252 145 25 36 30
4.158252 145 25 36 30
4.160252 145 26 36 30
4.162252 145 26 37 30
4.164252 144 27 37 29
4.166252 144 28 38 29
4.168252 144 28 38 29
4.170252 143 29 38 28
4.172252 143 29 39 28
4.174252 143 30 39 28
4.176252 142 31 39 27
4.178252 142 31 40 27
4.180252 142 32 40 27
4.182252 142 32 40 27
4.184252 141 33 41 26
4.186252 141 33 41 26
4.188252 141 34 41 25
4.190252 141 35 41 25
4.192252 141 35 41 25
4.194252 141 36 41 24
4.196252 141 36 41 24
4.198252 141 37 41 23
4.200252 141 37 41 23
4.202252 141 38 41 22
4.204252 141 38 41 22
4.206252 141 39 41 22
4.208252 141 39 41 21
4.210252 141 40 41 21
4.212252 141 40 41 20
4.214252 141 41 41 20
4.216252 140 42 41 19
4.218252 140 42 41 19
4.220252 140 43 41 19
4.222252 140 44 42 19
4.224252 140 45 42 19
4.226252 139 46 42 19
4.228252 139 47 43 19
4.230252 139 47 43 19
4.232252 139 48 43 19
4.234252 138 49 44 18
4.236252 138 50 44 18
4.238252 138 51 44 18
4.240252 138 52 45 18
4.242252 137 52 45 18
4.244252 137 53 46 18
4.246252 137 54 46 18
4.248252 137 55 46 18
4.250252 136 56 47 18
4.252252 136 56 47 18
4.254252 136 57 47 18
4.256252 136 57 47 18
4.258252 135 58 48 18
4.260252 135 58 48 18
4.262252 135 59 48 18
4.264252 135 59 48 18
4.266252 134 60 49 18
4.268252 134 61 49 18
4.270252 134 61 49 18
4.272252 134 62 49 18
4.274252 134 62 49 18
4.276252 133 63 50 18
4.278252 133 63 50 18
4.280252 133 64 50 18
4.282252 133 64 50 18
4.284252 132 65 51 18
4.286252 132 66 51 18
4.288252 132 66 51 18
4.290252 132 67 51 18
4.292252 132 68 51 18
4.294252 132 68 51 18
4.296252 132 69 51 18
4.298252 132 70 51 18
4.300252 132 70 51 18
4.302252 132 71 51 18
4.304252 132 72 51 18
4.306252 132 72 51 18
4.308252 132 73 51 18
4.310252 132 74 51 18
4.312252 132 74 51 18
4.314252 132 75 51 18
4.316252 132 76 51 18
4.318252 132 76 51 18
4.320252 132 77 51 18
4.322252 132 77 51 18
4.324252 132 78 51 18
4.326252 132 78 51 18
4.328252 132 79 51 18
4.330252 132 79 51 18
4.332252 132 80 51 18
4.334252 132 80 51 18
4.336252 132 81 51 18
4.338252 132 81 51 18
4.340252 132 82 51 18
4.342252 132 83 51 18
4.344252 132 83 51 18
4.346252 132 84 51 18
4.348252 132 84 51 18
4.350252 132 85 50 18
4.352252 132 85 50 18
4.354252 132 85 50 19
4.356252 132 86 50 19
4.358252 132 86 50 20
4.360252 132 87 50 20
4.362252 132 87 50 21
4.364252 132 88 50 21
4.366252 132 88 49 22
4.368252 132 88 49 23
4.370252 132 89 49 23
4.372252 132 89 49 24
4.374252 132 90 49 24
4.376252 132 90 49 25
4.378252 132 91 49 25
4.380252 132 91 49 26
4.382252 132 91 49 26
4.384252 132 92 48 27
4.386252 132 93 48 27
4.388252 133 93 48 27
4.390252 133 94 48 27
4.392252 133 94 47 27
4.394252 134 95 47 28
4.396252 134 96 47 28
4.398252 135 96 47 28
4.400252 135 97 46 28
4.402252 136 97 46 28
4.404252 136 98 46 28
4.406252 136 99 46 29
4.408252 137 99 45 29
4.410252 137 100 45 29
4.412252 138 100 45 29
4.414252 138 101 45 29
4.416252 139 102 44 30
4.418252 139 102 44 30
4.420252 139 102 44 30
4.422252 140 103 44 30
4.424252 140 103 44 31
4.426252 140 103 44 31
4.428252 141 104 44 31
4.430252 141 104 44 32
4.432252 141 104 44 32
4.434252 142 105 44 32
4.436252 142 105 44 33
4.438252 142 105 44 33
4.440252 143 106 44 33
4.442252 143 106 44 33
4.444252 144 107 44 34
4.446252 144 107 44 34
4.448252 144 107 44 34
4.450252 145 108 43 35
4.452252 145 108 43 35
4.454252 146 109 43 35
4.456252 146 109 43 36
4.458252 147 110 43 36
4.460252 147 110 43 36
4.462252 148 111 43 37
4.464252 148 111 43 37
4.466252 149 112 43 38
4.468252 149 113 43 38
4.470252 149 113 43 38
4.472252 150 114 43 39
4.474252 150 114 43 39
4.476252 151 115 43 39
4.478252 151 115 43 40
4.480252 152 116 43 40
4.482252 152 116 43 40
4.484252 153 117 42 41
4.486252 154 118 42 41
4.488252 155 119 41 41
4.490252 156 120 41 41
4.492252 157 121 40 41
4.494252 158 122 40 41
4.496252 159 123 39 41
4.498252 159 123 39 41
4.500252 160 124 38 41
4.502252 161 125 38 41
4.504252 162 126 37 41
4.506252 163 127 37 41
4.508252 164 128 36 41
4.510252 165 129 36 41
4.512252 166 130 35 41
4.514252 167 131 35 41
4.516252 168 132 34 41
4.518252 169 132 34 41
4.520252 170 132 34 41
4.522252 171 133 33 42
4.524252 172 133 33 42
4.526252 173 134 32 42
4.528252 174 134 32 43
4.530252 175 134 31 43
4.532252 176 135 31 43
4.534252 177 135 30 44
4.536252 178 136 30 44
4.538252 179 136 29 44
4.540252 180 137 29 45
4.542252 181 137 28 45
4.544252 182 137 28 46
4.546252 183 138 27 46
4.548252 184 138 27 46
4.550252 185 139 26 47
4.552252 185 140 26 47
4.554252 186 140 26 47
4.556252 187 141 26 47
4.558252 187 142 25 47
4.560252 188 143 25 47
4.562252 189 143 25 47
4.564252 189 144 25 47
4.566252 190 145 24 47
4.568252 191 146 24 47
4.570252 191 147 24 47
4.572252 192 147 24 47
4.574252 193 148 24 47
4.576252 193 149 23 47
4.578252 194 150 23 47
4.580252 195 151 23 47
4.582252 195 151 23 47
4.584252 196 152 23 47
4.586252 196 152 23 47
4.588252 197 152 23 47
4.590252 197 153 23 47
4.592252 198 153 23 47
4.594252 198 154 23 47
4.596252 199 154 23 47
4.598252 199 154 23 47
4.600252 200 155 23 47
4.602252 200 155 23 47
4.604252 201 155 23 47
4.606252 201 156 23 47
4.608252 202 156 23 47
4.610252 202 156 23 47
4.612252 203 157 23 47
4.614252 203 157 23 47
4.616252 204 158 23 47
4.618252 204 158 23 47
4.620252 204 159 23 47
4.622252 205 159 23 47
4.624252 205 160 23 47
4.626252 206 160 23 47
4.628252 206 161 23 47
4.630252 206 161 23 47
4.632252 207 162 23 47
4.634252 207 162 23 47
4.636252 208 163 23 47
4.638252 208 163 23 47
4.640252 209 164 23 47
4.642252 209 165 23 47
4.644252 209 165 23 47
4.646252 210 166 23 47
4.648252 210 166 23 47
4.650252 211 167 22 47
4.652252 211 167 22 47
4.654252 212 167 22 47
4.656252 212 167 22 47
4.658252 212 168 22 47
4.660252 213 168 22 47
4.662252 213 168 22 47
4.664252 214 168 22 47
4.666252 214 169 21 48
4.668252 214 169 21 48
4.670252 215 169 21 48
4.672252 215 169 21 48
4.674252 216 169 21 48
4.676252 216 170 21 48
4.678252 217 170 21 48
4.680252 217 170 21 48
4.682252 217 170 21 48
4.684252 218 171 20 49
4.686252 218 171 20 49
4.688252 218 171 20 49
4.690252 219 171 20 49
4.692252 219 172 20 49
4.694252 219 172 20 49
4.696252 220 172 20 49
4.698252 220 172 20 49
4.700252 220 173 19 49
4.702252 220 173 19 49
4.704252 221 173 19 49
4.706252 221 173 19 49
4.708252 221 174 19 49
4.710252 222 174 19 49
4.712252 222 174 19 49
4.714252 222 174 19 49
4.716252 223 175 18 49
4.718252 223 175 18 49
4.720252 223 175 18 49
4.722252 223 175 18 49
4.724252 224 176 18 49
4.726252 224 176 18 48
4.728252 224 176 18 48
4.730252 225 177 18 48
4.732252 225 177 18 48
4.734252 225 177 17 47
4.736252 226 178 17 47
4.738252 226 178 17 47
4.740252 226 178 17 47
4.742252 226 178 17 46
4.744252 227 179 17 46
4.746252 227 179 17 46
4.748252 227 179 17 46
4.750252 228 180 17 46
4.752252 228 180 17 46
4.754252 228 180 17 46
4.756252 228 180 17 46
4.758252 228 180 17 46
4.760252 228 180 17 46
4.762252 229 180 17 47
4.764252 229 180 17 47
4.766252 229 181 18 47
4.768252 229 181 18 47
4.770252 229 181 18 47
4.772252 230 181 18 48
4.774252 230 181 18 48
4.776252 230 181 18 48
4.778252 230 181 18 48
4.780252 230 181 18 48
4.782252 230 181 18 48
4.784252 231 181 19 49
4.786252 231 181 19 49
4.788252 231 181 19 49
4.790252 231 181 19 50
4.792252 231 181 19 50
4.794252 231 181 19 51
4.796252 231 181 19 51
4.798252 231 181 19 51
4.800252 232 180 19 52
4.802252 232 180 19 52
4.804252 232 180 19 52
4.806252 232 180 19 53
4.808252 232 180 19 53
4.810252 232 180 19 53
4.812252 232 180 19 54
4.814252 232 180 19 54
4.816252 233 180 19 55
4.818252 233 180 19 55
4.820252 233 180 19 55
4.822252 233 180 19 55
4.824252 233 180 19 55
4.826252 233 180 19 55
4.828252 233 180 19 55
4.830252 233 180 19 55
4.832252 233 180 19 55
4.834252 233 180 19 55
4.836252 233 180 19 55
4.838252 233 180 19 55
4.840252 233 180 19 55
4.842252 233 180 19 55
4.844252 233 180 19 55
4.846252 233 180 19 55
4.848252 233 180 19 55
4.850252 233 181 19 54
4.852252 233 181 19 54
4.854252 233 181 19 54
4.856252 233 181 19 53
4.858252 233 182 20 53
4.860252 233 182 20 53
4.862252 232 182 20 53
4.864252 232 182 20 52
4.866252 232 183 21 52
4.868252 232 183 21 52
4.870252 232 183 21 51
4.872252 231 183 21 51
4.874252 231 183 21 51
4.876252 231 184 22 50
4.878252 231 184 22 50
4.880252 231 184 22 50
4.882252 231 184 22 50
4.884252 230 184 23 50
4.886252 230 184 23 50
4.888252 230 184 23 50
4.890252 230 184 23 50
4.892252 230 183 23 51
4.894252 229 183 23 51
4.896252 229 183 23 51
4.898252 229 183 23 51
4.900252 229 182 23 52
4.902252 229 182 23 52
4.904252 229 182 23 52
4.906252 228 182 23 52
4.908252 228 181 23 53
4.910252 228 181 23 53
4.912252 228 181 23 53
4.914252 228 181 23 53
4.916252 227 180 22 54
4.918252 227 180 22 54
4.920252 227 180 22 54
4.922252 227 180 22 54
4.924252 227 180 22 54
4.926252 227 180 22 54
4.928252 226 180 22 54
4.930252 226 180 22 54
4.932252 226 180 22 54
4.934252 226 180 22 54
4.936252 226 180 22 54
4.938252 226 180 22 54
4.940252 225 180 22 54
4.942252 225 180 22 54
4.944252 225 180 22 54
4.946252 225 180 22 54
4.948252 225 180 22 54
4.950252 224 179 22 54
4.952252 224 179 22 54
4.954252 224 179 22 54
4.956252 223 179 22 54
4.958252 223 179 22 54
4.960252 223 179 22 54
4.962252 223 179 22 54
4.964252 222 179 22 54
4.966252 222 179 22 54
4.968252 222 179 22 54
4.970252 221 179 22 54
4.972252 221 179 22 54
4.974252 221 179 22 54
4.976252 220 179 22 54
4.978252 220 179 22 54
4.980252 220 179 22 54
4.982252 220 179 22 54
4.984252 219 178 22 54
4.986252 219 178 22 54
4.988252 218 178 22 54
4.990252 218 177 22 54
4.992252 218 177 22 54
4.994252 217 176 22 54
4.996252 217 176 22 54
4.998252 216 176 22 54
5.000252 216 175 22 54
5.002252 215 175 22 54
5.004252 215 175 22 54
5.006252 215 174 22 54
5.008252 214 174 22 54
5.010252 214 174 22 54
5.012252 213 173 22 54
5.014252 213 173 22 54
5.016252 212 172 23 54
5.018252 212 172 23 54
5.020252 211 172 23 54
5.022252 210 171 23 54
5.024252 210 171 24 54
5.026252 209 171 24 54
5.028252 208 170 24 55
5.030252 207 170 25 55
5.032252 207 170 25 55
5.034252 206 169 25 55
5.036252 205 169 26 55
5.038252 205 169 26 55
5.040252 204 168 26 56
5.042252 203 168 26 56
5.044252 202 167 27 56
5.046252 202 167 27 56
5.048252 201 167 27 56
5.050252 200 166 28 57
5.052252 200 165 28 57
5.054252 199 165 28 57
5.056252 198 164 29 57
5.058252 198 163 29 57
5.060252 197 163 29 57
5.062252 197 162 29 57
5.064252 196 161 30 57
5.066252 195 160 30 57
5.068252 195 160 30 57
5.070252 194 159 31 57
5.072252 194 158 31 57
5.074252 193 158 31 57
5.076252 192 157 32 57
5.078252 192 156 32 57
5.080252 191 155 32 57
5.082252 191 155 32 57
5.084252 190 154 33 56
5.086252 190 154 33 56
5.088252 189 153 33 56
5.090252 188 152 33 55
5.092252 188 152 33 55
5.094252 187 151 33 55
5.096252 187 151 33 54
5.098252 186 150 33 54
5.100252 186 150 34 54
5.102252 185 149 34 54
5.104252 185 149 34 53
5.106252 184 148 34 53
5.108252 184 148 34 53
5.110252 183 147 34 52
5.112252 183 147 34 52
5.114252 182 146 34 52
5.116252 181 145 35 51
5.118252 181 145 35 51
5.120252 180 144 35 51
5.122252 180 144 35 51
5.124252 179 143 35 51
5.126252 179 142 35 50
5.128252 178 142 35 50
5.130252 178 141 35 50
5.132252 177 141 35 50
5.134252 177 140 35 49
5.136252 176 139 35 49
5.138252 176 139 35 49
5.140252 175 138 35 49
5.142252 174 138 35 48
5.144252 174 137 35 48
5.146252 173 136 35 48
5.148252 173 136 35 48
5.150252 172 135 36 47
5.152252 172 135 36 47
5.154252 171 134 36 47
5.156252 171 133 36 46
5.158252 170 132 36 46
5.160252 170 132 36 46
5.162252 169 131 36 45
5.164252 169 130 36 45
5.166252 168 129 36 44
5.168252 168 129 36 44
5.170252 168 128 36 44
5.172252 167 127 36 43
5.174252 167 127 36 43
5.176252 166 126 36 43
5.178252 166 125 36 42
5.180252 165 124 36 42
5.182252 165 124 36 42
5.184252 164 123 37 41
5.186252 163 122 38 40
5.188252 163 122 38 39
5.190252 162 121 39 38
5.192252 162 121 40 37
5.194252 161 120 41 36
5.196252 160 119 41 35
5.198252 160 119 42 35
5.200252 159 118 43 34
5.202252 159 118 44 33
5.204252 158 117 44 32
5.206252 157 116 45 31
5.208252 157 116 46 30
5.210252 156 115 46 29
5.212252 156 115 47 28
5.214252 155 114 48 27
5.216252 154 113 48 26
5.218252 154 113 48 26
5.220252 154 112 48 26
5.222252 154 112 48 25
5.224252 154 111 48 25
5.226252 154 111 48 24
5.228252 154 110 48 24
5.230252 154 110 48 24
5.232252 154 109 48 23
5.234252 153 109 47 23
5.236252 153 108 47 22
5.238252 153 108 47 22
5.240252 153 107 47 21
5.242252 153 106 47 21
5.244252 153 106 47 21
5.246252 153 105 47 20
5.248252 153 105 47 20
5.250252 153 104 46 20
5.252252 153 103 46 20
5.254252 153 102 46 20
5.256252 153 102 46 21
5.258252 153 101 46 21
5.260252 153 100 46 21
5.262252 153 99 46 21
5.264252 153 98 46 22
5.266252 153 97 45 22
5.268252 153 97 45 22
5.270252 153 96 45 23
5.272252 153 95 45 23
5.274252 153 94 45 23
5.276252 153 93 45 24
5.278252 153 92 45 24
5.280252 153 92 45 24
5.282252 153 91 45 24
5.284252 153 90 44 25
5.286252 153 89 44 25
5.288252 153 88 44 26
5.290252 153 87 44 26
5.292252 153 86 44 27
5.294252 153 85 44 27
5.296252 153 84 44 28
5.298252 153 83 44 28
5.300252 153 82 43 29
5.302252 153 81 43 29
5.304252 153 80 43 30
5.306252 153 79 43 30
5.308252 153 78 43 31
5.310252 153 77 43 31
5.312252 153 76 43 32
5.314252 153 75 43 32
5.316252 154 74 42 33
5.318252 154 74 42 33
5.320252 154 73 42 33
5.322252 154 72 42 33
5.324252 154 72 42 33
5.326252 154 71 42 33
5.328252 154 70 41 33
5.330252 154 69 41 33
5.332252 154 69 41 33
5.334252 154 68 41 34
5.336252 154 67 41 34
5.338252 154 67 41 34
5.340252 154 66 40 34
5.342252 154 65 40 34
5.344252 154 64 40 34
5.346252 154 64 40 34
5.348252 154 63 40 34
5.350252 155 62 39 35
5.352252 155 62 39 35
5.354252 155 61 38 35
5.356252 155 61 38 35
5.358252 155 60 37 36
5.360252 155 60 37 36
5.362252 155 59 36 36
5.364252 155 59 36 36
5.366252 156 58 35 37
5.368252 156 58 35 37
5.370252 156 58 35 37
5.372252 156 57 34 37
5.374252 156 57 34 37
5.376252 156 56 33 38
5.378252 156 56 33 38
5.380252 156 55 32 38
5.382252 156 55 32 38
5.384252 157 54 32 39
5.386252 157 54 32 39
5.388252 157 53 32 40
5.390252 157 53 32 40
5.392252 157 52 32 41
5.394252 157 52 32 41
5.396252 157 51 32 42
5.398252 157 51 32 42
5.400252 157 50 32 43
5.402252 157 50 32 43
5.404252 157 49 32 44
5.406252 157 49 32 44
5.408252 157 48 32 45
5.410252 157 48 32 45
5.412252 157 47 32 46
5.414252 157 47 32 46
5.416252 157 47 31 46
5.418252 157 47 31 46
5.420252 157 47 30 46
5.422252 157 47 29 46
5.424252 158 47 28 46
5.426252 158 47 27 45
5.428252 158 47 26 45
5.430252 159 47 26 45
5.432252 159 47 25 45
5.434252 159 47 24 44
5.436252 160 47 23 44
5.438252 160 47 22 44
5.440252 160 47 21 44
5.442252 160 47 21 43
5.444252 161 47 20 43
5.446252 161 47 19 43
5.448252 161 47 18 43
5.450252 162 46 17 43
5.452252 162 46 17 43
5.454252 162 46 17 43
5.456252 162 46 17 43
5.458252 162 45 17 43
5.460252 162 45 17 43
5.462252 162 45 17 43
5.464252 162 45 17 43
5.466252 162 44 17 43
5.468252 162 44 17 43
5.470252 162 44 17 43
5.472252 162 44 17 43
5.474252 162 44 17 43
5.476252 162 43 17 43
5.478252 162 43 17 43
5.480252 162 43 17 43
5.482252 162 43 17 43
5.484252 162 43 17 43
5.486252 162 43 17 43
5.488252 162 43 17 43
5.490252 162 43 18 42
5.492252 162 43 18 42
5.494252 161 44 18 41
5.496252 161 44 19 41
5.498252 161 44 19 41
5.500252 161 44 19 40
5.502252 161 44 19 40
5.504252 161 44 20 40
5.506252 160 45 20 39
5.508252 160 45 20 39
5.510252 160 45 21 39
5.512252 160 45 21 38
5.514252 160 45 21 38
5.516252 159 46 22 37
5.518252 159 46 22 37
5.520252 159 46 22 37
5.522252 159 46 23 37
5.524252 159 46 23 37
5.526252 159 46 23 37
5.528252 158 46 24 37
5.530252 158 46 24 37
5.532252 158 46 24 37
5.534252 158 46 25 36
5.536252 158 46 25 36
5.538252 158 46 25 36
5.540252 157 46 26 36
5.542252 157 46 26 36
5.544252 157 46 27 36
5.546252 157 46 27 36
5.548252 157 46 27 36
5.550252 156 47 28 35
5.552252 156 47 28 35
5.554252 156 47 28 35
5.556252 155 48 28 34
5.558252 155 48 29 34
5.560252 155 48 29 34
5.562252 155 49 29 33
5.564252 154 49 29 33
5.566252 154 50 30 32
5.568252 154 50 30 32
5.570252 153 50 30 32
5.572252 153 51 30 31
5.574252 153 51 30 31
5.576252 152 51 31 31
5.578252 152 52 31 30
5.580252 152 52 31 30
5.582252 152 52 31 30
5.584252 151 53 32 29
5.586252 151 53 32 29
5.588252 151 54 32 29
5.590252 151 54 32 28
5.592252 151 54 32 28
5.594252 151 55 33 28
5.596252 151 55 33 27
5.598252 151 56 33 27
5.600252 151 56 33 27
5.602252 151 57 33 27
5.604252 151 57 33 26
5.606252 151 57 34 26
5.608252 151 58 34 26
5.610252 151 58 34 25
5.612252 151 59 34 25
5.614252 151 59 34 25
5.616252 150 60 35 24
5.618252 150 60 35 24
5.620252 150 61 35 24
5.622252 150 61 36 24
5.624252 149 62 36 24
5.626252 149 63 37 24
5.628252 149 63 37 24
5.630252 148 64 37 24
5.632252 148 64 38 24
5.634252 148 65 38 24
5.636252 147 66 39 24
5.638252 147 66 39 24
5.640252 147 67 40 24
5.642252 147 67 40 24
5.644252 146 68 40 24
5.646252 146 69 41 24
5.648252 146 69 41 24
5.650252 145 70 42 23
5.652252 145 70 42 23
5.654252 145 71 43 23
5.656252 145 72 43 23
5.658252 145 72 43 23
5.660252 145 73 44 23
5.662252 144 74 44 23
5.664252 144 74 45 23
5.666252 144 75 45 22
5.668252 144 76 45 22
5.670252 144 76 46 22
5.672252 143 77 46 22
5.674252 143 78 47 22
5.676252 143 78 47 22
5.678252 143 79 48 22
5.680252 143 80 48 22
5.682252 143 80 48 22
5.684252 142 81 49 21
5.686252 142 82 49 21
5.688252 142 82 49 21
5.690252 142 83 49 21
5.692252 142 83 49 21
5.694252 142 84 50 21
5.696252 142 85 50 21
5.698252 142 85 50 21
5.700252 141 86 50 21
5.702252 141 86 50 21
5.704252 141 87 50 21
5.706252 141 88 51 21
5.708252 141 88 51 21
5.710252 141 89 51 21
5.712252 141 89 51 21
5.714252 141 90 51 21
5.716252 141 91 51 21
5.718252 141 91 51 21
5.720252 141 92 51 21
5.722252 141 92 50 21
5.724252 141 93 50 21
5.726252 141 94 49 21
5.728252 141 94 49 21
5.730252 141 95 48 21
5.732252 141 95 48 21
5.734252 141 96 47 21
5.736252 141 97 47 21
5.738252 141 97 46 21
5.740252 141 98 46 21
5.742252 141 98 45 21
5.744252 141 99 45 21
5.746252 141 100 44 21
5.748252 141 100 44 21
5.750252 141 101 44 22
5.752252 141 101 44 22
5.754252 141 102 44 22
5.756252 141 102 44 22
5.758252 141 103 45 23
5.760252 141 103 45 23
5.762252 141 104 45 23
5.764252 141 104 45 23
5.766252 141 105 46 24
5.768252 141 105 46 24
5.770252 141 105 46 24
5.772252 141 106 46 24
5.774252 141 106 46 24
5.776252 141 107 47 25
5.778252 141 107 47 25
5.780252 141 108 47 25
5.782252 141 108 47 25
5.784252 141 109 47 26
5.786252 141 109 47 26
5.788252 142 110 47 27
5.790252 142 110 47 28
5.792252 142 111 47 28
5.794252 143 111 46 29
5.796252 143 112 46 29
5.798252 144 112 46 30
5.800252 144 113 46 30
5.802252 145 113 46 31
5.804252 145 114 46 31
5.806252 145 114 45 32
5.808252 146 115 45 32
5.810252 146 115 45 33
5.812252 147 116 45 33
5.814252 147 116 45 34
5.816252 148 117 44 35
5.818252 148 117 44 35
5.820252 148 118 44 35
5.822252 149 119 44 35
5.824252 149 120 44 35
5.826252 150 121 43 35
5.828252 150 122 43 35
5.830252 150 123 43 35
5.832252 151 124 43 35
5.834252 151 125 42 35
5.836252 152 126 42 35
5.838252 152 126 42 35
5.840252 153 127 42 35
5.842252 153 128 41 35
5.844252 153 129 41 35
5.846252 154 130 41 35
5.848252 154 131 41 35
