0.007743 101 83 21 48
0.009743 101 83 21 47
0.011743 101 83 21 47
0.013743 101 84 21 47
0.015743 101 84 21 47
0.017743 101 85 21 46
0.019743 102 85 21 46
0.021743 102 85 21 46
0.023743 102 86 21 46
0.025743 102 86 21 45
0.027743 102 87 21 45
0.029743 102 87 21 45
0.031743 103 88 21 45
0.033743 103 88 21 44
0.035743 103 88 21 44
0.037743 103 89 21 44
0.039743 103 89 21 44
0.041743 104 90 21 44
0.043743 104 90 21 44
0.045743 104 90 21 44
0.047743 104 90 21 44
0.049743 104 90 21 44
0.051743 104 90 21 44
0.053743 104 91 21 44
0.055743 104 91 21 44
0.057743 105 91 20 44
0.059743 105 91 20 44
0.061743 105 91 20 44
0.063743 105 92 20 44
0.065743 105 92 20 44
0.067743 105 92 20 44
0.069743 105 92 20 44
0.071743 105 92 20 44
0.073743 105 92 20 44
0.075743 106 93 20 44
0.077743 106 93 20 44
0.079743 106 93 20 44
0.081743 106 93 20 44
0.083743 106 93 20 44
0.085743 106 94 20 44
0.087743 106 94 20 44
0.089743 106 94 20 44
0.091743 106 94 20 44
0.093743 106 94 20 44
0.095743 106 94 20 44
0.097743 106 95 20 44
0.099743 106 95 20 44
0.101743 106 95 20 44
0.103743 106 95 20 44
0.105743 106 95 20 44
0.107743 106 95 20 44
0.109743 105 95 20 44
0.111743 105 95 20 44
0.113743 105 95 20 44
0.115743 105 95 20 44
0.117743 105 95 20 44
0.119743 105 94 20 45
0.121743 105 94 20 45
0.123743 105 94 20 45
0.125743 105 94 20 45
0.127743 105 94 20 45
0.129743 105 94 20 45
0.131743 105 93 20 46
0.133743 105 93 20 46
0.135743 105 93 20 46
0.137743 105 93 20 46
0.139743 105 93 20 46
0.141743 104 92 20 47
0.143743 104 92 20 47
0.145743 104 92 20 47
0.147743 104 92 20 47
0.149743 104 92 20 47
0.151743 104 92 20 47
0.153743 103 91 21 47
0.155743 103 91 21 47
0.157743 103 91 21 47
0.159743 103 91 21 47
0.161743 103 91 21 47
0.163743 102 90 22 47
0.165743 102 90 22 47
0.167743 102 90 22 47
0.169743 102 90 22 47
0.171743 102 90 22 47
0.173743 102 90 22 47
0.175743 101 89 23 47
0.177743 101 89 23 47
0.179743 101 89 23 47
0.181743 100 88 23 47
0.183743 100 88 23 47
0.185743 100 87 23 47
0.187743 99 87 23 47
0.189743 99 87 23 47
0.191743 99 86 24 46
0.193743 99 86 24 46
0.195743 98 86 24 46
0.197743 98 85 24 46
0.199743 98 85 24 46
0.201743 97 85 24 46
0.203743 97 84 24 46
0.205743 97 84 24 46
0.207743 97 84 24 46
0.209743 96 83 25 45
0.211743 96 83 25 45
0.213743 95 82 25 45
0.215743 95 82 26 45
0.217743 94 81 26 45
0.219743 94 81 26 45
0.221743 93 81 27 45
0.223743 93 80 27 45
0.225743 92 80 27 44
0.227743 92 79 27 44
0.229743 91 79 28 44
0.231743 91 78 28 44
0.233743 90 78 28 44
0.235743 90 78 29 44
0.237743 89 77 29 44
0.239743 89 77 29 44
0.241743 88 76 30 43
0.243743 88 76 30 43
0.245743 88 75 30 43
0.247743 87 74 30 43
0.249743 87 74 31 42
0.251743 87 73 31 42
0.253743 86 72 31 42
0.255743 86 72 32 42
0.257743 85 71 32 41
0.259743 85 70 32 41
0.261743 85 70 33 41
0.263743 84 69 33 41
0.265743 84 68 33 41
0.267743 84 68 34 40
0.269743 83 67 34 40
0.271743 83 66 34 40
0.273743 83 66 34 40
0.275743 82 65 35 39
0.277743 82 64 35 38
0.279743 81 63 36 37
0.281743 81 63 36 37
0.283743 80 62 36 36
0.285743 80 61 37 35
0.287743 79 60 37 34
0.289743 79 60 38 34
0.291743 78 59 38 33
0.293743 78 58 39 32
0.295743 77 57 39 31
0.297743 77 56 39 30
0.299743 76 56 40 30
0.301743 76 55 40 29
0.303743 75 54 41 28
0.305743 75 53 41 27
0.307743 75 53 42 27
0.309743 75 52 41 26
0.311743 75 51 41 25
0.313743 75 51 41 25
0.315743 75 50 41 24
0.317743 75 50 41 24
0.319743 75 49 41 23
0.321743 75 48 41 23
0.323743 75 48 41 22
0.325743 75 47 41 22
0.327743 75 47 41 21
0.329743 75 46 41 21
0.331743 75 45 41 20
0.333743 75 45 41 19
0.335743 75 44 41 19
0.337743 75 44 41 18
0.339743 75 43 41 18
0.341743 75 42 41 18
0.343743 75 41 41 18
0.345743 75 41 41 18
0.347743 75 40 41 18
0.349743 75 39 41 19
0.351743 75 38 41 19
0.353743 75 37 42 19
0.355743 75 36 42 19
0.357743 75 36 42 19
0.359743 76 35 42 20
0.361743 76 34 42 20
0.363743 76 33 43 20
0.365743 76 32 43 20
0.367743 76 31 43 21
0.369743 76 30 43 21
0.371743 76 30 43 21
0.373743 76 29 43 21
0.375743 77 28 43 22
0.377743 77 27 43 22
0.379743 77 26 43 23
0.381743 78 25 43 24
0.383743 78 24 42 24
0.385743 79 23 42 25
0.387743 79 23 42 25
0.389743 79 22 42 26
0.391743 80 21 41 27
0.393743 80 20 41 27
0.395743 80 19 41 28
0.397743 81 18 41 28
0.399743 81 17 40 29
0.401743 81 16 40 30
0.403743 82 15 40 30
0.405743 82 14 40 31
0.407743 83 13 39 32
0.409743 83 13 39 32
0.411743 83 12 39 33
0.413743 83 11 39 33
0.415743 83 10 39 34
0.417743 84 10 38 34
0.419743 84 9 38 35
0.421743 84 8 38 35
0.423743 84 7 38 36
0.425743 85 6 37 36
0.427743 85 6 37 37
0.429743 85 5 37 37
0.431743 85 4 37 38
0.433743 86 3 36 39
0.435743 86 3 36 39
0.437743 86 2 36 40
0.439743 86 1 36 40
0.441743 87 1 35 40
0.443743 87 1 35 40
0.445743 87 1 35 39
0.447743 87 1 34 39
0.449743 88 1 34 38
0.451743 88 1 33 38
0.453743 88 1 33 37
0.455743 88 1 32 37
0.457743 89 1 32 37
0.459743 89 1 32 36
0.461743 89 1 31 36
0.463743 89 1 31 35
0.465743 89 1 30 35
0.467743 90 1 30 34
0.469743 90 1 29 34
0.471743 90 1 29 33
0.473743 90 1 29 33
0.475743 91 1 28 32
0.477743 91 1 27 32
0.479743 92 1 27 32
0.481743 92 1 26 32
0.483743 93 1 26 32
0.485743 93 1 25 31
0.487743 94 1 24 31
0.489743 94 1 24 31
0.491743 95 1 23 31
0.493743 95 1 23 31
0.495743 96 1 22 31
0.497743 96 1 22 30
0.499743 97 1 21 30
0.501743 97 1 20 30
0.503743 98 1 20 30
0.505743 98 1 19 30
0.507743 98 1 19 30
0.509743 99 1 19 29
0.511743 99 1 19 29
0.513743 99 1 19 29
0.515743 99 1 19 29
0.517743 99 1 19 29
0.519743 99 1 19 28
0.521743 99 1 19 28
0.523743 99 1 19 28
0.525743 99 1 19 28
0.527743 99 1 19 28
0.529743 99 1 19 28
0.531743 99 1 19 27
0.533743 99 1 19 27
0.535743 99 1 19 27
0.537743 99 1 19 27
0.539743 99 1 19 27
0.541743 98 1 20 26
0.543743 98 1 20 26
0.545743 98 1 20 26
0.547743 98 1 20 26
0.549743 98 1 20 26
0.551743 98 1 20 26
0.553743 98 1 21 26
0.555743 98 1 21 26
0.557743 98 1 21 26
0.559743 98 1 21 26
0.561743 98 1 21 26
0.563743 98 1 22 26
0.565743 98 1 22 26
0.567743 98 1 22 26
0.569743 98 1 22 26
0.571743 98 1 22 26
0.573743 98 1 22 26
0.575743 97 1 23 26
0.577743 97 1 23 26
0.579743 97 1 23 26
0.581743 97 1 23 26
0.583743 97 1 23 26
0.585743 97 1 24 26
0.587743 97 1 24 26
0.589743 97 1 24 26
0.591743 97 1 24 26
0.593743 97 1 24 26
0.595743 97 1 24 26
0.597743 97 1 25 26
0.599743 97 1 25 26
0.601743 97 1 25 26
0.603743 97 1 25 26
0.605743 97 1 25 26
0.607743 97 1 25 26
0.609743 97 0 26 26
0.611743 97 0 26 26
0.613743 97 0 26 26
0.615743 97 0 27 26
0.617743 97 0 27 26
0.619743 97 0 27 26
0.621743 97 0 28 26
0.623743 97 0 28 26
0.625743 97 0 28 27
0.627743 97 0 28 27
0.629743 97 0 29 27
0.631743 97 0 29 27
0.633743 97 0 29 27
0.635743 97 0 30 27
0.637743 97 0 30 27
0.639743 97 0 30 27
0.641743 96 0 31 28
0.643743 96 0 31 28
0.645743 96 0 31 28
0.647743 96 0 31 28
0.649743 96 0 32 28
0.651743 96 0 32 28
0.653743 96 0 32 29
0.655743 96 0 32 29
0.657743 96 0 33 29
0.659743 96 0 33 29
0.661743 96 0 33 29
0.663743 96 0 33 30
0.665743 96 0 33 30
0.667743 96 0 34 30
0.669743 96 0 34 30
0.671743 96 0 34 30
0.673743 96 0 34 30
0.675743 96 1 35 30
0.677743 96 1 35 30
0.679743 96 2 35 30
0.681743 96 2 35 29
0.683743 96 2 35 29
0.685743 96 3 36 28
0.687743 96 3 36 28
0.689743 96 4 36 28
0.691743 96 4 36 27
0.693743 96 5 36 27
0.695743 96 5 36 27
0.697743 96 5 37 26
0.699743 96 6 37 26
0.701743 96 6 37 26
0.703743 96 7 37 25
0.705743 96 7 37 25
0.707743 97 8 38 25
0.709743 96 8 38 24
0.711743 96 9 38 24
0.713743 96 9 38 24
0.715743 96 10 38 24
0.717743 96 10 39 24
0.719743 96 11 39 24
0.721743 96 11 39 24
0.723743 96 12 39 24
0.725743 96 12 40 23
0.727743 96 13 40 23
0.729743 96 13 40 23
0.731743 96 14 40 23
0.733743 96 15 41 23
0.735743 96 15 41 23
0.737743 96 16 41 23
0.739743 96 16 41 23
0.741743 95 17 42 23
0.743743 95 17 42 23
0.745743 95 18 42 23
0.747743 95 19 42 23
0.749743 95 19 42 23
0.751743 95 20 42 23
0.753743 95 21 42 23
0.755743 95 21 42 23
0.757743 95 22 43 23
0.759743 95 23 43 23
0.761743 95 23 43 23
0.763743 95 24 43 23
0.765743 95 25 43 23
0.767743 95 25 43 23
0.769743 95 26 43 23
0.771743 95 27 43 23
0.773743 95 27 43 23
0.775743 95 28 44 24
0.777743 95 28 44 24
0.779743 95 28 44 24
0.781743 95 28 44 24
0.783743 95 29 44 24
0.785743 95 29 44 24
0.787743 95 29 44 24
0.789743 95 29 44 24
0.791743 95 30 44 25
0.793743 95 30 44 25
0.795743 95 30 44 25
0.797743 95 30 44 25
0.799743 95 31 44 25
0.801743 95 31 44 25
0.803743 95 31 44 25
0.805743 95 31 44 25
0.807743 95 32 45 25
0.809743 95 32 45 25
0.811743 95 33 45 25
0.813743 95 34 45 25
0.815743 95 35 45 25
0.817743 95 36 45 24
0.819743 95 37 45 24
0.821743 95 37 45 24
0.823743 95 38 45 24
0.825743 95 39 45 23
0.827743 95 40 45 23
0.829743 95 41 45 23
0.831743 95 42 45 23
0.833743 95 42 45 22
0.835743 95 43 45 22
0.837743 95 44 45 22
0.839743 95 45 45 22
0.841743 95 46 45 22
0.843743 95 46 45 22
0.845743 95 47 45 22
0.847743 95 47 45 22
0.849743 95 48 45 22
0.851743 95 48 45 22
0.853743 95 49 45 22
0.855743 95 49 45 22
0.857743 95 50 45 22
0.859743 95 50 45 22
0.861743 95 50 45 22
0.863743 95 51 45 22
0.865743 95 51 45 22
0.867743 95 52 45 22
0.869743 95 52 45 22
0.871743 95 53 45 22
0.873743 95 53 45 22
0.875743 95 54 44 22
0.877743 95 54 44 22
0.879743 95 55 44 22
0.881743 95 55 44 22
0.883743 95 56 44 22
0.885743 95 57 44 22
0.887743 95 57 44 22
0.889743 95 58 44 22
0.891743 96 58 44 23
0.893743 96 59 44 23
0.895743 96 59 44 23
0.897743 96 60 44 23
0.899743 96 60 44 23
0.901743 96 61 44 23
0.903743 96 61 44 23
0.905743 96 62 44 23
0.907743 97 63 43 24
0.909743 97 63 43 24
0.911743 97 63 43 25
0.913743 97 64 43 26
0.915743 97 64 42 27
0.917743 97 64 42 27
0.919743 98 65 42 28
0.921743 98 65 41 29
0.923743 98 65 41 30
0.925743 98 66 41 31
0.927743 98 66 40 31
0.929743 98 66 40 32
0.931743 99 67 40 33
0.933743 99 67 40 34
0.935743 99 68 39 34
0.937743 99 68 39 35
0.939743 99 68 39 36
0.941743 100 69 38 37
0.943743 100 69 38 37
0.945743 100 69 38 37
0.947743 100 70 38 38
0.949743 100 70 38 38
0.951743 100 70 38 39
0.953743 101 71 38 39
0.955743 101 71 38 40
0.957743 101 72 37 40
0.959743 101 72 37 40
0.961743 101 72 37 41
0.963743 102 73 37 41
0.965743 102 73 37 42
0.967743 102 73 37 42
0.969743 102 74 37 43
0.971743 102 74 37 43
0.973743 102 74 37 43
0.975743 103 75 36 44
0.977743 103 75 36 44
0.979743 103 75 36 44
0.981743 104 76 35 45
0.983743 104 76 35 45
0.985743 104 77 35 45
0.987743 105 77 34 46
0.989743 105 77 34 46
0.991743 105 78 34 46
0.993743 105 78 34 46
0.995743 106 78 33 47
0.997743 106 79 33 47
0.999743 106 79 33 47
1.001743 107 79 32 48
1.003743 107 80 32 48
1.005743 107 80 32 48
1.007743 108 81 32 49
1.009743 108 81 32 49
1.011743 108 81 32 49
1.013743 108 82 32 49
1.015743 108 82 32 49
1.017743 108 83 32 49
1.019743 109 83 32 49
1.021743 109 84 32 49
1.023743 109 84 32 49
1.025743 109 85 33 50
1.027743 109 85 33 50
1.029743 109 86 33 50
1.031743 110 86 33 50
1.033743 110 87 33 50
1.035743 110 87 33 50
1.037743 110 88 33 50
1.039743 110 88 33 50
1.041743 111 89 33 50
1.043743 111 90 33 50
1.045743 111 90 33 50
1.047743 111 91 32 49
1.049743 111 92 32 49
1.051743 111 93 32 49
1.053743 111 93 31 49
1.055743 111 94 31 48
1.057743 112 95 30 48
1.059743 112 96 30 48
1.061743 112 97 30 47
1.063743 112 97 29 47
1.065743 112 98 29 47
1.067743 112 99 29 46
1.069743 112 100 28 46
1.071743 112 100 28 46
1.073743 112 101 28 46
1.075743 113 102 27 45
1.077743 113 102 27 45
1.079743 113 102 27 45
1.081743 113 103 27 45
1.083743 113 103 27 44
1.085743 113 104 27 44
1.087743 113 104 27 44
1.089743 113 104 27 44
1.091743 113 105 26 43
1.093743 113 105 26 43
1.095743 113 105 26 43
1.097743 113 106 26 43
1.099743 113 106 26 42
1.101743 113 106 26 42
1.103743 113 107 26 42
1.105743 113 107 26 42
1.107743 114 108 26 42
1.109743 114 108 26 42
1.111743 114 108 26 42
1.113743 114 108 26 42
1.115743 114 108 26 42
1.117743 114 108 26 42
1.119743 114 108 26 42
1.121743 114 108 26 42
1.123743 114 108 26 42
1.125743 114 108 26 43
1.127743 114 108 26 43
1.129743 114 108 26 43
1.131743 114 108 26 43
1.133743 114 108 26 43
1.135743 114 108 26 43
1.137743 114 108 26 43
1.139743 114 108 26 43
1.141743 114 107 25 44
1.143743 114 107 25 44
1.145743 114 106 25 44
1.147743 114 106 25 45
1.149743 114 105 25 45
1.151743 114 105 25 45
1.153743 114 104 24 46
1.155743 114 104 24 46
1.157743 115 103 24 47
1.159743 115 103 24 47
1.161743 115 103 24 47
1.163743 115 102 23 48
1.165743 115 102 23 48
1.167743 115 101 23 48
1.169743 115 101 23 49
1.171743 115 100 23 49
1.173743 115 100 23 49
1.175743 115 99 23 49
1.177743 115 99 23 49
1.179743 115 99 23 49
1.181743 115 99 23 49
1.183743 115 99 23 49
1.185743 114 99 23 49
1.187743 114 99 23 49
1.189743 114 99 23 49
1.191743 114 98 24 48
1.193743 114 98 24 48
1.195743 114 98 24 48
1.197743 113 98 24 48
1.199743 113 98 24 48
1.201743 113 98 24 48
1.203743 113 98 24 48
1.205743 113 98 24 48
1.207743 113 98 24 48
1.209743 112 97 25 48
1.211743 112 97 25 48
1.213743 111 96 25 48
1.215743 111 96 26 48
1.217743 110 95 26 48
1.219743 110 95 26 49
1.221743 110 94 27 49
1.223743 109 94 27 49
1.225743 109 93 27 49
1.227743 108 93 28 49
1.229743 108 92 28 49
1.231743 107 92 28 50
1.233743 107 91 28 50
1.235743 107 91 29 50
1.237743 106 90 29 50
1.239743 106 90 29 50
1.241743 105 89 30 50
1.243743 105 89 30 50
1.245743 104 89 30 50
1.247743 104 88 30 50
1.249743 103 88 31 49
1.251743 103 88 31 49
1.253743 102 88 31 49
1.255743 102 87 31 49
1.257743 101 87 32 48
1.259743 101 87 32 48
1.261743 101 86 32 48
1.263743 100 86 32 48
1.265743 100 86 32 48
1.267743 99 85 33 47
1.269743 99 85 33 47
1.271743 98 85 33 47
1.273743 98 85 33 47
1.275743 97 84 34 46
1.277743 97 83 34 46
1.279743 96 83 34 46
1.281743 96 82 35 45
1.283743 96 81 35 45
1.285743 95 81 35 44
1.287743 95 80 36 44
1.289743 94 79 36 44
1.291743 94 79 36 43
1.293743 93 78 36 43
1.295743 93 77 37 43
1.297743 93 77 37 42
1.299743 92 76 37 42
1.301743 92 75 38 42
1.303743 91 75 38 41
1.305743 91 74 38 41
1.307743 90 73 39 40
1.309743 90 73 39 40
1.311743 90 72 39 40
1.313743 90 71 40 40
1.315743 89 70 40 40
1.317743 89 69 41 40
1.319743 89 68 41 39
1.321743 88 68 41 39
1.323743 88 67 42 39
1.325743 88 66 42 39
1.327743 87 65 43 39
1.329743 87 64 43 39
1.331743 87 63 44 38
1.333743 87 63 44 38
1.335743 86 62 44 38
1.337743 86 61 45 38
1.339743 86 60 45 38
1.341743 85 59 46 37
1.343743 85 59 46 36
1.345743 85 59 46 35
1.347743 85 59 46 34
1.349743 84 58 46 33
1.351743 84 58 46 32
1.353743 84 58 46 31
1.355743 84 58 46 30
1.357743 83 57 46 29
1.359743 83 57 46 29
1.361743 83 57 46 28
1.363743 83 57 46 27
1.365743 83 57 46 26
1.367743 82 56 46 25
1.369743 82 56 46 24
1.371743 82 56 46 23
1.373743 82 56 46 22
1.375743 82 55 46 21
1.377743 82 54 46 21
1.379743 82 54 46 21
1.381743 82 53 46 21
1.383743 82 52 46 21
1.385743 82 51 46 21
1.387743 82 51 46 21
1.389743 82 50 46 21
1.391743 82 49 46 21
1.393743 82 49 46 21
1.395743 82 48 46 21
1.397743 82 47 46 21
1.399743 82 46 46 21
1.401743 82 46 46 21
1.403743 82 45 46 21
1.405743 82 44 46 21
1.407743 82 43 46 21
1.409743 82 42 46 21
1.411743 82 41 46 22
1.413743 82 40 46 22
1.415743 82 39 46 23
1.417743 82 37 46 24
1.419743 82 36 46 24
1.421743 82 35 46 25
1.423743 82 34 46 25
1.425743 82 33 46 26
1.427743 82 31 46 27
1.429743 82 30 46 27
1.431743 82 29 46 28
1.433743 82 28 46 28
1.435743 82 27 46 29
1.437743 82 25 46 30
1.439743 82 24 46 30
1.441743 81 23 46 31
1.443743 81 22 46 31
1.445743 81 21 46 31
1.447743 81 20 45 31
1.449743 81 19 45 31
1.451743 81 18 45 31
1.453743 81 17 44 32
1.455743 81 16 44 32
1.457743 81 15 43 32
1.459743 81 14 43 32
1.461743 81 13 43 32
1.463743 81 12 42 33
1.465743 81 11 42 33
1.467743 81 10 42 33
1.469743 81 9 41 33
1.471743 81 8 41 33
1.473743 81 7 41 33
1.475743 81 6 40 34
1.477743 81 6 40 34
1.479743 81 6 40 34
1.481743 81 5 39 34
1.483743 81 5 39 34
1.485743 81 4 39 34
1.487743 81 4 38 34
1.489743 81 4 38 34
1.491743 82 3 38 34
1.493743 82 3 38 34
1.495743 82 3 37 34
1.497743 82 2 37 34
1.499743 82 2 37 34
1.501743 82 2 36 34
1.503743 82 1 36 34
1.505743 82 1 36 34
1.507743 83 0 35 35
1.509743 83 0 35 35
1.511743 83 0 34 35
1.513743 83 0 34 35
1.515743 83 0 33 35
1.517743 84 0 33 35
1.519743 84 0 32 35
1.521743 84 0 32 35
1.523743 84 0 31 35
1.525743 85 0 31 35
1.527743 85 0 30 35
1.529743 85 0 30 35
1.531743 85 0 29 35
1.533743 86 0 28 35
1.535743 86 0 28 35
1.537743 86 0 27 35
1.539743 86 0 27 35
1.541743 87 0 26 34
1.543743 87 0 26 33
1.545743 87 0 25 33
1.547743 87 0 25 32
1.549743 87 0 24 31
1.551743 87 0 24 30
1.553743 87 0 23 29
1.555743 87 0 23 28
1.557743 88 0 22 27
1.559743 88 0 22 27
1.561743 88 0 22 26
1.563743 88 0 21 25
1.565743 88 0 21 24
1.567743 88 0 20 23
1.569743 88 0 20 22
1.571743 88 0 19 22
1.573743 88 0 19 21
1.575743 89 0 18 20
1.577743 89 0 18 20
1.579743 89 0 18 20
1.581743 89 0 18 20
1.583743 89 0 18 19
1.585743 89 0 17 19
1.587743 89 0 17 19
1.589743 89 0 17 19
1.591743 89 0 17 18
1.593743 89 0 17 18
1.595743 89 0 17 18
1.597743 89 0 16 18
1.599743 89 0 16 17
1.601743 89 0 16 17
1.603743 89 0 16 17
1.605743 89 0 16 17
1.607743 88 0 15 16
1.609743 88 0 15 16
1.611743 88 0 15 16
1.613743 88 0 15 15
1.615743 88 0 15 15
1.617743 87 0 15 14
1.619743 87 0 14 14
1.621743 87 0 14 13
1.623743 87 0 14 13
1.625743 86 0 14 12
1.627743 86 0 14 12
1.629743 86 0 14 11
1.631743 86 0 13 11
1.633743 85 0 13 10
1.635743 85 0 13 10
1.637743 85 0 13 9
1.639743 85 0 13 9
1.641743 84 1 12 8
1.643743 84 1 12 8
1.645743 84 1 12 8
1.647743 84 1 12 8
1.649743 84 1 12 8
1.651743 84 1 12 8
1.653743 84 1 11 8
1.655743 84 1 11 8
1.657743 84 1 11 7
1.659743 84 1 11 7
1.661743 84 1 11 7
1.663743 84 1 10 7
1.665743 84 1 10 7
1.667743 84 1 10 7
1.669743 84 1 10 7
1.671743 84 1 10 7
1.673743 84 1 10 7
1.675743 83 1 10 7
1.677743 83 1 10 7
1.679743 83 1 10 7
1.681743 82 1 11 7
1.683743 82 1 11 7
1.685743 81 1 12 7
1.687743 81 1 12 7
1.689743 81 1 12 7
1.691743 80 1 13 7
1.693743 80 1 13 7
1.695743 80 1 13 7
1.697743 79 1 14 7
1.699743 79 1 14 7
1.701743 79 1 14 7
1.703743 78 1 15 7
1.705743 78 1 15 7
1.707743 77 1 15 7
1.709743 77 1 15 7
1.711743 77 1 15 7
1.713743 77 1 15 7
1.715743 76 1 15 7
1.717743 76 1 15 7
1.719743 76 1 15 7
1.721743 75 1 15 7
1.723743 75 1 15 7
1.725743 75 1 14 7
1.727743 74 1 14 7
1.729743 74 1 14 7
1.731743 74 1 14 7
1.733743 74 1 14 7
1.735743 73 1 14 7
1.737743 73 1 14 7
1.739743 73 1 14 7
1.741743 72 1 14 7
1.743743 72 1 14 7
1.745743 72 1 14 7
1.747743 71 1 15 7
1.749743 71 1 15 7
1.751743 70 1 16 7
1.753743 70 1 16 7
1.755743 69 1 17 7
1.757743 69 1 17 7
1.759743 69 1 17 7
1.761743 68 1 18 7
1.763743 68 1 18 7
1.765743 67 1 19 7
1.767743 67 1 19 7
1.769743 66 1 20 7
1.771743 66 1 20 7
1.773743 66 1 20 7
1.775743 65 1 20 7
1.777743 65 1 20 7
1.779743 65 1 19 7
1.781743 64 1 19 7
1.783743 64 1 18 7
1.785743 64 1 18 7
1.787743 63 1 17 7
1.789743 63 1 17 7
1.791743 63 1 16 7
1.793743 63 1 16 7
1.795743 62 1 15 7
1.797743 62 1 15 7
1.799743 62 1 14 7
1.801743 61 1 14 7
1.803743 61 1 13 7
1.805743 61 1 13 7
1.807743 60 1 13 8
1.809743 60 1 13 8
1.811743 60 1 14 8
1.813743 60 1 15 8
1.815743 59 1 16 8
1.817743 59 1 17 8
1.819743 59 1 18 8
1.821743 58 1 19 8
1.823743 58 1 20 8
1.825743 58 1 21 9
1.827743 57 1 22 9
1.829743 57 1 22 9
1.831743 57 1 23 9
1.833743 57 1 24 9
1.835743 56 1 25 9
1.837743 56 1 26 9
1.839743 56 1 27 9
1.841743 55 1 28 10
1.843743 55 1 29 10
1.845743 55 1 30 11
1.847743 54 1 31 11
1.849743 54 1 32 12
1.851743 54 1 34 12
1.853743 53 1 35 13
1.855743 53 1 36 13
1.857743 52 1 37 14
1.859743 52 1 38 15
1.861743 52 1 39 15
1.863743 51 1 40 16
1.865743 51 1 42 16
1.867743 51 1 43 17
1.869743 50 1 44 17
1.871743 50 1 45 18
1.873743 50 1 46 18
1.875743 49 1 47 19
1.877743 49 1 47 20
1.879743 49 1 47 20
1.881743 48 1 47 21
1.883743 48 1 47 21
1.885743 48 1 47 22
1.887743 47 1 47 23
1.889743 47 1 47 23
1.891743 47 1 47 24
1.893743 47 1 47 24
1.895743 46 1 47 25
1.897743 46 1 47 26
1.899743 46 1 47 26
1.901743 45 1 47 27
1.903743 45 1 47 27
1.905743 45 1 47 28
1.907743 44 2 47 28
1.909743 44 2 47 28
1.911743 44 3 47 28
1.913743 44 4 47 27
1.915743 43 5 47 27
1.917743 43 5 47 26
1.919743 43 6 48 26
1.921743 42 7 48 25
1.923743 42 8 48 25
1.925743 42 9 48 24
1.927743 41 9 48 24
1.929743 41 10 48 23
1.931743 41 11 49 23
1.933743 41 12 49 22
1.935743 40 12 49 22
1.937743 40 13 49 21
1.939743 40 14 49 21
1.941743 39 15 50 21
1.943743 39 15 50 21
1.945743 39 16 50 21
1.947743 39 17 50 21
1.949743 38 17 50 21
1.951743 38 18 50 21
1.953743 38 19 50 21
1.955743 38 19 50 21
1.957743 37 20 50 21
1.959743 37 21 50 21
1.961743 37 21 50 21
1.963743 37 22 50 21
1.965743 37 23 50 21
1.967743 36 23 50 21
1.969743 36 24 50 21
1.971743 36 25 50 21
1.973743 36 25 50 21
1.975743 36 26 50 22
1.977743 36 27 50 22
1.979743 36 27 49 22
1.981743 36 28 49 23
1.983743 36 29 49 23
1.985743 36 29 48 23
1.987743 36 30 48 24
1.989743 36 31 47 24
1.991743 36 31 47 24
1.993743 36 32 46 24
1.995743 36 33 46 25
1.997743 36 33 46 25
1.999743 36 34 45 25
2.001743 36 35 45 26
2.003743 36 35 44 26
2.005743 36 36 44 26
2.007743 36 37 44 27
2.009743 36 37 44 27
2.011743 36 38 44 27
2.013743 36 38 44 27
2.015743 36 39 44 27
2.017743 36 40 44 27
2.019743 36 40 45 27
2.021743 36 41 45 27
2.023743 36 42 45 27
2.025743 36 42 45 28
2.027743 36 43 45 28
2.029743 36 44 45 28
2.031743 36 44 46 28
2.033743 36 45 46 28
2.035743 36 46 46 28
2.037743 36 46 46 28
2.039743 36 47 46 28
2.041743 36 48 47 29
2.043743 36 49 47 29
2.045743 36 49 47 29
2.047743 36 50 47 30
2.049743 36 51 47 30
2.051743 36 52 47 30
2.053743 37 52 47 30
2.055743 37 53 47 31
2.057743 37 54 47 31
2.059743 37 55 47 31
2.061743 37 56 47 32
2.063743 38 56 47 32
2.065743 38 57 47 32
2.067743 38 58 47 33
2.069743 38 59 47 33
2.071743 38 59 47 33
2.073743 38 60 47 33
2.075743 39 61 46 34
2.077743 39 62 46 34
2.079743 39 62 46 34
2.081743 39 63 46 35
2.083743 40 63 46 35
2.085743 40 64 45 36
2.087743 40 65 45 36
2.089743 40 65 45 36
2.091743 41 66 45 37
2.093743 41 66 45 37
2.095743 41 67 45 37
2.097743 41 68 44 38
2.099743 42 68 44 38
2.101743 42 69 44 38
2.103743 42 69 44 39
2.105743 42 70 44 39
2.107743 43 71 44 40
2.109743 43 71 44 40
2.111743 44 72 44 40
2.113743 44 72 44 40
2.115743 45 73 44 40
2.117743 45 74 44 41
2.119743 46 74 44 41
2.121743 46 75 44 41
2.123743 47 76 44 41
2.125743 47 76 44 42
2.127743 48 77 44 42
2.129743 48 78 44 42
2.131743 49 78 44 42
2.133743 50 79 44 43
2.135743 50 80 44 43
2.137743 51 80 44 43
2.139743 51 81 44 43
2.141743 52 82 43 44
2.143743 52 82 43 44
2.145743 53 82 43 44
2.147743 54 83 42 44
2.149743 55 83 42 44
2.151743 55 83 42 44
2.153743 56 83 41 45
2.155743 57 84 41 45
2.157743 58 84 40 45
2.159743 58 84 40 45
2.161743 59 85 40 45
2.163743 60 85 39 46
2.165743 60 85 39 46
2.167743 61 86 39 46
2.169743 62 86 38 46
2.171743 63 86 38 46
2.173743 63 86 38 46
2.175743 64 87 37 47
2.177743 65 87 37 47
2.179743 65 87 37 47
2.181743 66 88 37 48
2.183743 67 88 37 48
2.185743 68 89 36 48
2.187743 68 89 36 49
2.189743 69 89 36 49
2.191743 70 90 36 49
2.193743 70 90 36 49
2.195743 71 90 36 50
2.197743 72 91 35 50
2.199743 73 91 35 50
2.201743 73 91 35 51
2.203743 74 92 35 51
2.205743 75 92 35 51
2.207743 76 93 34 51
2.209743 76 93 34 51
2.211743 77 93 34 51
2.213743 77 93 33 51
2.215743 78 94 33 51
2.217743 79 94 32 51
2.219743 79 94 32 51
2.221743 80 95 32 51
2.223743 80 95 31 51
2.225743 81 95 31 51
2.227743 82 96 30 51
2.229743 82 96 30 51
2.231743 83 96 29 51
2.233743 83 96 29 51
2.235743 84 97 29 51
2.237743 85 97 28 51
2.239743 85 97 28 51
2.241743 86 98 27 51
2.243743 86 98 27 51
2.245743 86 98 27 52
2.247743 87 98 27 52
2.249743 87 98 27 53
2.251743 87 98 27 53
2.253743 88 98 26 54
2.255743 88 98 26 54
2.257743 89 99 26 55
2.259743 89 99 26 55
2.261743 89 99 26 55
2.263743 90 99 25 56
2.265743 90 99 25 56
2.267743 90 99 25 57
2.269743 91 99 25 57
2.271743 91 99 25 58
2.273743 91 99 25 58
2.275743 92 100 24 58
2.277743 92 100 24 58
2.279743 93 100 23 58
2.281743 93 101 23 57
2.283743 94 101 22 57
2.285743 94 102 21 56
2.287743 95 102 21 56
2.289743 95 102 20 56
2.291743 96 103 20 55
2.293743 96 103 19 55
2.295743 97 103 19 55
2.297743 97 104 18 54
2.299743 98 104 18 54
2.301743 98 104 17 54
2.303743 99 105 17 53
2.305743 99 105 16 53
