0.015205 76 146 44 42
0.017205 75 145 44 41
0.019205 75 145 44 40
0.021205 75 144 44 40
0.023205 75 144 44 39
0.025205 75 143 44 38
0.027205 75 143 44 38
0.029205 75 142 44 37
0.031205 75 142 44 37
0.033205 75 141 44 36
0.035205 75 141 44 35
0.037205 75 140 44 35
0.039205 75 140 44 34
0.041205 75 139 44 34
0.043205 75 139 44 33
0.045205 75 138 44 32
0.047205 75 138 44 32
0.049205 74 137 45 31
0.051205 74 137 45 31
0.053205 74 136 45 30
0.055205 74 135 45 29
0.057205 74 134 45 29
0.059205 74 134 45 28
0.061205 74 133 45 28
0.063205 74 132 45 27
0.065205 73 131 45 26
0.067205 73 131 45 26
0.069205 73 130 45 25
0.071205 73 129 45 25
0.073205 73 129 45 24
0.075205 73 128 45 24
0.077205 73 127 45 23
0.079205 73 126 45 22
0.081205 73 126 45 22
0.083205 73 125 46 21
0.085205 73 124 46 21
0.087205 73 123 46 21
0.089205 73 122 46 21
0.091205 73 122 46 21
0.093205 73 121 46 20
0.095205 73 120 46 20
0.097205 73 119 46 20
0.099205 73 118 47 20
0.101205 73 117 47 20
0.103205 73 117 47 20
0.105205 73 116 47 19
0.107205 73 115 47 19
0.109205 73 114 47 19
0.111205 73 113 47 19
0.113205 73 112 47 19
0.115205 73 111 47 19
0.117205 73 110 47 20
0.119205 73 109 47 21
0.121205 73 108 47 22
0.123205 73 106 47 23
0.125205 73 105 47 24
0.127205 73 104 47 25
0.129205 73 103 47 26
0.131205 73 101 47 27
0.133205 74 100 46 28
0.135205 74 99 46 29
0.137205 74 98 46 30
0.139205 74 96 46 31
0.141205 74 95 46 33
0.143205 74 94 46 34
0.145205 74 93 46 35
0.147205 74 91 46 36
0.149205 75 90 45 37
0.151205 75 90 45 37
0.153205 75 89 45 37
0.155205 75 88 44 37
0.157205 75 87 44 37
0.159205 75 87 44 37
0.161205 75 86 43 37
0.163205 75 85 43 37
0.165205 75 84 42 38
0.167205 75 84 42 38
0.169205 75 83 42 38
0.171205 75 82 41 38
0.173205 75 82 41 38
0.175205 75 81 41 38
0.177205 75 80 40 38
0.179205 75 79 40 38
0.181205 75 79 40 38
0.183205 76 78 39 39
0.185205 76 77 39 39
0.187205 76 76 38 40
0.189205 77 76 38 40
0.191205 77 75 38 40
0.193205 77 74 37 41
0.195205 78 73 37 41
0.197205 78 73 36 42
0.199205 78 72 36 42
0.201205 78 71 35 43
0.203205 79 70 35 43
0.205205 79 69 35 43
0.207205 79 69 34 44
0.209205 80 68 34 44
0.211205 80 67 33 45
0.213205 80 66 33 45
0.215205 80 66 33 45
0.217205 81 65 32 46
0.219205 81 64 32 46
0.221205 81 64 31 46
0.223205 81 63 31 46
0.225205 82 63 30 46
0.227205 82 62 30 47
0.229205 82 62 29 47
0.231205 82 61 29 47
0.233205 83 61 28 47
0.235205 83 60 28 47
0.237205 83 60 27 47
0.239205 83 59 27 48
0.241205 84 58 26 48
0.243205 84 58 26 48
0.245205 84 57 25 48
0.247205 84 57 25 48
0.249205 85 56 24 49
0.251205 85 56 24 49
0.253205 85 56 24 49
0.255205 85 55 24 49
0.257205 85 55 23 49
0.259205 85 55 23 49
0.261205 86 55 23 49
0.263205 86 54 23 49
0.265205 86 54 22 49
0.267205 86 54 22 49
0.269205 86 53 22 49
0.271205 87 53 22 49
0.273205 87 53 22 49
0.275205 87 52 21 49
0.277205 87 52 21 49
0.279205 87 52 21 49
0.281205 87 52 21 49
0.283205 88 51 20 48
0.285205 88 51 20 48
0.287205 88 51 20 48
0.289205 88 51 20 48
0.291205 88 50 20 48
0.293205 88 50 20 48
0.295205 88 50 20 48
0.297205 88 50 20 48
0.299205 88 49 19 48
0.301205 88 49 19 48
0.303205 88 49 19 48
0.305205 88 49 19 48
0.307205 88 48 19 48
0.309205 88 48 19 48
0.311205 88 48 19 48
0.313205 88 48 19 48
0.315205 87 48 19 47
0.317205 87 48 19 47
0.319205 87 48 19 47
0.321205 87 48 19 47
0.323205 87 48 19 47
0.325205 87 48 19 47
0.327205 87 48 19 47
0.329205 87 48 19 47
0.331205 87 48 19 47
0.333205 87 48 20 46
0.335205 87 48 20 46
0.337205 87 48 20 46
0.339205 87 48 20 46
0.341205 87 48 20 46
0.343205 87 48 20 46
0.345205 87 48 20 46
0.347205 87 48 20 46
0.349205 86 48 21 45
0.351205 86 48 21 45
0.353205 86 48 21 45
0.355205 86 48 22 45
0.357205 85 48 22 45
0.359205 85 48 22 45
0.361205 85 48 23 45
0.363205 85 48 23 45
0.365205 84 48 24 44
0.367205 84 48 24 44
0.369205 84 48 24 44
0.371205 84 48 25 44
0.373205 84 48 25 44
0.375205 83 48 25 44
0.377205 83 48 26 44
0.379205 83 48 26 44
0.381205 83 48 26 44
0.383205 82 49 27 43
0.385205 82 49 27 43
0.387205 82 49 27 43
0.389205 82 49 27 42
0.391205 82 49 28 42
0.393205 82 49 28 41
0.395205 82 49 28 41
0.397205 82 49 28 41
0.399205 81 50 29 40
0.401205 81 50 29 40
0.403205 81 50 29 40
0.405205 81 50 29 39
0.407205 81 50 30 39
0.409205 81 50 30 39
0.411205 81 50 30 38
0.413205 81 50 30 38
0.415205 80 51 31 37
0.417205 80 51 31 37
0.419205 80 51 31 37
0.421205 80 52 31 37
0.423205 79 52 32 37
0.425205 79 52 32 37
0.427205 79 53 32 37
0.429205 78 53 33 37
0.431205 78 53 33 37
0.433205 78 54 33 36
0.435205 77 54 34 36
0.437205 77 54 34 36
0.439205 77 55 34 36
0.441205 77 55 34 36
0.443205 76 56 35 36
0.445205 76 56 35 36
0.447205 76 56 35 36
0.449205 75 57 36 35
0.451205 75 57 36 35
0.453205 75 58 36 35
0.455205 75 58 37 35
0.457205 74 59 37 34
0.459205 74 59 37 34
0.461205 74 60 37 34
0.463205 74 60 38 34
0.465205 73 61 38 33
0.467205 73 61 38 33
0.469205 73 61 39 33
0.471205 73 62 39 33
0.473205 73 62 39 33
0.475205 72 63 40 32
0.477205 72 63 40 32
0.479205 72 64 40 32
0.481205 72 64 40 32
0.483205 71 65 41 31
0.485205 71 65 41 31
0.487205 71 66 41 31
0.489205 71 66 41 31
0.491205 71 67 42 30
0.493205 70 68 42 30
0.495205 70 68 42 30
0.497205 70 69 42 30
0.499205 70 69 43 29
0.501205 70 70 43 29
0.503205 70 70 43 29
0.505205 69 71 43 29
0.507205 69 71 44 28
0.509205 69 72 44 28
0.511205 69 72 44 28
0.513205 69 73 44 28
0.515205 68 74 45 27
0.517205 68 74 45 27
0.519205 68 75 45 27
0.521205 68 76 45 26
0.523205 68 77 45 26
0.525205 68 78 45 25
0.527205 67 79 46 25
0.529205 67 79 46 25
0.531205 67 80 46 24
0.533205 67 81 46 24
0.535205 67 82 46 23
0.537205 67 83 46 23
0.539205 66 84 47 22
0.541205 66 84 47 22
0.543205 66 85 47 22
0.545205 66 86 47 21
0.547205 66 87 47 21
0.549205 65 88 48 21
0.551205 65 88 48 21
0.553205 65 89 48 21
0.555205 65 90 48 21
0.557205 65 90 48 21
0.559205 65 91 48 21
0.561205 65 92 48 21
0.563205 65 92 48 21
0.565205 65 93 48 21
0.567205 65 94 48 21
0.569205 65 94 48 21
0.571205 65 95 48 21
0.573205 65 96 48 21
0.575205 65 96 48 21
0.577205 65 97 48 21
0.579205 65 98 48 21
0.581205 65 98 48 21
0.583205 64 99 48 21
0.585205 64 100 48 21
0.587205 64 101 48 21
0.589205 64 102 49 21
0.591205 63 104 49 21
0.593205 63 105 49 22
0.595205 63 106 50 22
0.597205 63 107 50 22
0.599205 62 108 50 22
0.601205 62 109 50 22
0.603205 62 110 51 22
0.605205 62 111 51 23
0.607205 61 112 51 23
0.609205 61 113 52 23
0.611205 61 114 52 23
0.613205 61 115 52 23
0.615205 60 117 53 23
0.617205 60 117 53 23
0.619205 60 118 53 23
0.621205 60 119 53 23
0.623205 60 119 53 23
0.625205 60 120 53 23
0.627205 60 121 53 22
0.629205 60 122 53 22
0.631205 60 122 53 22
0.633205 59 123 53 22
0.635205 59 124 53 22
0.637205 59 124 53 22
0.639205 59 125 53 21
0.641205 59 126 53 21
0.643205 59 127 53 21
0.645205 59 127 53 21
0.647205 59 128 53 21
0.649205 59 129 53 21
0.651205 59 129 53 21
0.653205 59 130 53 21
0.655205 59 131 53 21
0.657205 59 131 53 21
0.659205 59 132 53 21
0.661205 59 132 53 22
0.663205 59 133 53 22
0.665205 59 134 53 22
0.667205 59 134 53 22
0.669205 59 135 53 22
0.671205 59 135 53 23
0.673205 59 136 53 23
0.675205 59 137 53 23
0.677205 59 137 53 23
0.679205 59 138 53 23
0.681205 59 138 53 23
0.683205 59 139 53 24
0.685205 59 140 53 25
0.687205 59 140 53 25
0.689205 59 141 53 26
0.691205 59 141 53 27
0.693205 59 142 53 27
0.695205 59 143 53 28
0.697205 59 143 53 29
0.699205 59 144 52 29
0.701205 59 144 52 30
0.703205 59 145 52 31
0.705205 59 146 52 31
0.707205 59 146 52 32
0.709205 59 147 52 33
0.711205 59 147 52 33
0.713205 59 148 52 34
0.715205 60 149 51 35
0.717205 60 149 51 35
0.719205 60 150 51 36
0.721205 61 150 50 36
0.723205 61 151 50 37
0.725205 62 152 49 38
0.727205 62 152 49 38
0.729205 62 153 49 39
0.731205 63 153 48 40
0.733205 63 154 48 40
0.735205 64 155 47 41
0.737205 64 155 47 42
0.739205 65 156 46 42
0.741205 65 156 46 43
0.743205 65 157 46 44
0.745205 66 158 45 44
0.747205 66 158 45 45
0.749205 67 159 44 46
0.751205 67 159 44 46
0.753205 67 160 44 46
0.755205 67 161 44 46
0.757205 68 161 43 47
0.759205 68 162 43 47
0.761205 68 162 43 47
0.763205 68 163 43 47
0.765205 69 164 42 48
0.767205 69 164 42 48
0.769205 69 165 42 48
0.771205 69 165 42 48
0.773205 69 166 42 48
0.775205 70 167 41 49
0.777205 70 167 41 49
0.779205 70 168 41 49
0.781205 70 168 41 49
0.783205 71 169 40 50
0.785205 71 169 40 50
0.787205 72 169 40 51
0.789205 72 170 40 51
0.791205 72 170 40 51
0.793205 73 170 40 52
0.795205 73 171 40 52
0.797205 74 171 40 53
0.799205 74 171 39 53
0.801205 75 171 39 54
0.803205 75 172 39 54
0.805205 75 172 39 54
0.807205 76 172 39 55
0.809205 76 173 39 55
0.811205 77 173 39 56
0.813205 77 173 39 56
0.815205 78 174 38 57
0.817205 78 174 38 57
0.819205 78 174 38 57
0.821205 78 174 37 57
0.823205 79 174 37 57
0.825205 79 174 36 57
0.827205 79 175 36 57
0.829205 80 175 36 57
0.831205 80 175 35 57
0.833205 80 175 35 58
0.835205 81 175 34 58
0.837205 81 175 34 58
0.839205 81 176 33 58
0.841205 81 176 33 58
0.843205 82 176 33 58
0.845205 82 176 32 58
0.847205 82 176 32 58
0.849205 83 177 31 59
0.851205 83 177 31 59
0.853205 83 177 31 59
0.855205 84 177 31 59
0.857205 84 178 31 59
0.859205 84 178 31 59
0.861205 85 178 30 59
0.863205 85 178 30 59
0.865205 86 179 30 59
0.867205 86 179 30 59
0.869205 86 179 30 59
0.871205 87 179 29 59
0.873205 87 179 29 59
0.875205 87 180 29 59
0.877205 88 180 29 59
0.879205 88 180 29 59
0.881205 88 180 29 59
0.883205 88 180 29 58
0.885205 88 180 29 58
0.887205 88 180 29 58
0.889205 88 180 29 58
0.891205 88 180 29 58
0.893205 88 180 30 58
0.895205 88 180 30 58
0.897205 88 180 30 58
0.899205 88 180 30 58
0.901205 88 180 30 58
0.903205 88 180 30 58
0.905205 88 180 31 58
0.907205 88 180 31 58
0.909205 88 180 31 58
0.911205 88 180 31 58
0.913205 88 180 31 58
0.915205 87 179 31 57
0.917205 87 179 31 57
0.919205 87 179 31 57
0.921205 87 179 31 57
0.923205 87 179 31 57
0.925205 87 179 31 57
0.927205 86 178 31 57
0.929205 86 178 31 57
0.931205 86 178 31 57
0.933205 86 178 30 57
0.935205 86 178 30 57
0.937205 86 178 30 57
0.939205 85 177 30 57
0.941205 85 177 30 57
0.943205 85 177 30 57
0.945205 85 177 30 57
0.947205 85 177 30 57
0.949205 84 177 30 56
0.951205 84 177 30 56
0.953205 84 177 30 55
0.955205 83 177 31 55
0.957205 83 177 31 54
0.959205 83 177 31 54
0.961205 83 177 31 53
0.963205 82 177 32 53
0.965205 82 177 32 52
0.967205 82 177 32 51
0.969205 81 177 33 51
0.971205 81 177 33 50
0.973205 81 177 33 50
0.975205 80 177 34 49
0.977205 80 177 34 49
0.979205 80 177 34 48
0.981205 80 177 34 48
0.983205 79 176 35 48
0.985205 78 175 36 48
0.987205 78 173 36 48
0.989205 77 172 37 48
0.991205 76 171 38 49
0.993205 76 170 38 49
0.995205 75 169 39 49
0.997205 74 168 40 49
0.999205 74 167 40 50
1.001205 73 165 41 50
1.003205 72 164 42 50
1.005205 72 163 42 50
1.007205 71 162 43 51
1.009205 70 161 44 51
1.011205 70 160 44 51
1.013205 69 159 45 51
1.015205 68 157 46 51
1.017205 68 157 46 51
1.019205 68 156 46 50
1.021205 68 155 46 50
1.023205 68 154 46 49
1.025205 68 153 47 48
1.027205 68 152 47 48
1.029205 68 152 47 47
1.031205 68 151 47 47
1.033205 67 150 48 46
1.035205 67 149 48 45
1.037205 67 148 48 45
1.039205 67 147 48 44
1.041205 67 147 49 44
1.043205 67 146 49 43
1.045205 67 145 49 42
1.047205 67 144 49 42
1.049205 66 143 50 41
1.051205 66 142 50 41
1.053205 66 141 50 40
1.055205 65 140 50 40
1.057205 65 139 51 39
1.059205 65 138 51 39
1.061205 65 137 51 38
1.063205 64 136 51 38
1.065205 64 134 52 37
1.067205 64 133 52 36
1.069205 63 132 52 36
1.071205 63 131 52 35
1.073205 63 130 52 35
1.075205 62 129 53 34
1.077205 62 128 53 34
1.079205 62 127 53 33
1.081205 62 126 53 33
1.083205 61 125 53 32
1.085205 61 124 53 31
1.087205 61 123 53 31
1.089205 61 122 53 30
1.091205 61 122 53 30
1.093205 61 121 53 29
1.095205 61 120 53 28
1.097205 61 119 53 28
1.099205 60 118 52 27
1.101205 60 117 52 27
1.103205 60 117 52 26
1.105205 60 116 52 25
1.107205 60 115 52 25
1.109205 60 114 52 24
1.111205 60 113 52 24
1.113205 60 112 52 23
1.115205 60 111 51 23
1.117205 60 110 51 23
1.119205 60 109 51 23
1.121205 60 108 51 24
1.123205 60 107 51 24
1.125205 60 106 51 24
1.127205 60 105 51 25
1.129205 60 104 51 25
1.131205 60 103 51 25
1.133205 61 102 50 26
1.135205 61 101 50 26
1.137205 61 100 50 26
1.139205 61 99 50 27
1.141205 61 98 50 27
1.143205 61 97 50 28
1.145205 61 96 50 28
1.147205 61 95 50 28
1.149205 62 94 49 29
1.151205 62 93 49 29
1.153205 62 92 48 29
1.155205 63 90 47 30
1.157205 63 89 47 30
1.159205 63 88 46 30
1.161205 63 87 46 30
1.163205 64 85 45 31
1.165205 64 84 44 31
1.167205 64 83 44 31
1.169205 65 81 43 32
1.171205 65 80 43 32
1.173205 65 79 42 32
1.175205 66 78 41 33
1.177205 66 76 41 33
1.179205 66 75 40 33
1.181205 66 74 40 33
1.183205 67 73 39 34
1.185205 67 71 39 35
1.187205 68 70 39 36
1.189205 68 69 38 36
1.191205 69 68 38 37
1.193205 70 67 37 38
1.195205 70 65 37 39
1.197205 71 64 37 39
1.199205 71 63 36 40
1.201205 72 62 36 41
1.203205 72 61 36 42
1.205205 73 59 35 43
1.207205 73 58 35 43
1.209205 74 57 35 44
1.211205 74 56 34 45
1.213205 75 55 34 46
1.215205 76 53 33 47
1.217205 76 53 33 47
1.219205 76 52 33 47
1.221205 76 51 32 47
1.223205 77 51 32 47
1.225205 77 50 31 47
1.227205 77 49 31 47
1.229205 78 48 30 47
1.231205 78 48 30 47
1.233205 78 47 29 47
1.235205 79 46 29 47
1.237205 79 46 28 47
1.239205 79 45 28 47
1.241205 79 44 27 47
1.243205 80 43 27 47
1.245205 80 43 26 47
1.247205 80 42 26 47
1.249205 81 41 25 46
1.251205 81 41 25 46
1.253205 81 40 25 46
1.255205 82 40 24 46
1.257205 82 39 24 46
1.259205 82 39 24 46
1.261205 82 38 23 46
1.263205 83 38 23 46
1.265205 83 37 22 46
1.267205 83 36 22 46
1.269205 84 36 22 46
1.271205 84 35 21 46
1.273205 84 35 21 46
1.275205 85 34 21 46
1.277205 85 34 20 46
1.279205 85 33 20 46
1.281205 85 33 20 46
1.283205 86 32 19 46
1.285205 86 32 19 46
1.287205 86 32 19 46
1.289205 86 31 19 46
1.291205 86 31 18 46
1.293205 86 31 18 46
1.295205 86 30 18 46
1.297205 86 30 18 46
1.299205 87 30 17 46
1.301205 87 30 17 46
1.303205 87 29 17 46
1.305205 87 29 17 46
1.307205 87 29 16 46
1.309205 87 28 16 46
1.311205 87 28 16 46
1.313205 87 28 16 46
1.315205 87 27 16 45
1.317205 87 27 16 45
1.319205 87 27 16 45
1.321205 87 27 16 45
1.323205 87 27 16 45
1.325205 87 27 16 44
1.327205 87 27 17 44
1.329205 87 27 17 44
1.331205 87 27 17 44
1.333205 86 27 17 43
1.335205 86 27 17 43
1.337205 86 27 17 43
1.339205 86 27 18 43
1.341205 86 27 18 42
1.343205 86 27 18 42
1.345205 86 27 18 42
1.347205 86 27 18 42
1.349205 85 27 19 41
1.351205 85 27 19 41
1.353205 85 27 19 41
1.355205 85 27 20 41
1.357205 85 27 20 40
1.359205 85 27 20 40
1.361205 85 27 20 40
1.363205 85 27 21 40
1.365205 85 27 21 39
1.367205 85 27 21 39
1.369205 85 27 22 39
1.371205 85 27 22 39
1.373205 85 27 22 39
1.375205 85 27 23 38
1.377205 85 27 23 38
1.379205 85 27 23 38
1.381205 85 27 23 38
1.383205 84 28 24 37
1.385205 84 28 24 37
1.387205 84 28 25 37
1.389205 84 28 25 37
1.391205 84 28 25 37
1.393205 84 28 26 37
1.395205 84 28 26 37
1.397205 84 28 27 37
1.399205 83 28 27 37
1.401205 83 28 28 37
1.403205 83 28 28 37
1.405205 83 28 28 37
1.407205 83 28 29 37
1.409205 83 28 29 37
1.411205 83 28 30 37
1.413205 83 28 30 37
1.415205 82 28 31 36
1.417205 82 28 31 36
1.419205 82 28 31 36
1.421205 82 28 32 36
1.423205 82 28 32 36
1.425205 82 28 33 36
1.427205 81 28 33 35
1.429205 81 28 33 35
1.431205 81 28 34 35
1.433205 81 28 34 35
1.435205 81 28 35 35
1.437205 81 28 35 35
1.439205 80 28 36 34
1.441205 80 28 36 34
1.443205 80 28 36 34
1.445205 80 28 37 34
1.447205 80 28 37 34
1.449205 79 29 38 33
1.451205 79 29 38 33
1.453205 79 29 38 33
1.455205 79 30 38 32
1.457205 79 30 38 32
1.459205 79 30 38 31
1.461205 79 31 39 31
1.463205 79 31 39 30
1.465205 78 32 39 30
1.467205 78 32 39 30
1.469205 78 32 39 29
1.471205 78 33 40 29
1.473205 78 33 40 28
1.475205 78 33 40 28
1.477205 78 34 40 27
1.479205 78 34 40 27
1.481205 78 34 40 27
1.483205 77 35 41 26
1.485205 77 36 41 26
1.487205 77 36 41 25
1.489205 77 37 41 25
1.491205 77 37 41 25
1.493205 77 38 41 24
1.495205 77 39 41 24
1.497205 77 39 41 23
1.499205 77 40 42 23
1.501205 77 40 42 22
1.503205 77 41 42 22
1.505205 77 42 42 22
1.507205 77 42 42 21
1.509205 77 43 42 21
1.511205 77 43 42 20
1.513205 77 44 42 20
1.515205 76 45 42 19
1.517205 76 45 42 19
1.519205 76 45 42 19
1.521205 76 46 42 19
1.523205 76 46 42 19
1.525205 76 47 42 18
1.527205 76 47 42 18
1.529205 76 48 42 18
1.531205 76 48 42 18
1.533205 76 49 41 17
1.535205 76 49 41 17
1.537205 76 50 41 17
1.539205 76 50 41 17
1.541205 76 51 41 16
1.543205 76 51 41 16
1.545205 76 52 41 16
1.547205 76 52 41 16
1.549205 76 53 41 16
1.551205 76 53 41 16
1.553205 76 54 41 16
1.555205 76 54 41 16
1.557205 76 55 41 16
1.559205 76 55 41 16
1.561205 76 56 41 16
1.563205 76 56 41 16
1.565205 76 57 42 16
1.567205 76 58 42 16
1.569205 76 58 42 16
1.571205 76 59 42 16
1.573205 76 59 42 16
1.575205 76 60 42 16
1.577205 76 60 42 16
1.579205 76 61 42 16
1.581205 76 61 42 16
1.583205 75 62 43 17
1.585205 75 62 43 17
1.587205 75 63 43 18
1.589205 75 63 43 18
1.591205 75 64 43 19
1.593205 75 64 43 19
1.595205 75 65 43 20
1.597205 75 65 43 20
1.599205 75 66 44 21
1.601205 75 66 44 21
1.603205 75 67 44 22
1.605205 75 67 44 22
1.607205 75 68 44 23
1.609205 75 68 44 23
1.611205 75 69 44 24
1.613205 75 69 44 24
1.615205 74 70 45 25
1.617205 74 70 45 25
1.619205 74 71 45 25
1.621205 74 71 45 26
1.623205 74 72 45 26
1.625205 74 73 45 27
1.627205 73 73 45 27
1.629205 73 74 45 27
1.631205 73 74 45 28
1.633205 73 75 45 28
1.635205 73 76 45 29
1.637205 73 76 45 29
1.639205 72 77 45 30
1.641205 72 77 45 30
1.643205 72 78 45 30
1.645205 72 79 45 31
1.647205 72 79 45 31
1.649205 71 80 45 32
1.651205 71 80 45 32
1.653205 71 81 45 32
1.655205 71 82 45 32
1.657205 71 83 45 32
1.659205 71 83 45 32
1.661205 71 84 45 32
1.663205 71 85 45 32
1.665205 71 86 45 33
1.667205 71 86 45 33
1.669205 71 87 45 33
1.671205 71 88 45 33
1.673205 71 88 45 33
1.675205 71 89 45 33
1.677205 71 90 45 33
1.679205 71 91 45 33
1.681205 71 91 45 33
1.683205 70 92 46 33
1.685205 70 93 46 33
1.687205 70 94 46 33
1.689205 70 95 46 32
1.691205 70 95 46 32
1.693205 70 96 46 32
1.695205 70 97 46 31
1.697205 70 98 46 31
1.699205 69 99 46 31
1.701205 69 100 46 31
1.703205 69 100 46 30
1.705205 69 101 46 30
1.707205 69 102 46 30
1.709205 69 103 46 29
1.711205 69 104 46 29
1.713205 69 105 46 29
1.715205 68 106 47 28
1.717205 68 106 47 28
1.719205 68 107 47 28
1.721205 68 108 47 28
1.723205 68 109 47 28
1.725205 68 110 47 27
1.727205 68 111 48 27
1.729205 68 112 48 27
1.731205 68 113 48 27
1.733205 67 114 48 26
1.735205 67 115 48 26
1.737205 67 115 48 26
1.739205 67 116 49 26
1.741205 67 117 49 25
1.743205 67 118 49 25
1.745205 67 119 49 25
1.747205 67 120 49 25
1.749205 67 121 49 24
1.751205 67 122 49 24
1.753205 67 123 49 24
1.755205 67 124 49 24
1.757205 67 125 49 23
1.759205 67 126 49 23
1.761205 68 127 48 23
1.763205 68 128 48 23
1.765205 68 130 48 22
1.767205 68 131 48 22
1.769205 68 132 48 22
1.771205 69 133 47 22
1.773205 69 134 47 22
1.775205 69 135 47 21
1.777205 69 136 47 21
1.779205 69 137 47 21
1.781205 69 138 47 21
1.783205 70 139 47 21
1.785205 70 139 47 22
1.787205 70 139 47 22
1.789205 70 140 47 23
1.791205 71 140 47 24
1.793205 71 141 47 24
1.795205 71 141 47 25
1.797205 71 141 47 26
1.799205 72 142 47 26
1.801205 72 142 47 27
1.803205 72 142 47 28
1.805205 72 143 47 28
1.807205 73 143 47 29
1.809205 73 143 47 30
1.811205 73 144 47 30
1.813205 73 144 47 31
1.815205 74 145 46 32
1.817205 74 145 46 32
1.819205 74 145 46 33
1.821205 75 146 45 33
1.823205 75 146 45 34
1.825205 75 147 45 35
1.827205 76 147 44 35
1.829205 76 147 44 36
1.831205 76 148 44 37
1.833205 77 148 43 37
1.835205 77 149 43 38
1.837205 77 149 43 39
1.839205 78 150 42 39
1.841205 78 150 42 40
1.843205 79 150 41 41
1.845205 79 151 41 41
1.847205 79 151 41 42
1.849205 80 152 41 43
1.851205 80 152 41 43
1.853205 80 153 41 43
1.855205 80 153 41 43
1.857205 80 154 41 44
1.859205 80 154 41 44
1.861205 80 155 41 44
1.863205 80 155 41 44
1.865205 80 156 41 45
1.867205 80 157 41 45
1.869205 80 157 41 45
1.871205 80 158 41 45
1.873205 80 158 41 45
1.875205 80 159 41 46
1.877205 80 159 41 46
1.879205 80 160 41 46
1.881205 80 160 41 46
1.883205 81 161 41 47
1.885205 81 161 41 47
1.887205 81 162 41 47
1.889205 82 162 41 47
1.891205 82 162 41 47
1.893205 82 163 41 48
1.895205 83 163 41 48
1.897205 83 164 41 48
1.899205 83 164 41 48
1.901205 83 165 41 48
1.903205 84 165 41 48
1.905205 84 165 41 49
1.907205 84 166 41 49
1.909205 85 166 41 49
1.911205 85 167 41 49
1.913205 85 167 41 49
1.915205 86 168 40 50
1.917205 86 168 40 50
1.919205 86 168 40 50
1.921205 86 168 40 50
1.923205 86 169 40 50
1.925205 86 169 40 50
1.927205 86 169 39 50
1.929205 86 170 39 50
1.931205 86 170 39 50
1.933205 87 170 39 50
1.935205 87 171 39 50
1.937205 87 171 39 50
1.939205 87 171 38 50
1.941205 87 171 38 50
1.943205 87 172 38 50
1.945205 87 172 38 50
1.947205 87 172 38 50
1.949205 88 173 38 50
1.951205 88 173 38 50
1.953205 88 173 38 50
1.955205 88 173 38 50
1.957205 88 174 38 50
1.959205 88 174 38 50
1.961205 89 174 38 50
1.963205 89 174 38 50
1.965205 89 175 38 50
1.967205 89 175 38 50
1.969205 89 175 38 50
1.971205 90 175 38 50
1.973205 90 175 38 50
1.975205 90 176 38 50
1.977205 90 176 38 50
1.979205 90 176 38 50
1.981205 90 176 38 50
1.983205 91 177 37 49
1.985205 91 177 37 49
1.987205 91 177 37 49
1.989205 91 178 37 49
1.991205 91 178 37 49
1.993205 92 179 37 48
1.995205 92 179 37 48
1.997205 92 179 37 48
1.999205 92 180 37 48
2.001205 92 180 37 48
2.003205 92 180 37 48
2.005205 93 181 37 47
2.007205 93 181 37 47
2.009205 93 181 37 47
2.011205 93 182 37 47
2.013205 93 182 37 47
