0.041423 167 162 27 25
0.043423 167 161 26 25
0.045423 167 161 26 25
0.047423 167 161 26 25
0.049423 167 161 26 25
0.051423 167 161 26 25
0.053423 167 161 25 25
0.055423 167 161 25 25
0.057423 167 161 25 25
0.059423 167 161 25 25
0.061423 167 161 25 25
0.063423 167 161 25 25
0.065423 167 160 24 25
0.067423 167 160 24 25
0.069423 167 160 24 25
0.071423 167 160 24 25
0.073423 167 160 24 25
0.075423 167 160 24 25
0.077423 167 160 23 25
0.079423 167 160 23 25
0.081423 167 160 23 25
0.083423 167 160 23 25
0.085423 167 160 23 25
0.087423 167 160 23 25
0.089423 167 160 23 25
0.091423 167 160 23 25
0.093423 167 160 23 25
0.095423 167 160 23 25
0.097423 167 160 23 25
0.099423 167 160 23 25
0.101423 167 160 23 25
0.103423 167 160 23 25
0.105423 167 160 23 25
0.107423 167 160 23 25
0.109423 167 160 23 25
0.111423 167 160 23 25
0.113423 167 160 23 25
0.115423 167 160 23 25
0.117423 167 160 23 25
0.119423 167 160 23 25
0.121423 167 160 23 25
0.123423 167 160 23 25
0.125423 167 160 23 25
0.127423 167 160 23 25
0.129423 167 160 23 25
0.131423 167 160 23 25
0.133423 167 160 23 25
0.135423 167 160 23 25
0.137423 167 159 22 26
0.139423 167 159 22 26
0.141423 167 159 22 26
0.143423 167 159 22 26
0.145423 167 159 21 26
0.147423 167 159 21 26
0.149423 167 159 21 26
0.151423 167 159 21 26
0.153423 167 159 21 26
0.155423 167 159 20 26
0.157423 167 159 20 26
0.159423 167 159 20 26
0.161423 167 159 20 26
0.163423 167 159 20 26
0.165423 167 159 19 26
0.167423 167 159 19 26
0.169423 167 159 19 26
0.171423 167 159 19 26
0.173423 167 159 19 26
0.175423 167 159 18 26
0.177423 167 159 18 26
0.179423 167 159 18 26
0.181423 167 159 18 26
0.183423 166 159 18 26
0.185423 166 159 18 26
0.187423 166 159 18 26
0.189423 166 159 18 26
0.191423 166 159 18 26
0.193423 166 159 18 26
0.195423 166 159 18 26
0.197423 166 159 18 26
0.199423 166 159 18 26
0.201423 166 159 18 26
0.203423 166 159 18 26
0.205423 166 159 18 26
0.207423 165 159 19 26
0.209423 165 159 19 26
0.211423 165 159 19 26
0.213423 165 159 19 26
0.215423 165 159 19 26
0.217423 165 159 19 26
0.219423 165 159 19 26
0.221423 165 159 19 26
0.223423 165 159 19 26
0.225423 165 159 19 26
0.227423 165 159 19 26
0.229423 165 159 19 26
0.231423 165 160 19 26
0.233423 165 160 19 26
0.235423 165 160 19 26
0.237423 165 160 19 26
0.239423 165 160 19 26
0.241423 165 160 19 26
0.243423 165 160 19 26
0.245423 165 160 19 26
0.247423 165 160 19 26
0.249423 165 160 19 26
0.251423 165 160 19 26
0.253423 165 160 19 26
0.255423 165 160 19 26
0.257423 165 160 19 26
0.259423 165 160 19 26
0.261423 165 160 19 26
0.263423 165 160 19 26
0.265423 165 160 19 26
0.267423 165 160 19 26
0.269423 165 160 19 26
0.271423 165 160 19 26
0.273423 165 160 19 26
0.275423 165 160 19 26
0.277423 165 160 19 26
0.279423 164 159 19 26
0.281423 164 159 19 26
0.283423 164 159 19 26
0.285423 164 159 19 26
0.287423 163 159 19 26
0.289423 163 159 20 26
0.291423 163 159 20 26
0.293423 163 159 20 26
0.295423 163 159 20 26
0.297423 162 159 20 26
0.299423 162 159 20 26
0.301423 162 159 21 26
0.303423 162 159 21 26
0.305423 162 159 21 26
0.307423 161 159 21 26
0.309423 161 159 21 26
0.311423 161 159 21 26
0.313423 161 159 22 26
0.315423 160 159 22 26
0.317423 160 159 22 26
0.319423 160 159 22 26
0.321423 160 159 22 26
0.323423 160 159 22 26
0.325423 159 158 23 27
0.327423 159 158 23 27
0.329423 159 158 23 27
0.331423 159 158 23 27
0.333423 159 158 23 27
0.335423 159 158 23 27
0.337423 159 158 23 27
0.339423 159 158 23 27
0.341423 159 158 23 27
0.343423 159 158 23 27
0.345423 159 158 23 27
0.347423 159 158 23 27
0.349423 159 158 23 28
0.351423 159 158 23 28
0.353423 159 158 23 28
0.355423 159 158 23 28
0.357423 159 158 23 28
0.359423 159 158 23 28
0.361423 159 158 23 28
0.363423 159 158 23 28
0.365423 159 158 23 28
0.367423 159 158 23 28
0.369423 159 158 23 28
0.371423 159 158 23 28
0.373423 158 158 24 28
0.375423 158 158 24 28
0.377423 158 158 24 28
0.379423 158 158 24 28
0.381423 158 158 24 28
0.383423 158 158 24 28
0.385423 157 158 24 28
0.387423 157 158 24 28
0.389423 157 158 25 28
0.391423 157 158 25 28
0.393423 157 158 25 28
0.395423 157 158 25 28
0.397423 156 158 25 28
0.399423 156 158 25 28
0.401423 156 158 25 28
0.403423 156 158 26 28
0.405423 156 158 26 28
0.407423 155 158 26 28
0.409423 155 158 26 28
0.411423 155 158 26 28
0.413423 155 158 26 28
0.415423 155 158 26 28
0.417423 155 158 26 28
0.419423 154 158 26 28
0.421423 154 158 26 28
0.423423 154 158 26 28
0.425423 154 158 26 28
0.427423 154 158 26 28
0.429423 154 158 26 28
0.431423 154 158 26 28
0.433423 154 158 26 28
0.435423 154 158 25 28
0.437423 154 158 25 28
0.439423 154 158 25 28
0.441423 154 158 25 28
0.443423 154 158 25 28
0.445423 154 158 25 28
0.447423 154 158 25 28
0.449423 154 158 25 28
0.451423 154 158 24 28
0.453423 154 158 24 28
0.455423 154 158 24 28
0.457423 154 158 24 28
0.459423 154 158 24 28
0.461423 154 158 24 28
0.463423 154 158 24 28
0.465423 154 158 24 28
0.467423 153 158 24 27
0.469423 153 158 24 27
0.471423 153 158 24 27
0.473423 153 158 24 27
0.475423 153 158 24 27
0.477423 153 158 25 27
0.479423 153 158 25 27
0.481423 153 158 25 27
0.483423 153 158 25 27
0.485423 153 158 26 27
0.487423 153 158 26 27
0.489423 153 158 26 27
0.491423 152 158 26 27
0.493423 152 158 26 27
0.495423 152 158 27 27
0.497423 152 158 27 27
0.499423 152 158 27 27
0.501423 152 158 27 27
0.503423 152 158 27 27
0.505423 152 158 28 27
0.507423 152 158 28 27
0.509423 152 158 28 27
0.511423 152 158 28 27
0.513423 152 158 28 27
0.515423 151 158 28 27
0.517423 151 158 28 27
0.519423 151 158 27 27
0.521423 151 158 27 27
0.523423 151 158 27 27
0.525423 151 158 26 27
0.527423 151 158 26 27
0.529423 151 158 25 27
0.531423 151 158 25 27
0.533423 151 158 25 27
0.535423 151 158 24 27
0.537423 150 158 24 27
0.539423 150 158 24 27
0.541423 150 158 23 27
0.543423 150 158 23 27
0.545423 150 158 22 27
0.547423 150 158 22 27
0.549423 150 158 22 27
0.551423 150 158 21 27
0.553423 150 158 21 27
0.555423 150 158 21 27
0.557423 150 158 20 27
0.559423 150 158 20 27
0.561423 150 158 19 27
0.563423 150 158 19 27
0.565423 150 158 19 27
0.567423 150 158 19 27
0.569423 150 158 19 27
0.571423 150 158 19 27
0.573423 150 158 19 27
0.575423 150 158 19 27
0.577423 150 158 18 27
0.579423 150 158 18 27
0.581423 150 158 18 27
0.583423 150 158 18 27
0.585423 150 158 18 27
0.587423 150 158 18 27
0.589423 150 158 18 27
0.591423 150 158 18 27
0.593423 150 158 17 27
0.595423 150 158 17 27
0.597423 150 158 17 27
0.599423 150 158 17 27
0.601423 150 158 17 27
0.603423 150 158 17 27
0.605423 150 158 17 27
0.607423 150 158 17 27
0.609423 150 158 17 27
0.611423 150 158 17 27
0.613423 150 158 17 27
0.615423 150 158 17 27
0.617423 149 158 18 27
0.619423 149 158 18 27
0.621423 149 158 18 27
0.623423 149 158 18 27
0.625423 148 158 19 27
0.627423 148 158 19 27
0.629423 148 158 19 27
0.631423 148 158 19 27
0.633423 147 158 20 27
0.635423 147 158 20 27
0.637423 147 158 20 27
0.639423 147 158 20 27
0.641423 146 158 21 27
0.643423 146 158 21 27
0.645423 146 158 21 27
0.647423 145 158 22 27
0.649423 145 158 22 27
0.651423 145 158 22 27
0.653423 145 158 22 27
0.655423 144 157 22 28
0.657423 144 157 22 28
0.659423 144 157 22 28
0.661423 144 157 22 28
0.663423 144 157 22 28
0.665423 144 157 22 28
0.667423 144 157 22 28
0.669423 144 157 22 28
0.671423 143 157 21 28
0.673423 143 157 21 28
0.675423 143 157 21 28
0.677423 143 157 21 28
0.679423 143 157 21 29
0.681423 143 157 21 29
0.683423 143 157 21 29
0.685423 143 157 21 29
0.687423 142 157 20 29
0.689423 142 157 20 29
0.691423 142 157 20 29
0.693423 142 157 20 29
0.695423 142 157 20 29
0.697423 142 157 20 29
0.699423 142 157 20 29
0.701423 142 157 20 29
0.703423 142 157 19 30
0.705423 142 157 19 30
0.707423 142 157 19 30
0.709423 142 157 19 30
0.711423 142 157 19 30
0.713423 142 157 19 30
0.715423 142 157 19 30
0.717423 142 157 19 30
0.719423 142 157 19 30
0.721423 142 157 19 30
0.723423 142 157 19 30
0.725423 142 157 19 30
0.727423 142 157 19 30
0.729423 142 157 19 30
0.731423 142 157 19 30
0.733423 142 157 19 30
0.735423 142 157 19 30
0.737423 142 157 19 30
0.739423 142 157 19 30
0.741423 142 157 19 30
0.743423 142 157 19 30
0.745423 142 157 19 30
0.747423 142 157 19 30
0.749423 142 157 19 30
0.751423 142 157 19 29
0.753423 142 157 19 29
0.755423 142 157 19 29
0.757423 142 157 19 29
0.759423 142 157 19 29
0.761423 142 157 19 29
0.763423 141 157 20 29
0.765423 141 157 20 29
0.767423 141 157 20 29
0.769423 141 157 20 29
0.771423 141 157 20 29
0.773423 140 157 21 29
0.775423 140 157 21 29
0.777423 140 157 21 29
0.779423 140 157 21 29
0.781423 140 157 21 29
0.783423 140 157 21 29
0.785423 139 157 22 29
0.787423 139 157 22 29
0.789423 139 157 22 29
0.791423 139 157 22 29
0.793423 139 157 22 29
0.795423 139 157 22 29
0.797423 138 156 22 29
0.799423 138 156 22 29
0.801423 138 156 22 29
0.803423 138 156 22 29
0.805423 138 156 22 29
0.807423 138 156 22 29
0.809423 138 156 22 29
0.811423 138 156 22 29
0.813423 138 156 22 29
0.815423 138 156 22 29
0.817423 138 156 22 29
0.819423 138 156 22 29
0.821423 137 155 22 29
0.823423 137 155 22 29
0.825423 137 155 22 29
0.827423 137 155 22 29
0.829423 137 155 22 29
0.831423 137 155 22 29
0.833423 137 155 22 29
0.835423 137 155 22 29
0.837423 137 155 22 29
0.839423 137 155 22 29
0.841423 137 155 22 29
0.843423 137 155 22 29
0.845423 136 155 21 29
0.847423 136 155 21 29
0.849423 136 155 21 29
0.851423 136 155 21 29
0.853423 136 155 21 29
0.855423 136 155 21 29
0.857423 136 155 21 29
0.859423 136 155 21 29
0.861423 136 155 20 29
0.863423 136 155 20 29
0.865423 136 155 20 29
0.867423 136 155 20 29
0.869423 136 155 20 29
0.871423 136 155 20 29
0.873423 136 155 20 29
0.875423 136 155 20 29
0.877423 136 155 19 29
0.879423 136 155 19 29
0.881423 136 155 19 29
0.883423 136 155 19 29
0.885423 136 155 19 29
0.887423 136 155 19 29
0.889423 136 155 19 29
0.891423 135 155 19 29
0.893423 135 155 19 29
0.895423 135 155 19 29
0.897423 135 155 19 29
0.899423 135 155 19 29
0.901423 135 155 19 29
0.903423 135 155 19 29
0.905423 135 155 19 29
0.907423 135 155 20 29
0.909423 135 155 20 29
0.911423 135 155 20 29
0.913423 135 155 20 29
0.915423 134 155 20 30
0.917423 134 155 20 30
0.919423 134 155 20 30
0.921423 134 155 20 30
0.923423 134 155 21 30
0.925423 134 155 21 30
0.927423 134 155 21 30
0.929423 134 155 21 30
0.931423 134 155 21 30
0.933423 134 155 21 30
0.935423 134 155 21 30
0.937423 134 155 21 30
0.939423 133 155 22 30
0.941423 133 155 22 30
0.943423 133 155 22 30
0.945423 133 155 22 30
0.947423 133 155 22 30
0.949423 132 155 22 30
0.951423 132 155 22 30
0.953423 132 155 22 30
0.955423 132 155 22 30
0.957423 131 155 22 30
0.959423 131 155 22 30
0.961423 131 155 22 30
0.963423 131 156 23 29
0.965423 131 156 23 29
0.967423 130 156 23 29
0.969423 130 156 23 29
0.971423 130 156 23 29
0.973423 130 156 23 29
0.975423 130 156 23 29
0.977423 129 156 23 29
0.979423 129 156 23 29
0.981423 129 156 23 29
0.983423 129 156 23 29
0.985423 129 156 23 29
0.987423 128 156 24 28
0.989423 128 156 24 28
0.991423 128 156 24 28
0.993423 128 156 24 28
0.995423 128 156 24 28
0.997423 128 156 24 28
0.999423 128 156 24 28
1.001423 128 156 24 28
1.003423 128 156 24 28
1.005423 128 156 24 28
1.007423 128 156 24 28
1.009423 127 156 24 27
1.011423 127 156 24 27
1.013423 127 156 24 27
1.015423 127 156 24 27
1.017423 127 156 24 27
1.019423 127 156 24 27
1.021423 127 156 24 27
1.023423 127 156 24 27
1.025423 127 156 24 27
1.027423 127 156 24 27
1.029423 127 156 24 27
1.031423 127 156 24 27
1.033423 127 156 23 27
1.035423 127 156 23 27
1.037423 127 156 23 27
1.039423 127 156 23 27
1.041423 127 156 23 27
1.043423 127 156 23 27
1.045423 127 156 23 27
1.047423 127 156 23 27
1.049423 127 156 23 27
1.051423 127 156 23 27
1.053423 127 156 23 27
1.055423 127 156 23 27
1.057423 127 156 22 27
1.059423 127 156 22 27
1.061423 127 156 22 27
1.063423 127 156 22 27
1.065423 127 156 22 27
1.067423 127 156 22 27
1.069423 127 156 22 27
1.071423 127 156 22 27
1.073423 127 156 22 27
1.075423 127 156 22 27
1.077423 127 156 22 27
1.079423 127 156 22 27
1.081423 127 156 21 27
1.083423 127 156 21 27
1.085423 127 156 21 27
1.087423 127 156 21 27
1.089423 127 156 21 27
1.091423 127 156 21 27
1.093423 127 156 21 27
1.095423 127 156 21 27
1.097423 127 155 21 28
1.099423 127 155 21 28
1.101423 127 155 21 28
1.103423 127 155 21 28
1.105423 127 155 20 28
1.107423 127 155 20 28
1.109423 127 155 20 28
1.111423 127 155 20 28
1.113423 127 154 20 29
1.115423 127 154 20 29
1.117423 127 154 20 29
1.119423 127 154 20 29
1.121423 127 154 20 29
1.123423 127 154 20 29
1.125423 127 154 20 29
1.127423 126 154 20 29
1.129423 126 154 20 29
1.131423 126 154 20 29
1.133423 126 154 20 29
1.135423 126 154 20 29
1.137423 126 154 20 29
1.139423 126 154 20 29
1.141423 126 154 20 29
1.143423 126 154 20 29
1.145423 126 154 20 29
1.147423 126 154 20 29
1.149423 126 154 20 29
1.151423 125 154 20 29
1.153423 125 154 20 29
1.155423 125 154 20 29
1.157423 125 154 20 29
1.159423 125 154 20 29
1.161423 125 154 20 29
1.163423 125 154 20 29
1.165423 125 154 20 29
1.167423 125 154 20 29
1.169423 125 154 20 29
1.171423 125 154 20 29
1.173423 125 154 20 29
1.175423 125 154 19 29
1.177423 125 154 19 29
1.179423 125 154 19 29
1.181423 125 154 19 29
1.183423 125 154 19 29
1.185423 125 154 19 29
1.187423 125 154 19 29
1.189423 125 154 19 29
1.191423 125 154 19 29
1.193423 125 154 19 29
1.195423 125 154 19 29
1.197423 125 154 19 29
1.199423 125 154 19 29
1.201423 125 154 19 29
1.203423 125 154 19 29
1.205423 125 154 19 29
1.207423 125 154 19 29
1.209423 125 154 19 29
1.211423 125 154 19 29
1.213423 125 154 19 29
1.215423 125 154 19 29
1.217423 125 154 19 29
1.219423 125 154 19 29
1.221423 125 154 19 29
1.223423 121 148 18 28
1.225423 116 142 17 27
1.227423 110 135 16 26
1.229423 105 129 15 25
1.231423 100 122 15 23
1.233423 94 116 14 22
1.235423 89 109 13 21
1.237423 84 103 12 20
1.239423 78 96 11 18
1.241423 73 89 11 17
1.243423 68 83 10 16
1.245423 62 76 9 14
1.247423 57 70 8 13
1.249423 52 63 7 12
1.251423 46 57 7 11
1.253423 41 50 6 9
1.255423 36 44 5 8
1.257423 30 37 4 7
1.259423 25 31 3 6
1.261423 20 24 3 4
1.263423 14 18 2 3
1.265423 9 11 1 2
1.267423 4 5 0 1
1.269423 0 0 0 0
1.271423 0 0 0 0
1.273423 0 0 0 0
1.275423 0 0 0 0
1.277423 0 0 0 0
1.279423 0 0 0 0
1.281423 0 0 0 0
1.283423 0 0 0 0
1.285423 0 0 0 0
1.287423 0 0 0 0
1.289423 0 0 0 0
1.291423 0 0 0 0
1.293423 0 0 0 0
1.295423 0 0 0 0
1.297423 0 0 0 0
1.299423 0 0 0 0
1.301423 0 0 0 0
1.303423 0 0 0 0
1.305423 0 0 0 0
1.307423 0 0 0 0
1.309423 0 0 0 0
1.311423 0 0 0 0
1.313423 0 0 0 0
1.315423 0 0 0 0
1.317423 0 0 0 0
1.319423 0 0 0 0
1.321423 0 0 0 0
1.323423 0 0 0 0
1.325423 0 0 0 0
1.327423 0 0 0 0
1.329423 0 0 0 0
1.331423 0 0 0 0
1.333423 0 0 0 0
1.335423 0 0 0 0
1.337423 0 0 0 0
1.339423 0 0 0 0
1.341423 0 0 0 0
1.343423 0 0 0 0
1.345423 0 0 0 0
1.347423 0 0 0 0
1.349423 0 0 0 0
1.351423 0 0 0 0
1.353423 0 0 0 0
1.355423 0 0 0 0
1.357423 0 0 0 0
1.359423 0 0 0 0
1.361423 0 0 0 0
1.363423 0 0 0 0
1.365423 0 0 0 0
1.367423 0 0 0 0
1.369423 0 0 0 0
1.371423 0 0 0 0
1.373423 0 0 0 0
1.375423 0 0 0 0
1.377423 0 0 0 0
1.379423 0 0 0 0
1.381423 0 0 0 0
1.383423 0 0 0 0
1.385423 0 0 0 0
1.387423 0 0 0 0
1.389423 0 0 0 0
1.391423 0 0 0 0
1.393423 0 0 0 0
1.395423 0 0 0 0
1.397423 0 0 0 0
1.399423 0 0 0 0
1.401423 0 0 0 0
1.403423 0 0 0 0
1.405423 0 0 0 0
1.407423 0 0 0 0
1.409423 0 0 0 0
1.411423 0 0 0 0
1.413423 0 0 0 0
1.415423 0 0 0 0
1.417423 0 0 0 0
1.419423 0 0 0 0
1.421423 0 0 0 0
1.423423 0 0 0 0
1.425423 0 0 0 0
1.427423 0 0 0 0
1.429423 0 0 0 0
1.431423 0 0 0 0
1.433423 0 0 0 0
1.435423 0 0 0 0
1.437423 0 0 0 0
1.439423 0 0 0 0
1.441423 0 0 0 0
1.443423 0 0 0 0
1.445423 0 0 0 0
1.447423 0 0 0 0
1.449423 0 0 0 0
1.451423 0 0 0 0
1.453423 0 0 0 0
1.455423 0 0 0 0
1.457423 0 0 0 0
1.459423 3 5 0 0
1.461423 8 11 1 2
1.463423 12 17 2 3
1.465423 17 24 3 4
1.467423 21 30 4 5
1.469423 26 37 5 6
1.471423 30 43 6 7
1.473423 35 50 6 8
1.475423 39 56 7 10
1.477423 44 63 8 11
1.479423 48 69 9 12
1.481423 53 76 10 13
1.483423 57 82 11 14
1.485423 62 89 12 15
1.487423 66 95 13 16
1.489423 71 102 14 18
1.491423 76 108 14 19
1.493423 80 115 15 20
1.495423 85 121 16 21
1.497423 89 128 17 22
1.499423 94 134 18 23
1.501423 98 141 19 24
1.503423 103 147 20 26
1.505423 106 152 21 27
1.507423 106 152 21 27
1.509423 106 152 21 27
1.511423 106 152 21 27
1.513423 106 152 21 27
1.515423 106 152 21 27
1.517423 106 152 21 27
1.519423 106 152 21 27
1.521423 105 152 21 27
1.523423 105 152 21 27
1.525423 105 152 21 27
1.527423 105 152 21 27
1.529423 105 152 21 27
1.531423 105 152 21 27
1.533423 105 152 21 27
1.535423 105 152 21 27
1.537423 104 152 21 27
1.539423 104 152 21 27
1.541423 104 152 21 27
1.543423 104 152 21 27
1.545423 104 152 21 27
1.547423 104 152 21 27
1.549423 104 152 21 27
1.551423 104 152 21 27
1.553423 103 151 21 27
1.555423 103 151 21 27
1.557423 103 151 21 27
1.559423 103 151 21 27
1.561423 103 151 21 27
1.563423 103 151 21 27
1.565423 103 151 21 27
1.567423 103 151 21 27
1.569423 103 151 21 27
1.571423 103 151 21 27
1.573423 103 151 21 27
1.575423 103 151 21 27
1.577423 102 151 20 26
1.579423 102 151 20 26
1.581423 102 151 20 26
1.583423 102 151 20 26
1.585423 102 151 20 26
1.587423 102 151 20 26
1.589423 102 151 20 26
1.591423 102 151 20 26
1.593423 102 151 20 26
1.595423 102 151 20 26
1.597423 102 151 20 26
1.599423 102 151 20 26
1.601423 101 151 20 26
1.603423 101 151 20 26
1.605423 101 151 20 26
1.607423 101 151 21 26
1.609423 101 151 21 27
1.611423 101 151 21 27
1.613423 101 151 22 27
1.615423 101 152 22 27
1.617423 101 152 22 27
1.619423 101 152 22 28
1.621423 101 152 23 28
1.623423 100 152 23 28
1.625423 100 152 23 28
1.627423 100 152 24 28
1.629423 100 152 24 29
1.631423 100 153 24 29
1.633423 100 153 25 29
1.635423 100 153 25 29
1.637423 100 153 25 30
1.639423 100 153 25 30
1.641423 100 153 26 30
1.643423 100 153 26 30
1.645423 100 153 26 30
1.647423 99 153 27 31
1.649423 99 153 27 31
1.651423 99 153 27 31
1.653423 99 153 27 31
1.655423 99 153 27 31
1.657423 99 153 27 31
1.659423 99 153 27 31
1.661423 99 153 27 31
1.663423 98 153 28 31
1.665423 98 153 28 31
1.667423 98 153 28 31
1.669423 98 153 28 31
1.671423 98 153 28 31
1.673423 98 153 28 31
1.675423 98 153 28 31
1.677423 98 153 28 31
1.679423 97 153 29 31
1.681423 97 153 29 31
1.683423 97 153 29 31
1.685423 97 153 29 31
1.687423 97 153 29 31
1.689423 97 153 29 31
1.691423 97 153 29 31
1.693423 97 153 29 31
1.695423 96 152 29 31
1.697423 96 152 29 31
1.699423 96 152 29 31
1.701423 96 152 29 31
1.703423 96 152 29 31
1.705423 96 152 29 31
1.707423 96 152 28 31
1.709423 96 152 28 31
1.711423 96 152 28 31
1.713423 96 152 28 31
1.715423 96 152 28 31
1.717423 96 152 28 31
1.719423 96 152 27 31
1.721423 96 152 27 31
1.723423 96 152 27 31
1.725423 96 152 27 31
1.727423 96 152 27 31
1.729423 96 152 26 31
1.731423 96 152 26 31
1.733423 96 152 26 31
1.735423 96 152 26 31
1.737423 96 152 26 31
1.739423 96 152 26 31
1.741423 95 152 25 31
1.743423 95 152 25 31
1.745423 95 152 25 31
1.747423 95 152 25 31
1.749423 95 152 25 31
1.751423 95 152 25 31
1.753423 95 152 25 31
1.755423 95 152 25 31
1.757423 94 152 25 31
1.759423 94 152 25 31
1.761423 94 152 25 31
1.763423 94 152 25 31
1.765423 94 152 25 31
1.767423 94 152 25 31
1.769423 94 152 25 31
1.771423 94 152 25 31
1.773423 93 152 25 31
1.775423 93 152 25 31
1.777423 93 152 25 31
1.779423 93 152 25 31
1.781423 93 152 25 31
1.783423 93 152 25 31
1.785423 93 152 25 31
1.787423 93 152 25 31
1.789423 92 151 25 31
1.791423 92 151 25 31
1.793423 92 151 25 31
1.795423 92 151 25 31
1.797423 92 151 25 31
1.799423 92 151 25 31
1.801423 92 151 25 31
1.803423 92 151 25 31
1.805423 92 151 25 31
1.807423 92 151 25 31
1.809423 92 151 25 31
1.811423 92 151 25 31
1.813423 91 151 26 31
1.815423 91 151 26 31
1.817423 91 151 26 31
1.819423 91 151 26 31
1.821423 91 151 26 31
1.823423 91 151 26 31
1.825423 91 151 26 31
1.827423 91 151 26 31
1.829423 91 151 26 31
1.831423 91 151 26 31
1.833423 91 151 26 31
1.835423 91 151 26 31
1.837423 90 151 26 31
1.839423 90 151 26 31
1.841423 90 151 26 31
1.843423 90 151 26 31
1.845423 90 151 26 31
1.847423 90 151 26 31
1.849423 90 151 26 31
1.851423 90 151 25 31
1.853423 90 151 25 31
1.855423 90 151 25 31
1.857423 90 151 25 31
1.859423 89 151 25 31
1.861423 89 151 25 31
1.863423 89 151 25 31
1.865423 89 151 25 31
1.867423 89 151 24 31
1.869423 89 151 24 31
1.871423 89 151 24 31
1.873423 89 151 24 31
1.875423 89 151 24 31
1.877423 89 151 24 31
1.879423 89 151 24 31
1.881423 89 151 24 31
1.883423 88 150 24 31
1.885423 88 150 24 31
1.887423 88 150 24 31
1.889423 88 150 24 31
1.891423 88 150 24 31
1.893423 87 150 24 31
1.895423 87 150 25 31
1.897423 87 150 25 31
1.899423 87 150 25 31
1.901423 87 150 25 31
1.903423 86 150 25 31
1.905423 86 150 25 31
1.907423 86 150 26 31
1.909423 86 150 26 31
1.911423 85 150 26 31
1.913423 85 150 26 31
1.915423 85 150 26 31
1.917423 85 150 26 31
1.919423 85 150 27 31
1.921423 84 150 27 31
1.923423 84 150 27 31
1.925423 84 150 27 31
1.927423 84 150 27 31
1.929423 84 150 27 31
1.931423 83 150 28 31
1.933423 83 150 28 31
1.935423 83 150 28 31
1.937423 83 150 28 31
1.939423 83 150 29 31
1.941423 83 150 29 31
1.943423 83 150 29 31
1.945423 83 150 29 31
1.947423 82 150 30 31
1.949423 82 150 30 31
1.951423 82 150 30 31
1.953423 82 150 30 31
1.955423 82 150 31 32
1.957423 82 150 31 32
1.959423 82 150 31 32
1.961423 82 150 31 32
1.963423 81 150 32 32
1.965423 81 150 32 32
1.967423 81 150 32 32
1.969423 81 150 33 32
1.971423 81 150 33 32
1.973423 81 150 33 32
1.975423 81 150 33 32
1.977423 80 149 33 32
1.979423 80 149 33 32
1.981423 80 149 33 32
1.983423 80 149 33 32
1.985423 80 149 32 32
1.987423 80 149 32 32
1.989423 79 149 32 32
1.991423 79 149 32 32
1.993423 79 149 31 32
1.995423 79 149 31 32
1.997423 79 149 31 32
1.999423 79 149 31 32
2.001423 78 149 30 32
2.003423 78 149 30 32
2.005423 78 149 30 32
2.007423 78 149 30 32
2.009423 78 149 29 32
2.011423 78 149 29 32
2.013423 77 149 29 32
2.015423 77 149 29 32
2.017423 77 149 28 32
2.019423 77 149 28 32
2.021423 77 149 28 32
2.023423 77 149 28 32
2.025423 76 149 28 31
2.027423 76 149 28 31
2.029423 76 149 28 31
2.031423 76 149 28 31
2.033423 76 149 28 31
2.035423 76 149 28 31
2.037423 75 149 28 31
2.039423 75 149 28 31
2.041423 75 149 28 31
2.043423 75 149 28 31
2.045423 75 149 28 31
2.047423 75 149 28 31
2.049423 74 150 28 31
2.051423 74 150 28 31
2.053423 74 150 28 31
2.055423 74 150 28 31
2.057423 74 150 28 31
2.059423 74 150 28 31
2.061423 73 150 28 31
2.063423 73 150 28 31
2.065423 73 150 28 31
2.067423 73 150 28 31
2.069423 73 150 28 31
2.071423 73 150 28 31
2.073423 73 150 27 31
2.075423 73 150 27 31
2.077423 73 150 27 31
2.079423 73 150 27 31
2.081423 73 150 26 31
2.083423 73 150 26 31
2.085423 73 150 26 31
2.087423 74 149 26 31
2.089423 74 149 26 31
2.091423 74 149 25 31
2.093423 74 149 25 31
2.095423 74 149 25 32
2.097423 74 149 25 32
2.099423 74 149 25 32
2.101423 74 149 24 32
2.103423 75 148 24 32
2.105423 75 148 24 32
2.107423 75 148 24 32
2.109423 75 148 24 32
2.111423 75 148 23 32
2.113423 75 148 23 32
2.115423 75 148 23 32
2.117423 75 148 23 32
2.119423 75 148 23 33
2.121423 75 148 23 33
2.123423 75 148 23 33
2.125423 75 148 23 33
2.127423 75 148 23 33
2.129423 75 148 23 33
2.131423 75 148 23 33
2.133423 75 148 23 33
2.135423 74 148 24 33
2.137423 74 148 24 33
2.139423 74 148 24 33
2.141423 74 148 24 33
2.143423 74 148 24 34
2.145423 74 148 24 34
2.147423 74 148 24 34
2.149423 74 148 24 34
2.151423 73 148 25 34
2.153423 73 148 25 34
2.155423 73 148 25 34
2.157423 73 148 25 34
2.159423 73 148 25 34
2.161423 73 148 25 34
2.163423 73 148 25 34
2.165423 73 148 25 34
2.167423 72 147 25 35
2.169423 72 147 25 35
2.171423 72 147 25 35
2.173423 72 147 25 35
2.175423 72 147 25 35
2.177423 72 147 25 35
2.179423 71 147 25 35
2.181423 71 147 25 35
2.183423 71 147 25 35
2.185423 71 147 25 35
2.187423 71 147 25 35
2.189423 71 147 25 35
2.191423 70 146 24 35
2.193423 70 146 24 35
2.195423 70 146 24 35
2.197423 70 146 24 35
2.199423 70 146 24 35
2.201423 70 146 24 35
2.203423 69 146 24 35
2.205423 69 146 24 35
2.207423 69 146 24 35
2.209423 69 146 24 35
2.211423 69 146 24 35
2.213423 68 146 24 35
2.215423 68 146 24 35
2.217423 68 146 24 35
2.219423 68 146 24 35
2.221423 67 146 24 35
2.223423 67 146 24 35
2.225423 67 146 25 35
2.227423 67 146 25 35
2.229423 66 146 25 35
2.231423 66 146 25 35
2.233423 66 146 25 35
2.235423 66 146 25 35
2.237423 65 146 26 35
2.239423 65 146 26 35
2.241423 65 146 26 35
2.243423 65 146 26 35
2.245423 64 146 26 35
2.247423 64 146 26 35
2.249423 64 146 27 35
2.251423 64 146 27 35
2.253423 63 146 27 35
2.255423 63 146 27 35
2.257423 63 146 27 35
2.259423 63 146 27 35
2.261423 63 146 27 34
2.263423 63 146 27 34
2.265423 63 146 27 34
2.267423 63 146 27 34
2.269423 63 146 27 33
2.271423 63 146 27 33
2.273423 63 146 27 33
2.275423 63 146 27 33
2.277423 63 147 27 32
2.279423 63 147 27 32
2.281423 63 147 27 32
2.283423 63 147 27 32
2.285423 63 147 26 31
2.287423 63 147 26 31
2.289423 63 147 26 31
2.291423 63 147 26 31
2.293423 63 148 26 30
2.295423 63 148 26 30
2.297423 63 148 26 30
2.299423 63 148 26 30
2.301423 63 148 26 29
2.303423 63 148 26 29
2.305423 63 148 26 29
2.307423 63 148 26 29
2.309423 63 148 26 29
2.311423 63 148 26 29
2.313423 63 148 26 29
2.315423 63 148 26 29
2.317423 63 148 26 29
2.319423 63 148 26 29
2.321423 63 148 26 29
2.323423 63 148 26 29
2.325423 62 148 26 30
2.327423 62 148 26 30
2.329423 62 148 26 30
2.331423 62 147 26 30
2.333423 62 147 26 30
2.335423 62 147 26 30
2.337423 62 147 26 30
2.339423 61 147 26 31
2.341423 61 147 26 31
2.343423 61 147 26 31
2.345423 61 147 26 31
2.347423 61 147 26 31
2.349423 61 147 26 31
2.351423 61 147 26 31
2.353423 61 147 26 31
2.355423 61 146 25 32
2.357423 61 146 25 32
2.359423 61 146 25 32
2.361423 61 146 25 32
2.363423 61 146 25 32
2.365423 61 146 25 32
2.367423 61 146 25 32
2.369423 61 146 25 32
2.371423 61 146 24 32
2.373423 61 146 24 32
2.375423 61 146 24 32
2.377423 61 146 24 32
2.379423 62 145 24 33
2.381423 62 145 24 33
2.383423 62 145 24 33
2.385423 62 145 24 33
2.387423 62 145 23 33
2.389423 62 145 23 33
2.391423 62 145 23 33
2.393423 62 145 23 33
2.395423 62 145 23 33
2.397423 62 145 23 33
2.399423 62 145 23 33
2.401423 62 145 23 33
2.403423 62 145 23 33
2.405423 62 145 23 33
2.407423 62 145 23 33
2.409423 61 145 24 33
2.411423 61 145 24 32
2.413423 61 146 24 32
2.415423 60 146 25 32
2.417423 60 146 25 32
2.419423 60 146 25 31
2.421423 59 147 26 31
2.423423 59 147 26 31
2.425423 59 147 26 31
2.427423 58 147 27 30
2.429423 58 147 27 30
2.431423 58 148 27 30
2.433423 57 148 28 30
2.435423 57 148 28 29
2.437423 57 148 28 29
2.439423 56 148 29 29
2.441423 56 149 29 29
2.443423 56 149 29 28
2.445423 55 149 30 28
2.447423 55 149 30 28
2.449423 55 149 30 28
2.451423 55 149 30 28
2.453423 55 149 30 28
2.455423 55 149 30 28
2.457423 55 149 30 29
2.459423 55 148 29 29
2.461423 55 148 29 29
2.463423 55 148 29 29
2.465423 55 148 29 30
2.467423 55 148 29 30
2.469423 55 147 28 30
2.471423 55 147 28 30
2.473423 56 147 28 31
2.475423 56 147 28 31
2.477423 56 147 28 31
2.479423 56 146 27 31
2.481423 56 146 27 32
2.483423 56 146 27 32
2.485423 56 146 27 32
2.487423 56 145 26 32
2.489423 56 145 26 33
2.491423 56 145 26 33
2.493423 56 145 26 33
2.495423 56 145 26 33
2.497423 57 145 25 33
2.499423 57 145 25 33
2.501423 57 145 25 33
2.503423 57 145 25 33
2.505423 57 145 25 33
2.507423 57 145 24 33
2.509423 57 145 24 33
2.511423 57 145 24 33
2.513423 58 145 24 32
2.515423 58 145 24 32
2.517423 58 145 23 32
2.519423 58 145 23 32
2.521423 58 146 23 32
2.523423 58 146 23 32
2.525423 58 146 22 32
2.527423 58 146 22 32
2.529423 59 146 22 31
2.531423 59 146 22 31
2.533423 59 146 22 31
2.535423 59 146 21 31
2.537423 59 146 21 31
2.539423 59 146 21 31
2.541423 59 146 21 31
2.543423 59 146 21 31
2.545423 57 142 20 29
2.547423 55 135 19 28
2.549423 52 129 18 27
2.551423 50 123 17 26
2.553423 47 117 16 24
2.555423 45 110 15 23
2.557423 42 104 14 22
2.559423 40 98 14 20
2.561423 37 92 13 19
2.563423 35 85 12 18
2.565423 32 79 11 16
2.567423 30 73 10 15
2.569423 27 67 9 14
2.571423 24 61 8 12
2.573423 22 54 7 11
2.575423 19 48 6 10
2.577423 17 42 6 8
2.579423 14 36 5 7
2.581423 12 29 4 6
2.583423 9 23 3 4
2.585423 7 17 2 3
2.587423 4 11 1 2
2.589423 2 5 0 1
2.591423 0 0 0 0
2.593423 0 0 0 0
2.595423 0 0 0 0
2.597423 0 0 0 0
2.599423 0 0 0 0
2.601423 0 0 0 0
2.603423 0 0 0 0
2.605423 0 0 0 0
2.607423 0 0 0 0
2.609423 0 0 0 0
2.611423 0 0 0 0
2.613423 0 0 0 0
2.615423 0 0 0 0
2.617423 0 0 0 0
2.619423 0 0 0 0
2.621423 0 0 0 0
2.623423 0 0 0 0
2.625423 0 0 0 0
2.627423 0 0 0 0
2.629423 0 0 0 0
2.631423 0 0 0 0
2.633423 0 0 0 0
2.635423 0 0 0 0
2.637423 0 0 0 0
2.639423 0 0 0 0
2.641423 0 0 0 0
2.643423 0 0 0 0
2.645423 0 0 0 0
2.647423 0 0 0 0
2.649423 0 0 0 0
2.651423 0 0 0 0
2.653423 0 0 0 0
2.655423 0 0 0 0
2.657423 0 0 0 0
2.659423 0 0 0 0
2.661423 0 0 0 0
2.663423 0 0 0 0
2.665423 0 0 0 0
2.667423 0 0 0 0
2.669423 0 0 0 0
2.671423 0 0 0 0
2.673423 0 0 0 0
2.675423 0 0 0 0
2.677423 0 0 0 0
2.679423 0 0 0 0
2.681423 0 0 0 0
2.683423 0 0 0 0
2.685423 0 0 0 0
2.687423 0 0 0 0
2.689423 0 0 0 0
2.691423 0 0 0 0
2.693423 0 0 0 0
2.695423 0 0 0 0
2.697423 0 0 0 0
2.699423 0 0 0 0
2.701423 0 0 0 0
2.703423 0 0 0 0
2.705423 0 0 0 0
2.707423 0 0 0 0
2.709423 0 0 0 0
2.711423 0 0 0 0
2.713423 0 0 0 0
2.715423 0 0 0 0
2.717423 0 0 0 0
2.719423 0 0 0 0
2.721423 0 0 0 0
2.723423 0 0 0 0
2.725423 0 0 0 0
2.727423 0 0 0 0
2.729423 0 0 0 0
2.731423 0 0 0 0
2.733423 0 2 0 0
2.735423 2 8 0 1
2.737423 3 15 1 2
2.739423 5 21 2 3
2.741423 7 27 3 4
2.743423 8 34 3 5
2.745423 10 40 4 7
2.747423 12 47 5 8
2.749423 13 53 6 9
2.751423 15 59 6 10
2.753423 17 66 7 11
2.755423 18 72 8 12
2.757423 20 79 8 13
2.759423 22 85 9 14
2.761423 23 91 10 15
2.763423 25 98 11 16
2.765423 27 104 11 18
2.767423 28 111 12 19
2.769423 30 117 13 20
2.771423 31 123 13 21
2.773423 33 130 14 22
2.775423 35 136 15 23
2.777423 36 143 16 24
2.779423 38 149 16 25
2.781423 38 150 17 26
2.783423 38 150 17 26
2.785423 38 150 17 26
2.787423 38 150 17 26
2.789423 38 150 17 26
2.791423 38 150 17 26
2.793423 38 150 17 26
2.795423 38 150 17 26
2.797423 38 150 17 26
2.799423 38 150 17 26
2.801423 38 150 17 26
2.803423 38 150 17 26
2.805423 38 149 18 26
2.807423 38 149 18 26
2.809423 38 149 18 26
2.811423 38 149 18 26
2.813423 38 149 18 26
2.815423 38 149 18 26
2.817423 38 149 18 26
2.819423 38 149 18 26
2.821423 38 149 18 26
2.823423 38 149 18 26
2.825423 38 149 18 26
2.827423 37 148 19 26
2.829423 37 148 19 26
2.831423 37 148 19 26
2.833423 37 148 19 26
2.835423 37 148 19 26
2.837423 37 148 19 26
2.839423 37 148 19 26
2.841423 37 148 19 26
2.843423 37 148 19 26
2.845423 37 148 19 26
2.847423 37 148 19 26
2.849423 37 148 19 26
2.851423 37 148 20 26
2.853423 37 148 20 26
2.855423 37 148 20 26
2.857423 37 148 20 26
2.859423 37 148 20 26
2.861423 37 148 20 26
2.863423 37 148 20 26
2.865423 37 148 20 26
2.867423 37 148 20 26
2.869423 37 148 20 26
2.871423 37 148 20 26
2.873423 37 148 20 26
2.875423 36 147 21 26
2.877423 36 147 21 26
2.879423 36 147 22 26
2.881423 35 147 22 27
2.883423 35 147 23 27
2.885423 35 147 23 28
2.887423 34 147 24 28
2.889423 34 147 24 28
2.891423 34 146 24 29
2.893423 33 146 25 29
2.895423 33 146 25 30
2.897423 33 146 26 30
2.899423 32 146 26 30
2.901423 32 146 27 31
2.903423 32 146 27 31
2.905423 31 146 28 31
2.907423 31 145 28 32
2.909423 31 145 29 32
2.911423 30 145 29 33
2.913423 30 145 30 33
2.915423 30 145 30 33
2.917423 29 145 31 34
2.919423 29 145 31 34
2.921423 29 145 31 34
2.923423 29 145 31 35
2.925423 29 145 31 35
2.927423 29 145 31 35
2.929423 29 145 31 35
2.931423 29 145 31 35
2.933423 29 145 31 35
2.935423 29 145 31 35
2.937423 29 145 30 35
2.939423 29 145 30 35
2.941423 29 145 30 35
2.943423 29 145 30 35
2.945423 29 145 30 35
2.947423 29 145 30 35
2.949423 29 145 30 35
2.951423 29 145 30 35
2.953423 29 145 29 35
2.955423 29 145 29 35
2.957423 29 145 29 35
2.959423 29 145 29 35
2.961423 29 145 29 35
2.963423 29 145 29 35
2.965423 29 145 29 35
2.967423 29 145 29 35
2.969423 29 144 29 35
2.971423 29 144 29 35
2.973423 29 144 29 35
2.975423 29 144 29 35
2.977423 28 144 29 35
2.979423 28 144 29 35
2.981423 28 144 29 35
2.983423 28 144 29 35
2.985423 27 144 29 35
2.987423 27 144 29 35
2.989423 27 144 29 35
2.991423 27 144 29 35
2.993423 26 144 30 35
2.995423 26 144 30 35
2.997423 26 144 30 35
2.999423 26 144 30 35
3.001423 25 144 30 35
3.003423 25 144 30 35
3.005423 25 144 30 35
3.007423 25 144 30 35
3.009423 24 144 30 35
3.011423 24 144 30 35
3.013423 24 144 30 35
3.015423 24 144 30 35
3.017423 23 143 31 35
3.019423 23 143 31 35
3.021423 23 143 31 35
3.023423 23 143 31 35
3.025423 23 143 31 35
3.027423 23 143 31 35
3.029423 23 143 31 35
3.031423 23 143 31 35
3.033423 22 143 31 35
3.035423 22 143 31 35
3.037423 22 143 31 35
3.039423 22 143 31 35
3.041423 22 143 31 35
3.043423 22 143 31 35
3.045423 22 143 31 35
3.047423 22 143 31 35
3.049423 21 143 31 35
3.051423 21 143 31 35
3.053423 21 143 31 35
3.055423 21 143 31 35
3.057423 21 143 31 35
3.059423 21 143 31 35
3.061423 21 143 31 35
3.063423 20 143 32 35
3.065423 20 143 32 35
3.067423 20 143 32 35
3.069423 20 143 32 35
3.071423 20 143 32 35
3.073423 20 143 32 35
3.075423 20 143 33 35
3.077423 20 143 33 35
3.079423 19 143 33 35
3.081423 19 143 33 35
3.083423 19 143 33 35
3.085423 19 143 33 35
3.087423 19 143 34 35
3.089423 19 143 34 35
3.091423 19 143 34 35
3.093423 19 143 34 35
3.095423 18 143 34 35
3.097423 18 143 34 35
3.099423 18 143 35 35
3.101423 18 143 35 35
3.103423 18 143 35 35
3.105423 18 143 35 35
3.107423 18 143 35 35
3.109423 18 143 35 35
3.111423 17 142 35 35
3.113423 17 142 35 35
3.115423 17 142 35 35
3.117423 17 142 35 35
3.119423 17 142 35 35
3.121423 17 142 35 35
3.123423 17 142 35 35
3.125423 17 142 35 35
3.127423 17 142 34 35
3.129423 17 142 34 35
3.131423 17 142 34 35
3.133423 17 142 34 35
3.135423 16 141 34 36
3.137423 16 141 34 36
3.139423 16 141 34 36
3.141423 16 141 34 36
3.143423 16 141 33 36
3.145423 16 141 33 36
3.147423 16 141 33 36
3.149423 16 141 33 36
3.151423 16 141 33 36
3.153423 16 141 33 36
3.155423 16 141 33 36
3.157423 16 141 33 36
3.159423 15 141 32 36
3.161423 15 141 32 36
3.163423 15 141 32 36
3.165423 15 141 32 36
3.167423 15 141 31 36
3.169423 15 141 31 36
3.171423 15 141 31 36
3.173423 15 141 30 36
3.175423 15 141 30 36
3.177423 15 141 30 36
3.179423 15 141 30 36
3.181423 15 141 29 36
3.183423 15 141 29 36
3.185423 15 141 29 36
3.187423 15 141 29 36
3.189423 15 141 28 36
3.191423 15 141 28 36
3.193423 15 141 28 36
3.195423 15 141 28 36
3.197423 15 141 27 36
3.199423 15 141 27 36
3.201423 15 141 27 36
3.203423 15 141 27 36
3.205423 15 141 27 35
3.207423 15 141 27 35
3.209423 15 141 27 35
3.211423 15 141 27 35
3.213423 15 141 28 35
3.215423 15 141 28 35
3.217423 15 141 28 35
3.219423 15 141 28 35
3.221423 15 141 29 35
3.223423 15 141 29 35
3.225423 15 141 29 35
3.227423 15 141 29 35
3.229423 15 141 30 35
3.231423 15 141 30 35
3.233423 15 141 30 35
3.235423 15 141 30 35
3.237423 15 141 31 35
3.239423 15 141 31 35
3.241423 15 141 31 35
3.243423 15 141 31 35
3.245423 15 141 32 35
3.247423 15 141 32 35
3.249423 15 141 32 35
3.251423 15 141 32 35
3.253423 14 142 33 34
3.255423 14 142 33 34
3.257423 13 142 33 34
3.259423 13 142 33 34
3.261423 13 142 33 34
3.263423 12 142 34 34
3.265423 12 142 34 34
3.267423 12 142 34 34
3.269423 11 142 34 34
3.271423 11 142 35 34
3.273423 10 142 35 34
3.275423 10 142 35 34
3.277423 10 143 35 33
3.279423 9 143 35 33
3.281423 9 143 36 33
3.283423 9 143 36 33
3.285423 8 143 36 33
3.287423 8 143 36 33
3.289423 7 143 36 33
3.291423 7 143 37 33
3.293423 7 143 37 33
3.295423 6 143 37 33
3.297423 6 143 37 33
3.299423 6 144 38 33
3.301423 6 144 38 33
3.303423 6 144 38 33
3.305423 6 144 38 33
3.307423 6 144 38 33
3.309423 6 144 38 33
3.311423 6 144 38 33
3.313423 6 144 38 33
3.315423 6 144 38 33
3.317423 6 144 38 33
3.319423 6 144 38 33
3.321423 6 144 38 33
3.323423 6 144 38 33
3.325423 6 144 38 33
3.327423 6 144 38 33
3.329423 6 144 38 33
3.331423 6 144 38 33
3.333423 6 144 38 33
3.335423 6 144 38 33
3.337423 6 144 38 33
3.339423 6 144 38 33
3.341423 6 144 38 33
3.343423 6 144 38 33
3.345423 6 144 38 33
3.347423 6 144 37 33
3.349423 6 144 37 33
3.351423 6 144 37 33
3.353423 6 144 36 33
3.355423 6 144 36 33
3.357423 6 144 36 33
3.359423 6 144 35 33
3.361423 6 144 35 33
3.363423 6 144 35 33
3.365423 6 144 34 33
3.367423 6 144 34 33
3.369423 6 144 34 33
3.371423 6 144 33 33
3.373423 6 144 33 33
3.375423 6 144 33 33
3.377423 6 144 32 33
3.379423 6 144 32 33
3.381423 6 144 32 33
3.383423 6 144 31 33
3.385423 6 144 31 33
3.387423 6 144 31 33
3.389423 6 144 30 33
3.391423 6 144 30 33
3.393423 6 144 30 33
3.395423 6 144 30 33
3.397423 6 144 30 33
3.399423 6 144 30 33
3.401423 6 144 30 33
3.403423 6 144 30 33
3.405423 6 144 30 33
3.407423 6 144 30 33
3.409423 6 144 30 33
3.411423 6 144 30 33
3.413423 6 144 30 33
3.415423 6 144 30 33
3.417423 6 144 30 33
3.419423 6 144 30 33
3.421423 6 144 30 33
3.423423 6 144 30 33
3.425423 6 144 30 33
3.427423 6 144 30 33
3.429423 6 144 30 33
3.431423 6 144 30 33
3.433423 6 144 30 33
3.435423 6 144 30 33
3.437423 6 144 30 33
3.439423 6 144 30 33
3.441423 6 144 30 33
3.443423 6 144 30 33
3.445423 6 144 30 33
3.447423 6 144 30 33
3.449423 6 144 30 33
3.451423 6 144 30 33
3.453423 6 144 30 33
3.455423 6 144 30 33
3.457423 6 144 30 33
3.459423 6 144 30 33
3.461423 6 144 30 33
3.463423 6 144 30 33
3.465423 6 144 30 33
3.467423 6 144 30 33
3.469423 6 144 30 33
3.471423 6 144 30 33
3.473423 6 144 30 33
3.475423 6 144 30 33
3.477423 6 144 30 33
3.479423 6 144 30 33
3.481423 6 144 30 33
3.483423 6 144 30 33
3.485423 6 144 30 33
3.487423 6 144 30 33
3.489423 5 144 30 32
3.491423 5 144 30 32
3.493423 5 144 30 32
3.495423 5 144 30 32
3.497423 5 144 30 32
3.499423 4 144 31 32
3.501423 4 144 31 32
3.503423 4 144 31 32
3.505423 4 144 31 31
3.507423 3 144 32 31
3.509423 3 144 32 31
3.511423 3 144 32 31
3.513423 3 144 32 31
3.515423 3 144 32 31
3.517423 2 144 33 31
3.519423 2 144 33 31
3.521423 2 144 33 30
3.523423 2 144 33 30
3.525423 2 144 33 30
3.527423 1 144 34 30
3.529423 1 144 34 30
3.531423 1 144 34 30
3.533423 1 144 34 30
