0.058097 38 156 6 7
0.060097 37 156 6 7
0.062097 37 156 6 7
0.064097 37 156 6 7
0.066097 37 156 6 7
0.068097 37 156 6 7
0.070097 37 156 6 7
0.072097 37 156 6 7
0.074097 37 156 6 7
0.076097 37 156 7 7
0.078097 37 156 7 7
0.080097 37 156 7 8
0.082097 37 156 7 8
0.084097 37 156 7 8
0.086097 37 156 7 8
0.088097 37 156 7 8
0.090097 37 156 7 8
0.092097 36 156 8 8
0.094097 36 156 8 8
0.096097 36 156 8 8
0.098097 36 156 8 8
0.100097 36 156 8 8
0.102097 36 156 8 9
0.104097 36 156 8 9
0.106097 36 156 8 9
0.108097 36 156 9 9
0.110097 36 156 9 9
0.112097 36 156 9 9
0.114097 36 156 9 9
0.116097 36 156 9 9
0.118097 36 156 9 9
0.120097 36 156 9 9
0.122097 36 156 9 9
0.124097 35 156 10 10
0.126097 35 156 10 10
0.128097 35 156 10 10
0.130097 35 156 10 10
0.132097 35 156 10 10
0.134097 35 156 10 10
0.136097 35 156 10 10
0.138097 35 156 10 10
0.140097 35 156 10 10
0.142097 35 156 10 10
0.144097 35 156 10 10
0.146097 35 156 10 10
0.148097 35 156 10 10
0.150097 35 156 10 10
0.152097 35 156 10 10
0.154097 35 156 10 10
0.156097 35 156 10 10
0.158097 35 156 10 10
0.160097 35 156 10 10
0.162097 35 156 10 10
0.164097 35 156 10 10
0.166097 35 156 10 10
0.168097 35 156 10 10
0.170097 35 156 10 10
0.172097 35 156 10 10
0.174097 35 156 10 10
0.176097 35 156 10 10
0.178097 35 156 10 10
0.180097 35 156 10 10
0.182097 35 156 10 10
0.184097 35 156 10 10
0.186097 35 156 10 10
0.188097 34 155 10 10
0.190097 34 155 10 10
0.192097 34 155 10 10
0.194097 34 155 10 10
0.196097 34 155 10 10
0.198097 34 155 10 10
0.200097 34 155 10 10
0.202097 34 155 10 10
0.204097 34 155 10 10
0.206097 34 155 10 10
0.208097 34 155 10 10
0.210097 34 155 10 10
0.212097 34 155 10 10
0.214097 34 155 10 10
0.216097 34 155 10 10
0.218097 34 155 10 10
0.220097 34 155 10 10
0.222097 34 155 10 10
0.224097 34 155 10 10
0.226097 34 155 10 10
0.228097 34 155 10 10
0.230097 34 155 10 10
0.232097 34 155 10 10
0.234097 34 155 10 10
0.236097 34 155 10 10
0.238097 34 155 10 10
0.240097 34 155 10 10
0.242097 34 155 10 10
0.244097 34 155 10 10
0.246097 34 155 10 10
0.248097 34 155 10 10
0.250097 34 155 10 10
0.252097 33 155 10 10
0.254097 33 155 10 10
0.256097 33 155 10 10
0.258097 33 155 10 10
0.260097 33 155 10 10
0.262097 33 155 10 10
0.264097 33 155 10 10
0.266097 33 155 10 10
0.268097 33 155 10 10
0.270097 33 155 10 10
0.272097 33 155 10 10
0.274097 33 155 10 10
0.276097 33 155 10 10
0.278097 33 155 10 10
0.280097 33 155 10 10
0.282097 33 155 10 10
0.284097 32 155 10 10
0.286097 32 155 10 10
0.288097 32 155 10 10
0.290097 32 155 10 10
0.292097 32 155 10 10
0.294097 32 155 10 10
0.296097 32 155 10 10
0.298097 32 155 10 10
0.300097 32 155 10 10
0.302097 32 155 10 10
0.304097 32 155 10 10
0.306097 32 155 10 10
0.308097 32 155 10 10
0.310097 32 155 10 10
0.312097 32 155 10 10
0.314097 32 155 10 10
0.316097 32 155 10 10
0.318097 32 155 10 10
0.320097 32 155 10 10
0.322097 32 155 10 10
0.324097 32 155 10 10
0.326097 32 155 10 10
0.328097 32 155 10 10
0.330097 32 155 10 10
0.332097 32 155 10 10
0.334097 32 155 10 10
0.336097 32 155 10 10
0.338097 32 155 10 10
0.340097 32 155 10 10
0.342097 32 155 10 10
0.344097 32 155 10 10
0.346097 32 155 10 10
0.348097 32 155 10 10
0.350097 32 155 10 10
0.352097 32 155 10 10
0.354097 32 155 10 10
0.356097 32 155 10 10
0.358097 32 155 10 10
0.360097 32 155 10 10
0.362097 32 155 10 10
0.364097 32 155 10 10
0.366097 32 155 10 10
0.368097 32 155 10 10
0.370097 32 155 10 10
0.372097 32 155 10 10
0.374097 32 155 10 10
0.376097 32 155 10 10
0.378097 32 155 10 10
0.380097 32 155 10 9
0.382097 32 155 10 9
0.384097 32 155 10 9
0.386097 32 155 10 9
0.388097 32 155 10 9
0.390097 33 155 10 9
0.392097 33 155 10 9
0.394097 33 155 10 9
0.396097 33 155 10 8
0.398097 33 155 10 8
0.400097 34 155 10 8
0.402097 34 155 10 8
0.404097 34 155 10 8
0.406097 34 155 10 8
0.408097 34 155 10 8
0.410097 34 155 10 8
0.412097 35 155 10 7
0.414097 35 155 10 7
0.416097 35 155 10 7
0.418097 35 155 10 7
0.420097 35 155 10 7
0.422097 36 155 10 7
0.424097 36 155 10 7
0.426097 36 155 10 7
0.428097 36 155 10 6
0.430097 36 155 10 6
0.432097 37 155 10 6
0.434097 37 155 10 6
0.436097 37 155 10 6
0.438097 37 155 10 6
0.440097 37 155 10 6
0.442097 37 155 10 6
0.444097 38 154 9 6
0.446097 38 154 9 6
0.448097 39 154 9 6
0.450097 39 154 9 6
0.452097 39 154 9 6
0.454097 40 154 9 6
0.456097 40 154 9 6
0.458097 40 154 9 6
0.460097 41 154 9 6
0.462097 41 154 9 6
0.464097 42 154 9 6
0.466097 42 154 9 6
0.468097 42 154 9 6
0.470097 43 154 9 6
0.472097 43 154 9 6
0.474097 43 154 9 6
0.476097 44 154 9 6
0.478097 44 154 9 6
0.480097 45 154 9 6
0.482097 45 154 9 6
0.484097 45 154 9 6
0.486097 46 154 9 6
0.488097 46 154 9 6
0.490097 46 154 9 6
0.492097 47 154 9 6
0.494097 47 154 9 6
0.496097 48 154 9 6
0.498097 48 154 9 6
0.500097 48 154 9 6
0.502097 49 154 9 6
0.504097 49 154 9 6
0.506097 49 154 9 6
0.508097 50 154 9 6
0.510097 50 154 9 6
0.512097 51 154 9 6
0.514097 51 154 9 6
0.516097 51 154 9 6
0.518097 52 154 9 6
0.520097 52 154 9 6
0.522097 53 154 9 6
0.524097 53 154 9 7
0.526097 54 154 9 7
0.528097 54 154 9 7
0.530097 54 154 9 7
0.532097 55 154 9 7
0.534097 55 154 9 7
0.536097 56 154 9 7
0.538097 56 154 9 7
0.540097 56 154 9 8
0.542097 57 154 9 8
0.544097 57 154 9 8
0.546097 58 154 9 8
0.548097 58 154 9 8
0.550097 58 154 9 8
0.552097 59 154 9 8
0.554097 59 154 9 8
0.556097 60 154 9 9
0.558097 60 154 9 9
0.560097 60 154 9 9
0.562097 61 154 9 9
0.564097 61 154 9 9
0.566097 62 154 9 9
0.568097 62 154 9 9
0.570097 62 154 9 9
0.572097 63 154 10 10
0.574097 63 154 10 10
0.576097 64 154 10 10
0.578097 64 154 10 10
0.580097 65 154 10 10
0.582097 65 154 10 10
0.584097 66 154 10 10
0.586097 66 154 10 10
0.588097 66 154 10 10
0.590097 67 154 10 10
0.592097 67 154 10 10
0.594097 68 154 10 10
0.596097 68 154 10 10
0.598097 69 154 10 10
0.600097 69 154 10 10
0.602097 69 154 10 10
0.604097 70 155 10 10
0.606097 70 155 10 10
0.608097 71 155 10 10
0.610097 71 155 10 10
0.612097 72 155 10 10
0.614097 72 155 10 10
0.616097 73 155 10 10
0.618097 73 155 10 10
0.620097 73 155 10 10
0.622097 74 155 10 10
0.624097 74 155 10 10
0.626097 75 155 10 10
0.628097 75 155 10 10
0.630097 76 155 10 10
0.632097 76 155 10 10
0.634097 76 155 10 10
0.636097 77 156 10 9
0.638097 77 156 10 9
0.640097 77 156 10 9
0.642097 78 156 10 9
0.644097 78 156 10 9
0.646097 79 156 10 9
0.648097 79 156 10 9
0.650097 79 156 10 9
0.652097 80 156 10 9
0.654097 80 156 10 9
0.656097 80 156 10 8
0.658097 81 156 10 8
0.660097 81 156 10 8
0.662097 81 156 10 8
0.664097 82 156 10 8
0.666097 82 156 10 8
0.668097 82 157 10 8
0.670097 83 157 10 8
0.672097 83 157 10 8
0.674097 83 157 10 8
0.676097 84 157 10 8
0.678097 84 157 10 7
0.680097 84 157 10 7
0.682097 85 157 10 7
0.684097 85 157 10 7
0.686097 85 157 10 7
0.688097 86 157 10 7
0.690097 86 157 10 7
0.692097 86 157 10 7
0.694097 87 157 10 7
0.696097 87 157 10 7
0.698097 87 157 10 7
0.700097 88 157 10 7
0.702097 88 157 10 7
0.704097 88 157 10 7
0.706097 89 157 10 7
0.708097 89 157 10 7
0.710097 90 157 10 7
0.712097 90 157 10 7
0.714097 90 157 10 7
0.716097 91 157 10 7
0.718097 91 157 10 7
0.720097 91 157 10 8
0.722097 92 157 10 8
0.724097 92 157 10 8
0.726097 92 157 10 8
0.728097 93 157 10 8
0.730097 93 157 10 8
0.732097 93 156 10 8
0.734097 94 156 10 8
0.736097 94 156 10 8
0.738097 94 156 10 8
0.740097 95 156 10 8
0.742097 95 156 10 9
0.744097 95 156 10 9
0.746097 96 156 10 9
0.748097 96 156 10 9
0.750097 96 156 10 9
0.752097 97 156 10 9
0.754097 97 156 10 9
0.756097 97 156 10 9
0.758097 98 156 10 9
0.760097 98 156 10 9
0.762097 98 156 10 9
0.764097 99 156 11 9
0.766097 99 156 11 9
0.768097 99 156 11 9
0.770097 100 156 11 9
0.772097 100 156 11 9
0.774097 100 156 11 9
0.776097 101 156 11 9
0.778097 101 156 11 9
0.780097 101 156 11 9
0.782097 102 156 11 9
0.784097 102 156 11 8
0.786097 102 156 11 8
0.788097 103 156 11 8
0.790097 103 156 11 8
0.792097 103 156 11 8
0.794097 103 156 11 8
0.796097 104 156 11 8
0.798097 104 156 11 8
0.800097 104 156 11 8
0.802097 105 156 11 8
0.804097 105 156 11 8
0.806097 105 156 11 7
0.808097 106 156 11 7
0.810097 106 156 11 7
0.812097 106 156 11 7
0.814097 107 156 11 7
0.816097 107 156 11 7
0.818097 107 156 11 7
0.820097 108 156 11 7
0.822097 108 156 11 7
0.824097 108 156 11 7
0.826097 108 156 11 7
0.828097 109 156 11 6
0.830097 109 156 11 6
0.832097 109 156 11 6
0.834097 110 156 11 6
0.836097 110 156 11 6
0.838097 111 156 11 6
0.840097 111 156 11 6
0.842097 111 156 11 6
0.844097 112 156 11 6
0.846097 112 156 11 6
0.848097 112 156 11 6
0.850097 113 156 11 6
0.852097 113 156 11 6
0.854097 113 156 11 6
0.856097 114 156 11 6
0.858097 114 156 11 6
0.860097 114 156 11 6
0.862097 115 156 11 6
0.864097 115 156 11 6
0.866097 115 156 11 6
0.868097 116 156 11 6
0.870097 116 156 11 6
0.872097 116 156 11 6
0.874097 117 156 11 6
0.876097 117 156 11 6
0.878097 117 156 11 6
0.880097 118 156 11 6
0.882097 118 156 11 6
0.884097 118 156 11 6
0.886097 119 156 11 6
0.888097 119 156 11 6
0.890097 119 156 11 6
0.892097 120 157 11 6
0.894097 120 157 11 6
0.896097 120 157 11 6
0.898097 121 157 11 6
0.900097 121 157 11 6
0.902097 121 157 11 6
0.904097 122 157 11 6
0.906097 122 157 11 6
0.908097 122 157 11 7
0.910097 123 157 11 7
0.912097 123 157 11 7
0.914097 123 157 11 7
0.916097 124 157 11 7
0.918097 124 157 11 7
0.920097 124 157 11 7
0.922097 124 157 11 7
0.924097 125 157 11 8
0.926097 125 157 11 8
0.928097 125 157 11 8
0.930097 126 157 11 8
0.932097 126 157 11 8
0.934097 126 157 11 8
0.936097 127 157 11 8
0.938097 127 157 11 8
0.940097 127 157 11 9
0.942097 128 157 11 9
0.944097 128 157 11 9
0.946097 128 157 11 9
0.948097 129 157 11 9
0.950097 129 157 11 9
0.952097 129 157 11 9
0.954097 129 157 11 9
0.956097 130 157 10 9
0.958097 130 157 10 9
0.960097 130 157 10 9
0.962097 131 157 10 9
0.964097 131 157 10 9
0.966097 131 157 10 9
0.968097 131 157 10 9
0.970097 132 157 10 9
0.972097 132 157 10 8
0.974097 132 157 10 8
0.976097 133 157 9 8
0.978097 133 157 9 8
0.980097 133 157 9 8
0.982097 133 157 9 8
0.984097 134 157 9 8
0.986097 134 157 9 8
0.988097 134 157 9 7
0.990097 135 157 9 7
0.992097 135 157 9 7
0.994097 135 157 9 7
0.996097 135 157 9 7
0.998097 136 157 8 7
1.000097 136 157 8 7
1.002097 136 157 8 7
1.004097 136 157 8 6
1.006097 137 157 8 6
1.008097 137 157 8 6
1.010097 137 157 8 6
1.012097 138 157 8 6
1.014097 138 157 8 6
1.016097 138 157 8 6
1.018097 138 157 8 6
1.020097 139 157 8 6
1.022097 139 157 8 6
1.024097 139 157 8 6
1.026097 139 157 8 6
1.028097 140 157 8 6
1.030097 140 157 8 6
1.032097 140 157 8 6
1.034097 140 157 8 6
1.036097 141 157 8 6
1.038097 141 157 8 6
1.040097 141 157 9 6
1.042097 141 157 9 6
1.044097 142 157 9 6
1.046097 142 157 9 6
1.048097 142 157 9 6
1.050097 142 157 9 6
1.052097 143 157 9 6
1.054097 143 157 9 6
1.056097 143 157 9 6
1.058097 143 157 9 6
1.060097 144 157 9 6
1.062097 144 157 10 6
1.064097 144 157 10 6
1.066097 144 157 10 6
1.068097 145 157 10 6
1.070097 145 157 10 6
1.072097 145 157 10 6
1.074097 145 157 10 6
1.076097 146 157 10 6
1.078097 146 157 10 6
1.080097 146 157 10 6
1.082097 146 157 10 6
1.084097 147 157 11 7
1.086097 147 157 11 7
1.088097 147 157 11 7
1.090097 147 157 11 7
1.092097 148 157 11 7
1.094097 148 157 11 7
1.096097 148 157 11 7
1.098097 148 157 11 7
1.100097 149 157 11 7
1.102097 149 157 11 7
1.104097 149 157 11 7
1.106097 149 157 11 7
1.108097 150 157 11 7
1.110097 150 157 11 7
1.112097 150 157 11 7
1.114097 150 157 11 7
1.116097 151 157 11 7
1.118097 151 157 11 7
1.120097 151 157 11 7
1.122097 151 157 11 7
1.124097 152 157 11 7
1.126097 152 157 11 7
1.128097 152 157 11 7
1.130097 152 157 11 7
1.132097 153 157 11 7
1.134097 153 157 11 7
1.136097 153 157 11 7
1.138097 153 157 11 7
1.140097 154 157 11 7
1.142097 154 157 11 7
1.144097 154 157 11 7
1.146097 154 157 11 7
1.148097 155 157 10 7
1.150097 155 157 10 7
1.152097 155 157 10 7
1.154097 155 157 10 7
1.156097 156 157 10 7
1.158097 156 157 10 7
1.160097 156 157 10 7
1.162097 156 157 10 7
1.164097 156 157 10 7
1.166097 157 157 10 7
1.168097 157 157 10 8
1.170097 157 157 10 8
1.172097 157 157 10 8
1.174097 158 157 10 8
1.176097 158 157 10 8
1.178097 158 157 10 8
1.180097 158 158 10 8
1.182097 158 158 10 8
1.184097 159 158 10 8
1.186097 159 158 10 8
1.188097 159 158 10 8
1.190097 159 158 10 9
1.192097 159 158 10 9
1.194097 160 158 10 9
1.196097 160 158 10 9
1.198097 160 158 10 9
1.200097 160 158 10 9
1.202097 161 158 10 9
1.204097 161 158 10 9
1.206097 161 158 10 9
1.208097 161 158 10 9
1.210097 161 158 10 9
1.212097 162 158 10 10
1.214097 162 158 10 10
1.216097 162 158 10 10
1.218097 162 158 10 10
1.220097 163 158 10 10
1.222097 163 158 10 10
1.224097 163 158 10 10
1.226097 163 158 10 10
1.228097 164 158 10 10
1.230097 164 158 10 10
1.232097 164 158 10 10
1.234097 164 158 10 10
1.236097 165 158 10 10
1.238097 165 158 10 10
1.240097 165 158 10 10
1.242097 165 158 10 10
1.244097 166 158 10 10
1.246097 166 158 10 10
1.248097 166 158 10 10
1.250097 166 158 10 10
1.252097 167 158 10 10
1.254097 167 158 10 10
1.256097 167 158 10 10
1.258097 167 158 10 10
1.260097 168 158 10 10
1.262097 168 158 10 10
1.264097 168 158 10 10
1.266097 168 158 10 10
1.268097 169 158 10 10
1.270097 169 158 10 10
1.272097 169 158 10 10
1.274097 169 158 10 10
1.276097 170 158 10 10
1.278097 170 158 10 10
1.280097 170 158 10 10
1.282097 170 158 10 10
1.284097 171 158 10 10
1.286097 171 158 10 10
1.288097 171 158 10 10
1.290097 171 158 10 10
1.292097 172 158 10 10
1.294097 172 158 10 10
1.296097 172 158 10 10
1.298097 172 158 10 10
1.300097 173 158 10 10
1.302097 173 158 10 10
1.304097 173 158 10 10
1.306097 173 158 10 10
1.308097 174 158 10 10
1.310097 174 158 10 10
1.312097 174 158 10 10
1.314097 174 158 10 10
1.316097 175 158 10 10
1.318097 175 158 10 10
1.320097 175 158 10 10
1.322097 175 158 10 10
1.324097 176 158 10 10
1.326097 176 158 10 10
1.328097 176 158 10 10
1.330097 176 158 10 10
1.332097 177 158 10 10
1.334097 177 158 10 10
1.336097 177 158 10 10
1.338097 177 158 10 10
1.340097 178 159 10 10
1.342097 178 159 10 10
1.344097 178 159 10 10
1.346097 178 159 10 10
1.348097 179 159 10 10
1.350097 179 159 10 10
1.352097 179 159 10 10
1.354097 179 159 10 10
1.356097 179 159 10 10
1.358097 180 159 10 10
1.360097 180 159 10 10
1.362097 180 159 10 10
1.364097 180 159 10 10
1.366097 180 159 10 10
1.368097 181 159 10 10
1.370097 181 159 10 10
1.372097 181 159 10 10
1.374097 181 159 10 10
1.376097 182 159 10 10
1.378097 182 159 10 10
1.380097 182 159 10 10
1.382097 182 159 10 10
1.384097 182 159 10 10
1.386097 183 159 10 10
1.388097 183 159 10 10
1.390097 183 159 10 10
1.392097 183 159 10 10
1.394097 184 159 10 10
1.396097 184 159 10 10
1.398097 184 159 10 10
1.400097 184 159 10 10
1.402097 184 159 10 10
1.404097 185 160 9 9
1.406097 185 160 9 9
1.408097 185 160 9 9
1.410097 185 160 9 9
1.412097 185 160 9 9
1.414097 186 160 9 9
1.416097 186 160 9 9
1.418097 186 160 9 9
1.420097 186 160 9 8
1.422097 186 160 9 8
1.424097 187 160 8 8
1.426097 187 160 8 8
1.428097 187 160 8 8
1.430097 187 160 8 8
1.432097 187 160 8 8
1.434097 187 160 8 8
1.436097 188 160 8 7
1.438097 188 160 8 7
1.440097 188 160 8 7
1.442097 188 160 8 7
1.444097 188 160 8 7
1.446097 189 160 7 7
1.448097 189 160 7 7
1.450097 189 160 7 7
1.452097 189 160 7 6
1.454097 189 160 7 6
1.456097 190 160 7 6
1.458097 190 160 7 6
1.460097 190 160 7 6
1.462097 190 160 7 6
1.464097 190 160 7 6
1.466097 190 160 7 6
1.468097 190 160 7 6
1.470097 190 160 7 6
1.472097 190 160 7 6
1.474097 190 160 7 6
1.476097 190 160 7 6
1.478097 189 160 7 6
1.480097 189 160 7 6
1.482097 189 160 7 6
1.484097 189 160 7 7
1.486097 189 160 7 7
1.488097 188 160 8 7
1.490097 188 160 8 7
1.492097 188 160 8 7
1.494097 188 160 8 7
1.496097 188 160 8 7
1.498097 188 160 8 7
1.500097 187 160 8 8
1.502097 187 160 8 8
1.504097 187 160 8 8
1.506097 187 160 8 8
1.508097 187 160 8 8
1.510097 186 160 9 8
1.512097 186 160 9 8
1.514097 186 160 9 8
1.516097 186 160 9 9
1.518097 186 160 9 9
1.520097 185 160 9 9
1.522097 185 160 9 9
1.524097 185 160 9 9
1.526097 185 160 9 9
1.528097 185 160 9 9
1.530097 185 160 9 9
1.532097 184 159 10 9
1.534097 184 159 10 9
1.536097 184 159 10 9
1.538097 184 159 10 9
1.540097 183 159 10 9
1.542097 183 159 10 9
1.544097 183 159 10 9
1.546097 183 159 10 9
1.548097 182 159 10 9
1.550097 182 159 10 9
1.552097 182 159 10 9
1.554097 182 159 10 8
1.556097 181 159 10 8
1.558097 181 159 10 8
1.560097 181 159 10 8
1.562097 181 159 10 8
1.564097 180 158 10 8
1.566097 180 158 10 8
1.568097 180 158 10 8
1.570097 180 158 10 8
1.572097 179 158 10 8
1.574097 179 158 10 7
1.576097 179 158 10 7
1.578097 179 158 10 7
1.580097 178 158 10 7
1.582097 178 158 10 7
1.584097 178 158 10 7
1.586097 178 158 10 7
1.588097 177 158 10 7
1.590097 177 158 10 7
1.592097 177 158 10 7
1.594097 177 158 10 7
1.596097 176 157 10 7
1.598097 176 157 10 7
1.600097 176 157 10 7
1.602097 176 157 10 7
1.604097 176 157 10 7
1.606097 175 157 10 7
1.608097 175 157 10 7
1.610097 175 157 10 7
1.612097 175 157 10 7
1.614097 175 157 10 7
1.616097 175 157 10 7
1.618097 174 157 10 8
1.620097 174 157 10 8
1.622097 174 157 10 8
1.624097 174 157 10 8
1.626097 174 157 10 8
1.628097 173 157 10 8
1.630097 173 157 10 8
1.632097 173 157 10 8
1.634097 173 157 10 8
1.636097 173 157 10 8
1.638097 172 157 10 9
1.640097 172 157 10 9
1.642097 172 157 10 9
1.644097 172 157 10 9
1.646097 172 157 10 9
1.648097 172 157 10 9
1.650097 171 157 10 9
1.652097 171 157 10 9
1.654097 171 157 10 9
1.656097 171 157 10 9
1.658097 171 157 10 9
1.660097 170 157 10 10
1.662097 170 157 10 10
1.664097 170 157 10 10
1.666097 170 157 10 10
1.668097 170 157 10 10
1.670097 169 157 10 10
1.672097 169 157 10 10
1.674097 169 157 10 10
1.676097 169 157 10 10
1.678097 169 157 10 10
1.680097 169 157 10 10
1.682097 168 157 10 10
1.684097 168 157 10 10
1.686097 168 157 10 10
1.688097 168 157 10 10
1.690097 168 157 10 10
1.692097 167 157 10 10
1.694097 167 157 10 10
1.696097 167 157 10 10
1.698097 167 157 10 10
1.700097 167 157 10 10
1.702097 166 157 10 10
1.704097 166 157 10 10
1.706097 166 157 10 10
1.708097 166 157 10 10
1.710097 166 157 10 10
1.712097 166 157 10 10
1.714097 165 157 10 10
1.716097 165 157 10 10
1.718097 165 157 10 10
1.720097 165 157 10 10
1.722097 165 157 10 10
1.724097 164 157 10 10
1.726097 164 157 10 10
1.728097 164 157 10 10
1.730097 164 157 10 10
1.732097 164 157 10 10
1.734097 163 157 10 10
1.736097 163 157 10 10
1.738097 163 157 10 10
1.740097 163 157 10 10
1.742097 163 157 10 10
1.744097 163 157 10 10
1.746097 162 157 10 10
1.748097 162 157 10 10
1.750097 162 157 10 10
1.752097 162 157 10 10
1.754097 162 157 10 10
1.756097 161 157 10 10
1.758097 161 157 10 10
1.760097 161 157 10 10
1.762097 161 157 10 10
1.764097 161 157 10 10
1.766097 160 157 10 10
1.768097 160 157 10 10
1.770097 160 157 10 10
1.772097 160 157 10 10
1.774097 160 157 10 10
1.776097 160 157 10 10
1.778097 159 157 10 10
1.780097 159 157 10 10
1.782097 159 157 10 10
1.784097 159 157 10 10
1.786097 159 157 10 10
1.788097 158 157 10 10
1.790097 158 157 10 10
1.792097 158 157 10 10
1.794097 158 157 10 10
1.796097 158 157 10 10
1.798097 158 157 10 10
1.800097 157 157 10 10
1.802097 157 157 10 10
1.804097 157 157 10 10
1.806097 157 157 10 10
1.808097 157 157 10 10
1.810097 157 157 10 10
1.812097 157 157 10 10
1.814097 156 157 10 10
1.816097 156 157 10 10
1.818097 156 157 10 10
1.820097 156 157 10 10
1.822097 156 157 10 10
1.824097 156 157 10 10
1.826097 155 157 10 10
1.828097 155 157 10 10
1.830097 155 157 10 10
1.832097 155 157 10 10
1.834097 155 157 10 10
1.836097 155 157 10 10
1.838097 154 157 10 10
1.840097 154 157 10 10
1.842097 154 157 10 10
1.844097 154 157 10 10
1.846097 154 157 10 10
1.848097 154 157 10 10
1.850097 154 157 10 10
1.852097 153 157 10 10
1.854097 153 157 10 10
1.856097 153 157 10 10
1.858097 153 157 10 10
1.860097 153 157 10 10
1.862097 152 157 10 10
1.864097 152 157 10 10
1.866097 152 157 10 10
1.868097 152 157 10 10
1.870097 152 157 10 10
1.872097 152 157 10 10
1.874097 151 157 10 10
1.876097 151 157 10 10
1.878097 151 157 10 10
1.880097 151 157 10 10
1.882097 151 157 10 10
1.884097 150 157 10 10
1.886097 150 157 10 10
1.888097 150 157 10 10
1.890097 150 157 10 10
1.892097 150 157 10 10
1.894097 149 157 10 10
1.896097 149 157 10 10
1.898097 149 157 10 10
1.900097 149 157 10 10
1.902097 149 157 10 10
1.904097 149 157 10 10
1.906097 148 157 10 10
1.908097 148 157 10 10
1.910097 148 157 10 10
1.912097 148 157 10 10
1.914097 148 157 10 10
1.916097 147 158 9 9
1.918097 147 158 9 9
1.920097 147 158 9 9
1.922097 147 158 9 9
1.924097 147 158 9 9
1.926097 146 158 9 9
1.928097 146 158 9 9
1.930097 146 158 9 9
1.932097 146 158 9 8
1.934097 146 158 9 8
1.936097 146 158 9 8
1.938097 145 158 9 8
1.940097 145 158 9 8
1.942097 145 158 9 8
1.944097 145 158 9 8
1.946097 145 158 9 8
1.948097 144 158 8 7
1.950097 144 158 8 7
1.952097 144 158 8 7
1.954097 144 158 8 7
1.956097 144 158 8 7
1.958097 143 158 8 7
1.960097 143 158 8 7
1.962097 143 158 8 7
1.964097 143 158 8 6
1.966097 143 158 8 6
1.968097 143 158 8 6
1.970097 142 158 8 6
1.972097 142 158 8 6
1.974097 142 158 8 6
1.976097 142 158 8 6
1.978097 142 158 8 6
