0.009428 200 174 9 7
0.011428 199 174 9 7
0.013428 199 174 9 7
0.015428 199 174 9 7
0.017428 199 174 9 7
0.019428 198 174 9 7
0.021428 198 174 9 7
0.023428 198 174 9 7
0.025428 198 174 9 7
0.027428 198 174 9 7
0.029428 197 174 9 7
0.031428 197 174 9 8
0.033428 197 174 9 8
0.035428 197 174 9 8
0.037428 196 174 9 8
0.039428 196 174 9 8
0.041428 196 174 9 8
0.043428 196 175 9 8
0.045428 196 175 9 8
0.047428 195 175 9 8
0.049428 195 175 9 8
0.051428 195 175 9 8
0.053428 195 175 9 9
0.055428 194 175 9 9
0.057428 194 175 9 9
0.059428 194 175 9 9
0.061428 194 175 9 9
0.063428 194 175 9 9
0.065428 193 175 9 9
0.067428 193 175 9 9
0.069428 193 175 9 9
0.071428 193 175 9 9
0.073428 193 175 9 9
0.075428 192 175 10 10
0.077428 192 175 10 10
0.079428 192 175 10 10
0.081428 191 175 10 10
0.083428 191 175 10 10
0.085428 191 175 10 10
0.087428 190 175 10 10
0.089428 190 175 10 10
0.091428 190 175 10 10
0.093428 189 175 10 10
0.095428 189 175 10 10
0.097428 189 175 10 10
0.099428 188 175 10 10
0.101428 188 175 10 10
0.103428 188 175 10 10
0.105428 188 175 10 10
0.107428 187 175 10 10
0.109428 187 175 10 10
0.111428 187 175 10 10
0.113428 186 175 10 10
0.115428 186 175 10 10
0.117428 186 175 10 10
0.119428 185 175 10 10
0.121428 185 175 10 10
0.123428 185 175 10 10
0.125428 184 175 10 10
0.127428 184 175 10 10
0.129428 184 175 10 10
0.131428 183 175 10 10
0.133428 183 175 10 10
0.135428 183 175 10 10
0.137428 183 175 10 10
0.139428 182 175 10 10
0.141428 182 175 10 10
0.143428 182 175 10 10
0.145428 182 175 10 10
0.147428 182 175 10 10
0.149428 182 175 10 10
0.151428 181 175 10 10
0.153428 181 175 10 10
0.155428 181 175 10 10
0.157428 181 175 10 10
0.159428 181 175 10 10
0.161428 181 175 10 10
0.163428 180 175 10 10
0.165428 180 175 10 10
0.167428 180 175 10 10
0.169428 180 175 10 10
0.171428 180 175 10 10
0.173428 180 175 10 10
0.175428 180 175 10 10
0.177428 179 175 10 10
0.179428 179 175 10 10
0.181428 179 175 10 10
0.183428 179 175 10 10
0.185428 179 175 10 10
0.187428 179 175 10 10
0.189428 178 175 10 10
0.191428 178 175 10 10
0.193428 178 175 10 10
0.195428 178 175 10 10
0.197428 178 175 10 10
0.199428 178 175 10 10
0.201428 178 175 10 10
0.203428 177 175 10 10
0.205428 177 175 10 10
0.207428 177 175 10 10
0.209428 176 175 10 10
0.211428 176 175 10 10
0.213428 176 175 10 10
0.215428 176 175 10 10
0.217428 175 175 10 10
0.219428 175 175 10 10
0.221428 175 175 10 10
0.223428 174 175 10 10
0.225428 174 175 10 10
0.227428 174 175 10 10
0.229428 174 175 10 10
0.231428 173 175 10 10
0.233428 173 175 10 10
0.235428 173 175 10 10
0.237428 172 175 10 10
0.239428 172 175 10 10
0.241428 172 175 10 10
0.243428 172 175 10 10
0.245428 171 175 10 10
0.247428 171 175 10 10
0.249428 171 175 10 10
0.251428 170 175 10 10
0.253428 170 175 10 10
0.255428 170 175 10 10
0.257428 170 175 10 10
0.259428 169 175 10 10
0.261428 169 175 10 10
0.263428 169 175 10 10
0.265428 169 175 10 10
0.267428 168 175 10 9
0.269428 168 175 10 9
0.271428 168 175 10 9
0.273428 168 175 10 9
0.275428 167 175 10 9
0.277428 167 175 10 9
0.279428 167 175 10 9
0.281428 167 175 10 9
0.283428 166 175 10 9
0.285428 166 175 10 9
0.287428 166 175 10 9
0.289428 166 175 10 9
0.291428 165 175 10 9
0.293428 165 175 10 9
0.295428 165 175 10 9
0.297428 165 175 10 9
0.299428 164 175 10 8
0.301428 164 175 10 8
0.303428 164 175 10 8
0.305428 164 175 10 8
0.307428 163 175 10 8
0.309428 163 175 10 8
0.311428 163 175 10 8
0.313428 163 175 10 8
0.315428 162 175 10 8
0.317428 162 175 10 8
0.319428 162 175 10 8
0.321428 162 175 10 8
0.323428 161 175 10 8
0.325428 161 175 10 8
0.327428 161 175 10 8
0.329428 161 175 10 8
0.331428 160 174 11 8
0.333428 160 174 11 8
0.335428 160 174 11 8
0.337428 159 174 11 8
0.339428 159 174 11 8
0.341428 159 174 11 8
0.343428 159 174 11 8
0.345428 158 174 11 8
0.347428 158 174 11 8
0.349428 158 174 11 8
0.351428 157 174 11 8
0.353428 157 174 11 8
0.355428 157 174 11 8
0.357428 157 174 11 8
0.359428 156 174 11 8
0.361428 156 174 11 8
0.363428 156 174 12 9
0.365428 155 174 12 9
0.367428 155 174 12 9
0.369428 155 174 12 9
0.371428 155 174 12 9
0.373428 154 174 12 9
0.375428 154 174 12 9
0.377428 154 174 12 9
0.379428 153 174 12 9
0.381428 153 174 12 9
0.383428 153 174 12 9
0.385428 153 174 12 9
0.387428 152 174 12 9
0.389428 152 174 12 9
0.391428 152 174 12 9
0.393428 152 174 12 9
0.395428 151 174 12 10
0.397428 151 174 12 10
0.399428 151 174 12 10
0.401428 151 174 12 10
0.403428 150 174 12 10
0.405428 150 174 12 10
0.407428 150 174 12 10
0.409428 150 174 12 10
0.411428 150 174 12 10
0.413428 149 174 12 10
0.415428 149 174 12 10
0.417428 149 174 12 10
0.419428 149 174 12 10
0.421428 148 174 12 10
0.423428 148 174 12 10
0.425428 148 174 12 10
0.427428 148 174 12 10
0.429428 148 174 12 10
0.431428 147 174 12 10
0.433428 147 174 12 10
0.435428 147 174 12 10
0.437428 147 174 12 10
0.439428 146 174 12 10
0.441428 146 174 12 10
0.443428 146 174 12 10
0.445428 146 174 12 10
0.447428 146 174 12 10
0.449428 145 174 12 10
0.451428 145 174 12 10
0.453428 145 174 12 10
0.455428 145 174 12 10
0.457428 145 174 12 10
0.459428 144 173 11 10
0.461428 144 173 11 10
0.463428 144 173 11 10
0.465428 144 173 11 10
0.467428 143 173 11 10
0.469428 143 173 11 10
0.471428 143 173 11 10
0.473428 143 173 11 10
0.475428 142 173 11 10
0.477428 142 173 11 10
0.479428 142 173 11 10
0.481428 142 173 11 10
0.483428 141 173 11 10
0.485428 141 173 11 10
0.487428 141 173 11 10
0.489428 141 173 11 10
0.491428 140 173 11 10
0.493428 140 173 11 10
0.495428 140 173 11 10
0.497428 140 173 11 10
0.499428 139 173 11 10
0.501428 139 173 11 10
0.503428 139 173 11 10
0.505428 139 173 11 10
0.507428 138 173 11 10
0.509428 138 173 11 10
0.511428 138 173 11 10
0.513428 138 173 11 10
0.515428 137 173 11 10
0.517428 137 173 11 10
0.519428 137 173 11 10
0.521428 137 173 11 10
0.523428 136 173 11 10
0.525428 136 173 11 10
0.527428 136 173 11 10
0.529428 136 173 11 10
0.531428 135 173 11 10
0.533428 135 173 11 10
0.535428 135 173 11 10
0.537428 135 173 11 10
0.539428 134 173 11 10
0.541428 134 173 11 10
0.543428 134 173 11 10
0.545428 134 173 11 10
0.547428 133 173 11 10
0.549428 133 173 11 10
0.551428 133 173 11 10
0.553428 133 173 11 10
0.555428 132 173 11 10
0.557428 132 173 11 10
0.559428 132 173 11 10
0.561428 132 173 11 10
0.563428 131 173 11 10
0.565428 131 173 11 10
0.567428 131 173 11 10
0.569428 131 173 11 10
0.571428 130 173 11 10
0.573428 130 173 11 10
0.575428 130 173 11 10
0.577428 130 173 11 10
0.579428 129 173 11 10
0.581428 129 173 11 10
0.583428 129 173 11 10
0.585428 129 173 11 10
0.587428 128 172 12 10
0.589428 128 172 12 10
0.591428 128 172 12 10
0.593428 127 172 12 10
0.595428 127 172 12 10
0.597428 127 172 12 10
0.599428 127 172 12 10
0.601428 126 172 12 10
0.603428 126 172 12 10
0.605428 126 172 12 10
0.607428 125 172 12 10
0.609428 125 172 12 10
0.611428 125 172 12 10
0.613428 125 172 12 10
0.615428 124 172 12 10
0.617428 124 172 12 10
0.619428 124 171 12 10
0.621428 123 171 12 10
0.623428 123 171 12 10
0.625428 123 171 12 10
0.627428 123 171 12 10
0.629428 122 171 12 10
0.631428 122 171 12 10
0.633428 122 171 12 10
0.635428 122 171 12 10
0.637428 121 171 12 10
0.639428 121 171 12 10
0.641428 121 171 12 10
0.643428 120 171 12 10
0.645428 120 171 12 10
0.647428 120 171 12 10
0.649428 120 171 12 10
0.651428 119 171 11 10
0.653428 119 171 11 10
0.655428 119 171 11 10
0.657428 119 171 11 10
0.659428 118 171 11 10
0.661428 118 171 11 10
0.663428 118 171 11 10
0.665428 118 171 11 10
0.667428 118 171 11 10
0.669428 117 171 11 10
0.671428 117 171 11 10
0.673428 117 171 11 10
0.675428 117 171 11 10
0.677428 116 171 11 10
0.679428 116 171 11 10
0.681428 116 171 11 10
0.683428 116 171 11 10
0.685428 116 171 11 10
0.687428 115 171 11 10
0.689428 115 171 11 10
0.691428 115 171 11 10
0.693428 115 171 11 10
0.695428 115 171 11 10
0.697428 114 171 11 10
0.699428 114 171 11 10
0.701428 114 171 11 10
0.703428 114 171 11 10
0.705428 113 171 11 10
0.707428 113 171 11 10
0.709428 113 171 11 10
0.711428 113 171 11 10
0.713428 113 171 11 10
0.715428 112 171 10 9
0.717428 112 171 10 9
0.719428 112 171 10 9
0.721428 112 171 10 9
0.723428 111 171 10 9
0.725428 111 171 10 9
0.727428 111 171 10 9
0.729428 111 171 10 9
0.731428 110 171 10 9
0.733428 110 171 10 9
0.735428 110 171 10 9
0.737428 110 171 10 9
0.739428 109 171 10 9
0.741428 109 171 10 9
0.743428 109 171 10 9
0.745428 109 171 10 9
0.747428 108 171 9 8
0.749428 108 171 9 8
0.751428 108 171 9 8
0.753428 108 171 9 8
0.755428 107 171 9 8
0.757428 107 171 9 8
0.759428 107 171 9 8
0.761428 107 171 9 8
0.763428 106 171 9 8
0.765428 106 171 9 8
0.767428 106 171 9 8
0.769428 106 171 9 8
0.771428 105 171 9 8
0.773428 105 171 9 8
0.775428 105 171 9 8
0.777428 105 171 9 8
0.779428 104 170 9 8
0.781428 104 170 9 8
0.783428 104 170 9 8
0.785428 103 170 9 8
0.787428 103 170 9 8
0.789428 103 170 9 8
0.791428 103 170 9 8
0.793428 102 170 9 8
0.795428 102 170 9 8
0.797428 102 170 9 8
0.799428 101 170 9 8
0.801428 101 170 9 8
0.803428 101 170 9 8
0.805428 101 170 9 8
0.807428 100 170 9 8
0.809428 100 170 9 8
0.811428 100 170 9 9
0.813428 99 170 9 9
0.815428 99 170 9 9
0.817428 99 170 9 9
0.819428 99 170 9 9
0.821428 98 170 9 9
0.823428 98 170 9 9
0.825428 98 170 9 9
0.827428 98 170 9 9
0.829428 97 170 9 9
0.831428 97 170 9 9
0.833428 97 170 9 9
0.835428 96 170 9 9
0.837428 96 170 9 9
0.839428 96 170 9 9
0.841428 96 170 9 9
0.843428 95 170 9 9
0.845428 95 170 9 9
0.847428 95 170 9 9
0.849428 95 170 9 9
0.851428 95 170 9 9
0.853428 94 170 9 9
0.855428 94 170 9 9
0.857428 94 170 9 9
0.859428 94 170 9 9
0.861428 94 170 9 9
0.863428 93 170 9 8
0.865428 93 170 9 8
0.867428 93 170 9 8
0.869428 93 170 9 8
0.871428 93 170 9 8
0.873428 93 170 9 8
0.875428 92 170 8 8
0.877428 92 170 8 8
0.879428 92 170 8 8
0.881428 92 170 8 8
0.883428 92 170 8 8
0.885428 91 170 8 7
0.887428 91 170 8 7
0.889428 91 170 8 7
0.891428 91 170 8 7
0.893428 91 170 8 7
0.895428 90 170 8 7
0.897428 90 170 8 7
0.899428 90 170 8 7
0.901428 90 170 8 7
0.903428 90 170 8 7
0.905428 90 170 8 7
0.907428 90 170 8 7
0.909428 90 170 8 7
0.911428 90 170 8 7
0.913428 90 170 8 7
0.915428 91 170 9 7
0.917428 91 170 9 7
0.919428 91 170 9 7
0.921428 91 170 9 7
0.923428 91 170 10 7
0.925428 92 170 10 7
0.927428 92 170 10 7
0.929428 92 170 10 7
0.931428 92 170 11 7
0.933428 93 170 11 7
0.935428 93 170 11 7
0.937428 93 170 11 7
0.939428 93 169 12 7
0.941428 93 169 12 7
0.943428 94 169 12 7
0.945428 94 169 12 7
0.947428 94 169 13 7
0.949428 94 169 13 7
0.951428 94 169 13 7
0.953428 95 169 13 7
0.955428 95 169 14 7
0.957428 95 169 14 7
0.959428 95 169 14 7
0.961428 96 169 14 7
0.963428 96 169 15 7
0.965428 96 169 15 7
0.967428 96 169 15 7
0.969428 96 169 15 7
0.971428 97 169 16 8
0.973428 97 169 16 8
0.975428 98 169 16 8
0.977428 98 169 16 8
0.979428 99 169 16 8
0.981428 99 169 16 8
0.983428 99 169 16 8
0.985428 100 169 16 8
0.987428 100 169 16 8
0.989428 101 169 16 8
0.991428 101 169 16 8
0.993428 102 169 16 8
0.995428 102 169 16 8
0.997428 103 169 16 8
0.999428 103 169 16 8
1.001428 103 169 16 8
1.003428 104 169 16 8
1.005428 104 169 16 8
1.007428 105 169 16 8
1.009428 105 169 16 8
1.011428 106 169 16 8
1.013428 106 169 16 8
1.015428 106 169 16 8
1.017428 107 169 16 8
1.019428 107 169 16 8
1.021428 108 169 16 8
1.023428 108 169 16 8
1.025428 109 169 16 8
1.027428 109 169 16 8
1.029428 110 169 16 8
1.031428 110 169 16 8
1.033428 110 169 16 8
1.035428 111 170 16 8
1.037428 111 170 16 8
1.039428 112 170 16 8
1.041428 112 170 16 8
1.043428 113 170 16 8
1.045428 113 170 16 8
1.047428 114 170 16 8
1.049428 114 170 16 8
1.051428 115 170 16 8
1.053428 115 170 16 8
1.055428 116 170 16 8
1.057428 116 170 16 8
1.059428 117 170 16 8
1.061428 117 170 16 8
1.063428 118 170 16 8
1.065428 118 170 16 8
1.067428 119 170 16 8
1.069428 119 170 16 8
1.071428 120 170 16 8
1.073428 120 170 16 8
1.075428 121 170 16 8
1.077428 121 170 16 8
1.079428 122 170 16 8
1.081428 122 170 16 8
1.083428 123 170 16 8
1.085428 123 170 16 8
1.087428 124 170 16 8
1.089428 124 170 16 8
1.091428 125 170 16 8
1.093428 125 170 16 8
1.095428 126 170 16 8
1.097428 126 170 16 8
1.099428 127 170 16 8
1.101428 127 170 16 8
1.103428 128 170 16 8
1.105428 128 170 16 8
1.107428 128 170 16 8
1.109428 129 170 16 8
1.111428 129 170 16 8
1.113428 129 170 16 8
1.115428 130 170 16 8
1.117428 130 170 16 8
1.119428 131 170 16 8
1.121428 131 170 16 8
1.123428 131 170 16 8
1.125428 132 170 16 8
1.127428 132 170 16 8
1.129428 132 170 16 8
1.131428 133 170 16 8
1.133428 133 170 16 8
1.135428 134 170 16 8
1.137428 134 170 16 8
1.139428 134 170 16 8
1.141428 135 170 16 8
1.143428 135 170 16 8
1.145428 135 170 16 8
1.147428 136 170 16 8
1.149428 136 170 16 8
1.151428 137 170 16 8
1.153428 137 170 16 8
1.155428 137 170 16 8
1.157428 138 170 16 8
1.159428 138 170 16 8
1.161428 138 170 16 8
1.163428 139 169 15 7
1.165428 139 169 15 7
1.167428 140 169 15 7
1.169428 141 169 15 7
1.171428 141 169 15 7
1.173428 142 169 14 7
1.175428 142 169 14 7
1.177428 143 169 14 7
1.179428 143 169 14 7
1.181428 144 169 14 7
1.183428 145 169 13 7
1.185428 145 169 13 7
1.187428 146 169 13 7
1.189428 146 169 13 7
1.191428 147 169 13 7
1.193428 147 169 13 7
1.195428 148 169 12 7
1.197428 148 169 12 7
1.199428 149 169 12 7
1.201428 150 169 12 7
1.203428 150 169 12 7
1.205428 151 169 11 7
1.207428 151 169 11 7
1.209428 152 169 11 7
1.211428 152 169 11 7
1.213428 153 169 11 7
1.215428 154 169 10 7
1.217428 154 169 10 7
1.219428 155 169 10 7
1.221428 155 169 10 7
1.223428 156 169 10 7
1.225428 156 169 10 7
1.227428 157 169 10 7
1.229428 157 169 10 7
1.231428 158 169 10 7
1.233428 158 169 10 7
1.235428 158 169 10 7
1.237428 159 169 10 7
1.239428 159 169 10 7
1.241428 159 169 10 7
1.243428 160 169 10 7
1.245428 160 169 10 7
1.247428 161 169 10 8
1.249428 161 169 10 8
1.251428 161 169 10 8
1.253428 162 169 10 8
1.255428 162 169 10 8
1.257428 162 169 10 8
1.259428 163 169 11 8
1.261428 163 169 11 8
1.263428 164 169 11 8
1.265428 164 169 11 8
1.267428 164 169 11 8
1.269428 165 169 11 9
1.271428 165 169 11 9
1.273428 165 169 11 9
1.275428 166 169 11 9
1.277428 166 169 11 9
1.279428 167 169 11 9
1.281428 167 169 11 9
1.283428 167 169 11 9
1.285428 168 169 11 9
1.287428 168 169 11 9
1.289428 168 169 11 9
1.291428 169 169 11 10
1.293428 169 169 11 10
1.295428 169 169 11 10
1.297428 170 169 11 10
1.299428 170 169 11 10
1.301428 170 169 11 10
1.303428 171 169 11 10
1.305428 171 169 11 10
1.307428 171 169 11 10
1.309428 172 169 11 10
1.311428 172 169 11 10
1.313428 173 169 11 10
1.315428 173 169 11 10
1.317428 173 169 11 10
1.319428 174 169 11 10
1.321428 174 169 11 10
1.323428 174 169 11 10
1.325428 175 169 11 10
1.327428 175 169 11 10
1.329428 175 169 11 10
1.331428 176 169 11 10
1.333428 176 169 11 10
1.335428 176 169 11 10
1.337428 177 169 11 10
1.339428 177 169 11 10
1.341428 177 169 11 10
1.343428 178 169 11 10
1.345428 178 169 11 10
1.347428 178 169 11 10
1.349428 179 169 11 10
1.351428 179 169 11 10
1.353428 179 169 11 10
1.355428 180 169 11 10
1.357428 180 169 11 10
1.359428 180 169 11 10
1.361428 181 169 11 10
1.363428 181 169 11 10
1.365428 181 169 11 10
1.367428 182 169 11 10
1.369428 182 169 11 10
1.371428 182 169 11 10
1.373428 183 169 11 10
1.375428 183 169 11 10
1.377428 183 169 11 10
1.379428 183 169 11 10
1.381428 184 169 11 10
1.383428 184 169 11 10
1.385428 184 169 11 10
1.387428 185 169 11 10
1.389428 185 169 11 10
1.391428 185 169 11 10
1.393428 186 169 11 10
1.395428 186 169 11 10
1.397428 186 169 11 10
1.399428 187 169 11 10
1.401428 187 169 11 10
1.403428 187 169 11 10
1.405428 188 169 11 10
1.407428 188 169 11 10
1.409428 188 169 11 10
1.411428 188 169 11 10
1.413428 189 169 11 10
1.415428 189 169 11 10
1.417428 189 169 11 10
1.419428 190 169 11 10
1.421428 190 169 11 10
1.423428 190 169 11 10
1.425428 191 169 11 10
1.427428 191 169 11 10
1.429428 191 169 11 10
1.431428 192 169 11 10
1.433428 192 169 11 10
1.435428 192 169 11 10
1.437428 193 169 11 10
1.439428 193 170 11 10
1.441428 193 170 11 10
1.443428 193 170 11 10
1.445428 194 170 11 10
1.447428 194 170 11 10
1.449428 194 170 11 10
1.451428 195 170 11 10
1.453428 195 170 11 10
1.455428 195 170 11 10
1.457428 196 170 11 10
1.459428 196 170 11 10
1.461428 196 171 11 10
1.463428 197 171 11 10
1.465428 197 171 11 10
1.467428 197 171 11 10
1.469428 198 171 11 10
1.471428 198 171 11 10
1.473428 198 171 11 10
1.475428 198 171 11 10
1.477428 199 171 11 10
1.479428 199 171 11 10
1.481428 199 171 11 10
1.483428 200 172 11 10
1.485428 200 172 11 10
1.487428 200 172 11 10
1.489428 200 172 11 10
1.491428 201 172 11 10
1.493428 201 172 11 10
1.495428 201 172 11 10
1.497428 201 172 11 10
1.499428 202 172 11 10
1.501428 202 172 11 10
1.503428 202 172 11 10
1.505428 202 172 11 10
1.507428 203 172 11 10
1.509428 203 172 11 10
1.511428 203 172 11 10
1.513428 203 172 11 10
1.515428 204 172 11 10
1.517428 204 172 11 10
1.519428 204 172 11 10
1.521428 204 172 11 10
1.523428 205 172 11 10
1.525428 205 172 11 10
1.527428 205 172 11 10
1.529428 205 172 11 10
1.531428 206 172 11 10
1.533428 206 172 11 10
1.535428 206 172 11 10
1.537428 206 172 11 10
1.539428 207 172 11 10
1.541428 207 172 11 10
1.543428 207 172 11 10
1.545428 207 172 11 10
1.547428 208 172 10 10
1.549428 208 172 10 10
1.551428 208 172 10 10
1.553428 208 172 10 10
1.555428 209 172 10 10
1.557428 209 172 10 10
1.559428 209 172 10 10
1.561428 209 172 10 10
1.563428 209 172 10 10
1.565428 210 172 10 10
1.567428 210 172 10 10
1.569428 210 172 10 10
1.571428 210 172 10 10
1.573428 210 172 10 10
1.575428 211 172 10 10
1.577428 211 172 10 10
1.579428 211 172 10 10
1.581428 211 172 10 10
1.583428 212 172 10 10
1.585428 212 172 10 10
1.587428 212 172 10 10
1.589428 212 172 10 10
1.591428 212 172 10 10
1.593428 213 172 10 10
1.595428 213 172 10 10
1.597428 213 172 10 10
1.599428 213 172 10 10
1.601428 214 172 10 10
1.603428 214 172 10 10
1.605428 214 172 10 10
1.607428 214 172 10 10
1.609428 214 172 10 10
1.611428 215 172 10 10
1.613428 215 172 10 10
1.615428 215 172 10 10
1.617428 215 172 10 10
1.619428 216 172 10 10
1.621428 216 172 10 10
1.623428 216 172 10 10
1.625428 216 172 10 10
1.627428 217 172 10 10
1.629428 217 172 10 10
1.631428 217 172 10 10
1.633428 217 172 10 10
1.635428 218 172 10 10
1.637428 218 172 10 10
1.639428 218 172 10 10
1.641428 218 172 10 10
1.643428 219 172 10 10
1.645428 219 172 10 10
1.647428 219 172 10 10
1.649428 219 172 10 10
1.651428 220 172 10 10
1.653428 220 172 10 10
1.655428 220 172 10 10
1.657428 220 172 10 10
1.659428 221 172 10 10
1.661428 221 172 10 10
1.663428 221 172 10 10
1.665428 221 172 10 10
1.667428 222 172 10 10
1.669428 222 172 10 10
1.671428 222 172 10 10
1.673428 222 172 10 10
1.675428 223 172 10 9
1.677428 223 172 10 9
1.679428 223 172 10 9
1.681428 223 172 10 9
1.683428 223 172 10 9
1.685428 223 172 10 9
1.687428 224 172 10 9
1.689428 224 172 10 9
1.691428 224 172 10 9
1.693428 224 172 10 9
1.695428 224 172 10 9
1.697428 224 172 10 8
1.699428 224 172 10 8
1.701428 225 172 10 8
1.703428 225 172 10 8
1.705428 225 172 10 8
1.707428 225 172 10 8
1.709428 225 172 10 8
1.711428 225 172 10 8
1.713428 226 172 10 8
1.715428 226 172 10 8
1.717428 226 172 10 7
1.719428 226 172 10 7
1.721428 226 172 10 7
1.723428 226 172 10 7
1.725428 227 172 10 7
1.727428 227 172 10 7
1.729428 227 172 10 7
1.731428 227 172 10 7
1.733428 227 172 10 7
1.735428 227 172 10 7
1.737428 227 172 10 7
1.739428 228 173 11 7
1.741428 228 173 11 7
1.743428 228 173 11 7
1.745428 228 173 11 7
1.747428 229 173 11 7
1.749428 229 173 11 7
1.751428 229 173 11 7
1.753428 229 173 11 7
1.755428 229 173 11 7
1.757428 230 173 11 7
1.759428 230 173 11 7
1.761428 230 173 11 7
1.763428 230 173 11 7
1.765428 230 173 11 7
1.767428 231 173 11 7
1.769428 231 173 11 7
1.771428 231 173 11 7
1.773428 231 173 11 7
1.775428 232 173 11 7
1.777428 232 173 11 7
1.779428 232 173 11 7
1.781428 232 173 11 7
1.783428 232 173 11 7
1.785428 233 173 11 7
1.787428 233 173 11 7
1.789428 233 173 11 7
1.791428 233 173 11 7
1.793428 234 173 11 7
1.795428 234 173 11 7
1.797428 234 173 11 7
1.799428 234 173 11 7
1.801428 234 173 11 7
1.803428 235 173 11 7
1.805428 235 173 11 7
1.807428 235 173 11 7
1.809428 236 173 11 7
1.811428 236 173 11 7
1.813428 236 173 11 7
1.815428 236 173 11 7
1.817428 237 173 11 7
1.819428 237 173 11 7
1.821428 237 173 11 7
1.823428 237 173 11 7
1.825428 238 174 11 8
1.827428 238 174 11 8
1.829428 238 174 11 8
1.831428 239 174 11 8
1.833428 239 174 11 8
1.835428 239 174 12 8
1.837428 239 174 12 8
1.839428 240 174 12 8
1.841428 240 174 12 8
1.843428 240 174 12 8
1.845428 241 175 12 9
1.847428 241 175 12 9
1.849428 241 175 12 9
1.851428 241 175 12 9
1.853428 242 175 12 9
1.855428 242 175 12 9
1.857428 242 175 12 9
1.859428 243 175 12 9
1.861428 243 175 12 9
1.863428 243 175 12 9
1.865428 243 175 12 9
1.867428 244 175 13 10
1.869428 244 175 13 10
1.871428 244 175 13 10
1.873428 244 175 13 10
1.875428 244 175 13 10
1.877428 244 175 13 10
1.879428 244 175 13 10
1.881428 244 175 13 10
1.883428 245 175 13 10
1.885428 245 175 13 10
1.887428 245 175 13 10
1.889428 245 175 13 10
1.891428 245 175 13 10
1.893428 245 175 13 10
1.895428 245 175 13 10
1.897428 245 175 13 10
1.899428 246 175 13 10
1.901428 246 175 13 10
1.903428 246 175 13 10
1.905428 246 175 13 10
1.907428 246 175 13 10
1.909428 246 175 13 10
1.911428 246 175 13 10
1.913428 246 175 13 10
1.915428 247 175 13 10
1.917428 247 175 13 10
1.919428 247 175 13 10
1.921428 247 175 13 10
1.923428 247 175 13 10
1.925428 247 175 13 10
1.927428 247 175 13 10
1.929428 247 175 13 10
1.931428 248 175 12 9
1.933428 248 175 12 9
1.935428 248 175 12 9
1.937428 249 175 12 9
1.939428 249 175 12 9
1.941428 249 175 11 9
1.943428 250 175 11 9
1.945428 250 175 11 9
1.947428 250 175 11 9
1.949428 250 175 11 9
1.951428 251 175 11 9
1.953428 251 175 10 8
1.955428 251 175 10 8
1.957428 252 175 10 8
1.959428 252 175 10 8
1.961428 252 175 10 8
1.963428 253 175 9 8
1.965428 253 175 9 8
1.967428 253 175 9 8
1.969428 254 175 9 8
1.971428 254 175 9 8
1.973428 254 175 8 7
1.975428 255 175 8 7
1.977428 255 175 8 7
1.979428 255 175 8 7
1.981428 255 175 8 7
1.983428 256 175 8 7
1.985428 256 175 7 7
1.987428 256 175 7 7
1.989428 257 175 7 7
1.991428 257 175 7 7
1.993428 257 175 7 7
1.995428 257 175 7 7
1.997428 257 175 7 7
1.999428 257 175 7 7
2.001428 257 175 7 7
2.003428 256 175 8 7
2.005428 256 175 8 7
2.007428 256 175 8 7
2.009428 255 175 9 7
2.011428 255 175 9 7
2.013428 255 175 9 7
2.015428 255 175 9 7
2.017428 254 175 10 8
2.019428 254 175 10 8
2.021428 254 175 10 8
2.023428 253 175 11 8
2.025428 253 175 11 8
2.027428 253 175 11 8
2.029428 253 175 11 8
2.031428 252 175 12 8
2.033428 252 175 12 8
2.035428 252 175 12 8
2.037428 251 175 13 9
2.039428 251 175 13 9
2.041428 251 175 13 9
2.043428 251 175 13 9
2.045428 250 175 14 9
2.047428 250 175 14 9
2.049428 250 175 14 9
2.051428 249 175 15 9
2.053428 249 175 15 9
2.055428 249 175 15 9
2.057428 249 175 15 9
2.059428 248 174 15 10
2.061428 248 174 15 10
2.063428 248 174 15 10
2.065428 248 174 15 10
2.067428 247 174 15 10
2.069428 247 174 14 10
2.071428 247 174 14 10
2.073428 246 174 14 10
2.075428 246 174 14 10
2.077428 246 174 14 10
2.079428 246 174 14 10
2.081428 245 174 13 10
2.083428 245 174 13 10
2.085428 245 174 13 10
2.087428 244 174 13 10
2.089428 244 174 13 10
2.091428 244 173 12 10
2.093428 244 173 12 10
2.095428 243 173 12 10
2.097428 243 173 12 10
2.099428 243 173 12 10
2.101428 242 173 11 10
2.103428 242 173 11 10
2.105428 242 173 11 10
2.107428 242 173 11 10
2.109428 241 173 11 10
2.111428 241 173 11 10
2.113428 241 173 10 10
2.115428 240 173 10 10
2.117428 240 173 10 10
2.119428 240 173 10 10
2.121428 240 173 10 10
2.123428 239 172 10 10
2.125428 238 172 10 10
2.127428 238 172 10 10
2.129428 237 172 10 10
2.131428 236 172 11 10
2.133428 235 172 11 10
2.135428 235 172 11 10
2.137428 234 172 12 10
2.139428 233 171 12 10
2.141428 232 171 12 10
2.143428 232 171 12 10
2.145428 231 171 13 10
2.147428 230 171 13 10
2.149428 229 171 13 10
2.151428 229 171 14 10
2.153428 228 171 14 10
2.155428 227 170 14 10
2.157428 226 170 14 10
2.159428 226 170 15 10
2.161428 225 170 15 10
2.163428 224 170 15 10
2.165428 223 170 16 10
2.167428 223 170 16 10
2.169428 222 170 16 10
2.171428 221 169 16 10
2.173428 220 169 17 10
2.175428 220 169 17 10
2.177428 219 169 17 10
2.179428 218 169 18 10
2.181428 217 169 18 10
2.183428 217 169 18 10
2.185428 216 169 18 10
2.187428 215 169 19 10
2.189428 215 169 19 10
2.191428 214 169 19 10
2.193428 214 169 19 10
2.195428 214 169 19 10
2.197428 213 169 19 10
2.199428 213 169 19 10
2.201428 212 169 19 10
2.203428 212 169 19 10
2.205428 211 169 19 10
2.207428 211 169 19 10
2.209428 210 169 19 10
2.211428 210 169 19 10
2.213428 210 169 19 10
2.215428 209 169 19 10
2.217428 209 169 19 10
2.219428 208 169 19 10
2.221428 208 169 19 10
2.223428 207 169 19 10
2.225428 207 169 19 10
2.227428 207 169 19 10
2.229428 206 169 19 10
2.231428 206 169 19 10
2.233428 205 169 19 10
2.235428 205 169 19 10
2.237428 204 169 19 10
2.239428 204 169 19 10
2.241428 203 169 19 10
2.243428 203 169 19 10
2.245428 203 169 19 10
2.247428 202 169 19 10
2.249428 202 169 19 10
2.251428 201 169 19 10
2.253428 201 169 19 10
2.255428 200 169 19 10
2.257428 200 169 19 10
2.259428 199 169 19 10
2.261428 199 169 19 10
2.263428 198 169 19 10
2.265428 198 169 19 10
2.267428 198 169 19 10
2.269428 197 169 19 10
2.271428 197 169 19 10
2.273428 196 169 19 10
2.275428 196 169 19 10
2.277428 195 169 19 10
2.279428 195 169 19 10
2.281428 194 169 19 10
2.283428 194 169 19 10
2.285428 193 169 19 10
2.287428 193 169 19 10
2.289428 192 169 19 10
2.291428 192 169 19 10
2.293428 191 169 19 10
2.295428 191 169 19 10
2.297428 190 169 19 10
2.299428 190 169 19 10
2.301428 190 169 19 10
2.303428 189 169 19 10
2.305428 189 169 19 10
2.307428 188 169 19 10
2.309428 188 169 19 10
2.311428 187 169 19 10
2.313428 187 169 19 10
2.315428 186 168 19 10
2.317428 186 168 19 10
2.319428 186 168 19 10
2.321428 185 168 19 10
2.323428 185 168 19 10
2.325428 185 168 19 10
2.327428 184 168 19 10
2.329428 184 168 19 10
2.331428 184 168 19 10
2.333428 183 168 19 10
2.335428 183 168 19 10
2.337428 183 167 19 10
2.339428 182 167 19 10
2.341428 182 167 19 10
2.343428 182 167 19 10
2.345428 181 167 19 10
2.347428 181 167 19 10
2.349428 180 167 19 10
2.351428 180 167 19 10
2.353428 180 167 19 10
2.355428 179 167 19 10
2.357428 179 166 19 10
2.359428 179 166 19 10
2.361428 178 166 19 10
2.363428 178 166 19 10
2.365428 178 166 19 10
2.367428 177 166 19 10
2.369428 177 166 19 10
2.371428 177 166 19 10
2.373428 176 166 19 10
2.375428 176 166 19 10
2.377428 176 166 19 10
2.379428 175 165 18 10
2.381428 175 165 18 10
2.383428 174 165 18 10
2.385428 174 165 18 10
2.387428 173 165 18 10
2.389428 173 165 18 10
2.391428 172 165 18 10
2.393428 172 165 18 10
2.395428 171 165 18 10
2.397428 171 165 18 10
2.399428 170 165 18 10
2.401428 170 165 18 10
2.403428 169 165 18 10
2.405428 169 165 18 10
2.407428 168 165 18 10
2.409428 168 165 18 10
2.411428 167 164 18 10
2.413428 167 164 18 10
2.415428 166 164 18 10
2.417428 166 164 18 10
2.419428 165 164 18 10
2.421428 165 164 18 10
2.423428 164 164 18 10
2.425428 164 164 18 10
2.427428 163 164 18 10
2.429428 163 164 18 10
2.431428 162 164 18 10
2.433428 162 164 18 10
2.435428 161 164 18 10
2.437428 161 164 18 10
2.439428 160 164 18 10
2.441428 160 164 18 10
2.443428 159 164 18 11
2.445428 159 164 18 11
2.447428 159 164 18 11
2.449428 158 164 18 11
2.451428 158 164 18 11
2.453428 157 164 18 11
2.455428 157 164 18 11
2.457428 156 164 18 11
2.459428 156 164 18 11
2.461428 156 164 18 11
2.463428 155 164 18 11
2.465428 155 164 18 11
2.467428 154 164 18 11
2.469428 154 164 18 11
2.471428 154 164 18 11
2.473428 153 164 18 11
2.475428 153 164 18 11
2.477428 152 164 18 11
2.479428 152 164 18 11
2.481428 152 164 18 11
2.483428 151 164 18 11
2.485428 151 164 18 11
2.487428 150 164 18 11
2.489428 150 164 18 11
2.491428 150 164 18 11
2.493428 149 164 18 11
2.495428 149 164 18 11
2.497428 148 164 18 11
2.499428 148 164 18 11
2.501428 148 164 18 11
2.503428 147 164 18 11
2.505428 147 164 18 11
2.507428 146 164 18 11
2.509428 146 164 18 11
2.511428 146 164 18 11
2.513428 145 164 18 11
2.515428 145 164 18 11
2.517428 144 164 18 11
2.519428 144 164 18 11
2.521428 144 164 18 11
2.523428 143 164 18 11
2.525428 143 164 18 11
2.527428 143 164 18 11
2.529428 142 164 18 11
2.531428 142 164 18 11
2.533428 141 164 18 11
2.535428 141 164 18 11
2.537428 141 164 18 11
2.539428 140 164 18 11
2.541428 140 164 18 11
2.543428 140 164 18 11
2.545428 139 164 18 11
2.547428 139 164 18 11
2.549428 138 164 18 11
2.551428 138 164 18 11
2.553428 138 164 18 11
2.555428 137 164 18 11
2.557428 137 164 18 11
2.559428 137 164 18 11
2.561428 136 164 18 11
2.563428 136 164 18 11
2.565428 135 164 18 11
2.567428 135 164 18 11
2.569428 135 164 18 11
2.571428 134 163 17 11
2.573428 134 163 17 11
2.575428 134 163 17 11
2.577428 134 163 17 11
2.579428 134 163 17 11
2.581428 133 163 17 11
2.583428 133 163 17 11
2.585428 133 163 17 11
2.587428 133 163 16 11
2.589428 132 163 16 11
2.591428 132 163 16 11
2.593428 132 163 16 11
2.595428 132 163 16 11
2.597428 132 163 16 11
2.599428 131 163 16 11
2.601428 131 163 16 11
2.603428 131 163 15 11
2.605428 131 163 15 11
2.607428 130 163 15 11
2.609428 130 163 15 11
2.611428 130 163 15 11
2.613428 130 163 15 11
2.615428 130 163 15 11
2.617428 129 163 15 11
2.619428 129 163 14 11
2.621428 129 163 14 11
2.623428 129 163 14 11
2.625428 129 163 14 11
2.627428 128 163 14 11
2.629428 128 163 14 11
2.631428 128 163 14 11
2.633428 128 163 14 11
2.635428 127 163 13 10
2.637428 127 163 13 10
2.639428 127 163 13 10
2.641428 127 163 13 10
2.643428 126 163 13 10
2.645428 126 163 13 10
2.647428 126 163 12 10
2.649428 126 163 12 10
2.651428 125 163 12 10
2.653428 125 163 12 10
2.655428 125 163 12 10
2.657428 125 163 12 9
2.659428 124 163 12 9
2.661428 124 163 11 9
2.663428 124 163 11 9
2.665428 124 163 11 9
2.667428 123 163 11 9
2.669428 123 163 11 9
2.671428 123 163 11 9
2.673428 123 163 10 9
2.675428 122 163 10 9
2.677428 122 163 10 8
2.679428 122 163 10 8
2.681428 122 163 10 8
2.683428 121 163 10 8
2.685428 121 163 10 8
2.687428 121 163 9 8
2.689428 121 163 9 8
2.691428 120 163 9 8
2.693428 120 163 9 8
2.695428 120 163 9 8
2.697428 120 163 9 8
2.699428 119 164 9 8
2.701428 119 164 9 8
2.703428 119 164 9 8
2.705428 118 164 9 8
2.707428 118 164 9 8
2.709428 118 164 9 8
2.711428 118 164 9 8
2.713428 117 164 9 8
2.715428 117 164 9 8
2.717428 117 164 9 8
2.719428 116 164 9 8
2.721428 116 164 9 8
2.723428 116 164 9 8
2.725428 115 164 9 8
2.727428 115 164 9 8
2.729428 115 164 9 8
2.731428 114 164 10 9
2.733428 114 164 10 9
2.735428 114 164 10 9
2.737428 113 164 10 9
2.739428 113 164 10 9
2.741428 113 164 10 9
2.743428 113 164 10 9
2.745428 112 164 10 9
2.747428 112 164 10 9
2.749428 112 164 10 9
2.751428 111 164 10 9
2.753428 111 164 10 9
2.755428 111 164 10 9
2.757428 110 164 10 9
2.759428 110 164 10 9
2.761428 110 164 10 9
2.763428 109 164 10 10
2.765428 109 164 10 10
2.767428 109 164 10 10
2.769428 109 164 10 10
2.771428 108 164 10 10
2.773428 108 164 10 10
2.775428 108 164 10 10
2.777428 108 164 10 10
2.779428 107 164 10 10
2.781428 107 164 10 10
2.783428 107 164 10 10
2.785428 107 164 10 10
2.787428 106 164 10 10
2.789428 106 164 10 10
2.791428 106 164 10 10
2.793428 106 164 10 10
2.795428 105 164 10 10
2.797428 105 164 10 10
2.799428 105 164 10 10
2.801428 105 164 10 10
2.803428 104 164 10 10
2.805428 104 164 10 10
2.807428 104 164 10 10
2.809428 104 164 10 10
2.811428 103 164 10 10
2.813428 103 164 10 10
2.815428 103 164 10 10
2.817428 103 164 10 10
2.819428 102 164 10 10
2.821428 102 164 10 10
2.823428 102 164 10 10
2.825428 102 164 10 10
2.827428 101 164 10 10
2.829428 101 164 10 10
2.831428 101 164 10 10
2.833428 101 164 10 10
2.835428 100 164 10 10
2.837428 100 164 10 10
2.839428 100 164 10 10
2.841428 100 164 10 10
2.843428 99 164 10 10
2.845428 99 164 10 10
2.847428 99 164 10 10
2.849428 99 164 10 10
2.851428 98 164 10 10
2.853428 98 164 10 10
2.855428 98 164 10 10
2.857428 98 164 10 10
2.859428 97 164 10 10
2.861428 97 164 10 10
2.863428 97 164 10 10
2.865428 97 164 10 10
2.867428 96 164 10 10
2.869428 96 164 10 10
2.871428 96 164 10 10
2.873428 96 164 10 10
2.875428 95 164 10 10
2.877428 95 164 10 10
2.879428 95 164 10 10
2.881428 95 164 10 10
2.883428 94 164 10 10
2.885428 94 164 10 10
2.887428 94 164 10 10
2.889428 94 164 10 10
2.891428 93 164 10 10
2.893428 93 164 10 10
2.895428 93 164 10 10
2.897428 93 164 10 10
2.899428 92 164 10 10
2.901428 92 164 10 10
2.903428 92 164 10 10
2.905428 91 164 10 10
2.907428 91 164 10 10
2.909428 91 164 10 10
2.911428 91 164 10 10
2.913428 90 164 10 10
2.915428 90 164 10 10
2.917428 90 164 10 10
2.919428 89 164 10 10
2.921428 89 164 10 10
2.923428 89 164 10 10
2.925428 89 164 10 10
2.927428 88 164 10 10
2.929428 88 164 10 10
2.931428 88 164 10 10
2.933428 87 164 10 10
2.935428 87 164 10 10
2.937428 87 164 10 10
2.939428 87 164 10 10
2.941428 86 164 10 10
2.943428 86 164 10 10
2.945428 86 164 10 10
2.947428 86 164 10 10
2.949428 85 164 10 10
2.951428 85 164 10 10
2.953428 85 164 10 10
2.955428 84 164 10 10
2.957428 84 164 10 10
2.959428 84 164 10 10
2.961428 84 164 10 10
2.963428 83 164 10 10
2.965428 83 164 10 10
2.967428 83 164 10 10
2.969428 82 164 10 10
2.971428 82 164 10 10
2.973428 82 164 10 10
2.975428 82 164 10 10
2.977428 81 164 10 10
2.979428 81 164 10 10
2.981428 81 164 10 10
2.983428 80 164 10 10
2.985428 80 164 10 10
2.987428 80 164 10 10
2.989428 80 164 10 10
2.991428 79 164 10 10
2.993428 79 164 10 10
2.995428 79 164 10 10
2.997428 78 164 10 10
2.999428 78 164 10 10
3.001428 78 164 10 10
3.003428 78 164 10 10
3.005428 77 164 10 10
3.007428 77 164 10 10
3.009428 77 164 10 10
3.011428 77 164 10 10
3.013428 76 164 10 10
3.015428 76 164 10 10
3.017428 76 164 10 10
3.019428 75 165 9 9
3.021428 75 165 9 9
3.023428 75 165 9 9
3.025428 75 165 9 9
3.027428 75 165 9 9
3.029428 74 165 9 9
3.031428 74 165 9 9
3.033428 74 165 9 9
3.035428 74 165 9 9
3.037428 73 165 9 9
3.039428 73 165 9 9
3.041428 73 165 9 8
3.043428 73 165 9 8
3.045428 73 165 9 8
3.047428 72 165 9 8
3.049428 72 165 9 8
3.051428 72 165 8 8
3.053428 72 165 8 8
3.055428 71 165 8 8
3.057428 71 165 8 8
3.059428 71 165 8 8
3.061428 71 165 8 8
3.063428 71 165 8 7
3.065428 70 165 8 7
3.067428 70 165 8 7
3.069428 70 165 8 7
3.071428 70 165 8 7
3.073428 70 165 8 7
3.075428 69 165 8 7
3.077428 69 165 8 7
3.079428 69 165 8 7
3.081428 69 165 8 7
3.083428 68 164 8 7
3.085428 68 164 8 7
3.087428 68 164 8 7
3.089428 67 164 8 7
3.091428 67 164 8 7
3.093428 67 164 8 7
3.095428 67 164 8 7
3.097428 66 164 8 7
3.099428 66 164 8 7
3.101428 66 164 8 7
3.103428 65 164 8 7
3.105428 65 164 8 8
3.107428 65 164 8 8
3.109428 64 164 8 8
3.111428 64 164 8 8
3.113428 64 164 8 8
3.115428 63 164 9 8
3.117428 63 164 9 8
3.119428 63 164 9 8
3.121428 62 164 9 8
3.123428 62 164 9 8
3.125428 62 164 9 8
3.127428 62 164 9 9
3.129428 61 164 9 9
3.131428 61 164 9 9
3.133428 61 164 9 9
3.135428 60 164 9 9
3.137428 60 164 9 9
3.139428 60 164 9 9
3.141428 59 164 9 9
3.143428 59 164 9 9
3.145428 59 164 9 9
3.147428 58 164 9 9
3.149428 58 164 9 9
3.151428 58 164 9 9
3.153428 58 164 9 9
3.155428 58 164 9 9
3.157428 57 164 9 9
3.159428 57 164 9 9
3.161428 57 164 9 9
3.163428 57 164 9 8
3.165428 56 164 9 8
3.167428 56 164 9 8
3.169428 56 164 9 8
3.171428 56 164 9 8
3.173428 56 164 9 8
3.175428 55 164 9 8
3.177428 55 164 9 8
3.179428 55 164 8 7
3.181428 55 164 8 7
3.183428 54 164 8 7
3.185428 54 164 8 7
3.187428 54 164 8 7
3.189428 54 164 8 7
3.191428 54 164 8 7
3.193428 53 164 8 7
3.195428 53 164 8 6
3.197428 53 164 8 6
3.199428 53 164 8 6
3.201428 53 164 8 6
3.203428 52 164 8 6
3.205428 52 164 8 6
3.207428 52 164 8 6
3.209428 52 164 8 6
3.211428 51 165 8 6
3.213428 51 165 8 6
3.215428 51 165 8 6
3.217428 51 165 8 6
3.219428 50 165 8 6
3.221428 50 165 8 6
3.223428 50 165 8 6
3.225428 50 165 8 6
3.227428 49 165 8 7
3.229428 49 165 8 7
3.231428 49 165 8 7
3.233428 49 165 8 7
3.235428 48 165 8 7
3.237428 48 165 8 7
3.239428 48 165 8 7
3.241428 48 165 8 7
3.243428 47 165 9 8
3.245428 47 165 9 8
3.247428 47 165 9 8
3.249428 47 165 9 8
3.251428 46 165 9 8
3.253428 46 165 9 8
3.255428 46 165 9 8
3.257428 46 165 9 8
3.259428 45 165 9 9
3.261428 45 165 9 9
3.263428 45 165 9 9
3.265428 45 165 9 9
3.267428 44 165 9 9
3.269428 44 165 9 9
3.271428 44 165 9 9
3.273428 44 165 9 9
3.275428 43 164 10 10
3.277428 43 164 10 10
3.279428 43 164 10 10
3.281428 43 164 10 10
3.283428 43 164 10 10
3.285428 43 164 10 10
3.287428 42 164 10 10
3.289428 42 164 10 10
3.291428 42 164 10 10
3.293428 42 164 10 10
3.295428 42 164 10 10
3.297428 41 164 10 10
3.299428 41 164 10 10
3.301428 41 164 10 10
3.303428 41 164 10 10
3.305428 41 164 10 10
3.307428 40 163 10 10
3.309428 40 163 10 10
3.311428 40 163 10 10
3.313428 40 163 10 10
3.315428 40 163 10 10
3.317428 40 163 10 10
3.319428 39 163 10 10
3.321428 39 163 10 10
3.323428 39 163 10 10
3.325428 39 163 10 10
3.327428 39 163 10 10
3.329428 38 163 10 10
3.331428 38 163 10 10
3.333428 38 163 10 10
3.335428 38 163 10 10
3.337428 38 163 10 10
3.339428 37 162 10 10
3.341428 37 162 10 10
3.343428 37 162 10 10
3.345428 37 162 10 10
3.347428 36 162 10 10
3.349428 36 162 10 10
3.351428 36 162 10 10
3.353428 35 162 10 10
3.355428 35 162 10 10
3.357428 35 162 10 10
3.359428 35 162 10 10
3.361428 34 162 10 10
3.363428 34 162 10 10
3.365428 34 162 10 10
3.367428 33 162 10 10
3.369428 33 162 10 10
3.371428 33 162 10 10
3.373428 33 162 10 10
3.375428 32 162 10 10
3.377428 32 162 10 10
3.379428 32 162 10 10
3.381428 32 162 10 10
3.383428 31 162 10 10
3.385428 31 162 10 10
3.387428 31 162 10 10
3.389428 30 162 10 10
3.391428 30 162 10 10
3.393428 30 162 10 10
3.395428 30 162 10 10
3.397428 29 162 10 10
3.399428 29 162 10 10
3.401428 29 162 10 10
3.403428 28 162 10 10
3.405428 28 162 10 10
3.407428 28 162 10 10
3.409428 28 162 10 10
3.411428 28 162 10 10
3.413428 27 162 10 10
3.415428 27 162 10 10
3.417428 27 162 10 10
3.419428 27 162 10 10
3.421428 26 162 10 10
3.423428 26 162 10 10
3.425428 26 162 10 10
3.427428 26 162 10 10
3.429428 26 162 10 10
3.431428 25 162 10 10
3.433428 25 162 10 10
3.435428 25 163 10 10
3.437428 25 163 10 10
3.439428 25 163 10 10
3.441428 24 163 10 10
3.443428 24 163 10 10
3.445428 24 163 10 10
3.447428 24 163 10 10
3.449428 23 163 10 10
3.451428 23 163 10 10
3.453428 23 163 10 10
3.455428 23 163 10 10
3.457428 23 163 10 10
3.459428 22 163 10 10
3.461428 22 163 10 10
3.463428 22 163 10 10
3.465428 22 163 10 10
3.467428 21 163 10 10
3.469428 21 163 10 10
3.471428 21 163 10 10
3.473428 21 163 10 10
3.475428 20 163 10 10
3.477428 20 163 10 10
3.479428 20 163 10 10
3.481428 20 163 10 10
3.483428 19 163 10 10
3.485428 19 163 10 10
3.487428 19 163 10 10
3.489428 19 163 10 10
3.491428 18 163 10 10
3.493428 18 163 10 10
3.495428 18 163 10 10
3.497428 18 163 10 10
3.499428 17 163 10 10
3.501428 17 163 10 10
3.503428 17 163 10 10
3.505428 17 163 10 10
3.507428 16 163 10 10
3.509428 16 163 10 10
3.511428 16 163 10 10
3.513428 16 163 10 10
3.515428 15 163 10 10
3.517428 15 163 10 10
3.519428 15 163 10 10
3.521428 15 163 10 10
3.523428 14 163 10 10
3.525428 14 163 10 10
3.527428 14 163 10 10
3.529428 14 163 10 10
3.531428 13 162 10 9
3.533428 13 162 10 9
3.535428 13 162 10 9
3.537428 13 162 10 9
3.539428 12 162 10 9
3.541428 12 162 10 9
3.543428 12 162 10 9
3.545428 12 162 10 9
3.547428 11 162 10 9
3.549428 11 162 10 9
3.551428 11 162 10 9
3.553428 11 162 10 8
3.555428 10 162 10 8
3.557428 10 162 10 8
3.559428 10 162 10 8
3.561428 10 162 10 8
3.563428 9 162 10 8
3.565428 9 162 10 8
3.567428 9 162 10 8
3.569428 9 162 10 8
3.571428 8 162 10 8
3.573428 8 162 10 8
3.575428 8 162 10 7
3.577428 8 162 10 7
3.579428 7 162 10 7
3.581428 7 162 10 7
3.583428 7 162 10 7
3.585428 7 162 10 7
3.587428 6 162 10 7
3.589428 6 162 10 7
3.591428 6 162 10 7
3.593428 6 162 10 7
3.595428 5 162 9 7
3.597428 5 162 9 7
3.599428 5 162 9 7
3.601428 5 162 9 7
3.603428 5 162 9 7
3.605428 5 162 9 7
3.607428 5 162 9 7
3.609428 4 162 9 7
3.611428 4 162 9 7
3.613428 4 162 9 7
3.615428 4 162 9 7
3.617428 4 162 9 7
3.619428 4 162 9 7
3.621428 3 162 9 7
3.623428 3 162 9 7
3.625428 3 162 9 7
3.627428 3 162 9 7
3.629428 3 162 9 7
3.631428 3 162 9 7
3.633428 3 162 9 7
3.635428 2 162 9 7
3.637428 2 162 9 7
3.639428 2 162 9 7
3.641428 2 162 9 7
3.643428 2 162 9 7
3.645428 2 162 9 7
3.647428 1 162 9 7
3.649428 1 162 9 7
3.651428 1 162 9 7
3.653428 1 162 9 7
3.655428 1 162 9 7
3.657428 1 162 9 7
