0.002798 91 167 5 5
0.004798 91 166 5 5
0.006798 91 166 5 5
0.008798 91 166 5 5
0.010798 91 166 5 5
0.012798 91 166 5 5
0.014798 91 166 5 5
0.016798 91 166 5 5
0.018798 91 166 5 5
0.020798 91 166 5 5
0.022798 91 166 5 5
0.024798 92 166 5 5
0.026798 92 166 5 5
0.028798 92 166 5 5
0.030798 92 166 5 5
0.032798 92 166 5 5
0.034798 92 166 5 5
0.036798 92 166 5 6
0.038798 92 166 5 6
0.040798 92 166 5 6
0.042798 92 166 5 6
0.044798 92 166 5 6
0.046798 93 166 5 6
0.048798 93 166 5 6
0.050798 93 166 5 6
0.052798 93 166 5 6
0.054798 93 166 5 6
0.056798 93 166 5 6
0.058798 93 166 5 6
0.060798 93 166 5 6
0.062798 93 166 5 6
0.064798 93 166 5 6
0.066798 93 166 5 6
0.068798 94 166 6 6
0.070798 94 166 6 6
0.072798 94 166 6 6
0.074798 94 166 6 6
0.076798 94 166 6 6
0.078798 94 166 6 6
0.080798 94 166 6 6
0.082798 94 166 6 6
0.084798 94 166 6 6
0.086798 94 166 6 6
0.088798 94 166 6 6
0.090798 94 166 6 6
0.092798 94 166 6 6
0.094798 94 166 6 6
0.096798 94 166 6 6
0.098798 94 166 6 6
0.100798 94 166 7 6
0.102798 94 166 7 6
0.104798 94 166 7 6
0.106798 94 166 7 6
0.108798 94 166 7 6
0.110798 94 166 7 6
0.112798 94 166 7 6
0.114798 94 166 7 6
0.116798 94 166 7 6
0.118798 94 166 7 6
0.120798 94 166 7 6
0.122798 94 166 7 6
0.124798 94 166 7 6
0.126798 94 166 7 6
0.128798 94 166 7 6
0.130798 94 166 7 6
0.132798 95 166 8 6
0.134798 95 166 8 6
0.136798 95 166 8 6
0.138798 95 166 8 6
0.140798 95 166 8 6
0.142798 95 166 8 6
0.144798 95 166 8 6
0.146798 95 166 8 6
0.148798 95 166 8 7
0.150798 95 166 8 7
0.152798 95 166 8 7
0.154798 95 166 8 7
0.156798 95 166 8 7
0.158798 95 166 8 7
0.160798 95 166 8 7
0.162798 95 166 8 7
0.164798 96 166 9 8
0.166798 96 166 9 8
0.168798 96 166 9 8
0.170798 96 166 9 8
0.172798 96 166 9 8
0.174798 96 166 9 8
0.176798 96 166 9 8
0.178798 96 166 9 8
0.180798 96 166 9 9
0.182798 96 166 9 9
0.184798 96 166 9 9
0.186798 96 166 9 9
0.188798 96 166 9 9
0.190798 96 166 9 9
0.192798 96 166 9 9
0.194798 96 166 9 9
0.196798 97 166 10 10
0.198798 97 166 10 10
0.200798 97 166 10 10
0.202798 97 166 10 10
0.204798 97 166 10 10
0.206798 97 166 10 10
0.208798 97 166 10 10
0.210798 97 166 10 10
0.212798 98 166 10 10
0.214798 98 166 10 10
0.216798 98 166 10 10
0.218798 98 166 10 10
0.220798 98 166 10 10
0.222798 98 166 10 10
0.224798 98 166 10 10
0.226798 98 166 10 10
0.228798 99 166 10 10
0.230798 99 166 10 10
0.232798 99 166 10 10
0.234798 99 166 10 10
0.236798 99 166 10 10
0.238798 99 166 10 10
0.240798 99 166 10 10
0.242798 99 166 10 10
0.244798 100 166 10 10
0.246798 100 166 10 10
0.248798 100 166 10 10
0.250798 100 166 10 10
0.252798 100 166 10 10
0.254798 100 166 10 10
0.256798 100 166 10 10
0.258798 100 166 10 10
0.260798 101 166 10 10
0.262798 101 166 10 10
0.264798 101 166 10 10
0.266798 101 166 10 10
0.268798 101 166 10 10
0.270798 101 166 10 10
0.272798 101 166 10 10
0.274798 101 166 10 10
0.276798 101 166 10 10
0.278798 101 166 10 10
0.280798 101 166 10 10
0.282798 101 166 10 10
0.284798 101 166 10 10
0.286798 101 166 10 10
0.288798 101 166 10 10
0.290798 101 166 10 10
0.292798 102 166 10 10
0.294798 102 166 10 10
0.296798 102 166 10 10
0.298798 102 166 10 10
0.300798 102 166 10 10
0.302798 102 166 10 10
0.304798 102 166 10 10
0.306798 102 166 10 10
0.308798 102 166 10 10
0.310798 102 166 10 10
0.312798 102 166 10 10
0.314798 102 166 10 10
0.316798 102 166 10 10
0.318798 102 166 10 10
0.320798 102 166 10 10
0.322798 102 166 10 10
0.324798 103 166 10 10
0.326798 103 166 10 10
0.328798 103 166 10 10
0.330798 103 166 10 10
0.332798 103 166 10 10
0.334798 103 166 10 10
0.336798 103 166 10 10
0.338798 103 166 10 10
0.340798 103 166 10 10
0.342798 103 166 10 10
0.344798 104 166 10 10
0.346798 104 166 10 10
0.348798 104 166 10 10
0.350798 104 166 10 10
0.352798 104 166 10 10
0.354798 104 166 10 10
0.356798 104 166 10 10
0.358798 104 166 10 10
0.360798 104 166 10 10
0.362798 104 166 10 10
0.364798 104 166 10 10
0.366798 105 166 10 10
0.368798 105 166 10 10
0.370798 105 166 10 10
0.372798 105 166 10 10
0.374798 105 166 10 10
0.376798 105 166 10 10
0.378798 105 166 10 10
0.380798 105 166 10 10
0.382798 105 166 10 10
0.384798 105 166 10 10
0.386798 105 166 10 10
0.388798 106 166 10 10
0.390798 106 166 10 10
0.392798 106 166 10 10
0.394798 106 166 10 10
0.396798 106 166 10 10
0.398798 106 166 10 10
0.400798 106 166 10 10
0.402798 106 166 10 10
0.404798 107 166 10 10
0.406798 107 166 10 10
0.408798 107 166 10 10
0.410798 107 166 10 10
0.412798 107 166 10 10
0.414798 107 166 10 10
0.416798 107 166 10 10
0.418798 107 166 10 10
0.420798 108 166 10 10
0.422798 108 166 10 10
0.424798 108 166 10 10
0.426798 108 166 10 10
0.428798 108 166 10 10
0.430798 108 166 10 10
0.432798 108 166 10 10
0.434798 108 166 10 10
0.436798 109 166 10 10
0.438798 109 166 10 10
0.440798 109 166 10 10
0.442798 109 166 10 10
0.444798 109 166 10 10
0.446798 109 166 10 10
0.448798 109 166 10 10
0.450798 109 166 10 10
0.452798 110 166 10 10
0.454798 110 166 10 10
0.456798 110 166 10 10
0.458798 110 166 10 10
0.460798 110 166 10 10
0.462798 110 166 10 10
0.464798 110 166 10 10
0.466798 110 166 10 10
0.468798 110 166 10 10
0.470798 110 166 10 10
0.472798 111 166 10 10
0.474798 111 166 10 10
0.476798 111 166 10 10
0.478798 111 166 10 10
0.480798 111 166 10 10
0.482798 111 166 10 10
0.484798 111 166 10 10
0.486798 111 166 10 10
0.488798 111 166 10 10
0.490798 111 166 10 10
0.492798 111 166 10 10
0.494798 112 166 10 10
0.496798 112 166 10 10
0.498798 112 166 10 10
0.500798 112 166 10 10
0.502798 112 166 10 10
0.504798 112 166 10 10
0.506798 112 166 10 10
0.508798 112 166 10 10
0.510798 112 166 10 10
0.512798 112 166 10 10
0.514798 112 166 10 10
0.516798 113 167 10 10
0.518798 113 167 10 10
0.520798 113 167 10 10
0.522798 113 167 10 10
0.524798 113 167 10 10
0.526798 113 167 10 10
0.528798 113 167 10 10
0.530798 113 167 10 10
0.532798 113 167 10 10
0.534798 113 167 10 10
0.536798 114 167 10 10
0.538798 114 167 10 10
0.540798 114 167 10 10
0.542798 114 167 10 10
0.544798 114 167 10 10
0.546798 114 167 10 10
0.548798 114 167 10 10
0.550798 114 167 10 10
0.552798 114 167 10 10
0.554798 114 167 10 10
0.556798 114 167 10 10
0.558798 115 167 10 10
0.560798 115 167 10 10
0.562798 115 167 10 10
0.564798 115 167 10 10
0.566798 115 167 10 10
0.568798 115 167 10 10
0.570798 115 167 10 10
0.572798 115 167 10 10
0.574798 115 167 10 10
0.576798 115 167 10 10
0.578798 115 167 10 10
0.580798 116 167 9 9
0.582798 116 167 9 9
0.584798 116 167 9 9
0.586798 116 167 9 9
0.588798 116 167 9 9
0.590798 116 167 9 9
0.592798 116 167 9 9
0.594798 116 167 9 9
0.596798 117 167 8 8
0.598798 117 167 8 8
0.600798 117 167 8 8
0.602798 117 167 8 8
0.604798 117 167 8 8
0.606798 117 167 8 8
0.608798 117 167 8 8
0.610798 117 167 8 8
0.612798 118 168 7 7
0.614798 118 168 7 7
0.616798 118 168 7 7
0.618798 118 168 7 7
0.620798 118 168 7 7
0.622798 118 168 7 7
0.624798 118 168 7 7
0.626798 118 168 7 7
0.628798 119 168 6 6
0.630798 119 168 6 6
0.632798 119 168 6 6
0.634798 119 168 6 6
0.636798 119 168 6 6
0.638798 119 168 6 6
0.640798 119 168 6 6
0.642798 119 168 6 6
0.644798 120 168 6 6
0.646798 120 168 6 6
0.648798 120 168 6 6
0.650798 120 168 6 6
0.652798 120 168 6 6
0.654798 120 168 6 6
0.656798 120 168 6 6
0.658798 120 168 6 6
0.660798 120 168 7 7
0.662798 120 168 7 7
0.664798 121 168 7 7
0.666798 121 168 7 7
0.668798 121 168 7 7
0.670798 121 168 7 7
0.672798 121 168 7 7
0.674798 121 168 7 7
0.676798 121 168 8 8
0.678798 121 168 8 8
0.680798 121 168 8 8
0.682798 121 168 8 8
0.684798 121 168 8 8
0.686798 122 168 8 8
0.688798 122 168 8 8
0.690798 122 168 8 8
0.692798 122 168 9 9
0.694798 122 168 9 9
0.696798 122 168 9 9
0.698798 122 168 9 9
0.700798 122 168 9 9
0.702798 122 168 9 9
0.704798 122 168 9 9
0.706798 122 168 9 9
0.708798 123 167 10 10
0.710798 123 167 10 10
0.712798 123 167 10 10
0.714798 123 167 10 10
0.716798 123 167 10 10
0.718798 123 167 10 10
0.720798 123 167 10 10
0.722798 123 167 10 10
0.724798 124 167 10 10
0.726798 124 167 10 10
0.728798 124 167 10 10
0.730798 124 167 10 10
0.732798 124 167 10 10
0.734798 124 167 10 10
0.736798 124 167 10 10
0.738798 124 167 10 10
0.740798 125 167 10 10
0.742798 125 167 10 10
0.744798 125 167 10 10
0.746798 125 167 10 10
0.748798 125 167 10 10
0.750798 125 167 10 10
0.752798 125 167 10 10
0.754798 125 167 10 10
0.756798 126 167 10 10
0.758798 126 167 10 10
0.760798 126 167 10 10
0.762798 126 167 10 10
0.764798 126 167 10 10
0.766798 126 167 10 10
0.768798 126 167 10 10
0.770798 126 167 10 10
0.772798 127 167 10 10
0.774798 127 167 10 10
0.776798 127 167 10 10
0.778798 127 167 10 10
0.780798 127 167 10 10
0.782798 127 167 10 10
0.784798 127 167 10 10
0.786798 127 167 10 10
0.788798 127 167 10 10
0.790798 127 167 10 10
0.792798 128 167 10 10
0.794798 128 167 10 10
0.796798 128 167 10 10
0.798798 128 167 10 10
0.800798 128 167 10 10
0.802798 128 167 10 10
0.804798 128 167 10 10
0.806798 128 167 10 10
0.808798 128 167 10 10
0.810798 128 167 10 10
0.812798 128 167 10 10
0.814798 129 167 10 10
0.816798 129 167 10 10
0.818798 129 167 10 10
0.820798 129 167 10 10
0.822798 129 167 10 10
0.824798 129 167 10 10
0.826798 129 167 10 10
0.828798 129 167 10 10
0.830798 129 167 10 10
0.832798 129 167 10 10
0.834798 129 167 10 10
0.836798 130 168 10 10
0.838798 130 168 10 10
0.840798 130 168 10 10
0.842798 130 168 10 10
0.844798 130 168 10 10
0.846798 131 168 10 10
0.848798 131 168 10 10
0.850798 131 168 10 10
0.852798 131 168 10 10
0.854798 131 168 10 10
0.856798 132 168 10 10
0.858798 132 168 10 10
0.860798 132 168 10 10
0.862798 132 168 10 10
0.864798 132 168 10 10
0.866798 132 168 10 10
0.868798 133 168 10 10
0.870798 133 168 10 10
0.872798 133 168 10 10
0.874798 133 168 10 10
0.876798 133 168 10 10
0.878798 134 168 10 10
0.880798 134 168 10 10
0.882798 134 168 10 10
0.884798 134 168 10 10
0.886798 134 168 10 10
0.888798 135 168 10 10
0.890798 135 168 10 10
0.892798 135 168 10 10
0.894798 135 168 10 10
0.896798 135 168 10 10
0.898798 135 168 10 10
0.900798 136 168 9 9
0.902798 136 168 9 9
0.904798 136 168 9 9
0.906798 136 168 9 9
0.908798 136 168 9 9
0.910798 136 168 9 9
0.912798 136 168 8 8
0.914798 136 168 8 8
0.916798 137 168 8 8
0.918798 137 168 8 8
0.920798 137 168 8 8
0.922798 137 168 8 8
0.924798 137 168 8 8
0.926798 137 168 7 7
0.928798 137 168 7 7
0.930798 137 168 7 7
0.932798 138 169 7 7
0.934798 138 169 7 7
0.936798 138 169 7 7
0.938798 138 169 6 6
0.940798 138 169 6 6
0.942798 138 169 6 6
0.944798 138 169 6 6
0.946798 138 169 6 6
0.948798 139 169 6 6
0.950798 139 169 5 5
0.952798 139 169 5 5
0.954798 139 169 5 5
0.956798 139 169 5 5
0.958798 139 169 5 5
0.960798 139 169 5 5
0.962798 139 169 5 5
0.964798 140 169 5 5
0.966798 140 169 5 5
0.968798 140 169 5 5
0.970798 140 169 5 5
0.972798 140 169 5 5
0.974798 140 169 5 5
0.976798 140 169 6 6
0.978798 140 169 6 6
0.980798 140 169 6 6
0.982798 140 169 6 6
0.984798 141 169 6 6
0.986798 141 169 6 6
0.988798 141 169 6 6
0.990798 141 169 7 7
0.992798 141 169 7 7
0.994798 141 169 7 7
0.996798 141 168 7 7
0.998798 141 168 7 7
1.000798 141 168 7 7
1.002798 141 168 8 8
1.004798 141 168 8 8
1.006798 142 168 8 8
1.008798 142 168 8 8
1.010798 142 168 8 8
1.012798 142 168 8 8
1.014798 142 168 9 9
1.016798 142 168 9 9
1.018798 142 168 9 9
1.020798 142 168 9 9
1.022798 142 168 9 9
1.024798 142 168 9 9
1.026798 142 168 9 9
1.028798 143 167 10 10
1.030798 143 167 10 10
1.032798 143 167 10 10
1.034798 144 167 10 10
1.036798 144 167 10 10
1.038798 144 167 10 10
1.040798 144 167 10 10
1.042798 145 167 10 10
1.044798 145 166 10 10
1.046798 145 166 10 10
1.048798 146 166 10 10
1.050798 146 166 10 10
1.052798 146 166 10 10
1.054798 146 166 10 10
1.056798 147 166 10 10
1.058798 147 166 10 10
1.060798 147 165 10 10
1.062798 147 165 10 10
1.064798 148 165 10 10
1.066798 148 165 10 10
1.068798 148 165 10 10
1.070798 149 165 10 10
1.072798 149 165 10 10
1.074798 149 165 10 10
1.076798 149 164 10 10
1.078798 150 164 10 10
1.080798 150 164 10 10
1.082798 150 164 10 10
1.084798 151 164 10 10
1.086798 151 164 10 10
1.088798 151 164 10 10
1.090798 151 164 10 10
1.092798 152 164 10 10
1.094798 152 164 10 10
1.096798 152 164 10 10
1.098798 152 164 10 10
1.100798 152 164 10 10
1.102798 153 164 10 10
1.104798 153 164 10 10
1.106798 153 164 10 10
1.108798 153 164 10 10
1.110798 153 164 10 10
1.112798 154 164 10 10
1.114798 154 164 10 10
1.116798 154 164 10 10
1.118798 154 164 10 10
1.120798 154 164 10 10
1.122798 154 164 10 10
1.124798 155 164 10 10
1.126798 155 164 10 10
1.128798 155 164 10 10
1.130798 155 164 10 10
1.132798 155 164 10 10
1.134798 156 164 10 10
1.136798 156 164 10 10
1.138798 156 164 10 10
1.140798 156 164 10 10
1.142798 156 164 10 10
1.144798 157 164 10 10
1.146798 157 164 10 10
1.148798 157 164 10 10
1.150798 157 164 10 10
1.152798 157 164 10 10
1.154798 157 164 10 10
1.156798 158 164 10 10
1.158798 158 164 10 10
1.160798 158 164 10 10
1.162798 158 164 10 10
1.164798 158 164 10 10
1.166798 159 164 10 10
1.168798 159 164 10 10
1.170798 159 164 10 10
1.172798 159 164 10 10
1.174798 159 164 10 10
1.176798 160 164 10 10
1.178798 160 164 10 10
1.180798 160 164 10 10
1.182798 160 164 10 10
1.184798 160 164 10 10
1.186798 160 164 10 10
1.188798 161 164 10 10
1.190798 161 164 10 10
1.192798 161 164 10 10
1.194798 161 164 10 10
1.196798 161 164 10 10
1.198798 162 164 10 10
1.200798 162 164 10 10
1.202798 162 164 10 10
1.204798 162 164 10 10
1.206798 162 164 10 10
1.208798 163 164 10 10
1.210798 163 164 10 10
1.212798 163 164 10 10
1.214798 163 164 10 10
1.216798 163 164 10 10
1.218798 163 164 10 10
1.220798 164 163 10 10
1.222798 164 163 10 10
1.224798 164 163 10 10
1.226798 164 163 10 10
1.228798 165 163 10 10
1.230798 165 163 10 10
1.232798 165 163 10 10
1.234798 165 163 10 10
1.236798 166 163 10 10
1.238798 166 163 10 10
1.240798 166 163 10 10
1.242798 166 163 10 10
1.244798 167 163 10 10
1.246798 167 163 10 10
1.248798 167 163 10 10
1.250798 167 163 10 10
1.252798 168 163 10 10
1.254798 168 163 10 10
1.256798 168 163 10 10
1.258798 168 163 10 10
1.260798 169 163 10 10
1.262798 169 163 10 10
1.264798 169 163 10 10
1.266798 169 163 10 10
1.268798 170 163 10 10
1.270798 170 163 10 10
1.272798 170 163 10 10
1.274798 170 163 10 10
1.276798 171 163 10 10
1.278798 171 163 10 10
1.280798 171 163 10 10
1.282798 171 163 10 10
1.284798 172 163 9 9
1.286798 172 163 9 9
1.288798 172 163 9 9
1.290798 172 163 9 9
1.292798 173 163 9 9
1.294798 173 163 9 9
1.296798 173 163 9 8
1.298798 173 163 9 8
1.300798 174 164 8 8
1.302798 174 164 8 8
1.304798 174 164 8 8
1.306798 174 164 8 8
1.308798 175 164 8 8
1.310798 175 164 8 7
1.312798 175 164 8 7
1.314798 175 164 8 7
1.316798 176 165 7 7
1.318798 176 165 7 7
1.320798 176 165 7 7
1.322798 176 165 7 6
1.324798 177 165 7 6
1.326798 177 165 7 6
1.328798 177 165 7 6
1.330798 177 165 7 6
1.332798 178 166 6 6
1.334798 178 166 6 5
1.336798 178 166 6 5
1.338798 178 166 6 5
1.340798 179 166 6 5
1.342798 179 166 6 5
1.344798 179 166 6 5
1.346798 179 166 6 5
1.348798 180 167 6 5
1.350798 180 167 6 5
1.352798 180 167 6 5
1.354798 180 167 6 5
1.356798 180 167 6 5
1.358798 180 167 6 5
1.360798 180 167 6 6
1.362798 180 167 6 6
1.364798 181 167 7 6
1.366798 181 167 7 6
1.368798 181 167 7 6
1.370798 181 167 7 6
1.372798 181 167 7 6
1.374798 181 167 7 7
1.376798 181 167 7 7
1.378798 181 167 7 7
1.380798 182 167 8 7
1.382798 182 167 8 7
1.384798 182 167 8 7
1.386798 182 167 8 8
1.388798 182 167 8 8
1.390798 182 167 8 8
1.392798 182 167 8 8
1.394798 182 167 8 8
1.396798 183 167 9 8
1.398798 183 167 9 9
1.400798 183 167 9 9
1.402798 183 167 9 9
1.404798 183 167 9 9
1.406798 183 167 9 9
1.408798 183 167 9 9
1.410798 183 167 9 9
1.412798 184 167 9 9
1.414798 184 167 9 9
1.416798 184 167 9 9
1.418798 184 167 9 9
1.420798 184 167 9 9
1.422798 185 167 9 9
1.424798 185 167 9 8
1.426798 185 167 9 8
1.428798 185 168 8 8
1.430798 185 168 8 8
1.432798 186 168 8 8
1.434798 186 168 8 8
1.436798 186 168 8 8
1.438798 186 168 8 7
1.440798 186 168 8 7
1.442798 186 168 8 7
1.444798 187 169 7 7
1.446798 187 169 7 7
1.448798 187 169 7 7
1.450798 187 169 7 6
1.452798 187 169 7 6
1.454798 188 169 7 6
1.456798 188 169 7 6
1.458798 188 169 7 6
1.460798 188 170 6 6
1.462798 188 170 6 5
1.464798 189 170 6 5
1.466798 189 170 6 5
1.468798 189 170 6 5
1.470798 189 170 6 5
1.472798 189 170 6 5
1.474798 189 170 6 5
1.476798 190 170 6 5
1.478798 190 170 6 5
1.480798 190 170 6 5
1.482798 190 170 6 5
1.484798 190 170 6 5
1.486798 190 170 6 5
1.488798 190 170 6 6
1.490798 190 170 6 6
1.492798 190 169 7 6
1.494798 190 169 7 6
1.496798 191 169 7 6
1.498798 191 169 7 6
1.500798 191 169 7 6
1.502798 191 169 7 7
1.504798 191 169 7 7
1.506798 191 169 7 7
1.508798 191 168 8 7
1.510798 191 168 8 7
1.512798 191 168 8 7
1.514798 191 168 8 8
1.516798 191 168 8 8
1.518798 192 168 8 8
1.520798 192 168 8 8
1.522798 192 168 8 8
1.524798 192 167 9 8
1.526798 192 167 9 9
1.528798 192 167 9 9
1.530798 192 167 9 9
1.532798 192 167 9 9
1.534798 192 167 9 9
1.536798 192 167 9 9
1.538798 192 167 9 9
1.540798 193 166 10 10
1.542798 193 166 10 10
1.544798 193 166 10 10
1.546798 193 166 10 10
1.548798 193 166 10 10
1.550798 193 166 10 10
1.552798 193 166 10 10
1.554798 193 166 10 10
1.556798 194 166 10 10
1.558798 194 166 10 10
1.560798 194 166 10 10
1.562798 194 166 10 10
1.564798 194 166 10 10
1.566798 194 166 10 10
1.568798 194 166 10 10
1.570798 194 166 10 10
1.572798 195 166 10 10
1.574798 195 166 10 10
1.576798 195 166 10 10
1.578798 195 166 10 10
1.580798 195 166 10 10
1.582798 195 166 10 10
1.584798 195 166 10 10
1.586798 195 166 10 10
1.588798 196 166 10 10
1.590798 196 166 10 10
1.592798 196 166 10 10
1.594798 196 166 10 10
1.596798 196 166 10 10
1.598798 196 166 10 10
1.600798 196 166 10 10
1.602798 196 166 10 10
1.604798 197 166 9 9
1.606798 197 166 9 9
1.608798 197 166 9 9
1.610798 197 166 9 9
1.612798 197 166 9 9
1.614798 197 166 9 9
1.616798 198 166 9 8
1.618798 198 166 9 8
1.620798 198 166 8 8
1.622798 198 166 8 8
1.624798 198 166 8 8
1.626798 198 166 8 8
1.628798 198 166 8 8
1.630798 199 166 8 7
1.632798 199 166 8 7
1.634798 199 166 8 7
1.636798 199 167 7 7
1.638798 199 167 7 7
1.640798 199 167 7 7
1.642798 200 167 7 6
1.644798 200 167 7 6
1.646798 200 167 7 6
1.648798 200 167 7 6
1.650798 200 167 7 6
1.652798 200 167 6 6
1.654798 201 167 6 5
1.656798 201 167 6 5
1.658798 201 167 6 5
1.660798 201 167 6 5
1.662798 201 167 6 5
1.664798 201 167 6 5
1.666798 201 167 6 5
1.668798 202 167 6 5
1.670798 202 167 6 5
1.672798 202 167 6 5
1.674798 202 167 6 5
1.676798 202 167 6 5
1.678798 202 167 6 5
1.680798 202 167 6 6
1.682798 202 167 6 6
1.684798 202 167 7 6
1.686798 202 167 7 6
1.688798 202 167 7 6
1.690798 202 167 7 6
1.692798 202 167 7 6
1.694798 202 167 7 7
1.696798 202 167 7 7
1.698798 202 167 7 7
1.700798 203 166 8 7
1.702798 203 166 8 7
1.704798 203 166 8 7
1.706798 203 166 8 8
1.708798 203 166 8 8
1.710798 203 166 8 8
1.712798 203 166 8 8
1.714798 203 166 8 8
1.716798 203 166 9 8
1.718798 203 166 9 9
1.720798 203 166 9 9
1.722798 203 166 9 9
1.724798 203 166 9 9
1.726798 203 166 9 9
1.728798 203 166 9 9
1.730798 203 166 9 9
1.732798 204 166 10 10
1.734798 204 166 10 10
1.736798 204 166 10 10
1.738798 204 166 10 10
1.740798 204 166 10 10
1.742798 204 166 10 10
1.744798 204 166 10 10
1.746798 204 166 10 10
1.748798 204 166 10 10
1.750798 204 166 10 10
1.752798 204 166 10 10
1.754798 205 166 10 10
1.756798 205 166 10 10
1.758798 205 166 10 10
1.760798 205 166 10 10
1.762798 205 166 10 10
1.764798 205 166 10 10
1.766798 205 166 10 10
1.768798 205 166 10 10
1.770798 205 166 10 10
1.772798 205 166 10 10
1.774798 206 166 10 10
1.776798 206 166 10 10
1.778798 206 166 10 10
1.780798 206 166 10 10
1.782798 206 166 10 10
1.784798 206 166 10 10
1.786798 206 166 10 10
1.788798 206 166 10 10
1.790798 206 166 10 10
1.792798 206 166 10 10
1.794798 206 166 10 10
1.796798 207 167 9 9
1.798798 207 167 9 9
1.800798 207 167 9 9
1.802798 207 167 9 9
1.804798 207 167 9 9
1.806798 207 167 9 8
1.808798 208 167 8 8
1.810798 208 167 8 8
1.812798 208 168 8 8
1.814798 208 168 8 8
1.816798 208 168 8 8
1.818798 208 168 8 7
1.820798 208 168 8 7
1.822798 209 168 7 7
1.824798 209 168 7 7
1.826798 209 168 7 7
1.828798 209 169 7 6
1.830798 209 169 7 6
1.832798 209 169 7 6
1.834798 210 169 6 6
1.836798 210 169 6 6
1.838798 210 169 6 5
1.840798 210 169 6 5
1.842798 210 169 6 5
1.844798 210 170 6 5
1.846798 210 170 6 5
1.848798 211 170 5 5
1.850798 211 170 5 4
1.852798 211 170 5 4
1.854798 211 170 5 4
1.856798 211 170 5 4
1.858798 211 170 5 4
1.860798 212 170 5 4
1.862798 212 170 5 4
1.864798 212 170 5 4
1.866798 212 170 5 4
1.868798 212 170 5 4
1.870798 212 170 5 5
1.872798 212 170 6 5
1.874798 212 170 6 5
1.876798 212 170 6 5
1.878798 212 170 6 5
1.880798 212 170 6 5
1.882798 212 169 6 6
1.884798 212 169 6 6
1.886798 212 169 7 6
1.888798 212 169 7 6
1.890798 212 169 7 6
1.892798 212 169 7 7
1.894798 212 169 7 7
1.896798 212 169 7 7
1.898798 212 169 8 7
1.900798 212 169 8 7
1.902798 212 168 8 8
1.904798 212 168 8 8
1.906798 212 168 8 8
1.908798 212 168 8 8
1.910798 212 168 8 8
1.912798 212 168 9 8
1.914798 212 168 9 9
1.916798 212 168 9 9
1.918798 212 168 9 9
1.920798 212 168 9 9
1.922798 212 168 9 9
1.924798 213 167 10 10
1.926798 213 167 10 10
1.928798 213 167 10 10
1.930798 213 167 10 10
1.932798 213 167 10 10
1.934798 213 167 10 10
1.936798 213 167 10 10
1.938798 213 167 10 10
1.940798 213 167 10 10
1.942798 213 167 10 10
1.944798 213 167 10 10
1.946798 214 167 10 10
1.948798 214 167 10 10
1.950798 214 167 10 10
1.952798 214 167 10 10
1.954798 214 167 10 10
1.956798 214 167 10 10
1.958798 214 167 10 10
1.960798 214 167 10 10
1.962798 214 167 10 10
1.964798 214 167 10 10
1.966798 215 167 10 10
1.968798 215 167 10 10
1.970798 215 167 10 10
1.972798 215 167 10 10
1.974798 215 167 10 10
1.976798 215 167 10 10
1.978798 215 167 10 10
1.980798 215 167 10 10
1.982798 215 167 10 10
1.984798 215 167 10 10
1.986798 215 167 10 10
1.988798 216 167 10 10
1.990798 216 167 10 10
1.992798 216 167 10 10
1.994798 216 167 10 10
1.996798 216 167 10 10
1.998798 216 167 10 10
2.000798 216 167 10 10
2.002798 216 167 10 10
2.004798 216 167 10 10
2.006798 216 167 10 10
2.008798 216 167 10 10
2.010798 216 167 10 10
2.012798 216 167 10 10
2.014798 216 167 10 10
2.016798 216 167 10 10
2.018798 216 167 10 10
2.020798 216 167 10 10
2.022798 216 167 10 10
2.024798 216 167 10 10
2.026798 216 167 10 10
2.028798 216 167 10 10
2.030798 216 167 10 10
2.032798 216 167 10 10
2.034798 216 167 10 10
2.036798 216 167 10 10
2.038798 216 167 10 10
2.040798 216 167 10 10
2.042798 216 167 10 10
2.044798 216 167 10 10
2.046798 216 167 10 10
2.048798 216 167 10 10
2.050798 216 167 10 10
2.052798 216 167 10 10
2.054798 216 167 10 10
2.056798 216 167 10 10
2.058798 216 167 10 10
2.060798 216 167 10 10
2.062798 216 167 10 10
2.064798 216 167 10 10
2.066798 216 167 10 10
2.068798 216 167 10 10
2.070798 216 167 10 10
2.072798 216 167 10 10
2.074798 216 167 10 10
2.076798 216 167 10 10
2.078798 216 167 10 10
2.080798 216 167 10 10
2.082798 216 167 10 10
2.084798 216 167 10 10
2.086798 216 167 10 10
2.088798 216 167 10 10
2.090798 216 167 10 10
2.092798 216 167 10 10
2.094798 216 167 10 10
2.096798 216 167 10 10
2.098798 216 167 10 10
2.100798 216 167 10 10
2.102798 216 167 10 10
2.104798 216 167 10 10
2.106798 216 167 10 10
2.108798 216 167 10 10
2.110798 216 167 10 10
2.112798 216 167 10 10
2.114798 216 167 10 10
2.116798 216 167 10 10
2.118798 216 167 10 10
2.120798 216 167 10 10
2.122798 216 167 10 10
2.124798 216 167 10 10
2.126798 216 167 10 10
2.128798 216 167 10 10
2.130798 216 167 10 10
2.132798 216 167 10 10
2.134798 216 167 10 10
2.136798 216 167 10 10
2.138798 216 167 10 10
2.140798 216 167 10 10
2.142798 216 167 10 10
2.144798 216 167 10 10
2.146798 216 167 10 10
2.148798 216 167 10 10
2.150798 216 167 10 10
2.152798 216 167 10 10
2.154798 216 167 10 10
2.156798 216 167 10 10
2.158798 216 167 10 10
2.160798 216 167 10 10
2.162798 216 167 10 10
2.164798 216 167 10 10
2.166798 216 167 10 10
2.168798 216 167 10 10
2.170798 216 167 10 10
2.172798 216 167 10 10
2.174798 216 167 10 10
2.176798 216 167 10 10
2.178798 216 167 10 10
2.180798 215 166 10 10
2.182798 215 166 10 10
2.184798 215 166 10 10
2.186798 215 166 10 10
2.188798 215 166 10 10
2.190798 215 166 10 10
2.192798 215 166 10 10
2.194798 215 166 10 10
2.196798 215 166 10 10
2.198798 215 166 10 10
2.200798 215 166 10 10
2.202798 214 166 10 10
2.204798 214 166 10 10
2.206798 214 166 10 10
2.208798 214 166 10 10
2.210798 214 166 10 10
2.212798 214 165 10 10
2.214798 214 165 10 10
2.216798 214 165 10 10
2.218798 214 165 10 10
2.220798 214 165 10 10
2.222798 213 165 10 10
2.224798 213 165 10 10
2.226798 213 165 10 10
2.228798 213 165 10 10
2.230798 213 165 10 10
2.232798 213 165 10 10
2.234798 213 165 10 10
2.236798 213 165 10 10
2.238798 213 165 10 10
2.240798 213 165 10 10
2.242798 213 165 10 10
2.244798 212 165 9 9
2.246798 212 165 9 9
2.248798 212 165 9 9
2.250798 212 165 9 9
2.252798 212 165 9 9
2.254798 212 165 9 9
2.256798 212 165 9 9
2.258798 212 165 9 9
2.260798 212 165 9 9
2.262798 212 165 9 9
2.264798 212 165 9 9
2.266798 212 165 8 9
2.268798 212 165 8 9
2.270798 212 165 8 9
2.272798 212 165 8 9
2.274798 212 165 8 9
2.276798 212 166 8 8
2.278798 212 166 8 8
2.280798 212 166 8 8
2.282798 212 166 8 8
2.284798 212 166 8 8
2.286798 212 166 7 8
2.288798 212 166 7 8
2.290798 212 166 7 8
2.292798 212 166 7 8
2.294798 212 166 7 8
2.296798 212 166 7 8
2.298798 212 166 7 8
2.300798 212 166 7 8
2.302798 212 166 7 8
2.304798 212 166 7 8
2.306798 212 166 7 8
2.308798 212 167 6 7
2.310798 212 167 6 7
2.312798 212 167 6 7
2.314798 212 167 6 7
2.316798 212 167 6 7
2.318798 212 167 6 7
2.320798 212 167 6 7
2.322798 212 167 6 7
2.324798 212 168 6 6
2.326798 212 168 6 6
2.328798 212 168 6 6
2.330798 212 168 6 6
2.332798 212 168 6 6
2.334798 212 168 6 6
2.336798 212 168 6 6
2.338798 212 168 6 6
2.340798 212 169 5 5
2.342798 212 169 5 5
2.344798 212 169 5 5
2.346798 212 169 5 5
2.348798 212 169 5 5
2.350798 212 169 5 5
2.352798 212 169 5 5
2.354798 212 169 5 5
2.356798 212 170 5 4
2.358798 212 170 5 4
2.360798 212 170 5 4
2.362798 212 170 5 4
2.364798 212 170 5 4
2.366798 212 170 5 4
2.368798 212 170 5 4
2.370798 212 170 5 4
2.372798 211 170 5 4
2.374798 211 170 5 4
2.376798 211 170 5 4
2.378798 211 170 5 4
2.380798 211 170 5 4
2.382798 211 170 5 5
2.384798 211 170 6 5
2.386798 211 170 6 5
2.388798 211 169 6 5
2.390798 211 169 6 5
2.392798 211 169 6 5
2.394798 211 169 6 6
2.396798 211 169 6 6
2.398798 211 169 7 6
2.400798 211 169 7 6
2.402798 211 169 7 6
2.404798 210 168 7 7
2.406798 210 168 7 7
2.408798 210 168 7 7
2.410798 210 168 8 7
2.412798 210 168 8 7
2.414798 210 168 8 8
2.416798 210 168 8 8
2.418798 210 168 8 8
2.420798 210 167 8 8
2.422798 210 167 8 8
2.424798 210 167 9 8
2.426798 210 167 9 9
2.428798 210 167 9 9
2.430798 210 167 9 9
2.432798 210 167 9 9
2.434798 210 167 9 9
2.436798 210 166 10 10
2.438798 210 166 10 10
2.440798 210 166 10 10
2.442798 210 166 10 10
2.444798 210 166 10 10
2.446798 210 166 10 10
2.448798 210 166 10 10
2.450798 210 166 10 10
2.452798 210 166 10 10
2.454798 210 166 10 10
2.456798 210 166 10 10
2.458798 210 166 10 10
2.460798 210 166 10 10
2.462798 210 166 10 10
2.464798 210 166 10 10
2.466798 210 166 10 10
2.468798 210 166 10 10
2.470798 210 166 10 10
2.472798 210 166 10 10
2.474798 210 166 10 10
2.476798 210 166 10 10
2.478798 210 166 10 10
2.480798 210 166 10 10
2.482798 210 166 10 10
2.484798 210 166 10 10
2.486798 210 166 10 10
2.488798 210 166 10 10
2.490798 210 166 10 10
2.492798 210 166 10 10
2.494798 210 166 10 10
2.496798 210 166 10 10
2.498798 210 166 10 10
2.500798 210 166 10 10
2.502798 210 166 10 10
2.504798 210 166 10 10
2.506798 210 166 10 10
2.508798 210 166 10 10
2.510798 210 166 10 10
2.512798 210 166 10 10
2.514798 210 166 10 10
2.516798 210 166 10 10
2.518798 210 166 10 10
2.520798 210 166 10 10
2.522798 210 166 10 10
2.524798 210 166 10 10
2.526798 210 166 10 10
2.528798 210 166 10 10
2.530798 210 166 10 10
2.532798 210 166 10 10
2.534798 210 166 10 10
2.536798 210 166 10 10
2.538798 210 166 10 10
2.540798 210 166 10 10
2.542798 210 166 10 10
2.544798 210 166 10 10
2.546798 210 166 10 10
2.548798 210 166 10 10
2.550798 210 166 10 10
2.552798 210 166 10 10
2.554798 210 166 10 10
2.556798 210 166 10 10
2.558798 210 166 10 10
2.560798 210 166 10 10
2.562798 210 166 10 10
2.564798 210 166 10 10
2.566798 210 166 10 10
2.568798 210 166 10 10
2.570798 210 166 10 10
2.572798 210 166 10 10
2.574798 210 166 10 10
2.576798 210 166 10 10
2.578798 210 166 10 10
2.580798 210 166 10 10
2.582798 210 166 10 10
2.584798 210 166 10 10
2.586798 210 166 10 10
2.588798 210 166 10 10
2.590798 210 166 10 10
2.592798 210 166 10 10
2.594798 210 166 10 10
2.596798 210 166 10 10
2.598798 210 166 10 10
2.600798 210 166 10 10
2.602798 210 166 10 10
2.604798 210 166 10 10
2.606798 210 166 10 10
2.608798 210 166 10 10
2.610798 210 166 10 10
2.612798 210 166 10 10
2.614798 210 166 10 10
2.616798 210 166 10 10
2.618798 210 166 10 10
2.620798 210 166 10 10
2.622798 210 166 10 10
2.624798 210 166 10 10
2.626798 210 166 10 10
2.628798 209 166 10 10
2.630798 209 166 10 10
2.632798 209 166 10 10
2.634798 209 166 10 10
2.636798 209 166 10 10
2.638798 209 166 10 10
2.640798 209 166 10 10
2.642798 209 166 10 10
2.644798 209 166 10 10
2.646798 209 166 10 10
2.648798 209 166 10 10
2.650798 209 166 10 10
2.652798 209 166 10 10
2.654798 209 166 10 10
2.656798 209 166 10 10
2.658798 209 166 10 10
2.660798 209 166 10 10
2.662798 209 166 10 10
2.664798 209 166 10 10
2.666798 209 166 10 10
2.668798 209 166 10 10
2.670798 209 166 10 10
2.672798 209 166 10 10
2.674798 209 166 10 10
2.676798 209 166 10 10
2.678798 209 166 10 10
2.680798 209 166 10 10
2.682798 209 166 10 10
2.684798 209 166 10 10
2.686798 209 166 10 10
2.688798 209 166 10 10
2.690798 209 166 10 10
2.692798 209 167 10 10
2.694798 209 167 10 10
2.696798 209 167 10 10
2.698798 209 167 10 10
2.700798 209 167 10 10
2.702798 209 167 10 10
2.704798 209 167 10 10
2.706798 209 167 10 10
2.708798 209 167 10 10
2.710798 209 167 10 10
2.712798 209 167 10 10
2.714798 209 167 10 10
2.716798 209 167 10 10
2.718798 209 167 10 10
2.720798 209 167 10 10
2.722798 209 167 10 10
2.724798 209 167 10 10
2.726798 209 167 10 10
2.728798 209 167 10 10
2.730798 209 167 10 10
2.732798 209 167 10 10
2.734798 209 167 10 10
2.736798 209 167 10 10
2.738798 209 167 10 10
2.740798 209 167 10 10
2.742798 209 167 10 10
2.744798 209 167 10 10
2.746798 209 167 10 10
2.748798 209 167 10 10
2.750798 209 167 10 10
2.752798 209 167 10 10
2.754798 209 167 10 10
2.756798 209 167 10 10
2.758798 209 167 10 10
2.760798 209 167 10 10
2.762798 209 167 10 10
2.764798 209 167 10 10
2.766798 209 167 10 10
2.768798 209 167 10 10
2.770798 209 167 10 10
2.772798 209 167 10 10
2.774798 209 167 10 10
2.776798 209 167 10 10
2.778798 209 167 10 10
2.780798 209 167 10 10
2.782798 209 167 10 10
2.784798 209 167 10 10
2.786798 209 167 10 10
2.788798 209 167 10 10
2.790798 209 167 10 10
2.792798 209 167 10 10
2.794798 209 167 10 10
2.796798 209 167 10 10
2.798798 209 167 10 10
2.800798 209 167 10 10
2.802798 209 167 10 10
2.804798 209 167 10 10
2.806798 209 167 10 10
2.808798 209 167 10 10
2.810798 209 167 10 10
2.812798 209 167 10 10
2.814798 209 167 10 10
2.816798 209 167 10 10
2.818798 209 167 10 10
2.820798 209 167 10 10
2.822798 209 167 10 10
2.824798 209 167 10 10
2.826798 209 167 10 10
2.828798 209 167 10 10
2.830798 209 167 10 10
2.832798 209 167 10 10
2.834798 209 167 10 10
2.836798 209 167 10 10
2.838798 209 167 10 10
2.840798 209 167 10 10
2.842798 209 167 10 10
2.844798 209 167 10 10
2.846798 209 167 10 10
2.848798 209 167 10 10
2.850798 209 167 10 10
2.852798 209 167 10 10
2.854798 209 167 10 10
2.856798 209 167 10 10
2.858798 209 167 10 10
2.860798 209 167 10 10
2.862798 209 167 10 10
2.864798 209 167 10 10
2.866798 209 167 10 10
2.868798 209 167 10 10
2.870798 209 167 10 10
2.872798 209 167 10 10
2.874798 209 167 10 10
2.876798 209 167 10 10
2.878798 209 167 10 10
2.880798 209 167 10 10
2.882798 209 167 10 10
2.884798 209 167 10 10
2.886798 209 167 10 10
2.888798 209 167 10 10
2.890798 209 167 10 10
2.892798 209 167 10 10
2.894798 209 167 10 10
2.896798 209 167 10 10
2.898798 209 167 10 10
2.900798 209 167 10 10
2.902798 209 167 10 10
2.904798 209 167 10 10
2.906798 209 167 10 10
2.908798 209 167 10 10
2.910798 209 167 10 10
2.912798 209 167 10 10
2.914798 209 167 10 10
2.916798 209 167 10 10
2.918798 209 167 10 10
2.920798 209 167 10 10
2.922798 209 167 10 10
2.924798 209 167 10 10
2.926798 209 167 10 10
2.928798 209 167 10 10
2.930798 209 167 10 10
2.932798 209 167 10 10
2.934798 209 167 10 10
2.936798 209 167 10 10
2.938798 209 167 10 10
2.940798 209 167 10 10
2.942798 209 167 10 10
2.944798 209 167 10 10
2.946798 209 167 10 10
2.948798 209 167 10 10
2.950798 209 167 10 10
2.952798 209 167 10 10
2.954798 209 167 10 10
2.956798 209 167 10 10
2.958798 209 167 10 10
2.960798 209 167 10 10
2.962798 209 167 10 10
2.964798 209 167 10 10
2.966798 209 167 10 10
2.968798 209 167 10 10
2.970798 209 167 10 10
2.972798 209 167 10 10
2.974798 209 167 10 10
2.976798 209 167 10 10
2.978798 209 167 10 10
2.980798 209 167 10 10
2.982798 209 167 10 10
2.984798 209 167 10 10
2.986798 209 167 10 10
2.988798 209 167 10 10
2.990798 209 167 10 10
2.992798 209 167 10 10
2.994798 209 167 10 10
2.996798 209 167 10 10
2.998798 209 167 10 10
3.000798 209 167 10 10
3.002798 209 167 10 10
3.004798 209 167 10 10
3.006798 209 167 10 10
3.008798 209 167 10 10
3.010798 209 167 10 10
3.012798 209 167 10 10
3.014798 209 167 10 10
3.016798 209 167 10 10
3.018798 209 167 10 10
3.020798 209 167 10 10
3.022798 209 167 10 10
3.024798 209 167 10 10
3.026798 209 167 10 10
3.028798 209 167 10 10
3.030798 209 167 10 10
3.032798 209 167 10 10
3.034798 209 167 10 10
3.036798 209 167 10 10
3.038798 209 167 10 10
3.040798 209 167 10 10
3.042798 209 167 10 10
3.044798 209 167 10 10
3.046798 209 167 10 10
3.048798 209 167 10 10
3.050798 209 167 10 10
3.052798 209 167 10 10
3.054798 209 167 10 10
3.056798 209 167 10 10
3.058798 209 167 10 10
3.060798 209 167 10 10
3.062798 209 167 10 10
3.064798 209 167 10 10
3.066798 209 167 10 10
3.068798 209 167 10 10
3.070798 209 167 10 10
3.072798 209 167 10 10
3.074798 209 167 10 10
3.076798 209 167 10 10
3.078798 209 167 10 10
3.080798 209 167 10 10
3.082798 209 167 10 10
3.084798 209 167 10 10
3.086798 209 167 10 10
3.088798 209 167 10 10
3.090798 209 167 10 10
3.092798 209 167 10 10
3.094798 209 167 10 10
3.096798 209 167 10 10
3.098798 209 167 10 10
3.100798 209 167 10 10
3.102798 209 167 10 10
3.104798 209 167 10 10
3.106798 209 167 10 10
3.108798 209 167 10 10
3.110798 209 167 10 10
3.112798 209 167 10 10
3.114798 209 167 10 10
3.116798 209 167 10 10
3.118798 209 167 10 10
3.120798 209 167 10 10
3.122798 209 167 10 10
3.124798 209 167 10 10
3.126798 209 167 10 10
3.128798 209 167 10 10
3.130798 209 167 10 10
3.132798 209 167 10 10
3.134798 209 167 10 10
3.136798 209 167 10 10
3.138798 209 167 10 10
3.140798 209 167 10 10
3.142798 209 167 10 10
3.144798 209 167 10 10
3.146798 209 167 10 10
3.148798 209 167 10 10
3.150798 209 167 10 10
3.152798 209 167 10 10
3.154798 209 167 10 10
3.156798 209 167 10 10
3.158798 209 167 10 10
3.160798 209 167 10 10
3.162798 209 167 10 10
3.164798 209 167 10 10
3.166798 209 167 10 10
3.168798 209 167 10 10
3.170798 209 167 10 10
3.172798 209 167 10 10
3.174798 209 167 10 10
3.176798 209 167 10 10
3.178798 209 167 10 10
3.180798 209 167 10 10
3.182798 209 167 10 10
3.184798 209 167 10 10
3.186798 209 167 10 10
3.188798 209 167 10 10
3.190798 209 167 10 10
3.192798 209 167 10 10
3.194798 209 167 10 10
3.196798 209 167 10 10
3.198798 209 167 10 10
3.200798 209 167 10 10
3.202798 209 167 10 10
3.204798 209 167 10 10
3.206798 209 167 10 10
3.208798 209 167 10 10
3.210798 209 167 10 10
3.212798 209 167 10 10
3.214798 209 167 10 10
3.216798 209 167 10 10
3.218798 209 167 10 10
3.220798 209 167 10 10
3.222798 209 167 10 10
3.224798 209 167 10 10
3.226798 209 167 10 10
3.228798 209 167 10 10
3.230798 209 167 10 10
3.232798 209 167 10 10
3.234798 209 167 10 10
3.236798 209 167 10 10
3.238798 209 167 10 10
3.240798 209 167 10 10
3.242798 209 167 10 10
3.244798 209 167 10 10
3.246798 209 167 10 10
3.248798 209 167 10 10
3.250798 209 167 10 10
3.252798 209 167 10 10
3.254798 209 167 10 10
3.256798 209 167 10 10
3.258798 209 167 10 10
3.260798 209 167 10 10
3.262798 209 167 10 10
3.264798 209 167 10 10
3.266798 209 167 10 10
