0.016565 75 163 6 7
0.018565 74 162 6 7
0.020565 74 162 6 7
0.022565 74 162 6 7
0.024565 74 162 6 7
0.026565 74 162 6 7
0.028565 74 162 6 7
0.030565 74 162 6 7
0.032565 74 162 6 7
0.034565 74 162 7 7
0.036565 74 162 7 7
0.038565 74 162 7 8
0.040565 74 162 7 8
0.042565 74 162 7 8
0.044565 74 162 7 8
0.046565 74 162 7 8
0.048565 74 162 7 8
0.050565 73 161 8 8
0.052565 73 161 8 8
0.054565 73 161 8 8
0.056565 73 161 8 8
0.058565 73 161 8 8
0.060565 73 161 8 9
0.062565 73 161 8 9
0.064565 73 161 8 9
0.066565 73 161 9 9
0.068565 73 161 9 9
0.070565 73 161 9 9
0.072565 73 161 9 9
0.074565 73 161 9 9
0.076565 73 161 9 9
0.078565 73 161 9 9
0.080565 73 161 9 9
0.082565 73 161 10 10
0.084565 73 161 10 10
0.086565 73 161 10 10
0.088565 73 161 10 10
0.090565 73 161 10 10
0.092565 73 161 10 10
0.094565 73 161 10 10
0.096565 73 161 10 10
0.098565 73 161 10 10
0.100565 73 161 10 10
0.102565 73 161 10 10
0.104565 73 161 10 10
0.106565 73 161 10 10
0.108565 73 161 10 10
0.110565 73 161 10 10
0.112565 73 161 10 10
0.114565 73 161 10 10
0.116565 73 161 10 10
0.118565 73 161 10 10
0.120565 73 161 10 10
0.122565 73 161 10 10
0.124565 73 161 10 10
0.126565 73 161 10 10
0.128565 73 161 10 10
0.130565 73 161 10 10
0.132565 73 161 10 10
0.134565 73 161 10 10
0.136565 73 161 10 10
0.138565 73 161 10 10
0.140565 73 161 10 10
0.142565 73 161 10 10
0.144565 73 161 10 10
0.146565 72 161 10 10
0.148565 72 161 10 10
0.150565 72 161 10 10
0.152565 72 161 10 10
0.154565 72 161 10 10
0.156565 72 161 10 10
0.158565 72 161 10 10
0.160565 72 161 10 10
0.162565 72 161 10 10
0.164565 72 161 10 10
0.166565 72 161 10 10
0.168565 72 161 10 10
0.170565 72 161 10 10
0.172565 72 161 10 10
0.174565 72 161 10 10
0.176565 72 161 10 10
0.178565 72 161 10 10
0.180565 72 161 10 10
0.182565 72 161 10 10
0.184565 72 161 10 10
0.186565 72 161 10 10
0.188565 72 161 10 10
0.190565 72 161 10 10
0.192565 72 161 10 10
0.194565 72 161 10 10
0.196565 72 161 10 10
0.198565 72 161 10 10
0.200565 72 161 10 10
0.202565 72 161 10 10
0.204565 72 161 10 10
0.206565 72 161 10 10
0.208565 72 161 10 10
0.210565 71 161 10 10
0.212565 71 161 10 10
0.214565 71 161 10 10
0.216565 71 161 10 10
0.218565 71 161 10 10
0.220565 71 161 10 10
0.222565 71 161 10 10
0.224565 71 161 10 10
0.226565 71 161 10 10
0.228565 71 161 10 10
0.230565 71 162 10 10
0.232565 71 162 10 10
0.234565 71 162 10 10
0.236565 71 162 10 10
0.238565 71 162 10 10
0.240565 71 162 10 10
0.242565 71 162 10 10
0.244565 71 162 10 10
0.246565 71 162 10 10
0.248565 71 162 10 10
0.250565 71 162 10 10
0.252565 71 163 10 10
0.254565 71 163 10 10
0.256565 71 163 10 10
0.258565 71 163 10 10
0.260565 71 163 10 10
0.262565 71 163 10 10
0.264565 71 163 10 10
0.266565 71 163 10 10
0.268565 71 163 10 10
0.270565 71 163 10 10
0.272565 71 163 10 10
0.274565 70 164 10 10
0.276565 70 164 10 10
0.278565 70 164 10 10
0.280565 70 164 10 10
0.282565 70 164 10 10
0.284565 70 164 10 10
0.286565 70 164 10 10
0.288565 70 164 10 10
0.290565 70 164 10 10
0.292565 70 164 10 10
0.294565 70 164 10 10
0.296565 70 164 10 10
0.298565 70 164 10 10
0.300565 70 164 10 10
0.302565 70 164 10 10
0.304565 70 164 10 10
0.306565 70 164 10 10
0.308565 70 164 10 10
0.310565 70 164 10 10
0.312565 70 164 10 10
0.314565 70 164 10 10
0.316565 70 164 10 10
0.318565 70 164 10 10
0.320565 70 164 10 10
0.322565 70 164 10 10
0.324565 70 164 10 10
0.326565 70 164 10 10
0.328565 70 164 10 10
0.330565 70 164 10 10
0.332565 70 164 10 10
0.334565 70 164 10 10
0.336565 70 164 10 10
0.338565 69 165 10 10
0.340565 69 165 10 10
0.342565 69 165 10 10
0.344565 69 165 10 10
0.346565 69 165 10 10
0.348565 69 165 10 10
0.350565 69 165 10 10
0.352565 69 165 10 10
0.354565 69 165 10 10
0.356565 69 165 10 10
0.358565 69 166 10 10
0.360565 69 166 10 10
0.362565 69 166 10 10
0.364565 69 166 10 10
0.366565 69 166 10 10
0.368565 69 166 10 10
0.370565 68 166 10 10
0.372565 68 166 10 10
0.374565 68 166 10 10
0.376565 68 166 10 10
0.378565 68 166 10 10
0.380565 68 167 10 10
0.382565 68 167 10 10
0.384565 68 167 10 10
0.386565 68 167 10 10
0.388565 68 167 10 10
0.390565 68 167 10 10
0.392565 68 167 10 10
0.394565 68 167 10 10
0.396565 68 167 10 10
0.398565 68 167 10 10
0.400565 68 167 10 10
0.402565 68 167 10 10
0.404565 68 167 10 10
0.406565 68 167 10 10
0.408565 68 167 10 10
0.410565 68 167 10 10
0.412565 68 167 10 10
0.414565 68 167 10 10
0.416565 68 167 10 10
0.418565 68 167 10 10
0.420565 68 167 10 10
0.422565 68 166 10 10
0.424565 68 166 10 10
0.426565 68 166 10 10
0.428565 68 166 10 10
0.430565 68 166 10 10
0.432565 68 166 10 10
0.434565 68 166 10 10
0.436565 68 166 10 10
0.438565 68 166 10 10
0.440565 68 166 10 10
0.442565 68 166 10 10
0.444565 68 165 10 10
0.446565 68 165 10 10
0.448565 68 165 10 10
0.450565 68 165 10 10
0.452565 68 165 10 10
0.454565 68 165 10 10
0.456565 68 165 10 10
0.458565 68 165 10 10
0.460565 68 165 10 10
0.462565 68 165 10 10
0.464565 68 165 10 10
0.466565 68 164 10 10
0.468565 68 164 10 10
0.470565 68 164 10 10
0.472565 68 164 10 10
0.474565 68 164 10 10
0.476565 68 164 10 10
0.478565 68 164 10 10
0.480565 68 164 10 10
0.482565 68 164 10 10
0.484565 68 164 10 10
0.486565 68 164 10 10
0.488565 68 164 10 10
0.490565 68 164 10 10
0.492565 68 164 10 10
0.494565 68 164 10 10
0.496565 68 164 10 10
0.498565 68 163 10 10
0.500565 68 163 10 10
0.502565 68 163 10 10
0.504565 68 163 10 10
0.506565 68 163 10 10
0.508565 68 163 10 10
0.510565 68 163 10 10
0.512565 68 163 10 10
0.514565 68 163 10 10
0.516565 68 163 10 10
0.518565 68 163 10 10
0.520565 68 163 10 10
0.522565 68 163 10 10
0.524565 68 163 10 10
0.526565 68 163 10 10
0.528565 68 163 10 10
0.530565 67 162 10 10
0.532565 67 162 10 10
0.534565 67 162 10 10
0.536565 67 162 10 10
0.538565 67 162 10 10
0.540565 67 162 10 10
0.542565 67 162 10 10
0.544565 67 162 10 10
0.546565 67 162 10 10
0.548565 67 162 10 10
0.550565 67 162 10 10
0.552565 67 162 10 10
0.554565 67 162 10 10
0.556565 67 162 10 10
0.558565 67 162 10 10
0.560565 67 162 10 10
0.562565 67 162 10 10
0.564565 67 162 10 10
0.566565 67 162 10 10
0.568565 67 162 10 10
0.570565 67 162 10 10
0.572565 67 162 10 10
0.574565 67 162 10 10
0.576565 67 162 10 10
0.578565 67 162 10 10
0.580565 67 162 10 10
0.582565 67 162 10 10
0.584565 67 162 10 10
0.586565 67 162 10 10
0.588565 67 162 10 10
0.590565 67 162 10 10
0.592565 67 162 10 10
0.594565 66 162 10 10
0.596565 66 162 10 10
0.598565 66 162 10 10
0.600565 66 162 10 10
0.602565 66 162 10 10
0.604565 66 162 10 10
0.606565 66 162 10 10
0.608565 66 162 10 10
0.610565 66 162 10 10
0.612565 66 162 10 10
0.614565 66 162 10 10
0.616565 66 162 10 10
0.618565 66 162 10 10
0.620565 66 162 10 10
0.622565 66 162 10 10
0.624565 66 162 10 10
0.626565 66 162 10 10
0.628565 66 162 10 10
0.630565 66 162 10 10
0.632565 66 162 10 10
0.634565 66 162 10 10
0.636565 66 162 10 10
0.638565 66 162 10 10
0.640565 66 162 10 10
0.642565 66 162 10 10
0.644565 66 162 10 10
0.646565 66 162 10 10
0.648565 66 162 10 10
0.650565 66 162 10 10
0.652565 66 162 10 10
0.654565 66 162 10 10
0.656565 66 162 10 10
0.658565 65 162 10 10
0.660565 65 162 10 10
0.662565 65 162 10 10
0.664565 65 162 10 10
0.666565 65 162 10 10
0.668565 65 162 10 10
0.670565 65 162 10 10
0.672565 65 162 10 10
0.674565 65 162 10 10
0.676565 65 162 10 10
0.678565 65 162 10 10
0.680565 65 162 10 10
0.682565 65 162 10 10
0.684565 65 162 10 10
0.686565 65 162 10 10
0.688565 65 162 10 10
0.690565 65 162 10 10
0.692565 65 162 10 10
0.694565 65 162 10 10
0.696565 65 162 10 10
0.698565 65 162 10 10
0.700565 65 162 10 10
0.702565 65 162 10 10
0.704565 65 162 10 10
0.706565 65 162 10 10
0.708565 65 162 10 10
0.710565 65 162 10 10
0.712565 65 162 10 10
0.714565 65 162 10 10
0.716565 65 162 10 10
0.718565 65 162 10 10
0.720565 65 162 10 10
0.722565 65 163 10 10
0.724565 65 163 10 10
0.726565 65 163 10 10
0.728565 65 163 10 10
0.730565 65 163 10 10
0.732565 65 163 10 10
0.734565 65 163 10 10
0.736565 65 163 10 10
0.738565 65 163 10 10
0.740565 65 163 10 10
0.742565 65 163 10 10
0.744565 65 163 10 10
0.746565 65 163 10 10
0.748565 65 163 10 10
0.750565 65 163 10 10
0.752565 65 163 10 10
0.754565 65 163 10 10
0.756565 65 163 10 10
0.758565 65 163 10 10
0.760565 65 163 10 10
0.762565 65 163 10 10
0.764565 65 163 10 10
0.766565 65 163 10 10
0.768565 65 163 10 10
0.770565 65 163 10 10
0.772565 65 163 10 10
0.774565 65 163 10 10
0.776565 65 163 10 10
0.778565 65 163 10 10
0.780565 65 163 10 10
0.782565 65 163 10 10
0.784565 65 163 10 10
0.786565 65 163 10 10
0.788565 65 163 10 10
0.790565 65 163 10 10
0.792565 65 163 10 10
0.794565 65 163 10 10
0.796565 65 163 10 10
0.798565 65 163 10 10
0.800565 65 163 10 10
0.802565 65 163 10 10
0.804565 65 163 10 10
0.806565 65 163 10 10
0.808565 65 163 10 10
0.810565 65 163 10 10
0.812565 65 163 10 10
0.814565 65 163 10 10
0.816565 65 163 10 10
0.818565 65 163 10 10
0.820565 65 163 10 10
0.822565 65 163 10 10
0.824565 65 163 10 10
0.826565 65 163 10 10
0.828565 65 163 10 10
0.830565 65 163 10 10
0.832565 65 163 10 10
0.834565 65 163 10 10
0.836565 65 163 10 10
0.838565 65 163 10 10
0.840565 65 163 10 10
0.842565 65 163 10 10
0.844565 65 163 10 10
0.846565 65 163 10 10
0.848565 65 163 10 10
0.850565 65 163 10 10
0.852565 65 163 10 10
0.854565 65 163 10 10
0.856565 65 163 10 10
0.858565 65 163 10 10
0.860565 65 163 10 10
0.862565 65 163 10 10
0.864565 65 163 10 10
0.866565 65 163 10 10
0.868565 65 163 10 10
0.870565 65 163 10 10
0.872565 65 163 10 10
0.874565 65 163 10 10
0.876565 65 163 10 10
0.878565 65 163 10 10
0.880565 65 163 10 10
0.882565 65 163 10 10
0.884565 65 163 10 10
0.886565 65 163 10 10
0.888565 65 163 10 10
0.890565 65 163 10 10
0.892565 65 163 10 10
0.894565 65 163 10 10
0.896565 65 163 10 10
0.898565 65 163 10 10
0.900565 65 163 10 10
0.902565 65 163 10 10
0.904565 65 163 10 10
0.906565 65 163 10 10
0.908565 65 163 10 10
0.910565 65 163 10 10
0.912565 65 163 10 10
0.914565 65 163 9 9
0.916565 65 163 9 9
0.918565 65 163 9 9
0.920565 65 163 9 9
0.922565 65 163 9 9
0.924565 65 163 9 9
0.926565 65 163 8 9
0.928565 65 163 8 9
0.930565 65 163 8 8
0.932565 65 163 8 8
0.934565 65 164 8 8
0.936565 65 164 8 8
0.938565 65 164 8 8
0.940565 65 164 7 8
0.942565 65 164 7 8
0.944565 65 164 7 8
0.946565 65 164 7 7
0.948565 65 164 7 7
0.950565 65 164 7 7
0.952565 65 164 6 7
0.954565 65 164 6 7
0.956565 65 165 6 7
0.958565 65 165 6 7
0.960565 65 165 6 7
0.962565 65 165 6 6
0.964565 65 165 5 6
0.966565 65 165 5 6
0.968565 65 165 5 6
0.970565 65 165 5 6
0.972565 65 165 5 6
0.974565 65 165 5 6
0.976565 65 165 5 6
0.978565 65 166 5 6
0.980565 65 166 5 6
0.982565 65 166 5 6
0.984565 65 166 5 6
0.986565 65 166 5 6
0.988565 65 166 5 6
0.990565 65 166 6 6
0.992565 65 166 6 6
0.994565 65 166 6 7
0.996565 65 166 6 7
0.998565 64 166 6 7
1.000565 64 166 6 7
1.002565 64 166 6 7
1.004565 64 166 7 7
1.006565 64 166 7 7
1.008565 64 166 7 7
1.010565 64 166 7 8
1.012565 64 166 7 8
1.014565 64 166 7 8
1.016565 64 166 8 8
1.018565 64 166 8 8
1.020565 63 166 8 8
1.022565 63 166 8 8
1.024565 63 166 8 8
1.026565 63 166 8 9
1.028565 63 166 9 9
1.030565 63 166 9 9
1.032565 63 166 9 9
1.034565 63 166 9 9
1.036565 63 166 9 9
1.038565 63 166 9 9
1.040565 63 166 9 9
1.042565 63 166 10 9
1.044565 63 166 10 9
1.046565 63 166 10 9
1.048565 63 166 10 9
1.050565 64 166 10 9
1.052565 64 166 10 9
1.054565 64 166 10 9
1.056565 64 166 10 9
1.058565 65 166 10 9
1.060565 65 166 10 9
1.062565 65 166 10 8
1.064565 65 166 10 8
1.066565 66 166 10 8
1.068565 66 166 10 8
1.070565 66 166 10 8
1.072565 66 166 10 8
1.074565 67 166 10 8
1.076565 67 166 10 8
1.078565 67 166 10 8
1.080565 67 166 10 8
1.082565 68 166 10 8
1.084565 68 166 10 7
1.086565 68 166 10 7
1.088565 68 166 10 7
1.090565 69 166 10 7
1.092565 69 166 10 7
1.094565 69 166 10 7
1.096565 69 166 10 7
1.098565 70 166 10 7
1.100565 70 166 10 7
1.102565 70 166 10 7
1.104565 70 166 10 7
1.106565 71 167 10 7
1.108565 71 167 10 7
1.110565 72 167 10 7
1.112565 72 167 10 7
1.114565 72 167 10 7
1.116565 73 167 10 7
1.118565 73 167 10 7
1.120565 73 167 10 7
1.122565 74 167 10 7
1.124565 74 167 10 7
1.126565 75 167 10 8
1.128565 75 167 10 8
1.130565 75 167 10 8
1.132565 76 167 10 8
1.134565 76 167 10 8
1.136565 76 167 10 8
1.138565 77 167 11 8
1.140565 77 167 11 8
1.142565 78 167 11 8
1.144565 78 167 11 8
1.146565 78 167 11 8
1.148565 79 167 11 9
1.150565 79 167 11 9
1.152565 79 167 11 9
1.154565 80 167 11 9
1.156565 80 167 11 9
1.158565 81 167 11 9
1.160565 81 167 11 9
1.162565 81 167 11 9
1.164565 82 167 11 9
1.166565 82 167 11 9
1.168565 82 167 11 9
1.170565 83 167 12 10
1.172565 83 167 12 10
1.174565 83 167 12 10
1.176565 84 167 12 10
1.178565 84 167 12 10
1.180565 84 167 12 10
1.182565 85 167 12 10
1.184565 85 167 12 10
1.186565 86 167 12 10
1.188565 86 167 12 10
1.190565 86 167 12 10
1.192565 87 167 12 10
1.194565 87 167 12 10
1.196565 87 167 12 10
1.198565 88 167 12 10
1.200565 88 167 12 10
1.202565 88 167 12 10
1.204565 89 167 12 10
1.206565 89 167 12 10
1.208565 89 167 12 10
1.210565 90 167 12 10
1.212565 90 167 12 10
1.214565 90 167 12 10
1.216565 91 167 12 10
1.218565 91 167 12 10
1.220565 91 167 12 10
1.222565 92 167 12 10
1.224565 92 167 12 10
1.226565 92 167 12 10
1.228565 93 167 12 10
1.230565 93 167 12 10
1.232565 93 167 12 10
1.234565 94 167 12 10
1.236565 94 167 12 10
1.238565 94 167 12 10
1.240565 95 167 12 10
1.242565 95 167 12 10
1.244565 95 167 12 10
1.246565 96 167 12 10
1.248565 96 167 12 10
1.250565 96 167 12 10
1.252565 97 167 12 10
1.254565 97 167 12 10
1.256565 98 167 12 10
1.258565 98 167 12 10
1.260565 98 167 12 10
1.262565 99 167 12 10
1.264565 99 167 12 10
1.266565 99 168 12 10
1.268565 100 168 12 10
1.270565 100 168 12 10
1.272565 100 168 12 10
1.274565 101 168 12 10
1.276565 101 168 12 10
1.278565 101 168 12 10
1.280565 102 168 12 10
1.282565 102 168 12 10
1.284565 102 168 12 10
1.286565 103 168 12 10
1.288565 103 168 12 10
1.290565 103 168 12 10
1.292565 104 168 12 10
1.294565 104 168 12 10
1.296565 104 168 12 10
1.298565 105 168 11 9
1.300565 105 168 11 9
1.302565 105 168 11 9
1.304565 106 168 11 9
1.306565 106 168 11 9
1.308565 106 168 11 9
1.310565 107 168 11 9
1.312565 107 168 11 9
1.314565 107 168 10 9
1.316565 108 168 10 9
1.318565 108 168 10 8
1.320565 108 168 10 8
1.322565 108 168 10 8
1.324565 109 168 10 8
1.326565 109 168 10 8
1.328565 109 168 10 8
1.330565 110 167 9 8
1.332565 110 167 9 8
1.334565 110 167 9 8
1.336565 111 167 9 8
1.338565 111 167 9 8
1.340565 111 167 9 7
1.342565 112 167 9 7
1.344565 112 167 9 7
1.346565 112 167 8 7
1.348565 113 167 8 7
1.350565 113 167 8 7
1.352565 113 167 8 7
1.354565 113 167 8 7
1.356565 114 167 8 7
1.358565 114 167 8 7
1.360565 114 167 8 7
1.362565 115 167 8 7
1.364565 115 167 8 7
1.366565 115 167 8 7
1.368565 115 167 8 7
1.370565 116 167 8 7
1.372565 116 167 8 7
1.374565 116 167 8 7
1.376565 116 167 8 7
1.378565 117 167 8 7
1.380565 117 167 8 7
1.382565 117 167 8 8
1.384565 117 167 8 8
1.386565 118 167 8 8
1.388565 118 167 8 8
1.390565 118 167 8 8
1.392565 118 167 8 8
1.394565 119 167 9 8
1.396565 119 167 9 8
1.398565 119 167 9 8
1.400565 119 167 9 8
1.402565 120 167 9 8
1.404565 120 167 9 9
1.406565 120 167 9 9
1.408565 120 167 9 9
1.410565 121 167 9 9
1.412565 121 167 9 9
1.414565 121 167 9 9
1.416565 121 167 9 9
1.418565 122 167 9 9
1.420565 122 167 9 9
1.422565 122 167 9 9
1.424565 122 167 9 9
1.426565 123 166 9 9
1.428565 123 166 9 9
1.430565 123 166 9 9
1.432565 124 166 9 9
1.434565 124 166 9 9
1.436565 124 166 9 9
1.438565 125 166 9 9
1.440565 125 166 9 9
1.442565 125 166 9 9
1.444565 126 166 9 9
1.446565 126 166 9 9
1.448565 126 166 9 9
1.450565 126 166 9 9
1.452565 127 166 9 9
1.454565 127 166 9 9
1.456565 127 166 9 9
1.458565 128 166 8 8
1.460565 128 166 8 8
1.462565 128 166 8 8
1.464565 129 166 8 8
1.466565 129 166 8 8
1.468565 129 166 8 8
1.470565 130 166 8 8
1.472565 130 166 8 8
1.474565 130 166 8 8
1.476565 131 166 8 8
1.478565 131 166 8 8
1.480565 131 166 8 8
1.482565 131 166 8 8
1.484565 132 166 8 8
1.486565 132 166 8 8
1.488565 132 166 8 8
1.490565 133 166 8 8
1.492565 133 166 8 8
1.494565 133 166 8 8
1.496565 133 166 8 8
1.498565 134 166 8 8
1.500565 134 166 8 8
1.502565 134 166 8 8
1.504565 134 166 8 8
1.506565 135 166 8 8
1.508565 135 166 8 8
1.510565 135 166 8 8
1.512565 135 166 8 8
1.514565 136 166 8 8
1.516565 136 166 8 8
1.518565 136 166 8 8
1.520565 136 166 8 8
1.522565 137 166 9 9
1.524565 137 166 9 9
1.526565 137 166 9 9
1.528565 137 166 9 9
1.530565 138 166 9 9
1.532565 138 166 9 9
1.534565 138 166 9 9
1.536565 138 166 9 9
1.538565 139 166 9 9
1.540565 139 166 9 9
1.542565 139 166 9 9
1.544565 139 166 9 9
1.546565 140 166 9 9
1.548565 140 166 9 9
1.550565 140 166 9 9
1.552565 140 166 9 9
1.554565 141 166 10 10
1.556565 141 166 10 10
1.558565 141 166 10 10
1.560565 142 166 10 10
1.562565 142 166 10 10
1.564565 142 166 10 10
1.566565 142 166 10 10
1.568565 143 166 10 10
1.570565 143 166 10 10
1.572565 143 166 10 10
1.574565 143 166 10 10
1.576565 144 166 10 10
1.578565 144 166 10 10
1.580565 144 166 10 10
1.582565 145 166 10 10
1.584565 145 166 10 10
1.586565 145 167 10 10
1.588565 145 167 10 10
1.590565 146 167 10 10
1.592565 146 167 10 10
1.594565 146 167 10 10
1.596565 147 167 10 10
1.598565 147 167 10 10
1.600565 147 167 10 10
1.602565 147 167 10 10
1.604565 148 167 10 10
1.606565 148 167 10 10
1.608565 148 167 10 10
1.610565 149 167 10 10
1.612565 149 167 10 10
1.614565 149 167 10 10
1.616565 149 167 10 10
1.618565 150 168 10 10
1.620565 150 168 10 10
1.622565 150 168 10 10
1.624565 151 168 10 10
1.626565 151 168 10 10
1.628565 151 168 10 10
1.630565 151 168 10 10
1.632565 152 168 10 10
1.634565 152 168 10 10
1.636565 152 168 10 10
1.638565 152 168 10 10
1.640565 153 168 10 10
1.642565 153 168 10 10
1.644565 153 168 10 10
1.646565 154 168 10 10
1.648565 154 168 10 10
1.650565 154 168 10 10
1.652565 154 168 10 10
1.654565 155 168 10 10
1.656565 155 168 10 10
1.658565 155 168 10 10
1.660565 156 168 10 10
1.662565 156 168 10 10
1.664565 156 168 10 10
1.666565 156 168 10 10
1.668565 157 168 10 10
1.670565 157 168 10 10
1.672565 157 168 10 10
1.674565 158 168 10 10
1.676565 158 168 10 10
1.678565 158 168 10 10
1.680565 158 168 10 10
1.682565 159 168 10 10
1.684565 159 168 10 10
1.686565 159 168 10 10
1.688565 159 168 10 10
1.690565 160 168 10 10
1.692565 160 168 10 10
1.694565 160 168 10 10
1.696565 160 168 10 10
1.698565 161 168 10 10
1.700565 161 168 10 10
1.702565 161 168 10 10
1.704565 161 168 10 10
1.706565 162 168 10 10
1.708565 162 168 10 10
1.710565 162 168 10 10
1.712565 162 168 10 10
1.714565 163 168 10 10
1.716565 163 168 10 10
1.718565 163 168 10 10
1.720565 163 168 10 10
1.722565 164 168 10 10
1.724565 164 168 10 10
1.726565 164 168 10 10
1.728565 164 168 10 10
1.730565 165 168 10 10
1.732565 165 168 10 10
1.734565 165 168 10 10
1.736565 165 168 10 10
1.738565 166 168 10 10
1.740565 166 168 10 10
1.742565 166 168 10 10
1.744565 166 168 10 10
1.746565 167 169 10 10
1.748565 167 169 10 10
1.750565 167 169 10 10
1.752565 167 169 10 10
1.754565 168 169 10 10
1.756565 168 169 10 10
1.758565 168 169 10 10
1.760565 168 169 10 10
1.762565 168 169 10 10
1.764565 169 169 10 10
1.766565 169 169 10 10
1.768565 169 169 10 10
1.770565 169 169 10 10
1.772565 169 169 10 10
1.774565 170 169 10 10
1.776565 170 169 10 10
1.778565 170 169 10 10
1.780565 170 169 10 10
1.782565 171 169 10 10
1.784565 171 169 10 10
1.786565 171 169 10 10
1.788565 171 169 10 10
1.790565 171 169 10 10
1.792565 172 169 10 10
1.794565 172 169 10 10
1.796565 172 169 10 10
1.798565 172 169 10 10
1.800565 173 169 10 10
1.802565 173 169 10 10
1.804565 173 169 10 10
1.806565 173 169 10 10
1.808565 173 169 10 10
1.810565 174 169 10 10
1.812565 174 169 10 10
1.814565 174 169 10 10
1.816565 175 169 10 10
1.818565 175 169 10 10
1.820565 175 169 10 10
1.822565 175 169 10 10
1.824565 176 169 10 10
1.826565 176 169 10 10
1.828565 176 169 10 10
1.830565 176 169 10 10
1.832565 177 169 10 10
1.834565 177 169 10 10
1.836565 177 169 10 10
1.838565 178 169 10 10
1.840565 178 169 10 10
1.842565 178 169 10 10
1.844565 178 169 10 10
1.846565 179 169 10 10
1.848565 179 169 10 10
1.850565 179 169 10 10
1.852565 180 169 10 10
1.854565 180 169 10 10
1.856565 180 169 10 10
1.858565 180 169 10 10
1.860565 181 169 10 10
1.862565 181 169 10 10
1.864565 181 169 10 10
1.866565 182 169 10 10
1.868565 182 169 10 10
1.870565 182 169 10 10
1.872565 182 169 10 10
1.874565 183 169 10 10
1.876565 183 169 10 10
1.878565 183 169 10 10
1.880565 183 169 10 10
1.882565 184 169 10 10
1.884565 184 169 10 10
1.886565 184 169 10 10
1.888565 184 169 10 10
1.890565 185 169 10 10
1.892565 185 169 10 10
1.894565 185 169 10 10
1.896565 185 169 10 10
1.898565 186 169 10 10
1.900565 186 169 10 10
1.902565 186 169 10 10
1.904565 186 169 10 10
1.906565 187 169 10 10
1.908565 187 169 10 10
1.910565 187 169 10 10
1.912565 187 169 10 10
1.914565 188 169 10 10
1.916565 188 169 10 10
1.918565 188 169 10 10
1.920565 188 169 10 10
1.922565 189 169 10 10
1.924565 189 169 10 10
1.926565 189 169 10 10
1.928565 189 169 10 10
1.930565 190 169 10 10
1.932565 190 169 10 10
1.934565 190 169 10 10
1.936565 190 169 10 10
1.938565 191 169 10 9
1.940565 191 169 10 9
1.942565 191 169 10 9
1.944565 191 169 10 9
1.946565 191 169 10 9
1.948565 192 169 10 9
1.950565 192 169 10 9
1.952565 192 169 10 9
1.954565 192 169 10 8
1.956565 192 169 10 8
1.958565 192 169 10 8
1.960565 193 169 10 8
1.962565 193 169 10 8
1.964565 193 169 10 8
1.966565 193 169 10 8
1.968565 193 169 10 8
1.970565 194 169 10 7
1.972565 194 169 10 7
1.974565 194 169 10 7
1.976565 194 169 10 7
1.978565 194 169 10 7
1.980565 195 169 10 7
1.982565 195 169 10 7
1.984565 195 169 10 7
1.986565 195 169 10 6
1.988565 195 169 10 6
1.990565 195 169 10 6
1.992565 196 169 10 6
1.994565 196 169 10 6
1.996565 196 169 10 6
1.998565 196 169 10 6
2.000565 196 169 10 6
2.002565 196 169 10 6
2.004565 196 169 10 6
2.006565 196 169 10 6
2.008565 196 169 10 6
2.010565 196 169 10 6
2.012565 196 169 10 6
2.014565 196 169 10 6
2.016565 196 169 10 6
2.018565 196 169 10 7
2.020565 196 169 10 7
2.022565 196 169 10 7
2.024565 196 169 11 7
2.026565 196 169 11 7
2.028565 196 169 11 7
2.030565 196 169 11 7
2.032565 196 169 11 7
2.034565 195 168 11 8
2.036565 195 168 11 8
2.038565 195 168 11 8
2.040565 195 168 11 8
2.042565 195 168 11 8
2.044565 195 168 12 8
2.046565 195 168 12 8
2.048565 195 168 12 8
2.050565 195 168 12 9
2.052565 195 168 12 9
2.054565 195 168 12 9
2.056565 195 168 12 9
2.058565 195 168 12 9
2.060565 195 168 12 9
2.062565 195 168 12 9
2.064565 195 168 12 9
2.066565 194 168 12 9
2.068565 194 168 12 9
2.070565 194 168 12 9
2.072565 193 168 12 9
2.074565 193 168 12 9
2.076565 193 168 12 9
2.078565 192 168 12 9
2.080565 192 168 12 9
2.082565 192 168 12 8
2.084565 191 168 12 8
2.086565 191 168 12 8
2.088565 191 168 12 8
2.090565 190 168 12 8
2.092565 190 168 12 8
2.094565 190 168 12 8
2.096565 189 168 12 8
2.098565 189 168 12 7
2.100565 188 168 12 7
2.102565 188 168 12 7
2.104565 188 168 12 7
2.106565 187 168 12 7
2.108565 187 168 12 7
2.110565 187 168 12 7
2.112565 186 168 12 7
2.114565 186 168 12 6
2.116565 186 168 12 6
2.118565 185 168 12 6
2.120565 185 168 12 6
2.122565 185 168 12 6
2.124565 184 168 12 6
2.126565 184 168 12 6
2.128565 184 168 12 6
2.130565 183 168 12 6
2.132565 183 168 12 6
2.134565 183 168 12 6
2.136565 182 168 12 6
2.138565 182 168 12 6
2.140565 182 168 12 6
2.142565 181 168 12 6
2.144565 181 168 12 6
2.146565 181 168 12 6
2.148565 181 168 12 6
2.150565 180 168 12 6
2.152565 180 168 12 6
2.154565 180 168 12 6
2.156565 179 168 12 6
2.158565 179 168 12 6
2.160565 179 168 12 6
2.162565 178 167 13 6
2.164565 178 167 13 6
2.166565 178 167 13 6
2.168565 177 167 13 6
2.170565 177 167 13 6
2.172565 177 167 13 6
2.174565 176 167 13 6
2.176565 176 167 13 6
2.178565 176 167 13 6
2.180565 176 167 13 6
2.182565 175 167 13 6
2.184565 175 167 13 6
2.186565 175 167 13 6
2.188565 174 167 13 6
2.190565 174 167 13 6
2.192565 174 167 13 6
2.194565 173 167 13 7
2.196565 173 167 13 7
2.198565 173 167 13 7
2.200565 173 167 13 7
2.202565 172 167 13 7
2.204565 172 167 13 7
2.206565 172 167 13 7
2.208565 171 167 13 7
2.210565 171 167 13 7
2.212565 171 167 13 7
2.214565 171 167 13 7
2.216565 170 167 12 8
2.218565 170 167 12 8
2.220565 170 167 12 8
2.222565 169 167 12 8
2.224565 169 167 12 8
2.226565 169 167 12 8
2.228565 169 167 12 8
2.230565 168 167 12 8
2.232565 168 167 12 8
2.234565 168 167 12 8
2.236565 167 167 11 9
2.238565 167 167 11 9
2.240565 167 167 11 9
2.242565 167 167 11 9
2.244565 166 167 11 9
2.246565 166 167 11 9
2.248565 166 167 11 9
2.250565 165 167 11 9
2.252565 165 167 11 9
2.254565 165 167 11 9
2.256565 165 167 11 9
2.258565 164 166 11 10
2.260565 164 166 11 10
2.262565 164 166 11 10
2.264565 164 166 11 10
2.266565 163 166 11 10
2.268565 163 166 11 10
2.270565 163 166 11 10
2.272565 162 166 11 10
2.274565 162 166 11 10
2.276565 162 166 11 10
2.278565 162 166 11 10
2.280565 161 166 11 10
2.282565 161 166 11 10
2.284565 161 166 11 10
2.286565 160 166 11 10
2.288565 160 166 11 10
2.290565 160 166 12 10
2.292565 160 166 12 10
2.294565 159 166 12 10
2.296565 159 166 12 10
2.298565 159 166 12 10
2.300565 158 166 12 10
2.302565 158 166 12 10
2.304565 158 166 12 10
2.306565 158 166 12 10
2.308565 157 166 12 10
2.310565 157 166 12 10
2.312565 157 166 12 10
2.314565 156 166 12 10
2.316565 156 166 12 10
2.318565 156 166 12 10
2.320565 156 166 12 10
2.322565 155 166 12 9
2.324565 155 166 12 9
2.326565 155 166 12 9
2.328565 155 166 12 9
2.330565 154 166 12 9
2.332565 154 166 12 9
2.334565 154 166 11 9
2.336565 154 166 11 9
2.338565 153 166 11 8
2.340565 153 166 11 8
2.342565 153 166 11 8
2.344565 153 166 11 8
2.346565 152 166 11 8
2.348565 152 166 10 8
2.350565 152 166 10 8
2.352565 152 166 10 8
2.354565 151 167 10 7
2.356565 151 167 10 7
2.358565 151 167 10 7
2.360565 151 167 9 7
2.362565 150 167 9 7
2.364565 150 167 9 7
2.366565 150 167 9 7
2.368565 150 167 9 7
2.370565 149 167 9 6
2.372565 149 167 9 6
2.374565 149 167 8 6
2.376565 149 167 8 6
2.378565 148 167 8 6
2.380565 148 167 8 6
2.382565 148 167 8 6
2.384565 148 167 8 6
2.386565 147 167 8 6
2.388565 147 167 8 6
2.390565 147 167 8 6
2.392565 147 167 8 6
2.394565 146 167 8 6
2.396565 146 167 8 6
2.398565 146 167 8 6
2.400565 146 167 8 6
2.402565 145 167 8 7
2.404565 145 167 8 7
2.406565 145 167 8 7
2.408565 145 167 8 7
2.410565 144 167 8 7
2.412565 144 167 8 7
2.414565 144 167 8 7
2.416565 144 167 8 7
2.418565 143 166 9 8
2.420565 143 166 9 8
2.422565 143 166 9 8
2.424565 143 166 9 8
2.426565 142 166 9 8
2.428565 142 166 9 8
2.430565 142 166 9 8
2.432565 142 166 9 8
2.434565 141 166 9 9
2.436565 141 166 9 9
2.438565 141 166 9 9
2.440565 141 166 9 9
2.442565 140 166 9 9
2.444565 140 166 9 9
2.446565 140 166 9 9
2.448565 140 166 9 9
2.450565 139 166 10 10
2.452565 139 166 10 10
2.454565 139 166 10 10
2.456565 139 166 10 10
2.458565 139 166 10 10
2.460565 138 166 10 10
2.462565 138 166 10 10
2.464565 138 166 10 10
2.466565 138 166 10 10
2.468565 137 166 10 10
2.470565 137 166 10 10
2.472565 137 166 10 10
2.474565 137 166 10 10
2.476565 137 166 10 10
2.478565 136 166 10 10
2.480565 136 166 10 10
2.482565 136 166 10 10
2.484565 136 166 10 10
2.486565 135 166 10 10
2.488565 135 166 10 10
2.490565 135 166 10 10
2.492565 135 166 10 10
2.494565 135 166 10 10
2.496565 134 166 10 10
2.498565 134 166 10 10
2.500565 134 166 10 10
2.502565 134 166 10 10
2.504565 133 166 10 10
2.506565 133 166 10 10
2.508565 133 166 10 10
2.510565 133 166 10 10
2.512565 133 166 10 10
2.514565 132 166 10 10
2.516565 132 166 10 10
2.518565 132 166 10 10
2.520565 132 166 10 10
2.522565 132 166 10 10
2.524565 131 166 10 10
2.526565 131 166 10 10
2.528565 131 166 10 10
2.530565 131 166 10 10
2.532565 130 166 10 10
2.534565 130 166 10 10
2.536565 130 166 10 10
2.538565 130 166 10 10
2.540565 130 166 10 10
2.542565 129 166 10 10
2.544565 129 166 10 10
2.546565 129 166 10 10
2.548565 129 166 10 10
2.550565 128 166 10 10
2.552565 128 166 10 10
2.554565 128 166 10 10
2.556565 128 166 10 10
2.558565 128 166 10 10
2.560565 127 166 10 10
2.562565 127 166 10 10
2.564565 127 166 10 10
2.566565 127 166 10 10
2.568565 126 166 10 10
2.570565 126 166 10 10
2.572565 126 166 10 10
2.574565 126 166 10 10
2.576565 126 166 10 10
2.578565 125 166 10 10
2.580565 125 166 10 10
2.582565 125 166 10 10
2.584565 125 166 10 10
2.586565 125 166 10 10
2.588565 124 166 10 10
2.590565 124 166 10 10
2.592565 124 166 10 10
2.594565 124 166 10 10
2.596565 124 166 10 10
2.598565 124 166 10 10
2.600565 123 166 10 10
2.602565 123 166 10 10
2.604565 123 166 10 10
2.606565 123 166 10 10
2.608565 123 166 10 10
2.610565 122 166 10 10
2.612565 122 166 10 10
2.614565 122 166 10 10
2.616565 122 166 10 10
2.618565 122 166 10 10
2.620565 121 166 10 10
2.622565 121 166 10 10
2.624565 121 166 10 10
2.626565 121 166 10 10
2.628565 121 166 10 10
2.630565 121 166 10 10
2.632565 120 166 10 10
2.634565 120 166 10 10
2.636565 120 166 10 10
2.638565 120 166 10 10
2.640565 120 166 10 10
2.642565 119 165 10 10
2.644565 119 165 10 10
2.646565 119 165 10 10
2.648565 119 165 10 10
2.650565 118 165 10 10
2.652565 118 165 10 10
2.654565 118 165 10 10
2.656565 118 165 10 10
2.658565 117 165 10 10
2.660565 117 165 10 10
2.662565 117 165 10 10
2.664565 117 165 10 10
2.666565 116 165 10 10
2.668565 116 165 10 10
2.670565 116 165 10 10
2.672565 116 165 10 10
2.674565 115 165 10 10
2.676565 115 165 10 10
2.678565 115 165 10 10
2.680565 115 165 10 10
2.682565 114 165 10 10
2.684565 114 165 10 10
2.686565 114 165 10 10
2.688565 114 165 10 10
2.690565 113 165 10 10
2.692565 113 165 10 10
2.694565 113 165 10 10
2.696565 113 165 10 10
2.698565 112 165 10 10
2.700565 112 165 10 10
2.702565 112 165 10 10
2.704565 112 165 10 10
2.706565 111 165 9 9
2.708565 111 165 9 9
2.710565 111 165 9 9
2.712565 111 165 9 9
2.714565 111 165 9 9
2.716565 110 165 9 9
2.718565 110 165 9 9
2.720565 110 165 9 8
2.722565 110 165 9 8
2.724565 110 165 9 8
2.726565 110 165 9 8
2.728565 109 165 9 8
2.730565 109 165 9 8
2.732565 109 165 9 7
2.734565 109 165 9 7
2.736565 109 165 9 7
2.738565 108 166 8 7
2.740565 108 166 8 7
2.742565 108 166 8 7
2.744565 108 166 8 6
2.746565 108 166 8 6
2.748565 107 166 8 6
2.750565 107 166 8 6
2.752565 107 166 8 6
2.754565 107 166 8 6
2.756565 107 166 8 6
2.758565 107 166 8 5
2.760565 106 166 8 5
2.762565 106 166 8 5
2.764565 106 166 8 5
2.766565 106 166 8 5
2.768565 106 166 8 5
2.770565 105 166 8 5
2.772565 105 166 8 5
2.774565 105 166 8 5
2.776565 105 166 8 5
2.778565 105 166 8 5
2.780565 104 166 8 5
2.782565 104 166 8 5
2.784565 104 166 8 6
2.786565 104 165 8 6
2.788565 104 165 8 6
2.790565 104 165 8 6
2.792565 103 165 8 6
2.794565 103 165 8 6
2.796565 103 165 8 7
2.798565 103 165 8 7
2.800565 103 165 8 7
2.802565 102 164 9 7
2.804565 102 164 9 7
2.806565 102 164 9 7
2.808565 102 164 9 8
2.810565 102 164 9 8
2.812565 101 164 9 8
2.814565 101 164 9 8
2.816565 101 164 9 8
2.818565 101 163 9 8
2.820565 101 163 9 8
2.822565 101 163 9 9
2.824565 100 163 9 9
2.826565 100 163 9 9
2.828565 100 163 9 9
2.830565 100 163 9 9
2.832565 100 163 9 9
2.834565 99 163 9 9
2.836565 99 163 9 9
2.838565 99 163 9 9
2.840565 99 163 9 9
2.842565 99 163 9 9
2.844565 98 163 9 9
2.846565 98 163 9 9
2.848565 98 163 9 9
2.850565 98 163 9 8
2.852565 98 163 9 8
2.854565 98 163 9 8
2.856565 97 163 9 8
2.858565 97 163 9 8
2.860565 97 163 9 8
2.862565 97 163 9 8
2.864565 97 163 9 8
2.866565 96 163 8 7
2.868565 96 163 8 7
2.870565 96 163 8 7
2.872565 96 163 8 7
2.874565 96 163 8 7
2.876565 95 163 8 7
2.878565 95 163 8 7
2.880565 95 163 8 7
2.882565 95 163 8 6
2.884565 95 163 8 6
2.886565 95 163 8 6
2.888565 94 163 8 6
2.890565 94 163 8 6
2.892565 94 163 8 6
2.894565 94 163 8 6
2.896565 94 163 8 6
2.898565 93 163 8 6
2.900565 93 163 8 6
2.902565 93 163 8 6
2.904565 93 163 8 6
2.906565 93 163 8 6
2.908565 93 163 8 6
2.910565 93 163 8 6
2.912565 92 163 8 6
2.914565 92 163 8 7
2.916565 92 163 8 7
2.918565 92 163 8 7
2.920565 92 163 8 7
2.922565 92 163 8 7
2.924565 91 163 8 7
2.926565 91 163 8 7
2.928565 91 163 8 7
2.930565 91 163 9 8
2.932565 91 163 9 8
2.934565 91 163 9 8
2.936565 90 163 9 8
2.938565 90 163 9 8
2.940565 90 163 9 8
2.942565 90 163 9 8
2.944565 90 163 9 8
2.946565 90 163 9 9
2.948565 90 163 9 9
2.950565 89 163 9 9
2.952565 89 163 9 9
2.954565 89 163 9 9
2.956565 89 163 9 9
2.958565 89 163 9 9
2.960565 89 163 9 9
2.962565 88 163 9 9
2.964565 88 163 9 9
2.966565 88 163 9 9
2.968565 88 163 9 9
2.970565 88 163 9 9
2.972565 88 163 9 9
2.974565 88 163 9 9
2.976565 87 163 9 9
2.978565 87 163 9 8
2.980565 87 163 9 8
2.982565 87 163 9 8
2.984565 87 163 9 8
2.986565 87 163 9 8
2.988565 86 163 9 8
2.990565 86 163 9 8
2.992565 86 163 9 8
2.994565 86 163 8 7
2.996565 86 163 8 7
2.998565 86 163 8 7
3.000565 85 163 8 7
3.002565 85 163 8 7
3.004565 85 163 8 7
3.006565 85 163 8 7
3.008565 85 163 8 7
3.010565 85 163 8 6
3.012565 85 163 8 6
3.014565 84 163 8 6
3.016565 84 163 8 6
3.018565 84 163 8 6
3.020565 84 163 8 6
3.022565 84 163 8 6
3.024565 84 163 8 6
3.026565 83 163 8 6
3.028565 83 163 8 6
3.030565 83 163 8 6
3.032565 83 163 8 6
3.034565 82 163 8 6
3.036565 82 163 8 6
3.038565 82 163 8 6
3.040565 81 163 8 6
3.042565 81 163 8 7
3.044565 81 163 8 7
3.046565 81 163 8 7
3.048565 80 163 9 7
3.050565 80 163 9 7
3.052565 80 163 9 7
3.054565 79 163 9 7
3.056565 79 163 9 7
3.058565 79 162 9 8
3.060565 79 162 9 8
3.062565 78 162 9 8
3.064565 78 162 9 8
3.066565 78 162 9 8
3.068565 78 162 9 8
3.070565 77 162 10 8
3.072565 77 162 10 8
3.074565 77 162 10 9
3.076565 76 162 10 9
3.078565 76 162 10 9
3.080565 76 162 10 9
3.082565 76 162 10 9
3.084565 75 162 10 9
3.086565 75 162 10 9
3.088565 75 162 10 9
3.090565 74 162 10 10
3.092565 74 162 10 10
3.094565 74 162 10 10
3.096565 74 162 10 10
3.098565 74 162 10 10
3.100565 74 162 10 10
3.102565 74 162 10 10
3.104565 74 162 10 10
3.106565 73 162 10 10
3.108565 73 162 10 10
3.110565 73 162 10 10
3.112565 73 162 10 10
3.114565 73 162 10 10
3.116565 73 162 10 10
3.118565 73 162 10 10
3.120565 73 162 10 10
3.122565 72 162 10 10
3.124565 72 162 10 10
3.126565 72 162 10 10
3.128565 72 162 10 10
3.130565 72 162 10 10
3.132565 72 162 10 10
3.134565 72 162 10 10
3.136565 72 162 10 10
3.138565 71 162 10 10
3.140565 71 162 10 10
3.142565 71 162 10 10
3.144565 71 162 10 10
3.146565 71 162 10 10
3.148565 71 162 10 10
3.150565 71 162 10 10
3.152565 71 162 10 10
3.154565 70 163 10 10
3.156565 70 163 10 10
3.158565 70 163 10 10
3.160565 70 163 10 10
3.162565 70 163 10 10
3.164565 70 163 10 10
3.166565 69 163 10 10
3.168565 69 163 10 10
3.170565 69 163 10 10
3.172565 69 163 10 10
3.174565 69 163 10 10
3.176565 68 163 10 10
3.178565 68 163 10 10
3.180565 68 163 10 10
3.182565 68 163 10 10
3.184565 68 163 10 10
3.186565 67 163 10 10
3.188565 67 163 10 10
3.190565 67 163 10 10
3.192565 67 163 10 10
3.194565 67 163 10 10
3.196565 67 163 10 10
3.198565 66 163 10 10
3.200565 66 163 10 10
3.202565 66 163 10 10
3.204565 66 163 10 10
3.206565 66 163 10 10
3.208565 65 163 10 10
3.210565 65 163 10 10
3.212565 65 163 10 10
3.214565 65 163 10 10
3.216565 65 163 10 10
3.218565 64 163 9 9
3.220565 64 163 9 9
3.222565 64 163 9 9
3.224565 64 163 9 9
3.226565 64 163 9 9
3.228565 64 163 9 9
3.230565 64 163 9 9
3.232565 63 163 9 9
3.234565 63 163 8 8
3.236565 63 163 8 8
3.238565 63 163 8 8
3.240565 63 163 8 8
3.242565 63 163 8 8
3.244565 62 163 8 8
3.246565 62 163 8 8
3.248565 62 163 8 8
3.250565 62 163 7 7
3.252565 62 163 7 7
3.254565 62 163 7 7
3.256565 61 163 7 7
3.258565 61 163 7 7
3.260565 61 163 7 7
3.262565 61 163 7 7
3.264565 61 163 7 7
3.266565 61 163 6 6
3.268565 61 163 6 6
3.270565 60 163 6 6
3.272565 60 163 6 6
3.274565 60 163 6 6
3.276565 60 163 6 6
3.278565 60 163 6 6
3.280565 60 163 6 6
3.282565 59 163 6 6
3.284565 59 163 6 6
3.286565 59 163 6 6
3.288565 59 163 6 6
3.290565 59 163 6 6
3.292565 59 163 6 6
3.294565 58 163 6 6
3.296565 58 163 6 6
3.298565 58 163 7 7
3.300565 58 163 7 7
3.302565 58 163 7 7
3.304565 57 163 7 7
3.306565 57 163 7 7
3.308565 57 163 7 7
3.310565 57 163 7 7
3.312565 57 163 7 7
3.314565 56 163 8 8
3.316565 56 163 8 8
3.318565 56 163 8 8
3.320565 56 163 8 8
3.322565 56 163 8 8
3.324565 56 163 8 8
3.326565 55 163 8 8
3.328565 55 163 8 8
3.330565 55 163 9 9
3.332565 55 163 9 9
3.334565 55 163 9 9
3.336565 54 163 9 9
3.338565 54 163 9 9
3.340565 54 163 9 9
3.342565 54 163 9 9
3.344565 54 163 9 9
3.346565 54 162 10 10
3.348565 54 162 10 10
3.350565 54 162 10 10
3.352565 54 162 10 10
3.354565 54 162 10 10
3.356565 54 162 10 10
3.358565 55 162 10 10
3.360565 55 162 10 10
3.362565 55 161 10 10
3.364565 55 161 10 10
3.366565 55 161 10 10
3.368565 56 161 10 10
3.370565 56 161 10 10
3.372565 56 161 10 10
3.374565 56 161 10 10
3.376565 56 161 10 10
3.378565 57 160 10 10
3.380565 57 160 10 10
3.382565 57 160 10 10
3.384565 57 160 10 10
3.386565 57 160 10 10
3.388565 57 160 10 10
3.390565 58 160 10 10
3.392565 58 160 10 10
3.394565 58 159 10 10
3.396565 58 159 10 10
3.398565 58 159 10 10
3.400565 59 159 10 10
3.402565 59 159 10 10
3.404565 59 159 10 10
3.406565 59 159 10 10
3.408565 59 159 10 10
3.410565 60 158 10 10
3.412565 60 158 10 10
3.414565 60 158 10 10
3.416565 60 158 10 10
3.418565 60 158 10 10
3.420565 60 158 10 10
3.422565 60 158 10 10
3.424565 60 158 10 10
3.426565 60 158 10 10
3.428565 60 158 10 10
3.430565 60 158 10 10
3.432565 61 157 10 10
3.434565 61 157 10 10
3.436565 61 157 10 10
3.438565 61 157 10 10
3.440565 61 157 10 10
3.442565 61 157 10 10
3.444565 61 157 10 10
3.446565 61 157 10 10
3.448565 61 157 10 10
3.450565 61 157 10 10
3.452565 61 157 10 10
3.454565 62 156 10 10
3.456565 62 156 10 10
3.458565 62 156 10 10
3.460565 62 156 10 10
3.462565 62 156 10 10
3.464565 62 156 10 10
3.466565 62 156 10 10
3.468565 62 156 10 10
3.470565 62 156 10 10
3.472565 62 156 10 10
3.474565 63 155 9 9
3.476565 64 155 9 9
3.478565 65 155 9 9
3.480565 65 155 9 9
3.482565 66 155 9 9
3.484565 67 155 9 9
3.486565 68 155 9 9
3.488565 69 155 9 8
3.490565 70 154 9 8
3.492565 71 154 9 8
3.494565 72 154 9 8
3.496565 73 154 9 8
3.498565 74 154 9 8
3.500565 74 154 9 7
3.502565 75 154 9 7
3.504565 76 154 9 7
3.506565 77 153 9 7
3.508565 78 153 9 7
3.510565 79 153 9 7
3.512565 80 153 9 6
3.514565 81 153 9 6
3.516565 82 153 9 6
3.518565 83 153 9 6
3.520565 84 153 9 6
3.522565 84 152 9 6
3.524565 85 152 9 6
3.526565 86 152 9 5
3.528565 87 152 9 5
3.530565 88 152 9 5
3.532565 89 152 9 5
3.534565 90 152 9 5
3.536565 91 152 9 5
3.538565 92 151 9 5
3.540565 92 151 9 5
3.542565 92 151 9 5
3.544565 93 151 9 5
3.546565 93 151 9 5
3.548565 94 151 9 5
3.550565 94 151 9 5
3.552565 94 151 9 6
3.554565 95 151 9 6
3.556565 95 151 9 6
3.558565 96 151 9 6
3.560565 96 150 9 6
3.562565 96 150 9 6
3.564565 97 150 9 7
3.566565 97 150 9 7
3.568565 98 150 9 7
3.570565 98 150 9 7
3.572565 98 150 9 7
3.574565 99 150 9 7
3.576565 99 150 9 8
3.578565 100 150 9 8
3.580565 100 150 9 8
3.582565 101 149 9 8
3.584565 101 149 9 8
3.586565 101 149 9 8
3.588565 102 149 9 8
3.590565 102 149 9 9
3.592565 103 149 9 9
3.594565 103 149 9 9
3.596565 103 149 9 9
3.598565 104 149 9 9
3.600565 104 149 9 9
3.602565 105 149 10 10
3.604565 105 149 10 10
3.606565 106 149 10 10
3.608565 106 149 10 10
3.610565 107 149 10 10
3.612565 107 149 10 10
3.614565 108 149 10 10
3.616565 108 149 10 10
3.618565 109 149 10 10
3.620565 109 149 10 10
3.622565 110 149 10 10
3.624565 110 149 10 10
3.626565 111 149 10 10
3.628565 112 149 10 10
3.630565 112 149 10 10
3.632565 113 149 10 10
3.634565 113 149 10 10
3.636565 114 149 10 10
3.638565 114 149 10 10
3.640565 115 149 10 10
3.642565 115 149 10 10
3.644565 116 149 10 10
3.646565 116 149 10 10
3.648565 117 149 10 10
3.650565 117 149 10 10
3.652565 118 149 10 10
3.654565 118 149 10 10
3.656565 119 149 10 10
3.658565 119 149 10 10
3.660565 120 149 10 10
3.662565 121 149 10 10
3.664565 121 149 10 10
3.666565 122 149 11 10
3.668565 122 149 11 10
3.670565 123 149 11 10
3.672565 123 149 11 10
3.674565 123 149 11 10
3.676565 124 149 11 10
3.678565 124 149 11 10
3.680565 125 149 11 10
3.682565 125 149 11 10
3.684565 126 149 11 10
3.686565 126 149 11 10
3.688565 127 149 11 10
3.690565 127 149 11 10
3.692565 128 149 11 10
3.694565 128 149 11 10
3.696565 129 149 11 10
3.698565 129 149 11 10
3.700565 130 149 11 10
3.702565 130 149 11 10
3.704565 130 149 11 10
3.706565 131 149 11 10
3.708565 131 149 11 10
3.710565 132 149 11 10
3.712565 132 149 11 10
3.714565 133 149 11 10
3.716565 133 149 11 10
3.718565 134 149 11 10
3.720565 134 149 11 10
3.722565 135 149 11 10
3.724565 135 149 11 10
3.726565 136 149 11 10
3.728565 136 149 11 10
3.730565 137 149 12 10
3.732565 137 149 12 10
3.734565 138 149 12 10
3.736565 138 149 12 10
3.738565 139 149 12 10
3.740565 139 149 12 10
3.742565 140 149 12 10
3.744565 140 149 12 10
3.746565 141 149 12 10
3.748565 141 149 12 10
3.750565 142 149 12 10
3.752565 142 149 12 10
3.754565 143 149 12 10
3.756565 143 149 12 10
3.758565 144 149 12 10
3.760565 145 149 12 10
3.762565 145 149 12 10
3.764565 146 149 12 10
3.766565 146 149 12 10
3.768565 147 149 12 10
3.770565 147 149 12 10
3.772565 148 149 12 10
3.774565 148 149 12 10
3.776565 149 149 12 10
3.778565 149 149 12 10
3.780565 150 149 12 10
3.782565 150 149 12 10
3.784565 151 149 12 10
3.786565 151 149 12 10
3.788565 152 149 12 10
3.790565 153 149 12 10
3.792565 153 149 12 10
3.794565 154 150 13 10
3.796565 154 150 13 10
3.798565 155 150 13 10
3.800565 155 150 13 10
3.802565 156 150 13 10
3.804565 156 150 13 10
3.806565 157 150 13 10
3.808565 157 150 13 10
3.810565 158 150 13 10
3.812565 158 150 13 10
3.814565 159 150 13 10
3.816565 159 150 13 10
3.818565 160 150 13 10
3.820565 160 150 13 10
3.822565 161 150 13 10
3.824565 161 150 13 10
3.826565 162 151 13 10
3.828565 162 151 13 10
3.830565 163 151 13 10
3.832565 163 151 13 10
3.834565 164 151 13 10
3.836565 164 151 13 10
3.838565 165 151 13 10
3.840565 165 151 13 10
3.842565 166 151 13 10
3.844565 166 151 13 10
3.846565 167 151 13 10
3.848565 167 151 13 10
3.850565 168 151 13 10
3.852565 168 151 13 10
3.854565 169 151 13 10
3.856565 169 151 13 10
3.858565 170 152 13 9
3.860565 170 152 13 9
3.862565 171 152 13 9
3.864565 171 152 13 9
3.866565 172 152 13 9
3.868565 172 152 13 9
3.870565 173 152 13 9
3.872565 173 152 13 9
3.874565 174 152 13 9
3.876565 174 152 13 9
3.878565 175 152 13 9
3.880565 175 153 13 8
3.882565 176 153 13 8
3.884565 176 153 13 8
3.886565 177 153 13 8
3.888565 177 153 13 8
3.890565 178 153 12 8
3.892565 178 153 12 8
3.894565 179 153 12 8
3.896565 179 153 12 8
3.898565 180 153 12 8
3.900565 180 153 12 8
3.902565 181 154 12 7
3.904565 181 154 12 7
3.906565 182 154 12 7
3.908565 182 154 12 7
3.910565 183 154 12 7
3.912565 183 154 12 7
3.914565 184 154 12 7
3.916565 184 154 12 7
3.918565 185 154 12 7
3.920565 185 154 12 7
3.922565 186 155 11 7
3.924565 186 155 11 7
3.926565 187 155 11 7
3.928565 187 155 11 7
3.930565 188 155 11 7
3.932565 188 155 11 7
3.934565 189 155 11 7
3.936565 189 156 11 7
3.938565 190 156 11 7
3.940565 190 156 11 7
3.942565 191 156 11 7
3.944565 191 156 11 8
3.946565 192 156 11 8
3.948565 192 157 11 8
3.950565 193 157 11 8
3.952565 193 157 11 8
3.954565 194 157 10 8
3.956565 194 157 10 8
3.958565 195 157 10 8
3.960565 195 157 10 8
3.962565 196 158 10 8
3.964565 196 158 10 8
3.966565 197 158 10 9
3.968565 197 158 10 9
3.970565 198 158 10 9
3.972565 198 158 10 9
3.974565 199 159 10 9
3.976565 199 159 10 9
3.978565 200 159 10 9
3.980565 200 159 10 9
3.982565 201 159 10 9
3.984565 201 159 10 9
3.986565 202 160 10 10
3.988565 202 160 10 10
3.990565 203 160 10 10
3.992565 203 160 10 10
3.994565 204 160 10 10
3.996565 204 160 10 10
3.998565 205 160 10 10
4.000565 206 161 10 10
4.002565 206 161 10 10
4.004565 207 161 10 10
4.006565 207 161 10 10
4.008565 208 161 10 10
4.010565 208 161 10 10
4.012565 209 162 10 10
4.014565 209 162 10 10
4.016565 210 162 10 10
4.018565 211 162 10 10
4.020565 211 162 10 10
4.022565 212 162 10 10
4.024565 212 162 10 10
4.026565 213 163 10 10
4.028565 213 163 10 10
4.030565 214 163 10 10
4.032565 214 163 10 10
4.034565 215 163 10 10
4.036565 216 163 10 10
4.038565 216 164 10 10
4.040565 217 164 10 10
4.042565 217 164 10 10
4.044565 218 164 10 10
4.046565 218 164 10 10
4.048565 219 164 10 10
4.050565 220 164 10 9
4.052565 220 164 10 9
4.054565 220 164 10 9
4.056565 221 164 10 9
4.058565 221 164 10 9
4.060565 222 164 10 9
4.062565 222 164 10 9
4.064565 222 164 10 9
4.066565 223 164 10 9
4.068565 223 164 10 9
4.070565 224 164 10 9
4.072565 224 164 10 9
4.074565 224 164 10 9
4.076565 225 164 10 9
4.078565 225 164 10 9
4.080565 226 164 10 9
4.082565 226 163 10 8
4.084565 226 163 10 8
4.086565 227 163 10 8
4.088565 227 163 10 8
4.090565 228 163 10 8
4.092565 228 163 10 8
4.094565 228 163 10 8
4.096565 229 163 10 8
4.098565 229 163 10 8
4.100565 230 163 10 8
4.102565 230 163 10 8
4.104565 231 163 10 8
4.106565 231 163 10 8
4.108565 231 163 10 8
4.110565 232 163 10 8
4.112565 232 163 10 8
4.114565 233 162 10 8
4.116565 233 162 10 8
4.118565 233 162 10 8
4.120565 234 162 10 8
4.122565 234 162 10 8
4.124565 234 162 10 8
4.126565 235 162 10 8
4.128565 235 162 10 8
4.130565 235 161 10 8
4.132565 236 161 10 8
4.134565 236 161 10 8
4.136565 236 161 11 8
4.138565 237 161 11 8
4.140565 237 161 11 8
4.142565 237 161 11 8
4.144565 238 161 11 8
4.146565 238 160 11 9
4.148565 238 160 11 9
4.150565 239 160 11 9
4.152565 239 160 11 9
4.154565 239 160 11 9
4.156565 240 160 11 9
4.158565 240 160 12 9
4.160565 240 160 12 9
4.162565 241 159 12 9
4.164565 241 159 12 9
4.166565 241 159 12 9
4.168565 242 159 12 9
4.170565 242 159 12 9
4.172565 242 159 12 9
4.174565 243 159 12 9
4.176565 243 159 12 9
4.178565 244 158 12 10
4.180565 244 158 12 10
4.182565 244 158 12 10
4.184565 244 158 12 10
4.186565 245 158 12 10
4.188565 245 158 12 10
4.190565 245 158 12 10
4.192565 246 158 12 10
4.194565 246 158 12 10
4.196565 246 158 12 10
4.198565 247 158 12 10
4.200565 247 158 11 10
4.202565 247 158 11 10
4.204565 248 158 11 10
4.206565 248 158 11 10
4.208565 248 158 11 10
4.210565 249 157 11 10
4.212565 249 157 11 10
4.214565 249 157 11 10
4.216565 249 157 11 10
4.218565 250 157 11 10
4.220565 250 157 11 10
4.222565 250 157 10 10
4.224565 251 157 10 10
4.226565 251 157 10 10
4.228565 251 157 10 10
4.230565 252 157 10 10
4.232565 252 157 10 10
4.234565 252 157 10 10
4.236565 253 157 10 10
4.238565 253 157 10 10
4.240565 253 157 10 10
4.242565 254 156 10 9
4.244565 254 156 10 9
4.246565 254 156 10 9
4.248565 254 156 10 9
4.250565 254 156 10 9
4.252565 254 156 10 9
4.254565 255 156 10 9
4.256565 255 156 10 9
4.258565 255 156 10 9
4.260565 255 156 10 9
4.262565 255 156 10 9
4.264565 256 155 10 9
4.266565 256 155 10 9
4.268565 256 155 10 9
4.270565 256 155 10 9
4.272565 256 155 10 9
4.274565 257 155 10 9
4.276565 257 155 10 9
4.278565 257 155 10 9
4.280565 257 155 10 9
4.282565 257 155 10 9
4.284565 257 155 10 9
4.286565 258 154 10 9
4.288565 258 154 10 9
4.290565 258 154 10 9
4.292565 258 154 10 9
4.294565 258 154 10 9
4.296565 259 154 10 9
4.298565 259 154 10 9
4.300565 259 154 10 9
4.302565 259 154 10 9
4.304565 259 154 10 9
4.306565 260 154 9 8
4.308565 260 154 9 8
4.310565 260 154 9 8
4.312565 260 154 9 8
4.314565 260 154 9 8
4.316565 260 154 9 8
4.318565 260 154 9 8
4.320565 261 154 8 8
4.322565 261 154 8 7
4.324565 261 154 8 7
4.326565 261 154 8 7
4.328565 261 155 8 7
4.330565 261 155 8 7
4.332565 262 155 7 7
4.334565 262 155 7 7
4.336565 262 155 7 7
4.338565 262 155 7 6
4.340565 262 155 7 6
4.342565 262 155 7 6
4.344565 262 155 7 6
4.346565 263 155 6 6
4.348565 263 155 6 6
4.350565 263 156 6 6
4.352565 263 156 6 6
4.354565 263 156 6 5
4.356565 263 156 6 5
4.358565 264 156 5 5
4.360565 264 156 5 5
4.362565 264 156 5 5
4.364565 264 156 5 5
4.366565 264 156 5 5
4.368565 264 156 5 5
4.370565 265 157 5 5
4.372565 265 157 5 5
4.374565 265 157 5 5
4.376565 265 157 5 5
4.378565 265 157 5 5
4.380565 265 157 5 5
4.382565 265 157 5 5
4.384565 265 157 5 5
4.386565 265 157 5 5
4.388565 265 157 5 5
4.390565 265 157 5 5
4.392565 265 157 5 5
4.394565 265 157 5 5
4.396565 265 157 5 5
4.398565 265 157 5 5
4.400565 265 157 5 5
4.402565 265 157 5 5
4.404565 265 157 5 5
4.406565 265 157 5 5
4.408565 265 157 5 5
4.410565 265 157 5 5
4.412565 265 157 5 5
4.414565 265 157 5 5
4.416565 265 157 5 5
4.418565 265 157 5 5
4.420565 265 157 5 5
4.422565 265 157 5 5
4.424565 265 157 5 5
4.426565 265 157 5 5
4.428565 265 157 5 5
4.430565 265 157 5 5
4.432565 265 157 5 5
