0.007169 291 176 7 6
0.009169 291 175 7 6
0.011169 291 175 7 6
0.013169 291 175 7 6
0.015169 291 175 7 6
0.017169 291 175 7 6
0.019169 291 175 7 6
0.021169 291 175 7 6
0.023169 291 175 7 6
0.025169 291 175 7 7
0.027169 291 175 7 7
0.029169 291 175 8 7
0.031169 291 175 8 7
0.033169 291 175 8 7
0.035169 291 175 8 7
0.037169 291 175 8 7
0.039169 291 175 8 7
0.041169 292 175 8 8
0.043169 292 175 8 8
0.045169 292 175 8 8
0.047169 292 175 8 8
0.049169 292 175 8 8
0.051169 292 175 9 8
0.053169 292 175 9 8
0.055169 292 175 9 8
0.057169 292 175 9 9
0.059169 292 175 9 9
0.061169 292 175 9 9
0.063169 292 175 9 9
0.065169 292 175 9 9
0.067169 292 175 9 9
0.069169 292 175 9 9
0.071169 292 175 9 9
0.073169 293 175 10 10
0.075169 293 175 10 10
0.077169 293 175 10 10
0.079169 293 175 10 10
0.081169 293 175 10 10
0.083169 293 175 10 10
0.085169 293 175 10 10
0.087169 293 175 10 10
0.089169 294 175 10 10
0.091169 294 175 10 10
0.093169 294 175 10 10
0.095169 294 175 10 10
0.097169 294 175 10 10
0.099169 294 175 10 10
0.101169 294 175 10 10
0.103169 294 175 10 10
0.105169 295 175 10 10
0.107169 295 175 10 10
0.109169 295 175 10 10
0.111169 295 175 10 10
0.113169 295 175 10 10
0.115169 295 175 10 10
0.117169 295 175 10 10
0.119169 295 175 10 10
0.121169 296 175 10 10
0.123169 296 175 10 10
0.125169 296 175 10 10
0.127169 296 175 10 10
0.129169 296 175 10 10
0.131169 296 175 10 10
0.133169 296 175 10 10
0.135169 296 175 10 10
0.137169 297 174 10 10
0.139169 297 174 10 10
0.141169 297 174 10 10
0.143169 297 174 10 10
0.145169 297 174 10 10
0.147169 297 174 10 10
0.149169 297 174 10 10
0.151169 297 174 10 10
0.153169 297 174 10 10
0.155169 297 174 10 10
0.157169 298 174 10 10
0.159169 298 174 10 10
0.161169 298 174 10 10
0.163169 298 174 10 10
0.165169 298 174 10 10
0.167169 298 174 10 10
0.169169 298 174 10 10
0.171169 298 174 10 10
0.173169 298 174 10 10
0.175169 298 174 10 10
0.177169 298 174 10 10
0.179169 299 174 10 10
0.181169 299 174 10 10
0.183169 299 174 10 10
0.185169 299 174 10 10
0.187169 299 174 10 10
0.189169 299 174 10 10
0.191169 299 174 10 10
0.193169 299 174 10 10
0.195169 299 174 10 10
0.197169 299 174 10 10
0.199169 299 174 10 10
0.201169 300 174 10 10
0.203169 300 174 10 10
0.205169 300 174 10 10
0.207169 300 174 10 10
0.209169 300 174 10 10
0.211169 300 174 10 10
0.213169 300 174 10 10
0.215169 300 174 10 10
0.217169 301 174 10 10
0.219169 301 174 10 10
0.221169 301 174 10 10
0.223169 301 174 10 10
0.225169 301 174 10 10
0.227169 301 174 10 10
0.229169 301 174 10 10
0.231169 301 174 10 10
0.233169 302 174 10 10
0.235169 302 174 10 10
0.237169 302 174 10 10
0.239169 302 174 10 10
0.241169 302 174 10 10
0.243169 302 174 10 10
0.245169 302 174 10 10
0.247169 302 174 10 10
0.249169 303 174 10 10
0.251169 303 174 10 10
0.253169 303 174 10 10
0.255169 303 174 10 10
0.257169 303 174 10 10
0.259169 303 174 10 10
0.261169 303 174 10 10
0.263169 303 174 10 10
0.265169 304 175 10 10
0.267169 304 175 10 10
0.269169 304 175 10 10
0.271169 304 175 10 10
0.273169 304 175 10 10
0.275169 304 175 10 10
0.277169 304 175 10 10
0.279169 304 175 10 10
0.281169 304 175 10 10
0.283169 304 175 10 10
0.285169 305 175 10 10
0.287169 305 175 10 10
0.289169 305 175 10 10
0.291169 305 175 10 10
0.293169 305 175 10 10
0.295169 305 175 10 10
0.297169 305 175 10 10
0.299169 305 175 10 10
0.301169 305 175 10 10
0.303169 305 175 10 10
0.305169 305 175 10 10
0.307169 306 175 10 10
0.309169 306 175 10 10
0.311169 306 175 10 10
0.313169 306 175 10 10
0.315169 306 175 10 10
0.317169 306 175 10 10
0.319169 306 175 10 10
0.321169 306 175 10 10
0.323169 306 175 10 10
0.325169 306 175 10 10
0.327169 306 175 10 10
0.329169 307 175 10 10
0.331169 307 175 10 10
0.333169 307 175 10 10
0.335169 307 175 10 10
0.337169 307 175 10 10
0.339169 307 175 10 10
0.341169 307 175 10 10
0.343169 307 175 10 10
0.345169 307 175 10 10
0.347169 307 175 10 10
0.349169 308 175 10 10
0.351169 308 175 10 10
0.353169 308 175 10 10
0.355169 308 175 10 10
0.357169 308 175 10 10
0.359169 308 175 10 10
0.361169 308 175 10 10
0.363169 308 175 10 10
0.365169 308 175 10 10
0.367169 308 175 10 10
0.369169 308 175 10 10
0.371169 309 175 10 10
0.373169 309 175 10 10
0.375169 309 175 10 10
0.377169 309 175 10 10
0.379169 309 175 10 10
0.381169 309 175 10 10
0.383169 309 175 10 10
0.385169 309 175 10 10
0.387169 309 175 10 10
0.389169 309 175 10 10
0.391169 309 175 10 10
0.393169 310 175 10 10
0.395169 310 175 10 10
0.397169 310 175 10 10
0.399169 310 175 10 10
0.401169 310 175 10 10
0.403169 310 175 10 10
0.405169 311 175 10 10
0.407169 311 175 10 10
0.409169 311 175 10 10
0.411169 311 175 10 10
0.413169 311 175 10 10
0.415169 311 175 10 10
0.417169 312 175 10 10
0.419169 312 175 10 10
0.421169 312 175 10 10
0.423169 312 175 10 10
0.425169 312 175 10 10
0.427169 312 175 10 10
0.429169 312 175 10 10
0.431169 313 175 10 10
0.433169 313 175 10 10
0.435169 313 175 10 10
0.437169 313 175 10 10
0.439169 313 175 10 10
0.441169 313 175 10 10
0.443169 314 175 10 10
0.445169 314 175 10 10
0.447169 314 175 10 10
0.449169 314 175 10 10
0.451169 314 175 10 10
0.453169 314 175 10 10
0.455169 314 175 10 10
0.457169 315 175 10 10
0.459169 315 175 10 10
0.461169 315 175 10 10
0.463169 315 175 10 10
0.465169 315 175 10 10
0.467169 315 175 10 10
0.469169 315 175 10 10
0.471169 315 175 10 10
0.473169 315 175 10 10
0.475169 315 175 10 10
0.477169 315 175 10 10
0.479169 315 175 10 10
0.481169 315 175 10 10
0.483169 315 175 10 10
0.485169 315 175 10 10
0.487169 315 175 10 10
0.489169 316 175 10 10
0.491169 316 175 10 10
0.493169 316 175 10 10
0.495169 316 175 10 10
0.497169 316 175 10 10
0.499169 316 175 10 10
0.501169 316 175 10 10
0.503169 316 175 10 10
0.505169 316 175 10 10
0.507169 316 175 10 10
0.509169 316 175 10 10
0.511169 316 175 10 10
0.513169 316 175 10 10
0.515169 316 175 10 10
0.517169 316 175 10 10
0.519169 316 175 10 10
0.521169 317 175 10 10
0.523169 317 175 10 10
0.525169 317 175 10 10
0.527169 317 175 10 10
0.529169 317 175 10 10
0.531169 317 175 10 10
0.533169 317 175 10 10
0.535169 317 175 10 10
0.537169 318 175 10 10
0.539169 318 175 10 10
0.541169 318 175 10 10
0.543169 318 175 10 10
0.545169 318 175 10 10
0.547169 318 175 10 10
0.549169 318 175 10 10
0.551169 318 175 10 10
0.553169 319 175 10 10
0.555169 319 175 10 10
0.557169 319 175 10 10
0.559169 319 175 10 10
0.561169 319 175 10 10
0.563169 319 175 10 10
0.565169 319 175 10 10
0.567169 319 175 10 10
0.569169 320 175 10 10
0.571169 320 175 10 10
0.573169 320 175 10 10
0.575169 320 175 10 10
0.577169 320 175 10 10
0.579169 320 175 10 10
0.581169 320 175 10 10
0.583169 320 175 10 10
0.585169 321 175 10 10
0.587169 321 175 10 10
0.589169 321 175 10 10
0.591169 321 175 10 10
0.593169 321 175 10 10
0.595169 321 175 10 10
0.597169 321 175 10 10
0.599169 321 175 10 10
0.601169 321 175 10 10
0.603169 321 175 10 10
0.605169 322 175 10 10
0.607169 322 175 10 10
0.609169 322 175 10 10
0.611169 322 175 10 10
0.613169 322 175 10 10
0.615169 322 175 10 10
0.617169 322 175 10 10
0.619169 322 175 10 10
0.621169 322 175 10 10
0.623169 322 175 10 10
0.625169 322 175 10 10
0.627169 323 175 10 10
0.629169 323 175 10 10
0.631169 323 175 10 10
0.633169 323 175 10 10
0.635169 323 175 10 10
0.637169 323 175 10 10
0.639169 323 175 10 10
0.641169 323 175 10 10
0.643169 323 175 10 10
0.645169 323 175 10 10
0.647169 323 175 10 10
0.649169 324 175 10 10
0.651169 324 175 10 10
0.653169 324 175 10 10
0.655169 324 175 10 10
0.657169 324 175 10 10
0.659169 324 175 10 10
0.661169 324 175 10 10
0.663169 324 175 10 10
0.665169 325 175 10 10
0.667169 325 175 10 10
0.669169 325 175 10 10
0.671169 325 175 10 10
0.673169 325 175 10 10
0.675169 325 175 10 10
0.677169 325 175 10 10
0.679169 325 175 10 10
0.681169 326 175 10 10
0.683169 326 175 10 10
0.685169 326 175 10 10
0.687169 326 175 10 10
0.689169 326 175 10 10
0.691169 326 175 10 10
0.693169 326 175 10 10
0.695169 326 175 10 10
0.697169 327 175 10 10
0.699169 327 175 10 10
0.701169 327 175 10 10
0.703169 327 175 10 10
0.705169 327 175 10 10
0.707169 327 175 10 10
0.709169 327 175 10 10
0.711169 327 175 10 10
0.713169 328 175 10 10
0.715169 328 175 10 10
0.717169 328 175 10 10
0.719169 328 175 10 10
0.721169 328 175 10 10
0.723169 328 175 10 10
0.725169 328 175 10 10
0.727169 328 175 10 10
0.729169 329 175 10 10
0.731169 329 175 10 10
0.733169 329 175 10 10
0.735169 329 175 10 10
0.737169 329 175 10 10
0.739169 329 175 10 10
0.741169 329 175 10 10
0.743169 329 175 10 10
0.745169 330 175 10 10
0.747169 330 175 10 10
0.749169 330 175 10 10
0.751169 330 175 10 10
0.753169 330 175 10 10
0.755169 330 175 10 10
0.757169 330 175 10 10
0.759169 330 175 10 10
0.761169 331 175 10 10
0.763169 331 175 10 10
0.765169 331 175 10 10
0.767169 331 175 10 10
0.769169 331 175 10 10
0.771169 331 175 10 10
0.773169 331 175 10 10
0.775169 331 175 10 10
0.777169 332 175 10 10
0.779169 332 175 10 10
0.781169 332 175 10 10
0.783169 332 175 10 10
0.785169 332 175 10 10
0.787169 332 175 10 10
0.789169 332 175 10 10
0.791169 332 175 10 10
0.793169 332 175 10 10
0.795169 332 175 10 10
0.797169 333 175 10 10
0.799169 333 175 10 10
0.801169 333 175 10 10
0.803169 333 175 10 10
0.805169 333 175 10 10
0.807169 333 175 10 10
0.809169 333 175 10 10
0.811169 333 175 10 10
0.813169 333 175 10 10
0.815169 333 175 10 10
0.817169 333 175 10 10
0.819169 334 175 10 10
0.821169 334 175 10 10
0.823169 334 175 10 10
0.825169 334 175 10 10
0.827169 334 175 10 10
0.829169 334 175 10 10
0.831169 334 175 10 10
0.833169 334 175 10 10
0.835169 334 175 10 10
0.837169 334 175 10 10
0.839169 334 175 10 10
0.841169 335 175 9 9
0.843169 335 175 9 9
0.845169 335 175 9 9
0.847169 335 175 9 9
0.849169 335 175 9 9
0.851169 335 175 9 9
0.853169 335 175 9 9
0.855169 335 175 9 9
0.857169 335 175 9 8
0.859169 335 175 9 8
0.861169 335 175 9 8
0.863169 335 175 9 8
0.865169 335 175 9 8
0.867169 335 175 9 8
0.869169 335 175 9 8
0.871169 335 175 9 8
0.873169 336 175 9 7
0.875169 336 175 9 7
0.877169 336 175 9 7
0.879169 336 175 9 7
0.881169 336 175 9 7
0.883169 336 175 9 7
0.885169 336 175 9 7
0.887169 336 175 9 7
0.889169 336 175 9 6
0.891169 336 175 9 6
0.893169 336 175 9 6
0.895169 336 175 9 6
0.897169 336 175 9 6
0.899169 336 175 9 6
0.901169 336 175 9 6
0.903169 336 175 9 6
0.905169 337 175 8 6
0.907169 337 175 8 6
0.909169 337 175 8 6
0.911169 337 175 8 6
0.913169 337 175 8 6
0.915169 337 175 8 6
0.917169 337 175 8 7
0.919169 337 175 8 7
0.921169 337 175 8 7
0.923169 337 175 8 7
0.925169 337 175 8 7
0.927169 337 175 8 7
0.929169 337 175 8 7
0.931169 337 175 8 8
0.933169 337 175 8 8
0.935169 337 175 8 8
0.937169 337 175 8 8
0.939169 337 175 8 8
0.941169 337 175 8 8
0.943169 337 175 8 9
0.945169 337 175 8 9
0.947169 337 175 8 9
0.949169 337 175 8 9
0.951169 337 175 8 9
0.953169 337 175 8 9
0.955169 337 175 8 10
0.957169 337 175 8 10
0.959169 337 175 8 10
0.961169 337 175 8 10
0.963169 337 175 8 10
0.965169 337 175 8 10
0.967169 337 175 8 10
0.969169 337 174 8 10
0.971169 337 174 8 10
0.973169 337 174 8 10
0.975169 337 174 8 10
0.977169 337 174 8 10
0.979169 337 174 8 10
0.981169 337 174 8 10
0.983169 337 174 8 10
0.985169 337 174 8 10
0.987169 337 174 8 10
0.989169 337 174 8 10
0.991169 337 174 8 10
0.993169 337 174 8 10
0.995169 337 174 8 10
0.997169 337 174 8 10
0.999169 337 174 8 10
1.001169 336 173 9 10
1.003169 336 173 9 10
1.005169 336 173 9 10
1.007169 336 173 9 10
1.009169 336 173 9 10
1.011169 336 173 9 10
1.013169 336 173 9 10
1.015169 336 173 9 10
1.017169 336 173 9 10
1.019169 336 173 9 10
1.021169 336 173 9 10
1.023169 336 173 9 10
1.025169 336 173 9 10
1.027169 336 173 9 10
1.029169 336 173 9 10
1.031169 336 173 9 10
1.033169 336 173 9 10
1.035169 336 173 9 10
1.037169 336 173 9 10
1.039169 336 173 9 10
1.041169 336 173 9 10
1.043169 336 173 9 10
1.045169 336 173 9 10
1.047169 336 173 9 10
1.049169 337 173 8 10
1.051169 337 173 8 10
1.053169 337 173 8 11
1.055169 337 173 8 11
1.057169 337 173 8 11
1.059169 337 173 8 11
1.061169 337 173 8 11
1.063169 337 173 8 11
1.065169 338 173 7 11
1.067169 338 173 7 11
1.069169 338 173 7 11
1.071169 338 173 7 11
1.073169 338 173 7 11
1.075169 338 173 7 12
1.077169 338 173 7 12
1.079169 338 173 7 12
1.081169 339 173 6 12
1.083169 339 173 6 12
1.085169 339 173 6 12
1.087169 339 173 6 12
1.089169 339 173 6 12
1.091169 339 173 6 12
1.093169 339 173 6 12
1.095169 339 173 6 12
1.097169 339 173 6 12
1.099169 339 173 6 12
1.101169 339 173 6 12
1.103169 339 173 6 12
1.105169 339 173 6 12
1.107169 339 173 6 12
1.109169 339 173 6 12
1.111169 339 173 6 12
1.113169 339 173 6 12
1.115169 339 173 6 12
1.117169 338 173 7 12
1.119169 338 173 7 12
1.121169 338 173 7 12
1.123169 338 173 7 12
1.125169 338 173 7 12
1.127169 338 173 7 12
1.129169 338 173 7 12
1.131169 338 173 7 12
1.133169 338 173 7 12
1.135169 338 173 7 12
1.137169 338 173 7 12
1.139169 337 173 8 12
1.141169 337 173 8 12
1.143169 337 173 8 12
1.145169 337 173 8 12
1.147169 337 173 8 12
1.149169 337 173 8 12
1.151169 337 173 8 12
1.153169 337 173 8 12
1.155169 337 173 8 12
1.157169 337 173 8 12
1.159169 337 173 8 12
1.161169 337 174 8 11
1.163169 337 174 8 11
1.165169 337 174 8 11
1.167169 337 174 8 11
1.169169 337 174 8 11
1.171169 337 174 8 11
1.173169 337 174 8 11
1.175169 337 174 8 11
1.177169 337 174 8 11
1.179169 337 174 8 11
1.181169 337 174 8 11
1.183169 337 174 8 11
1.185169 337 174 8 11
1.187169 337 174 8 11
1.189169 337 174 8 11
1.191169 337 174 8 11
1.193169 337 174 8 11
1.195169 337 174 8 11
1.197169 337 174 8 11
1.199169 337 174 8 11
1.201169 337 174 8 11
1.203169 337 174 8 11
1.205169 337 174 8 11
1.207169 337 174 8 11
1.209169 337 174 8 11
1.211169 337 174 8 11
1.213169 337 174 8 11
1.215169 337 174 8 11
1.217169 337 174 8 11
1.219169 337 174 8 11
1.221169 337 174 8 11
1.223169 337 174 8 11
1.225169 338 174 8 10
1.227169 338 174 8 10
1.229169 338 174 8 10
1.231169 338 174 8 10
1.233169 338 174 8 10
1.235169 338 174 8 10
1.237169 338 174 8 10
1.239169 338 174 8 10
1.241169 338 174 8 10
1.243169 338 174 8 10
1.245169 338 174 8 9
1.247169 338 174 8 9
1.249169 338 174 8 9
1.251169 338 174 8 9
1.253169 338 174 8 9
1.255169 338 174 8 9
1.257169 338 174 8 9
1.259169 338 174 8 9
1.261169 338 174 8 9
1.263169 338 174 8 9
1.265169 338 174 8 9
1.267169 338 174 8 8
1.269169 338 174 8 8
1.271169 338 174 8 8
1.273169 338 174 8 8
1.275169 338 174 8 8
1.277169 338 174 8 8
1.279169 338 174 8 8
1.281169 338 174 8 8
1.283169 338 174 8 8
1.285169 338 174 8 8
1.287169 338 174 8 8
1.289169 337 175 8 8
1.291169 337 175 8 8
1.293169 337 175 8 8
1.295169 337 175 8 8
1.297169 337 175 8 8
1.299169 337 175 8 8
1.301169 337 175 8 8
1.303169 337 175 8 8
1.305169 337 175 8 8
1.307169 337 175 8 8
1.309169 337 175 8 8
1.311169 337 175 8 8
1.313169 337 175 8 8
1.315169 337 175 8 8
1.317169 337 175 8 8
1.319169 337 175 8 8
1.321169 336 175 9 9
1.323169 336 175 9 9
1.325169 336 175 9 9
1.327169 336 175 9 9
1.329169 336 175 9 9
1.331169 336 175 9 9
1.333169 336 175 9 9
1.335169 336 175 9 9
1.337169 336 175 9 9
1.339169 336 175 9 9
1.341169 336 175 9 9
1.343169 336 175 9 9
1.345169 336 175 9 9
1.347169 336 175 9 9
1.349169 336 175 9 9
1.351169 336 175 9 9
1.353169 336 175 10 10
1.355169 336 175 10 10
1.357169 336 175 10 10
1.359169 336 175 10 10
1.361169 336 175 10 10
1.363169 336 175 10 10
1.365169 336 175 10 10
1.367169 336 175 10 10
1.369169 336 175 10 10
1.371169 336 175 10 10
1.373169 336 175 10 10
1.375169 336 175 10 10
1.377169 336 175 10 10
1.379169 336 175 10 10
1.381169 336 175 10 10
1.383169 336 175 10 10
1.385169 336 175 10 10
1.387169 336 175 10 10
1.389169 336 175 10 10
1.391169 336 175 10 10
1.393169 336 175 10 10
1.395169 336 175 10 10
1.397169 336 175 10 10
1.399169 336 175 10 10
1.401169 336 175 10 10
1.403169 336 175 10 10
1.405169 336 175 10 10
1.407169 336 175 10 10
1.409169 336 175 10 10
1.411169 336 175 10 10
1.413169 336 175 10 10
1.415169 336 175 10 10
1.417169 335 175 10 10
1.419169 335 175 10 10
1.421169 335 175 10 10
1.423169 335 175 10 10
1.425169 335 175 10 10
1.427169 335 175 10 10
1.429169 335 175 10 10
1.431169 335 175 10 10
1.433169 335 175 10 10
1.435169 335 175 10 10
1.437169 335 175 10 10
1.439169 335 175 10 10
1.441169 335 175 10 10
1.443169 335 175 10 10
1.445169 335 175 10 10
1.447169 335 175 10 10
1.449169 334 175 10 10
1.451169 334 175 10 10
1.453169 334 175 10 10
1.455169 334 175 10 10
1.457169 334 175 10 10
1.459169 334 175 10 10
1.461169 334 175 10 10
1.463169 334 175 10 10
1.465169 334 175 10 10
1.467169 334 175 10 10
1.469169 334 175 10 10
1.471169 334 175 10 10
1.473169 334 175 10 10
1.475169 334 175 10 10
1.477169 334 175 10 10
1.479169 334 175 10 10
1.481169 334 174 10 10
1.483169 334 174 10 10
1.485169 334 174 10 10
1.487169 334 174 10 10
1.489169 334 174 10 10
1.491169 334 174 10 10
1.493169 334 174 10 10
1.495169 334 174 10 10
1.497169 334 174 10 10
1.499169 334 174 10 10
1.501169 334 174 10 10
1.503169 334 174 10 10
1.505169 334 174 10 10
1.507169 334 174 10 10
1.509169 334 174 10 10
1.511169 334 174 10 10
1.513169 334 174 10 10
1.515169 334 174 10 10
1.517169 334 174 10 10
1.519169 334 174 10 10
1.521169 334 174 10 10
1.523169 334 174 10 10
1.525169 334 174 10 10
1.527169 334 174 10 10
1.529169 334 174 10 10
1.531169 334 174 10 10
1.533169 334 174 10 10
1.535169 334 174 10 10
1.537169 334 174 10 10
1.539169 334 174 10 10
1.541169 334 174 10 10
1.543169 334 174 10 10
1.545169 333 174 10 10
1.547169 333 174 10 10
1.549169 333 174 10 10
1.551169 333 174 10 10
1.553169 333 174 10 10
1.555169 333 174 10 10
1.557169 333 174 10 10
1.559169 333 174 10 10
1.561169 333 174 10 10
1.563169 333 174 10 10
1.565169 333 174 10 10
1.567169 333 174 10 10
1.569169 333 174 10 10
1.571169 333 174 10 10
1.573169 333 174 10 10
1.575169 333 174 10 10
1.577169 332 174 10 10
1.579169 332 174 10 10
1.581169 332 174 10 10
1.583169 332 174 10 10
1.585169 332 174 10 10
1.587169 332 174 10 10
1.589169 332 174 10 10
1.591169 332 174 10 10
1.593169 332 174 10 10
1.595169 332 174 10 10
1.597169 332 174 10 10
1.599169 332 174 10 10
1.601169 332 174 10 10
1.603169 332 174 10 10
1.605169 332 174 10 10
1.607169 332 174 10 10
1.609169 331 174 10 10
1.611169 331 174 10 10
1.613169 331 174 10 10
1.615169 331 174 10 10
1.617169 331 174 10 10
1.619169 331 174 10 10
1.621169 331 174 10 10
1.623169 331 174 10 10
1.625169 331 174 10 10
1.627169 331 174 10 10
1.629169 331 174 10 10
1.631169 331 174 10 10
1.633169 331 174 10 10
1.635169 331 174 10 10
1.637169 331 174 10 10
1.639169 331 174 10 10
1.641169 331 174 10 10
1.643169 331 174 10 10
1.645169 331 174 10 10
1.647169 331 174 10 10
1.649169 331 174 10 10
1.651169 331 174 10 10
1.653169 331 174 10 10
1.655169 331 174 10 10
1.657169 331 174 10 10
1.659169 331 174 10 10
1.661169 331 174 10 10
1.663169 331 174 10 10
1.665169 331 174 10 10
1.667169 331 174 10 10
1.669169 331 174 10 10
1.671169 331 174 10 10
1.673169 330 174 9 9
1.675169 330 174 9 9
1.677169 330 174 9 9
1.679169 330 174 9 9
1.681169 330 174 9 9
1.683169 330 174 9 9
1.685169 330 174 9 9
1.687169 330 174 9 9
1.689169 330 174 8 9
1.691169 330 174 8 9
1.693169 330 174 8 9
1.695169 330 174 8 8
1.697169 330 174 8 8
1.699169 330 174 8 8
1.701169 330 174 8 8
1.703169 330 174 8 8
1.705169 330 174 7 8
1.707169 330 174 7 8
1.709169 330 174 7 8
1.711169 330 174 7 8
1.713169 330 174 7 8
1.715169 330 174 7 7
1.717169 330 174 7 7
1.719169 330 174 7 7
1.721169 330 174 6 7
1.723169 330 174 6 7
1.725169 330 174 6 7
1.727169 330 174 6 7
1.729169 330 174 6 7
1.731169 330 174 6 7
1.733169 330 174 6 7
1.735169 330 174 6 7
1.737169 330 173 6 7
1.739169 330 173 6 7
1.741169 330 173 6 7
1.743169 330 173 6 7
1.745169 330 173 6 7
1.747169 330 173 6 7
1.749169 330 173 6 7
1.751169 330 173 6 7
1.753169 330 173 7 7
1.755169 330 173 7 7
1.757169 330 173 7 7
1.759169 330 173 7 8
1.761169 330 173 7 8
1.763169 330 173 7 8
1.765169 330 173 7 8
1.767169 330 173 7 8
1.769169 330 173 8 8
1.771169 330 173 8 8
1.773169 330 173 8 8
1.775169 330 173 8 8
1.777169 330 173 8 8
1.779169 330 173 8 9
1.781169 330 173 8 9
1.783169 330 173 8 9
1.785169 330 173 9 9
1.787169 330 173 9 9
1.789169 330 173 9 9
1.791169 330 173 9 9
1.793169 330 173 9 9
1.795169 330 173 9 9
1.797169 330 173 9 9
1.799169 330 173 9 9
1.801169 329 173 10 10
1.803169 329 173 10 10
1.805169 329 173 10 10
1.807169 329 173 10 10
1.809169 329 173 10 10
1.811169 329 173 10 10
1.813169 329 173 10 10
1.815169 329 173 10 10
1.817169 329 173 10 10
1.819169 329 173 10 10
1.821169 329 173 10 10
1.823169 329 173 10 10
1.825169 329 173 10 10
1.827169 329 173 10 10
1.829169 329 173 10 10
1.831169 329 173 10 10
1.833169 328 173 10 10
1.835169 328 173 10 10
1.837169 328 173 10 10
1.839169 328 173 10 10
1.841169 328 173 10 10
1.843169 328 173 10 10
1.845169 328 173 10 10
1.847169 328 173 10 10
1.849169 328 173 10 10
1.851169 328 173 10 10
1.853169 328 173 10 10
1.855169 328 173 10 10
1.857169 328 173 10 10
1.859169 328 173 10 10
1.861169 328 173 10 10
1.863169 328 173 10 10
1.865169 327 173 10 10
1.867169 327 173 10 10
1.869169 327 173 10 10
1.871169 327 173 10 10
1.873169 327 173 10 10
1.875169 327 173 10 10
1.877169 327 173 10 10
1.879169 327 173 10 10
1.881169 327 173 10 10
1.883169 327 173 10 10
1.885169 327 173 10 10
1.887169 327 173 10 10
1.889169 327 173 10 10
1.891169 327 173 10 10
1.893169 327 173 10 10
1.895169 327 173 10 10
1.897169 327 173 10 10
1.899169 327 173 10 10
1.901169 327 173 10 10
1.903169 327 173 10 10
1.905169 327 173 10 10
1.907169 327 173 10 10
1.909169 327 173 10 10
1.911169 327 173 10 10
1.913169 327 173 10 10
1.915169 327 173 10 10
1.917169 327 173 10 10
1.919169 327 173 10 10
1.921169 327 173 10 10
1.923169 327 173 10 10
1.925169 327 173 10 10
1.927169 327 173 10 10
1.929169 326 173 10 10
1.931169 326 173 10 10
1.933169 326 173 10 10
1.935169 326 173 10 10
1.937169 326 173 10 10
1.939169 326 173 10 10
1.941169 326 173 10 10
1.943169 326 173 10 10
1.945169 326 173 10 10
1.947169 326 173 10 10
1.949169 326 173 10 10
1.951169 326 173 10 10
1.953169 326 173 10 10
1.955169 326 173 10 10
1.957169 326 173 10 10
1.959169 326 173 10 10
1.961169 326 173 10 10
1.963169 326 173 10 10
1.965169 326 173 10 10
1.967169 326 173 10 10
1.969169 326 173 10 10
1.971169 326 173 10 10
1.973169 326 173 10 10
1.975169 326 173 10 10
1.977169 326 173 10 10
1.979169 326 173 10 10
1.981169 326 173 10 10
1.983169 326 173 10 10
1.985169 326 173 10 10
1.987169 326 173 10 10
1.989169 326 173 10 10
1.991169 326 173 10 10
1.993169 325 174 10 9
1.995169 325 174 10 9
1.997169 325 174 10 9
1.999169 325 174 10 9
2.001169 325 174 10 9
2.003169 325 174 10 9
2.005169 325 174 10 9
2.007169 325 174 10 9
2.009169 325 174 10 9
2.011169 325 174 10 9
2.013169 325 174 10 9
2.015169 324 174 10 9
2.017169 324 174 10 9
2.019169 324 174 10 9
2.021169 324 174 10 9
2.023169 324 174 10 9
2.025169 324 174 10 9
2.027169 324 174 10 9
2.029169 324 174 10 9
2.031169 324 174 10 9
2.033169 324 174 10 9
2.035169 323 174 10 9
2.037169 323 174 10 9
2.039169 323 174 10 9
2.041169 323 174 10 9
2.043169 323 174 10 9
2.045169 323 174 10 9
2.047169 323 174 10 9
2.049169 323 174 10 9
2.051169 323 174 10 9
2.053169 323 174 10 9
2.055169 323 174 10 9
2.057169 323 173 10 9
2.059169 323 173 10 9
2.061169 323 173 10 9
2.063169 323 173 10 9
2.065169 323 173 10 9
2.067169 323 173 10 9
2.069169 323 173 10 9
2.071169 323 173 10 9
2.073169 323 173 10 9
2.075169 323 173 10 9
2.077169 323 173 10 9
2.079169 323 173 10 9
2.081169 323 173 10 9
2.083169 323 173 10 9
2.085169 323 173 10 9
2.087169 323 173 10 9
2.089169 323 173 10 9
2.091169 323 173 10 9
2.093169 323 173 10 9
2.095169 323 173 10 9
2.097169 323 173 10 9
2.099169 323 173 10 9
2.101169 323 173 10 9
2.103169 323 173 10 9
2.105169 323 173 10 9
2.107169 323 173 10 9
2.109169 323 173 10 9
2.111169 323 173 10 9
2.113169 323 173 10 9
2.115169 323 173 10 9
2.117169 323 173 10 9
2.119169 323 173 10 9
2.121169 323 173 10 10
2.123169 323 173 10 10
2.125169 323 173 10 10
2.127169 323 173 10 10
2.129169 323 173 10 10
2.131169 323 173 10 10
2.133169 323 173 10 10
2.135169 323 173 10 10
2.137169 323 173 10 10
2.139169 323 173 10 10
2.141169 323 173 10 10
2.143169 323 173 10 10
2.145169 323 173 10 10
2.147169 323 173 10 10
2.149169 323 173 10 10
2.151169 323 173 10 10
2.153169 323 173 10 10
2.155169 323 173 10 10
2.157169 323 173 10 10
2.159169 323 173 10 10
2.161169 323 173 10 10
2.163169 323 173 10 10
2.165169 323 173 10 10
2.167169 323 173 10 10
2.169169 323 173 10 10
2.171169 323 173 10 10
2.173169 323 173 10 10
2.175169 323 173 10 10
2.177169 323 173 10 10
2.179169 323 173 10 10
2.181169 323 173 10 10
2.183169 323 173 10 10
2.185169 322 173 10 10
2.187169 322 173 10 10
2.189169 322 173 10 10
2.191169 322 173 10 10
2.193169 322 173 10 10
2.195169 322 173 10 10
2.197169 322 173 10 10
2.199169 322 173 10 10
2.201169 322 173 10 10
2.203169 322 173 10 10
2.205169 322 173 10 10
2.207169 322 173 10 10
2.209169 322 173 10 10
2.211169 322 173 10 10
2.213169 322 173 10 10
2.215169 322 173 10 10
2.217169 322 173 10 10
2.219169 322 173 10 10
2.221169 322 173 10 10
2.223169 322 173 10 10
2.225169 322 173 10 10
2.227169 322 173 10 10
2.229169 322 173 10 10
2.231169 322 173 10 10
2.233169 322 173 10 10
2.235169 322 173 10 10
2.237169 322 173 10 10
2.239169 322 173 10 10
2.241169 322 173 10 10
2.243169 322 173 10 10
2.245169 322 173 10 10
2.247169 322 173 10 10
2.249169 321 174 10 10
2.251169 321 174 10 10
2.253169 321 174 10 10
2.255169 321 174 10 10
2.257169 321 174 10 10
2.259169 321 174 10 10
2.261169 321 174 10 10
2.263169 321 174 10 10
2.265169 321 174 10 10
2.267169 321 174 10 10
2.269169 321 174 10 10
2.271169 321 174 10 10
2.273169 321 174 10 10
2.275169 321 174 10 10
2.277169 321 174 10 10
2.279169 321 174 10 10
2.281169 320 174 10 10
2.283169 320 174 10 10
2.285169 320 174 10 10
2.287169 320 174 10 10
2.289169 320 174 10 10
2.291169 320 174 10 10
2.293169 320 174 10 10
2.295169 320 174 10 10
2.297169 320 174 10 10
2.299169 320 174 10 10
2.301169 320 174 10 10
2.303169 320 174 10 10
2.305169 320 174 10 10
2.307169 320 174 10 10
2.309169 320 174 10 10
2.311169 320 174 10 10
2.313169 320 173 10 10
2.315169 320 173 10 10
2.317169 320 173 10 10
2.319169 320 173 10 10
2.321169 320 173 10 10
2.323169 320 173 10 10
2.325169 320 173 10 10
2.327169 320 173 10 10
2.329169 320 173 10 10
2.331169 320 173 10 10
2.333169 320 173 10 10
2.335169 320 173 10 10
2.337169 320 173 10 10
2.339169 320 173 10 10
2.341169 320 173 10 10
2.343169 320 173 10 10
2.345169 320 173 10 10
2.347169 320 173 10 10
2.349169 320 173 10 10
2.351169 320 173 10 10
2.353169 320 173 10 10
2.355169 320 173 10 10
2.357169 320 173 10 10
2.359169 320 173 10 10
2.361169 320 173 10 10
2.363169 320 173 10 10
2.365169 320 173 10 10
2.367169 320 173 10 10
2.369169 320 173 10 10
2.371169 320 173 10 10
2.373169 320 173 10 10
2.375169 320 173 10 10
2.377169 319 173 10 10
2.379169 319 173 10 10
2.381169 319 173 10 10
2.383169 319 173 10 10
2.385169 319 173 10 10
2.387169 319 173 10 10
2.389169 319 173 10 10
2.391169 319 173 10 10
2.393169 319 173 10 10
2.395169 319 173 10 10
2.397169 319 173 10 10
2.399169 318 173 10 10
2.401169 318 173 10 10
2.403169 318 173 10 10
2.405169 318 173 10 10
2.407169 318 173 10 10
2.409169 318 173 10 10
2.411169 318 173 10 10
2.413169 318 173 10 10
2.415169 318 173 10 10
2.417169 318 173 10 10
2.419169 317 173 10 10
2.421169 317 173 10 10
2.423169 317 173 10 10
2.425169 317 173 10 10
2.427169 317 173 10 10
2.429169 317 173 10 10
2.431169 317 173 10 10
2.433169 317 173 10 10
2.435169 317 173 10 10
2.437169 317 173 10 10
2.439169 317 173 10 10
2.441169 317 173 10 10
2.443169 317 173 10 10
2.445169 317 173 10 10
2.447169 317 173 10 10
2.449169 317 173 10 10
2.451169 317 173 10 10
2.453169 317 173 10 10
2.455169 317 173 10 10
2.457169 317 173 10 10
2.459169 317 173 10 10
2.461169 317 173 10 10
2.463169 317 173 10 10
2.465169 317 173 10 10
2.467169 317 173 10 10
2.469169 317 173 10 10
2.471169 317 173 10 10
2.473169 317 173 10 10
2.475169 317 173 10 10
2.477169 317 173 10 10
2.479169 317 173 10 10
2.481169 317 173 10 10
2.483169 317 173 10 10
2.485169 317 173 10 10
2.487169 317 173 10 10
2.489169 317 173 10 10
2.491169 317 173 10 10
2.493169 317 173 10 10
2.495169 317 173 10 10
2.497169 317 173 10 10
2.499169 317 173 10 10
2.501169 317 173 10 10
2.503169 317 173 10 10
2.505169 316 172 10 10
2.507169 316 172 10 10
2.509169 316 172 10 10
2.511169 316 172 10 10
2.513169 316 172 10 10
2.515169 316 172 10 10
2.517169 316 172 10 10
2.519169 316 172 10 10
2.521169 316 172 10 10
2.523169 316 172 10 10
2.525169 316 172 10 10
2.527169 316 172 10 10
2.529169 316 172 10 10
2.531169 316 172 10 10
2.533169 316 172 10 10
2.535169 316 172 10 10
2.537169 316 172 10 10
2.539169 316 172 10 10
2.541169 316 172 10 10
2.543169 316 172 10 10
2.545169 316 172 10 10
2.547169 316 172 10 10
2.549169 316 172 10 10
2.551169 316 172 10 10
2.553169 316 172 10 10
2.555169 316 172 10 10
2.557169 316 172 10 10
2.559169 316 172 10 10
2.561169 316 172 10 10
2.563169 316 172 10 10
2.565169 316 172 10 10
2.567169 316 172 10 10
2.569169 315 172 10 9
2.571169 315 172 10 9
2.573169 315 172 10 9
2.575169 315 172 10 9
2.577169 315 172 10 9
2.579169 315 172 10 9
2.581169 315 172 10 9
2.583169 315 172 10 9
2.585169 315 172 10 9
2.587169 315 172 10 9
2.589169 315 172 10 9
2.591169 315 172 10 9
2.593169 315 172 10 9
2.595169 315 172 10 9
2.597169 315 172 10 9
2.599169 315 172 10 9
2.601169 314 172 10 8
2.603169 314 172 10 8
2.605169 314 172 10 8
2.607169 314 172 10 8
2.609169 314 172 10 8
2.611169 314 172 10 8
2.613169 314 172 10 8
2.615169 314 172 10 8
2.617169 314 172 10 8
2.619169 314 172 10 8
2.621169 314 172 10 8
2.623169 314 172 10 8
2.625169 314 172 10 8
2.627169 314 172 10 8
2.629169 314 172 10 8
2.631169 314 172 10 8
2.633169 314 173 10 8
2.635169 314 173 10 8
2.637169 314 173 10 8
2.639169 314 173 10 8
2.641169 314 173 10 8
2.643169 314 173 10 8
2.645169 314 173 10 8
2.647169 314 173 10 8
2.649169 314 173 10 8
2.651169 314 173 10 8
2.653169 314 173 10 8
2.655169 314 173 10 8
2.657169 314 173 10 8
2.659169 314 173 10 8
2.661169 314 173 10 8
2.663169 314 173 10 8
2.665169 314 173 10 9
2.667169 314 173 10 9
2.669169 314 173 10 9
2.671169 314 173 10 9
2.673169 314 173 10 9
2.675169 314 173 10 9
2.677169 314 173 10 9
2.679169 314 173 10 9
2.681169 314 173 10 9
2.683169 314 173 10 9
2.685169 314 173 10 9
2.687169 314 173 10 9
2.689169 314 173 10 9
2.691169 314 173 10 9
2.693169 314 173 10 9
2.695169 314 173 10 9
2.697169 313 173 10 9
2.699169 313 173 10 9
2.701169 313 173 10 9
2.703169 313 173 10 9
2.705169 313 173 10 9
2.707169 313 173 10 9
2.709169 313 173 10 9
2.711169 313 173 10 9
2.713169 313 173 10 9
2.715169 313 173 10 9
2.717169 313 173 10 9
2.719169 313 173 10 9
2.721169 313 173 10 9
2.723169 313 173 10 9
2.725169 313 173 10 9
2.727169 313 173 10 9
2.729169 312 173 10 9
2.731169 312 173 10 9
2.733169 312 173 10 9
2.735169 312 173 10 9
2.737169 312 173 10 9
2.739169 312 173 10 9
2.741169 312 173 10 9
2.743169 312 173 10 9
2.745169 312 173 10 9
2.747169 312 173 10 9
2.749169 312 173 10 9
2.751169 312 173 10 9
2.753169 312 173 10 9
2.755169 312 173 10 9
2.757169 312 173 10 9
2.759169 312 173 10 9
2.761169 312 173 9 8
2.763169 312 173 9 8
2.765169 312 173 9 8
2.767169 312 173 9 8
2.769169 312 173 9 8
2.771169 312 173 9 8
2.773169 312 173 9 8
2.775169 312 173 9 8
2.777169 312 173 8 8
2.779169 312 173 8 8
2.781169 312 173 8 8
2.783169 312 173 8 8
2.785169 312 173 8 8
2.787169 312 173 8 8
2.789169 312 173 8 8
2.791169 312 173 8 8
2.793169 312 174 7 7
2.795169 312 174 7 7
2.797169 312 174 7 7
2.799169 312 174 7 7
2.801169 312 174 7 7
2.803169 312 174 7 7
2.805169 312 174 7 7
2.807169 312 174 7 7
2.809169 312 174 6 7
2.811169 312 174 6 7
2.813169 312 174 6 7
2.815169 312 174 6 7
2.817169 312 174 6 7
2.819169 312 174 6 7
2.821169 312 174 6 7
2.823169 312 174 6 7
2.825169 312 174 6 7
2.827169 312 174 6 7
2.829169 312 174 6 7
2.831169 312 174 6 7
2.833169 312 174 6 7
2.835169 312 174 6 7
2.837169 312 174 6 7
2.839169 312 174 6 7
2.841169 312 174 7 7
2.843169 312 174 7 7
2.845169 312 174 7 7
2.847169 312 174 7 8
2.849169 312 174 7 8
2.851169 312 174 7 8
2.853169 312 174 7 8
2.855169 312 174 7 8
2.857169 311 173 8 8
2.859169 311 173 8 8
2.861169 311 173 8 8
2.863169 311 173 8 8
2.865169 311 173 8 8
2.867169 311 173 8 9
2.869169 311 173 8 9
2.871169 311 173 8 9
2.873169 311 173 9 9
2.875169 311 173 9 9
2.877169 311 173 9 9
2.879169 311 173 9 9
2.881169 311 173 9 9
2.883169 311 173 9 9
2.885169 311 173 9 9
2.887169 311 173 9 9
2.889169 310 173 10 10
2.891169 310 173 10 10
2.893169 310 173 10 10
2.895169 310 173 10 10
2.897169 310 173 10 10
2.899169 310 173 10 10
2.901169 310 173 10 10
2.903169 310 173 10 10
2.905169 310 173 10 10
2.907169 310 173 10 10
2.909169 310 173 10 10
2.911169 310 173 10 10
2.913169 310 173 10 10
2.915169 310 173 10 10
2.917169 310 173 10 10
2.919169 310 173 10 10
2.921169 309 173 10 10
2.923169 309 173 10 10
2.925169 309 173 10 10
2.927169 309 173 10 10
2.929169 309 173 10 10
2.931169 309 173 10 10
2.933169 309 173 10 10
2.935169 309 173 10 10
2.937169 309 173 10 10
2.939169 309 173 10 10
2.941169 309 173 10 10
2.943169 309 173 10 10
2.945169 309 173 10 10
2.947169 309 173 10 10
2.949169 309 173 10 10
2.951169 309 173 10 10
2.953169 308 174 10 10
2.955169 308 174 10 10
2.957169 308 174 10 10
2.959169 308 174 10 10
2.961169 308 174 10 10
2.963169 308 174 10 10
2.965169 308 174 10 10
2.967169 308 174 10 10
2.969169 308 174 10 10
2.971169 308 174 10 10
2.973169 308 174 10 10
2.975169 308 174 10 10
2.977169 308 174 10 10
2.979169 308 174 10 10
2.981169 308 174 10 10
2.983169 308 174 10 10
2.985169 308 174 10 10
2.987169 308 174 10 10
2.989169 308 174 10 10
2.991169 308 174 10 10
2.993169 308 174 10 10
2.995169 308 174 10 10
2.997169 308 174 10 10
2.999169 308 174 10 10
3.001169 308 174 10 10
3.003169 308 174 10 10
3.005169 308 174 10 10
3.007169 308 174 10 10
3.009169 308 174 10 10
3.011169 308 174 10 10
3.013169 308 174 10 10
3.015169 308 174 10 10
3.017169 307 174 10 10
3.019169 307 174 10 10
3.021169 307 174 10 10
3.023169 307 174 10 10
3.025169 307 174 10 10
3.027169 307 174 10 10
3.029169 307 174 10 10
3.031169 307 174 10 10
3.033169 307 174 10 10
3.035169 307 174 10 10
3.037169 307 174 10 10
3.039169 307 174 10 10
3.041169 307 174 10 10
3.043169 307 174 10 10
3.045169 307 174 10 10
3.047169 307 174 10 10
3.049169 307 174 10 10
3.051169 307 174 10 10
3.053169 307 174 10 10
3.055169 307 174 10 10
3.057169 307 174 10 10
3.059169 307 174 10 10
3.061169 307 174 10 10
3.063169 307 174 10 10
3.065169 307 174 10 10
3.067169 307 174 10 10
3.069169 307 174 10 10
3.071169 307 174 10 10
3.073169 307 174 10 10
3.075169 307 174 10 10
3.077169 307 174 10 10
3.079169 307 174 10 10
3.081169 307 174 10 10
3.083169 307 174 10 10
3.085169 307 174 10 10
3.087169 307 174 10 10
3.089169 307 174 10 10
3.091169 307 174 10 10
3.093169 307 174 10 10
3.095169 307 174 10 10
3.097169 307 174 10 10
3.099169 307 174 10 10
3.101169 307 174 10 10
3.103169 307 174 10 10
3.105169 307 174 10 10
3.107169 307 174 10 10
3.109169 307 174 10 10
3.111169 307 174 10 10
3.113169 307 174 10 10
3.115169 307 174 10 10
3.117169 307 174 10 10
3.119169 307 174 10 10
3.121169 307 174 10 10
3.123169 307 174 10 10
3.125169 307 174 10 10
3.127169 307 174 10 10
3.129169 307 174 10 10
3.131169 307 174 10 10
3.133169 307 174 10 10
3.135169 307 174 10 10
3.137169 307 174 10 10
3.139169 307 174 10 10
3.141169 307 174 10 10
3.143169 307 174 10 10
3.145169 306 173 10 10
3.147169 306 173 10 10
3.149169 305 173 10 10
3.151169 305 173 10 10
3.153169 304 173 10 10
3.155169 304 173 11 10
3.157169 303 173 11 10
3.159169 303 173 11 10
3.161169 302 173 11 10
3.163169 302 173 12 10
3.165169 301 173 12 10
3.167169 301 172 12 10
3.169169 300 172 12 10
3.171169 300 172 12 10
3.173169 299 172 13 10
3.175169 299 172 13 10
3.177169 298 172 13 10
3.179169 298 172 13 10
3.181169 297 172 14 10
3.183169 297 172 14 10
3.185169 296 172 14 10
3.187169 296 172 14 10
3.189169 295 171 14 10
3.191169 295 171 15 10
3.193169 294 171 15 10
3.195169 294 171 15 10
3.197169 293 171 15 10
3.199169 293 171 15 10
3.201169 292 171 16 10
3.203169 292 171 16 10
3.205169 291 171 16 10
3.207169 291 171 16 10
3.209169 290 170 17 10
3.211169 290 170 17 10
3.213169 289 170 17 10
3.215169 289 170 17 10
3.217169 288 170 17 10
3.219169 288 170 17 10
3.221169 287 170 17 10
3.223169 287 170 17 10
3.225169 286 170 17 10
3.227169 286 170 17 10
3.229169 285 170 17 10
3.231169 285 169 17 10
3.233169 284 169 17 10
3.235169 283 169 17 10
3.237169 283 169 17 10
3.239169 282 169 17 10
3.241169 282 169 17 10
3.243169 281 169 17 10
3.245169 281 169 17 10
3.247169 280 169 17 10
3.249169 280 169 17 10
3.251169 279 169 17 10
3.253169 279 168 17 10
3.255169 278 168 17 10
3.257169 278 168 17 10
3.259169 277 168 17 10
3.261169 277 168 17 10
3.263169 276 168 17 10
3.265169 275 168 17 10
3.267169 275 168 17 10
3.269169 274 168 17 10
3.271169 274 168 17 10
3.273169 273 167 17 10
3.275169 273 167 17 10
3.277169 273 167 17 10
3.279169 272 167 17 10
3.281169 272 167 17 10
3.283169 271 167 17 10
3.285169 271 167 17 10
3.287169 270 167 17 10
3.289169 270 167 17 10
3.291169 269 167 17 10
3.293169 269 167 17 10
3.295169 269 167 17 10
3.297169 268 167 17 10
3.299169 268 167 17 10
3.301169 267 167 17 10
3.303169 267 167 17 10
3.305169 266 167 17 10
3.307169 266 167 17 10
3.309169 266 167 17 10
3.311169 265 167 17 10
3.313169 265 167 17 10
3.315169 264 167 17 10
3.317169 264 167 17 10
3.319169 263 167 17 10
3.321169 263 167 17 10
3.323169 262 167 17 10
3.325169 262 167 17 10
3.327169 262 167 17 10
3.329169 261 167 17 10
3.331169 261 167 17 10
3.333169 260 167 17 10
3.335169 260 167 17 10
3.337169 259 167 17 10
3.339169 259 167 17 10
3.341169 258 167 17 10
3.343169 258 167 17 10
3.345169 257 167 17 10
3.347169 257 167 17 10
3.349169 256 167 17 10
3.351169 256 167 17 10
3.353169 255 167 17 10
3.355169 255 167 17 10
3.357169 254 167 17 10
3.359169 254 167 17 10
3.361169 253 167 17 10
3.363169 252 167 17 10
3.365169 252 167 17 10
3.367169 251 167 17 10
3.369169 251 167 17 10
3.371169 250 167 17 10
3.373169 250 167 17 10
3.375169 249 167 17 10
3.377169 249 167 17 10
3.379169 248 167 17 10
3.381169 248 167 17 10
3.383169 247 167 17 10
3.385169 247 167 17 10
3.387169 246 167 17 10
3.389169 246 167 17 10
3.391169 245 167 17 10
3.393169 244 167 17 10
3.395169 244 167 17 10
3.397169 243 167 17 10
3.399169 243 167 17 10
3.401169 242 166 16 9
3.403169 242 166 16 9
3.405169 242 166 16 9
3.407169 241 166 16 9
3.409169 241 166 16 9
3.411169 240 166 16 9
3.413169 240 166 15 9
3.415169 239 166 15 8
3.417169 239 166 15 8
3.419169 238 166 15 8
3.421169 238 166 15 8
3.423169 238 166 14 8
3.425169 237 166 14 8
3.427169 237 166 14 7
3.429169 236 166 14 7
3.431169 236 166 14 7
3.433169 235 166 13 7
3.435169 235 166 13 7
3.437169 235 166 13 7
3.439169 234 166 13 6
3.441169 234 166 13 6
3.443169 233 166 13 6
3.445169 233 166 12 6
3.447169 232 166 12 6
3.449169 232 166 12 6
3.451169 231 166 12 6
3.453169 231 166 12 5
3.455169 231 166 11 5
3.457169 230 166 11 5
3.459169 230 166 11 5
3.461169 229 166 11 5
3.463169 229 166 11 5
3.465169 228 166 10 5
3.467169 228 166 10 5
3.469169 228 166 10 5
3.471169 227 166 10 5
3.473169 227 166 10 5
3.475169 227 166 10 5
3.477169 226 166 10 5
3.479169 226 166 10 6
3.481169 226 166 10 6
3.483169 225 166 10 6
3.485169 225 166 10 6
3.487169 225 166 10 6
3.489169 224 166 10 6
3.491169 224 166 10 7
3.493169 224 166 10 7
3.495169 223 166 10 7
3.497169 223 166 10 7
3.499169 223 166 10 7
3.501169 222 166 10 7
3.503169 222 166 10 8
3.505169 222 166 10 8
3.507169 221 166 10 8
3.509169 221 166 10 8
3.511169 221 166 10 8
3.513169 220 166 10 8
3.515169 220 166 10 8
3.517169 219 166 10 9
3.519169 219 166 10 9
3.521169 219 166 10 9
3.523169 218 166 10 9
3.525169 218 166 10 9
3.527169 218 166 10 9
3.529169 217 167 10 10
3.531169 217 167 10 10
3.533169 216 167 10 10
3.535169 216 167 10 10
3.537169 215 167 10 10
3.539169 215 167 10 10
3.541169 214 167 10 10
3.543169 214 167 10 10
3.545169 213 167 10 10
3.547169 213 167 10 10
3.549169 212 167 10 10
3.551169 212 167 10 10
3.553169 211 167 10 10
3.555169 210 167 10 10
3.557169 210 167 10 10
3.559169 209 167 10 10
3.561169 209 167 10 10
3.563169 208 167 10 10
3.565169 208 167 10 10
3.567169 207 167 10 10
3.569169 207 167 10 10
3.571169 206 167 10 10
3.573169 206 167 10 10
3.575169 205 167 10 10
3.577169 205 167 10 10
3.579169 204 167 10 10
3.581169 204 167 10 10
3.583169 203 167 10 10
3.585169 203 167 10 10
3.587169 202 167 10 10
3.589169 201 167 10 10
3.591169 201 167 10 10
3.593169 200 168 11 9
3.595169 200 168 11 9
3.597169 200 168 11 9
3.599169 199 168 11 9
3.601169 199 168 11 9
3.603169 199 168 11 9
3.605169 198 168 11 9
3.607169 198 168 11 9
3.609169 197 168 11 8
3.611169 197 168 11 8
3.613169 197 168 11 8
3.615169 196 168 11 8
3.617169 196 168 11 8
3.619169 196 168 11 8
3.621169 195 168 11 8
3.623169 195 168 11 8
3.625169 194 168 11 7
3.627169 194 168 11 7
3.629169 194 168 11 7
3.631169 193 168 11 7
3.633169 193 168 11 7
3.635169 193 168 11 7
3.637169 192 168 11 7
3.639169 192 168 11 7
3.641169 191 168 11 6
3.643169 191 168 11 6
3.645169 191 168 11 6
3.647169 190 168 11 6
3.649169 190 168 11 6
3.651169 190 168 11 6
3.653169 189 168 11 6
3.655169 189 168 11 6
3.657169 188 168 11 6
3.659169 188 168 11 6
3.661169 188 168 11 6
3.663169 187 168 11 6
3.665169 187 168 11 6
3.667169 187 168 11 6
3.669169 186 168 11 6
3.671169 186 168 11 6
3.673169 185 168 11 7
3.675169 185 168 11 7
3.677169 185 168 11 7
3.679169 184 168 11 7
3.681169 184 168 11 7
3.683169 184 168 11 7
3.685169 183 168 11 7
3.687169 183 168 11 7
3.689169 182 168 10 8
3.691169 182 168 10 8
3.693169 182 168 10 8
3.695169 181 168 10 8
3.697169 181 168 10 8
3.699169 181 168 10 8
3.701169 180 168 10 8
3.703169 180 168 10 8
3.705169 179 168 10 9
3.707169 179 168 10 9
3.709169 179 168 10 9
3.711169 178 168 10 9
3.713169 178 168 10 9
3.715169 178 168 10 9
3.717169 177 168 10 9
3.719169 177 168 10 9
3.721169 176 168 10 10
3.723169 176 168 10 10
3.725169 176 168 10 10
3.727169 176 168 10 10
3.729169 175 168 10 10
3.731169 175 168 10 10
3.733169 175 168 10 10
3.735169 175 168 10 10
3.737169 174 168 10 10
3.739169 174 168 10 10
3.741169 174 168 10 10
3.743169 174 168 10 10
3.745169 173 168 10 10
3.747169 173 168 10 10
3.749169 173 168 10 10
3.751169 173 168 10 10
3.753169 172 168 10 10
3.755169 172 168 10 10
3.757169 172 168 10 10
3.759169 172 168 10 10
3.761169 171 168 10 10
3.763169 171 168 10 10
3.765169 171 168 10 10
3.767169 171 168 10 10
3.769169 170 168 10 10
3.771169 170 168 10 10
3.773169 170 168 10 10
3.775169 170 168 10 10
3.777169 169 168 10 10
3.779169 169 168 10 10
3.781169 169 168 10 10
3.783169 169 168 10 10
3.785169 168 168 9 9
3.787169 168 168 9 9
3.789169 168 168 9 9
3.791169 168 168 9 9
3.793169 167 168 9 9
3.795169 167 168 9 9
3.797169 167 168 9 9
3.799169 166 168 9 8
3.801169 166 168 9 8
3.803169 166 168 9 8
3.805169 166 168 9 8
3.807169 165 168 9 8
3.809169 165 168 9 8
3.811169 165 168 9 7
3.813169 165 168 9 7
3.815169 164 168 9 7
3.817169 164 168 9 7
3.819169 164 168 9 7
3.821169 163 168 9 7
3.823169 163 168 9 7
3.825169 163 168 9 6
3.827169 163 168 9 6
3.829169 162 168 9 6
3.831169 162 168 9 6
3.833169 162 168 9 6
3.835169 161 168 9 6
3.837169 161 168 9 5
3.839169 161 168 9 5
3.841169 161 168 9 5
3.843169 160 168 9 5
3.845169 160 168 9 5
3.847169 160 168 9 5
3.849169 159 167 9 5
3.851169 159 167 9 5
3.853169 159 167 9 5
3.855169 159 167 9 5
3.857169 158 167 9 5
3.859169 158 167 9 5
3.861169 158 167 9 5
3.863169 157 167 9 5
3.865169 157 167 9 5
3.867169 157 167 9 5
3.869169 157 167 9 5
3.871169 156 167 10 6
3.873169 156 167 10 6
3.875169 156 167 10 6
3.877169 156 167 10 6
3.879169 155 167 10 6
3.881169 155 166 10 6
3.883169 155 166 10 6
3.885169 154 166 10 6
3.887169 154 166 10 6
3.889169 154 166 10 6
3.891169 154 166 10 6
3.893169 153 166 11 7
3.895169 153 166 11 7
3.897169 153 166 11 7
3.899169 152 166 11 7
3.901169 152 166 11 7
3.903169 152 166 11 7
3.905169 152 166 11 7
3.907169 151 166 11 7
3.909169 151 166 11 7
3.911169 151 166 11 7
3.913169 150 166 11 7
3.915169 150 166 11 7
3.917169 150 166 11 7
3.919169 150 166 11 7
3.921169 150 166 11 7
3.923169 149 166 11 7
3.925169 149 166 11 7
3.927169 149 166 11 7
3.929169 149 166 11 7
3.931169 149 166 11 7
3.933169 148 166 11 7
3.935169 148 166 11 7
3.937169 148 166 11 7
3.939169 148 166 11 7
3.941169 147 166 11 7
3.943169 147 166 11 7
3.945169 147 167 10 6
3.947169 147 167 10 6
3.949169 147 167 10 6
3.951169 146 167 10 6
3.953169 146 167 10 6
3.955169 146 167 10 6
3.957169 146 167 10 6
3.959169 145 167 10 6
3.961169 145 167 10 6
3.963169 145 167 10 6
3.965169 145 167 10 6
3.967169 145 167 10 6
3.969169 144 167 10 6
3.971169 144 167 10 6
3.973169 144 167 10 6
3.975169 144 167 10 6
3.977169 143 168 10 6
3.979169 143 168 10 6
3.981169 143 168 10 6
3.983169 143 168 10 6
3.985169 143 168 10 6
3.987169 142 168 10 6
3.989169 142 168 10 6
3.991169 142 168 10 6
3.993169 142 168 10 6
3.995169 142 168 10 6
3.997169 141 168 10 6
3.999169 141 168 10 6
4.001169 141 168 10 6
4.003169 141 168 10 6
4.005169 140 168 10 6
4.007169 140 168 10 6
4.009169 140 168 10 6
4.011169 140 168 10 6
4.013169 140 168 10 6
4.015169 139 168 10 6
4.017169 139 168 10 6
4.019169 139 168 10 6
4.021169 139 168 10 6
4.023169 138 168 10 6
4.025169 138 168 10 6
4.027169 138 168 10 6
4.029169 138 168 10 6
4.031169 138 168 10 6
4.033169 137 168 10 6
4.035169 137 168 10 6
4.037169 137 168 10 6
4.039169 137 168 10 6
4.041169 136 169 10 6
4.043169 136 169 10 6
4.045169 136 169 10 6
4.047169 136 169 10 6
4.049169 136 169 10 6
4.051169 135 169 10 6
4.053169 135 169 10 6
4.055169 135 169 10 6
4.057169 135 169 10 6
4.059169 135 169 10 6
4.061169 134 169 10 6
4.063169 134 169 10 6
4.065169 134 169 10 6
4.067169 134 169 10 6
4.069169 133 169 10 6
4.071169 133 169 10 6
4.073169 133 169 10 7
4.075169 133 169 10 7
4.077169 133 169 10 7
4.079169 132 169 10 7
4.081169 132 169 10 7
4.083169 132 169 10 7
4.085169 132 169 10 7
4.087169 131 169 10 7
4.089169 131 169 10 7
4.091169 131 169 10 7
4.093169 131 169 10 7
4.095169 131 169 10 7
4.097169 130 169 10 7
4.099169 130 169 10 7
4.101169 130 169 10 7
4.103169 130 169 10 7
4.105169 129 168 9 7
4.107169 129 168 9 7
4.109169 129 168 9 7
4.111169 129 168 9 7
4.113169 129 168 9 7
4.115169 129 168 9 7
4.117169 129 168 9 7
4.119169 128 168 9 7
4.121169 128 168 9 7
4.123169 128 168 9 7
4.125169 128 168 9 7
4.127169 128 168 9 7
4.129169 128 168 9 7
4.131169 127 168 9 7
4.133169 127 168 9 7
4.135169 127 168 9 7
4.137169 127 168 9 7
4.139169 127 168 9 7
4.141169 127 168 9 7
4.143169 127 168 9 7
4.145169 126 168 9 7
4.147169 126 168 9 7
4.149169 126 168 9 7
4.151169 126 168 9 7
4.153169 126 168 9 7
4.155169 126 168 9 7
4.157169 125 168 9 7
4.159169 125 168 9 7
4.161169 125 168 9 7
4.163169 125 168 9 7
4.165169 125 168 9 7
4.167169 125 168 9 7
4.169169 124 167 8 6
4.171169 124 167 8 6
4.173169 124 167 8 6
4.175169 124 167 8 6
4.177169 124 167 8 6
4.179169 124 167 8 6
4.181169 124 167 8 6
4.183169 124 167 8 6
4.185169 123 167 7 6
4.187169 123 167 7 6
4.189169 123 167 7 6
4.191169 123 167 7 5
4.193169 123 167 7 5
4.195169 123 167 7 5
4.197169 123 167 7 5
4.199169 123 167 7 5
4.201169 122 167 6 5
4.203169 122 167 6 5
4.205169 122 167 6 5
4.207169 122 167 6 5
4.209169 122 167 6 5
4.211169 122 167 6 5
4.213169 122 167 6 4
4.215169 122 167 6 4
4.217169 121 167 5 4
4.219169 121 167 5 4
4.221169 121 167 5 4
4.223169 121 167 5 4
4.225169 121 167 5 4
4.227169 121 167 5 4
4.229169 121 167 5 4
4.231169 121 167 5 4
4.233169 120 166 5 4
4.235169 120 166 5 4
4.237169 120 166 5 4
4.239169 120 166 5 4
4.241169 120 166 5 4
4.243169 120 166 5 4
4.245169 120 166 5 4
4.247169 119 166 5 4
4.249169 119 166 5 4
4.251169 119 166 5 4
4.253169 119 166 5 4
4.255169 119 166 5 4
4.257169 119 166 5 4
4.259169 118 166 5 4
4.261169 118 166 5 4
4.263169 118 166 5 4
4.265169 118 166 5 4
4.267169 118 166 5 4
4.269169 118 166 5 4
4.271169 118 166 5 4
4.273169 117 166 5 4
4.275169 117 166 5 4
4.277169 117 166 5 4
4.279169 117 166 5 4
4.281169 117 166 5 4
4.283169 117 166 5 4
4.285169 116 166 5 4
4.287169 116 166 5 4
4.289169 116 166 5 4
4.291169 116 166 5 4
4.293169 116 166 5 4
4.295169 116 166 5 4
4.297169 115 165 5 4
4.299169 115 165 5 4
4.301169 115 165 5 4
4.303169 115 165 5 4
4.305169 115 165 5 4
4.307169 115 165 5 4
4.309169 114 165 5 5
4.311169 114 165 6 5
4.313169 114 165 6 5
4.315169 114 165 6 5
4.317169 114 165 6 5
4.319169 113 165 6 6
4.321169 113 165 6 6
4.323169 113 165 7 6
4.325169 113 165 7 6
4.327169 113 165 7 6
4.329169 112 165 7 7
4.331169 112 165 7 7
4.333169 112 165 7 7
4.335169 112 165 7 7
4.337169 112 165 8 7
4.339169 112 165 8 7
4.341169 111 165 8 8
4.343169 111 165 8 8
4.345169 111 165 8 8
4.347169 111 165 8 8
4.349169 111 165 9 8
4.351169 110 165 9 9
4.353169 110 165 9 9
4.355169 110 165 9 9
4.357169 110 165 9 9
4.359169 110 165 9 9
4.361169 109 164 10 10
4.363169 109 164 10 10
4.365169 109 164 10 10
4.367169 109 164 10 10
4.369169 109 164 10 10
4.371169 109 164 10 10
4.373169 109 164 10 10
4.375169 108 164 10 10
4.377169 108 164 10 10
4.379169 108 164 10 10
4.381169 108 164 10 10
4.383169 108 164 10 10
4.385169 108 164 10 10
4.387169 107 164 10 10
4.389169 107 164 10 10
4.391169 107 164 10 10
4.393169 107 164 10 10
4.395169 107 164 10 10
4.397169 107 164 10 10
4.399169 107 164 10 10
4.401169 106 164 10 10
4.403169 106 164 10 10
4.405169 106 164 10 10
4.407169 106 164 10 10
4.409169 106 164 10 10
4.411169 106 164 10 10
4.413169 105 164 10 10
4.415169 105 164 10 10
4.417169 105 164 10 10
4.419169 105 164 10 10
4.421169 105 164 10 10
4.423169 105 164 10 10
4.425169 104 164 9 9
4.427169 104 164 9 9
4.429169 104 164 9 9
4.431169 104 164 9 9
4.433169 104 164 9 9
4.435169 104 164 9 9
4.437169 104 164 8 8
4.439169 104 165 8 8
4.441169 104 165 8 8
4.443169 104 165 8 8
4.445169 104 165 8 8
4.447169 104 165 7 7
4.449169 104 165 7 7
4.451169 104 166 7 7
4.453169 104 166 7 7
4.455169 104 166 7 7
4.457169 104 166 6 6
4.459169 104 166 6 6
4.461169 104 166 6 6
4.463169 104 166 6 6
4.465169 104 167 6 6
4.467169 104 167 6 6
4.469169 104 167 5 5
4.471169 104 167 5 5
4.473169 104 167 5 5
4.475169 104 167 5 5
4.477169 104 168 5 5
4.479169 104 168 4 4
4.481169 104 168 4 4
4.483169 104 168 4 4
4.485169 104 168 4 4
4.487169 104 168 4 4
4.489169 104 169 4 4
4.491169 103 168 4 4
4.493169 103 168 4 4
4.495169 103 168 4 4
4.497169 103 168 4 4
4.499169 103 168 4 4
4.501169 102 168 5 5
4.503169 102 168 5 5
4.505169 102 168 5 5
4.507169 102 168 5 5
4.509169 102 168 5 5
4.511169 101 168 6 6
4.513169 101 168 6 6
4.515169 101 168 6 6
4.517169 101 168 6 6
4.519169 101 168 6 6
4.521169 101 168 6 6
4.523169 100 167 7 7
4.525169 100 167 7 7
4.527169 100 167 7 7
4.529169 100 167 7 7
4.531169 100 167 7 7
4.533169 99 167 8 8
4.535169 99 167 8 8
4.537169 99 167 8 8
4.539169 99 167 8 8
4.541169 99 167 8 8
4.543169 98 167 9 9
4.545169 98 167 9 9
4.547169 98 167 9 9
4.549169 98 167 9 9
4.551169 98 167 9 9
4.553169 98 167 9 9
4.555169 97 166 9 9
4.557169 97 166 9 9
4.559169 97 166 9 9
4.561169 97 166 9 9
4.563169 97 166 9 9
4.565169 97 166 9 8
4.567169 97 166 8 8
4.569169 97 166 8 8
4.571169 97 166 8 8
4.573169 97 166 8 8
4.575169 96 166 8 7
4.577169 96 166 8 7
4.579169 96 166 7 7
4.581169 96 166 7 7
4.583169 96 166 7 7
4.585169 96 166 7 7
4.587169 96 165 7 6
4.589169 96 165 7 6
4.591169 96 165 7 6
4.593169 96 165 6 6
4.595169 96 165 6 6
4.597169 95 165 6 5
4.599169 95 165 6 5
4.601169 95 165 6 5
4.603169 95 165 6 5
4.605169 95 165 5 5
4.607169 95 165 5 4
4.609169 95 165 5 4
4.611169 95 165 5 4
4.613169 95 165 5 4
4.615169 95 165 5 4
4.617169 95 165 5 4
4.619169 94 164 5 4
4.621169 94 164 5 4
4.623169 94 164 5 4
4.625169 94 164 5 4
4.627169 94 164 5 4
4.629169 94 164 5 4
4.631169 94 164 5 4
4.633169 94 164 5 4
4.635169 93 164 5 4
4.637169 93 164 5 4
4.639169 93 164 5 4
4.641169 93 164 5 4
4.643169 93 164 5 4
4.645169 93 164 5 4
4.647169 93 164 5 4
4.649169 93 164 5 4
4.651169 92 164 5 4
4.653169 92 164 5 4
4.655169 92 164 5 4
4.657169 92 164 5 4
4.659169 92 164 5 4
4.661169 92 164 5 4
4.663169 92 164 5 4
4.665169 92 164 5 4
4.667169 91 164 5 4
4.669169 91 164 5 4
4.671169 91 164 5 4
4.673169 91 164 5 4
4.675169 91 164 5 4
4.677169 91 164 5 4
4.679169 91 164 5 4
4.681169 91 164 5 4
4.683169 90 163 5 5
4.685169 90 163 5 5
4.687169 90 163 5 5
4.689169 90 163 5 5
4.691169 89 163 5 5
4.693169 89 163 5 5
4.695169 89 163 6 5
4.697169 89 163 6 5
4.699169 89 163 6 5
4.701169 88 163 6 5
4.703169 88 163 6 5
4.705169 88 163 6 5
4.707169 88 163 7 5
4.709169 87 163 7 5
4.711169 87 163 7 5
4.713169 87 163 7 5
4.715169 87 162 7 5
4.717169 87 162 7 5
4.719169 86 162 7 5
4.721169 86 162 8 5
4.723169 86 162 8 5
4.725169 86 162 8 5
4.727169 85 162 8 5
4.729169 85 162 8 5
4.731169 85 162 8 5
4.733169 85 162 9 5
4.735169 85 162 9 5
4.737169 84 162 9 5
4.739169 84 162 9 5
4.741169 84 162 9 5
4.743169 84 162 9 5
4.745169 84 162 9 5
4.747169 83 161 10 6
4.749169 83 161 10 6
4.751169 83 161 10 6
4.753169 83 161 10 6
4.755169 83 161 10 6
4.757169 83 161 10 6
4.759169 83 161 10 6
4.761169 83 161 10 6
4.763169 83 161 10 7
4.765169 83 161 10 7
4.767169 83 160 10 7
4.769169 83 160 10 7
4.771169 83 160 10 7
4.773169 83 160 10 7
4.775169 83 160 10 7
4.777169 83 160 10 7
4.779169 83 160 10 8
4.781169 83 160 10 8
4.783169 83 160 10 8
4.785169 83 160 10 8
4.787169 83 160 10 8
4.789169 83 159 10 8
4.791169 83 159 10 8
4.793169 83 159 10 8
4.795169 83 159 10 9
4.797169 83 159 10 9
4.799169 83 159 10 9
4.801169 83 159 10 9
4.803169 83 159 10 9
4.805169 83 159 10 9
4.807169 83 159 10 9
4.809169 83 159 10 9
4.811169 83 159 10 9
4.813169 83 159 10 9
4.815169 83 159 10 9
4.817169 83 159 10 9
4.819169 83 159 10 9
4.821169 83 159 10 9
4.823169 83 160 9 9
4.825169 83 160 9 9
4.827169 83 160 9 9
4.829169 83 160 9 9
4.831169 83 160 9 9
4.833169 83 160 9 9
4.835169 83 161 8 9
4.837169 83 161 8 9
4.839169 83 161 8 9
4.841169 83 161 8 9
4.843169 83 161 8 8
4.845169 83 161 8 8
4.847169 83 161 8 8
4.849169 83 162 7 8
4.851169 83 162 7 8
4.853169 83 162 7 8
4.855169 83 162 7 8
4.857169 83 162 7 8
4.859169 83 162 7 8
4.861169 83 163 6 8
4.863169 83 163 6 8
4.865169 83 163 6 8
4.867169 83 163 6 8
4.869169 83 163 6 8
4.871169 83 163 6 8
4.873169 83 163 6 8
4.875169 82 163 6 8
4.877169 82 163 6 8
4.879169 82 162 6 8
4.881169 82 162 6 8
4.883169 82 162 6 8
4.885169 82 161 6 8
4.887169 82 161 6 8
4.889169 82 161 6 8
4.891169 82 160 7 8
4.893169 82 160 7 8
4.895169 82 159 7 8
4.897169 82 159 7 8
4.899169 82 159 7 8
4.901169 82 158 7 8
4.903169 82 158 7 8
4.905169 82 158 7 8
4.907169 82 157 8 9
4.909169 82 157 8 9
4.911169 82 156 8 9
4.913169 82 156 8 9
4.915169 82 156 8 9
4.917169 82 155 8 9
4.919169 82 155 8 9
4.921169 82 155 8 9
4.923169 82 154 9 9
4.925169 82 154 9 9
4.927169 82 153 9 9
4.929169 82 153 9 9
4.931169 82 153 9 9
4.933169 82 152 9 9
4.935169 82 152 9 9
4.937169 82 152 9 9
4.939169 82 152 10 10
4.941169 82 152 10 10
4.943169 82 152 10 10
4.945169 82 152 10 10
4.947169 82 152 10 10
4.949169 82 152 10 10
4.951169 82 152 10 10
4.953169 82 152 10 10
4.955169 82 152 10 10
4.957169 82 152 10 10
4.959169 82 152 10 10
4.961169 82 152 10 10
4.963169 82 152 10 10
4.965169 82 152 10 10
4.967169 82 152 10 10
4.969169 82 152 10 10
4.971169 82 152 10 10
4.973169 82 152 10 10
4.975169 82 152 10 10
4.977169 82 152 10 10
4.979169 82 152 10 10
4.981169 82 152 10 10
4.983169 82 152 10 10
4.985169 82 152 10 10
4.987169 82 152 10 10
4.989169 82 152 10 10
4.991169 82 152 10 10
4.993169 82 152 10 10
4.995169 82 152 10 10
4.997169 82 152 10 10
4.999169 82 152 10 10
5.001169 82 152 10 10
5.003169 83 152 10 9
5.005169 83 152 10 9
5.007169 83 152 10 9
5.009169 83 153 10 9
5.011169 83 153 10 9
5.013169 83 154 10 9
5.015169 83 154 10 9
5.017169 83 154 10 9
5.019169 83 155 10 9
5.021169 83 155 10 9
5.023169 83 155 10 8
5.025169 83 156 10 8
5.027169 83 156 10 8
5.029169 83 156 10 8
5.031169 83 157 10 8
5.033169 83 157 10 8
5.035169 83 157 10 8
5.037169 83 158 10 8
5.039169 83 158 10 8
5.041169 83 158 10 8
5.043169 83 159 10 8
5.045169 83 159 10 7
5.047169 83 159 10 7
5.049169 83 160 10 7
5.051169 83 160 10 7
5.053169 83 160 10 7
5.055169 83 161 10 7
5.057169 83 161 10 7
5.059169 83 161 10 7
5.061169 83 162 10 7
5.063169 83 162 10 7
5.065169 83 162 10 7
5.067169 83 162 10 7
5.069169 83 162 10 7
5.071169 83 162 10 7
5.073169 83 162 10 7
5.075169 83 162 10 7
5.077169 83 162 10 7
5.079169 83 162 10 7
5.081169 83 162 10 7
5.083169 83 162 10 7
5.085169 83 162 10 7
5.087169 83 162 10 7
5.089169 83 162 10 7
5.091169 83 162 10 7
5.093169 83 162 10 7
5.095169 83 162 10 7
5.097169 83 162 10 7
5.099169 83 161 10 7
5.101169 83 161 10 7
5.103169 83 161 10 7
5.105169 83 161 10 7
5.107169 83 161 10 7
5.109169 83 161 10 7
5.111169 83 161 10 7
5.113169 83 161 10 7
5.115169 83 161 10 7
5.117169 83 161 10 7
5.119169 83 161 10 7
5.121169 83 161 10 7
5.123169 83 161 10 7
5.125169 83 161 10 7
5.127169 83 161 10 7
5.129169 83 161 10 7
5.131169 83 161 10 6
5.133169 83 161 10 6
5.135169 83 161 10 6
5.137169 83 161 10 6
5.139169 83 161 10 6
5.141169 83 161 10 6
5.143169 83 161 10 6
5.145169 83 161 10 6
5.147169 83 162 10 6
5.149169 83 162 10 6
5.151169 83 162 10 6
5.153169 83 162 10 6
5.155169 83 162 10 6
5.157169 83 162 10 6
5.159169 83 162 10 6
5.161169 83 162 10 6
5.163169 83 163 10 6
5.165169 83 163 10 6
5.167169 83 163 10 6
5.169169 83 163 10 6
5.171169 83 163 10 6
5.173169 83 163 10 6
5.175169 83 163 10 6
5.177169 83 163 10 6
5.179169 83 164 10 6
5.181169 83 164 10 6
5.183169 83 164 10 6
5.185169 83 164 10 6
5.187169 83 164 10 6
5.189169 83 164 10 6
5.191169 83 164 10 6
5.193169 83 164 10 6
5.195169 82 165 10 6
5.197169 82 165 10 6
5.199169 82 165 10 6
5.201169 82 165 10 6
5.203169 82 165 10 6
5.205169 82 165 10 6
5.207169 82 165 10 6
5.209169 82 165 10 6
5.211169 82 165 10 6
5.213169 82 165 10 6
5.215169 82 165 10 6
5.217169 82 165 10 6
5.219169 82 165 10 6
5.221169 82 165 10 6
5.223169 82 165 10 6
5.225169 82 165 10 6
5.227169 82 165 9 7
5.229169 82 165 9 7
5.231169 82 165 9 7
5.233169 82 165 9 7
5.235169 82 165 9 7
5.237169 82 165 9 7
5.239169 82 165 9 7
5.241169 82 165 9 7
5.243169 82 165 9 7
5.245169 82 165 9 7
5.247169 82 165 9 7
5.249169 82 165 9 7
5.251169 82 165 9 7
5.253169 82 165 9 7
5.255169 82 165 9 7
5.257169 82 165 9 7
5.259169 82 165 8 7
5.261169 82 165 8 7
5.263169 82 165 8 7
5.265169 82 165 8 7
5.267169 82 165 8 7
5.269169 82 165 8 7
5.271169 82 165 8 7
5.273169 82 165 8 7
5.275169 82 165 8 7
5.277169 82 165 8 7
5.279169 82 165 8 7
5.281169 82 165 8 7
5.283169 82 165 8 7
5.285169 82 165 8 7
5.287169 82 165 8 7
5.289169 82 165 8 7
5.291169 82 165 7 7
5.293169 82 165 7 7
5.295169 82 165 7 7
5.297169 82 165 7 7
5.299169 82 165 7 7
5.301169 82 165 7 7
5.303169 82 165 7 7
5.305169 82 165 7 7
5.307169 82 165 7 7
5.309169 82 165 7 7
5.311169 82 165 7 7
5.313169 82 165 7 7
5.315169 82 165 7 7
5.317169 82 165 7 7
5.319169 82 165 7 7
5.321169 82 165 7 7
5.323169 82 165 6 7
5.325169 82 165 6 7
5.327169 82 165 6 7
5.329169 82 165 6 7
5.331169 82 165 6 7
5.333169 82 165 6 7
5.335169 82 165 6 7
5.337169 82 165 6 7
5.339169 82 165 6 7
5.341169 82 165 6 7
5.343169 82 165 6 7
5.345169 82 165 6 7
5.347169 82 165 6 7
5.349169 82 165 6 7
5.351169 82 165 6 7
5.353169 82 165 6 7
5.355169 82 165 6 7
5.357169 82 165 6 7
5.359169 82 165 6 7
5.361169 82 165 6 7
5.363169 82 165 6 7
5.365169 82 165 6 7
5.367169 82 165 6 7
5.369169 82 165 6 7
5.371169 82 165 6 7
5.373169 82 165 6 7
5.375169 82 165 6 7
5.377169 82 165 6 7
5.379169 82 165 6 7
5.381169 82 165 6 7
5.383169 82 165 6 7
5.385169 82 165 6 7
5.387169 82 165 5 6
5.389169 82 165 5 6
5.391169 82 165 5 6
5.393169 82 165 5 6
5.395169 82 165 5 6
5.397169 82 165 5 6
5.399169 82 165 5 6
5.401169 82 165 5 6
5.403169 82 165 5 6
5.405169 82 165 5 6
5.407169 82 165 5 5
5.409169 82 165 5 5
5.411169 82 165 5 5
5.413169 82 165 5 5
5.415169 82 165 5 5
5.417169 82 165 5 5
5.419169 82 166 4 5
5.421169 82 166 4 5
5.423169 82 166 4 5
5.425169 82 166 4 5
5.427169 82 166 4 5
5.429169 82 166 4 4
5.431169 82 166 4 4
5.433169 82 166 4 4
5.435169 82 166 4 4
5.437169 82 166 4 4
5.439169 82 166 4 4
5.441169 82 166 4 4
5.443169 82 166 4 4
5.445169 82 166 4 4
5.447169 82 166 4 4
5.449169 82 166 4 4
5.451169 82 166 4 4
5.453169 82 166 4 4
5.455169 82 166 4 4
5.457169 82 166 4 4
5.459169 82 166 4 4
5.461169 82 166 5 5
5.463169 82 166 5 5
5.465169 82 166 5 5
5.467169 82 166 5 5
5.469169 82 166 5 5
5.471169 81 166 6 6
5.473169 81 166 6 6
5.475169 81 166 6 6
5.477169 81 166 6 6
5.479169 81 166 6 6
5.481169 81 166 6 6
5.483169 81 165 7 7
5.485169 81 165 7 7
5.487169 81 165 7 7
5.489169 81 165 7 7
5.491169 81 165 7 7
5.493169 80 165 8 8
5.495169 80 165 8 8
5.497169 80 165 8 8
5.499169 80 165 8 8
5.501169 80 165 8 8
5.503169 80 165 9 9
5.505169 80 165 9 9
5.507169 80 165 9 9
5.509169 80 165 9 9
5.511169 80 165 9 9
5.513169 80 165 9 9
5.515169 80 165 9 9
5.517169 80 165 9 9
5.519169 80 165 9 9
5.521169 80 165 9 9
5.523169 80 165 9 9
5.525169 80 165 9 9
5.527169 80 165 9 9
5.529169 80 165 9 9
5.531169 80 165 9 9
5.533169 80 165 9 9
5.535169 80 165 8 8
5.537169 80 165 8 8
5.539169 80 165 8 8
5.541169 80 165 8 8
5.543169 80 165 8 8
5.545169 80 165 8 8
5.547169 80 165 8 8
5.549169 80 165 8 8
5.551169 80 165 8 8
5.553169 80 165 8 8
5.555169 80 165 8 8
5.557169 80 165 7 7
5.559169 80 165 7 7
5.561169 80 165 7 7
5.563169 80 165 7 7
5.565169 80 165 7 7
5.567169 80 165 7 7
5.569169 80 165 7 7
5.571169 80 165 7 7
5.573169 80 165 7 7
5.575169 80 165 7 7
5.577169 80 165 7 7
5.579169 80 165 6 7
5.581169 80 165 6 7
5.583169 80 165 6 7
5.585169 80 165 6 7
5.587169 80 165 6 7
5.589169 80 165 6 7
5.591169 80 165 6 7
5.593169 80 165 6 7
5.595169 80 165 6 7
5.597169 80 165 6 7
5.599169 80 165 6 7
5.601169 80 165 6 7
5.603169 80 165 6 7
5.605169 80 165 6 7
5.607169 80 165 6 7
5.609169 80 165 6 7
5.611169 80 165 6 7
5.613169 80 165 6 7
5.615169 80 165 6 7
5.617169 80 165 6 7
5.619169 80 165 6 7
5.621169 80 165 6 7
5.623169 80 165 6 7
5.625169 80 165 6 7
5.627169 80 165 6 7
5.629169 80 165 6 7
5.631169 80 165 6 7
5.633169 80 165 6 7
5.635169 80 165 6 7
5.637169 80 165 6 7
5.639169 80 165 6 7
5.641169 80 165 6 7
5.643169 80 165 5 7
5.645169 80 165 5 7
5.647169 80 165 5 7
5.649169 80 165 5 7
5.651169 80 165 5 7
5.653169 80 165 5 7
5.655169 80 165 5 7
5.657169 80 165 5 7
5.659169 80 165 5 7
5.661169 80 165 5 7
5.663169 80 165 5 7
5.665169 80 165 5 7
5.667169 80 165 5 7
5.669169 80 165 5 7
5.671169 80 165 5 7
5.673169 80 165 5 7
5.675169 80 165 5 7
5.677169 80 165 5 7
5.679169 80 165 5 7
5.681169 80 165 5 7
5.683169 80 165 5 7
5.685169 80 165 5 7
5.687169 80 165 5 7
5.689169 80 165 5 7
5.691169 80 165 5 7
5.693169 80 165 5 7
5.695169 80 165 5 7
5.697169 80 165 5 7
5.699169 80 165 5 7
5.701169 80 165 5 7
5.703169 80 165 5 7
5.705169 80 165 5 7
5.707169 79 165 5 6
5.709169 79 165 5 6
5.711169 79 165 5 6
5.713169 79 165 5 6
5.715169 79 165 5 6
5.717169 79 165 5 6
5.719169 79 165 5 6
5.721169 79 165 5 6
5.723169 79 165 5 6
5.725169 79 165 5 6
5.727169 79 165 5 6
5.729169 79 165 5 6
5.731169 79 165 5 6
5.733169 79 165 5 6
5.735169 79 165 5 6
5.737169 79 165 5 6
5.739169 79 165 5 6
5.741169 79 165 5 6
5.743169 79 165 5 6
5.745169 79 165 5 6
5.747169 79 165 5 6
5.749169 79 165 5 6
5.751169 79 165 5 6
5.753169 79 165 5 6
5.755169 79 165 5 6
5.757169 79 165 5 6
5.759169 79 165 5 6
5.761169 79 165 5 6
5.763169 79 165 5 6
5.765169 79 165 5 6
5.767169 79 165 5 6
5.769169 79 165 5 6
5.771169 78 165 6 6
5.773169 78 165 6 6
5.775169 78 165 6 6
5.777169 78 165 6 6
5.779169 78 165 6 6
5.781169 78 165 6 6
5.783169 78 165 6 6
5.785169 78 165 6 6
5.787169 78 165 6 6
5.789169 78 165 6 6
5.791169 78 165 7 6
5.793169 78 165 7 6
5.795169 78 165 7 6
5.797169 78 165 7 6
5.799169 78 165 7 6
5.801169 78 165 7 6
5.803169 77 165 7 7
5.805169 77 165 7 7
5.807169 77 165 7 7
5.809169 77 165 7 7
5.811169 77 165 7 7
5.813169 77 165 8 7
5.815169 77 165 8 7
5.817169 77 165 8 7
5.819169 77 165 8 7
5.821169 77 165 8 7
5.823169 77 165 8 7
5.825169 77 165 8 7
5.827169 77 165 8 7
5.829169 77 165 8 7
5.831169 77 165 8 7
5.833169 77 165 8 7
5.835169 77 165 8 7
5.837169 77 165 8 7
5.839169 77 165 8 7
5.841169 77 165 8 7
5.843169 77 165 8 7
5.845169 77 165 8 7
5.847169 77 165 8 7
5.849169 77 165 8 7
5.851169 77 165 8 7
5.853169 77 165 8 7
5.855169 77 165 7 6
5.857169 77 165 7 6
5.859169 77 165 7 6
5.861169 77 165 7 6
5.863169 77 165 7 6
5.865169 77 165 7 6
5.867169 78 165 7 6
5.869169 78 165 7 6
5.871169 78 165 7 6
5.873169 78 165 7 6
5.875169 78 165 7 6
5.877169 78 165 6 5
5.879169 78 165 6 5
5.881169 78 165 6 5
5.883169 78 165 6 5
5.885169 78 165 6 5
5.887169 78 165 6 5
5.889169 78 165 6 5
5.891169 78 165 6 5
5.893169 78 165 6 5
5.895169 78 165 6 5
5.897169 78 165 6 5
5.899169 79 166 5 4
5.901169 79 166 5 4
5.903169 79 166 5 4
5.905169 79 166 5 4
5.907169 79 166 5 4
5.909169 79 166 5 4
5.911169 79 166 5 4
5.913169 79 166 5 4
5.915169 79 166 5 4
5.917169 79 166 5 4
5.919169 79 166 5 4
5.921169 79 166 5 4
5.923169 79 166 5 4
5.925169 79 166 5 4
5.927169 79 166 5 4
5.929169 79 166 5 4
5.931169 79 166 4 4
5.933169 79 166 4 4
5.935169 79 166 4 4
5.937169 79 166 4 4
5.939169 79 166 4 4
5.941169 79 166 4 4
5.943169 79 166 4 4
5.945169 79 166 4 4
5.947169 79 166 4 4
5.949169 79 166 4 4
5.951169 79 166 4 4
5.953169 79 166 4 4
5.955169 79 166 4 4
5.957169 79 166 4 4
5.959169 79 166 4 4
5.961169 79 166 4 4
