0.028349 185 173 14 4
0.030349 184 172 14 4
0.032349 184 172 14 4
0.034349 183 172 14 4
0.036349 183 172 14 4
0.038349 183 172 14 4
0.040349 182 172 14 5
0.042349 182 172 14 5
0.044349 182 172 14 5
0.046349 181 172 14 5
0.048349 181 172 14 5
0.050349 180 172 15 6
0.052349 180 172 15 6
0.054349 180 172 15 6
0.056349 179 172 15 6
0.058349 179 172 15 6
0.060349 179 172 15 6
0.062349 178 172 15 7
0.064349 178 172 15 7
0.066349 177 172 15 7
0.068349 177 172 15 7
0.070349 177 172 15 7
0.072349 176 172 16 8
0.074349 176 172 16 8
0.076349 176 172 16 8
0.078349 175 172 16 8
0.080349 175 172 16 8
0.082349 174 172 16 9
0.084349 174 172 16 9
0.086349 174 172 16 9
0.088349 173 172 16 9
0.090349 173 172 16 9
0.092349 173 172 16 9
0.094349 172 172 16 10
0.096349 172 172 16 10
0.098349 172 172 16 10
0.100349 172 172 16 10
0.102349 171 172 16 10
0.104349 171 172 15 10
0.106349 171 172 15 10
0.108349 171 172 15 10
0.110349 170 172 15 10
0.112349 170 172 15 10
0.114349 170 172 14 10
0.116349 170 172 14 10
0.118349 169 172 14 10
0.120349 169 172 14 10
0.122349 169 172 14 10
0.124349 169 172 14 10
0.126349 168 172 13 10
0.128349 168 172 13 10
0.130349 168 172 13 10
0.132349 168 172 13 10
0.134349 167 172 13 10
0.136349 167 172 12 10
0.138349 167 172 12 10
0.140349 167 172 12 10
0.142349 166 172 12 10
0.144349 166 172 12 10
0.146349 166 172 11 10
0.148349 166 172 11 10
0.150349 165 172 11 10
0.152349 165 172 11 10
0.154349 165 172 11 10
0.156349 165 172 11 10
0.158349 164 171 11 10
0.160349 164 171 11 10
0.162349 163 171 11 10
0.164349 163 171 11 10
0.166349 162 171 11 10
0.168349 162 171 11 10
0.170349 162 171 11 10
0.172349 161 171 11 10
0.174349 161 171 11 10
0.176349 160 171 11 10
0.178349 160 171 11 10
0.180349 160 171 11 10
0.182349 159 171 11 10
0.184349 159 171 11 10
0.186349 158 171 11 10
0.188349 158 171 11 10
0.190349 158 171 11 10
0.192349 157 171 11 10
0.194349 157 171 11 10
0.196349 156 171 11 10
0.198349 156 171 11 10
0.200349 156 171 11 10
0.202349 155 171 11 10
0.204349 155 171 11 10
0.206349 154 171 11 10
0.208349 154 171 11 10
0.210349 154 171 11 10
0.212349 153 171 11 10
0.214349 153 171 11 10
0.216349 152 171 11 10
0.218349 152 171 11 10
0.220349 152 171 11 10
0.222349 151 170 12 10
0.224349 151 170 12 10
0.226349 150 170 12 10
0.228349 150 170 12 10
0.230349 150 170 12 10
0.232349 149 170 12 10
0.234349 149 170 12 10
0.236349 149 170 12 10
0.238349 148 170 12 10
0.240349 148 170 12 10
0.242349 147 170 12 10
0.244349 147 170 12 10
0.246349 147 170 12 10
0.248349 146 170 12 10
0.250349 146 170 12 10
0.252349 146 170 12 10
0.254349 145 170 13 10
0.256349 145 170 13 10
0.258349 144 170 13 10
0.260349 144 170 13 10
0.262349 144 170 13 10
0.264349 143 170 13 10
0.266349 143 170 13 10
0.268349 143 170 13 10
0.270349 142 170 13 10
0.272349 142 170 13 10
0.274349 141 170 13 10
0.276349 141 170 13 10
0.278349 141 170 13 10
0.280349 140 170 13 10
0.282349 140 170 13 10
0.284349 140 170 13 10
0.286349 139 170 13 10
0.288349 139 170 13 10
0.290349 139 170 13 10
0.292349 138 170 13 10
0.294349 138 170 13 10
0.296349 138 170 13 10
0.298349 138 170 13 10
0.300349 137 170 13 10
0.302349 137 170 13 10
0.304349 137 170 13 10
0.306349 136 170 13 10
0.308349 136 170 13 10
0.310349 136 170 13 10
0.312349 136 170 13 10
0.314349 135 170 13 10
0.316349 135 170 13 10
0.318349 135 170 13 10
0.320349 134 170 13 10
0.322349 134 170 13 10
0.324349 134 170 13 10
0.326349 134 170 13 10
0.328349 133 170 13 10
0.330349 133 170 13 10
0.332349 133 170 13 10
0.334349 132 170 13 10
0.336349 132 170 13 10
0.338349 132 170 13 10
0.340349 132 170 13 10
0.342349 131 170 13 10
0.344349 131 170 13 10
0.346349 131 170 13 10
0.348349 131 170 13 10
0.350349 130 170 12 9
0.352349 130 170 12 9
0.354349 130 170 12 9
0.356349 130 170 12 9
0.358349 129 170 12 9
0.360349 129 170 12 9
0.362349 129 170 12 8
0.364349 129 170 12 8
0.366349 129 170 11 8
0.368349 128 170 11 8
0.370349 128 170 11 8
0.372349 128 170 11 8
0.374349 128 170 11 7
0.376349 127 170 11 7
0.378349 127 170 11 7
0.380349 127 170 11 7
0.382349 127 170 10 7
0.384349 127 170 10 7
0.386349 126 170 10 7
0.388349 126 170 10 6
0.390349 126 170 10 6
0.392349 126 170 10 6
0.394349 125 170 10 6
0.396349 125 170 10 6
0.398349 125 170 9 6
0.400349 125 170 9 5
0.402349 125 170 9 5
0.404349 124 170 9 5
0.406349 124 170 9 5
0.408349 124 170 9 5
0.410349 124 170 9 5
0.412349 124 170 9 5
0.414349 123 169 8 5
0.416349 123 169 8 5
0.418349 123 169 8 5
0.420349 123 169 8 5
0.422349 122 169 8 5
0.424349 122 169 8 5
0.426349 122 169 8 5
0.428349 122 169 8 5
0.430349 122 169 8 5
0.432349 121 169 8 5
0.434349 121 169 8 5
0.436349 121 169 8 5
0.438349 121 169 8 5
0.440349 120 169 8 5
0.442349 120 169 8 5
0.444349 120 169 8 5
0.446349 120 169 8 5
0.448349 120 169 8 5
0.450349 119 169 8 5
0.452349 119 169 8 5
0.454349 119 169 8 5
0.456349 119 169 8 5
0.458349 118 169 8 5
0.460349 118 169 8 5
0.462349 118 169 8 5
0.464349 118 169 8 5
0.466349 118 169 8 5
0.468349 117 169 8 5
0.470349 117 169 8 5
0.472349 117 169 8 5
0.474349 117 169 8 5
0.476349 117 169 8 5
0.478349 116 169 8 5
0.480349 116 169 8 5
0.482349 116 169 8 5
0.484349 115 169 8 5
0.486349 115 169 8 5
0.488349 115 169 8 5
0.490349 115 169 8 5
0.492349 114 169 8 5
0.494349 114 169 8 5
0.496349 114 169 8 5
0.498349 113 169 8 5
0.500349 113 169 8 5
0.502349 113 169 8 5
0.504349 113 169 8 5
0.506349 112 169 8 5
0.508349 112 169 8 5
0.510349 112 169 8 5
0.512349 111 169 8 5
0.514349 111 169 8 5
0.516349 111 169 8 5
0.518349 111 169 8 5
0.520349 110 169 8 5
0.522349 110 169 8 5
0.524349 110 169 8 5
0.526349 110 169 8 5
0.528349 109 169 8 5
0.530349 109 169 8 5
0.532349 109 169 8 5
0.534349 108 169 8 5
0.536349 108 169 8 5
0.538349 108 169 8 5
0.540349 108 169 8 5
0.542349 107 170 8 5
0.544349 107 170 8 5
0.546349 107 170 8 5
0.548349 107 170 8 5
0.550349 107 170 8 5
0.552349 106 170 8 5
0.554349 106 170 8 6
0.556349 106 170 8 6
0.558349 106 170 8 6
0.560349 106 170 8 6
0.562349 105 170 8 6
0.564349 105 170 8 6
0.566349 105 170 8 7
0.568349 105 170 8 7
0.570349 105 170 8 7
0.572349 105 170 8 7
0.574349 104 170 9 7
0.576349 104 170 9 7
0.578349 104 170 9 7
0.580349 104 170 9 8
0.582349 104 170 9 8
0.584349 103 170 9 8
0.586349 103 170 9 8
0.588349 103 170 9 8
0.590349 103 170 9 8
0.592349 103 170 9 9
0.594349 102 170 9 9
0.596349 102 170 9 9
0.598349 102 170 9 9
0.600349 102 170 9 9
0.602349 102 170 9 9
0.604349 102 170 9 9
0.606349 101 169 10 10
0.608349 101 169 10 10
0.610349 101 169 10 10
0.612349 100 169 10 10
0.614349 100 169 10 10
0.616349 99 169 10 10
0.618349 99 169 10 10
0.620349 99 169 10 10
0.622349 98 169 10 10
0.624349 98 169 10 10
0.626349 98 169 10 10
0.628349 97 169 10 10
0.630349 97 169 10 10
0.632349 97 169 10 10
0.634349 96 169 10 10
0.636349 96 169 10 10
0.638349 96 169 10 10
0.640349 95 169 10 10
0.642349 95 169 10 10
0.644349 95 169 10 10
0.646349 94 169 10 10
0.648349 94 169 10 10
0.650349 94 169 10 10
0.652349 93 169 10 10
0.654349 93 169 10 10
0.656349 93 169 10 10
0.658349 92 169 10 10
0.660349 92 169 10 10
0.662349 92 169 10 10
0.664349 91 169 10 10
0.666349 91 169 10 10
0.668349 91 169 10 10
0.670349 90 168 10 9
0.672349 90 168 10 9
0.674349 90 168 10 9
0.676349 90 168 10 9
0.678349 90 168 10 9
0.680349 90 168 10 8
0.682349 90 168 9 8
0.684349 90 168 9 8
0.686349 90 168 9 8
0.688349 90 168 9 8
0.690349 90 168 9 7
0.692349 90 168 9 7
0.694349 90 168 8 7
0.696349 90 168 8 7
0.698349 90 168 8 7
0.700349 90 168 8 7
0.702349 90 168 8 6
0.704349 90 168 8 6
0.706349 90 168 8 6
0.708349 90 168 7 6
0.710349 90 168 7 6
0.712349 90 168 7 5
0.714349 90 168 7 5
0.716349 90 168 7 5
0.718349 90 168 7 5
0.720349 90 168 6 5
0.722349 90 168 6 4
0.724349 90 168 6 4
0.726349 90 168 6 4
0.728349 90 168 6 4
0.730349 90 168 6 4
0.732349 90 168 6 4
0.734349 89 167 6 4
0.736349 89 167 6 4
0.738349 89 167 6 4
0.740349 89 167 6 4
0.742349 88 167 6 4
0.744349 88 167 6 4
0.746349 88 167 6 4
0.748349 88 167 6 4
0.750349 87 167 7 4
0.752349 87 167 7 4
0.754349 87 167 7 5
0.756349 87 167 7 5
0.758349 86 167 7 5
0.760349 86 167 7 5
0.762349 86 167 7 5
0.764349 86 167 7 5
0.766349 85 166 8 5
0.768349 85 166 8 5
0.770349 85 166 8 5
0.772349 85 166 8 5
0.774349 84 166 8 5
0.776349 84 166 8 6
0.778349 84 166 8 6
0.780349 84 166 8 6
0.782349 83 166 9 6
0.784349 83 166 9 6
0.786349 83 166 9 6
0.788349 83 166 9 6
0.790349 82 166 9 6
0.792349 82 166 9 6
0.794349 82 166 9 6
0.796349 82 166 9 6
0.798349 81 166 9 7
0.800349 81 166 9 7
0.802349 81 166 9 7
0.804349 81 166 9 7
0.806349 80 166 9 7
0.808349 80 166 9 7
0.810349 80 166 9 7
0.812349 80 166 9 7
0.814349 80 166 9 7
0.816349 79 166 9 7
0.818349 79 166 9 7
0.820349 79 166 9 7
0.822349 79 166 9 7
0.824349 78 166 9 7
0.826349 78 166 9 7
0.828349 78 166 9 7
0.830349 78 166 9 7
0.832349 78 166 9 7
0.834349 77 166 9 7
0.836349 77 166 9 7
0.838349 77 166 9 7
0.840349 77 166 9 7
0.842349 77 166 9 7
0.844349 76 166 9 7
0.846349 76 166 9 7
0.848349 76 166 9 7
0.850349 76 166 9 7
0.852349 75 166 9 7
0.854349 75 166 9 7
0.856349 75 166 9 7
0.858349 75 166 9 7
0.860349 75 166 9 7
0.862349 74 166 9 8
0.864349 74 166 9 8
0.866349 74 166 9 8
0.868349 74 166 9 8
0.870349 73 166 9 8
0.872349 73 166 9 8
0.874349 73 166 9 8
0.876349 73 166 9 8
0.878349 73 166 9 8
0.880349 72 166 9 8
0.882349 72 166 9 8
0.884349 72 166 9 8
0.886349 72 166 9 8
0.888349 71 166 9 8
0.890349 71 166 9 8
0.892349 71 166 9 8
0.894349 71 166 9 8
0.896349 71 166 9 8
0.898349 70 166 9 8
0.900349 70 166 9 8
0.902349 70 166 9 8
0.904349 70 166 9 8
0.906349 70 166 9 8
0.908349 69 166 9 8
0.910349 69 166 9 8
0.912349 69 166 9 8
0.914349 69 166 9 8
0.916349 68 166 9 8
0.918349 68 166 9 8
0.920349 68 166 9 8
0.922349 68 166 9 8
0.924349 68 166 9 8
0.926349 67 166 8 7
0.928349 67 166 8 7
0.930349 67 166 8 7
0.932349 67 166 8 7
0.934349 67 166 8 7
0.936349 67 166 8 7
0.938349 67 166 8 7
0.940349 67 166 8 7
0.942349 67 166 8 7
0.944349 67 166 8 7
0.946349 67 166 7 6
0.948349 67 166 7 6
0.950349 67 166 7 6
0.952349 67 166 7 6
0.954349 67 166 7 6
0.956349 67 166 7 6
0.958349 66 166 7 6
0.960349 66 166 7 6
0.962349 66 166 7 6
0.964349 66 166 7 6
0.966349 66 166 7 6
0.968349 66 166 6 5
0.970349 66 166 6 5
0.972349 66 166 6 5
0.974349 66 166 6 5
0.976349 66 166 6 5
0.978349 66 166 6 5
0.980349 66 166 6 5
0.982349 66 166 6 5
0.984349 66 166 6 5
0.986349 66 166 6 5
0.988349 66 166 6 5
0.990349 65 165 6 5
0.992349 65 165 6 5
0.994349 65 165 6 5
0.996349 65 165 6 5
0.998349 65 165 6 5
1.000349 64 165 6 5
1.002349 64 165 6 6
1.004349 64 165 6 6
1.006349 64 165 7 6
1.008349 64 165 7 6
1.010349 63 165 7 6
1.012349 63 165 7 6
1.014349 63 165 7 6
1.016349 63 165 7 7
1.018349 63 165 7 7
1.020349 63 165 7 7
1.022349 62 164 8 7
1.024349 62 164 8 7
1.026349 62 164 8 7
1.028349 62 164 8 8
1.030349 62 164 8 8
1.032349 61 164 8 8
1.034349 61 164 8 8
1.036349 61 164 8 8
1.038349 61 164 9 8
1.040349 61 164 9 9
1.042349 60 164 9 9
1.044349 60 164 9 9
1.046349 60 164 9 9
1.048349 60 164 9 9
1.050349 60 164 9 9
1.052349 60 164 9 9
1.054349 59 163 10 10
1.056349 59 163 10 10
1.058349 59 163 10 10
1.060349 59 163 10 10
1.062349 59 163 10 10
1.064349 59 163 10 10
1.066349 59 163 10 10
1.068349 59 163 10 10
1.070349 59 162 10 10
1.072349 59 162 10 10
1.074349 58 162 10 10
1.076349 58 162 10 10
1.078349 58 162 10 10
1.080349 58 162 10 10
1.082349 58 162 10 10
1.084349 58 162 10 10
1.086349 58 161 10 10
1.088349 58 161 10 10
1.090349 58 161 10 10
1.092349 58 161 10 10
1.094349 58 161 10 10
1.096349 57 161 10 10
1.098349 57 161 10 10
1.100349 57 161 10 10
1.102349 57 160 10 10
1.104349 57 160 10 10
1.106349 57 160 10 10
1.108349 57 160 10 10
1.110349 57 160 10 10
1.112349 57 160 10 10
1.114349 57 160 10 10
1.116349 57 160 10 10
1.118349 56 160 9 9
1.120349 56 160 9 9
1.122349 56 160 9 9
1.124349 56 160 9 9
1.126349 56 160 9 9
1.128349 56 160 9 9
1.130349 56 160 9 9
1.132349 56 160 9 9
1.134349 56 160 9 8
1.136349 56 160 9 8
1.138349 56 160 8 8
1.140349 56 160 8 8
1.142349 56 160 8 8
1.144349 56 160 8 8
1.146349 56 160 8 8
1.148349 56 160 8 8
1.150349 56 161 8 7
1.152349 56 161 8 7
1.154349 56 161 8 7
1.156349 56 161 8 7
1.158349 56 161 8 7
1.160349 56 161 7 7
1.162349 56 161 7 7
1.164349 56 161 7 7
1.166349 56 161 7 6
1.168349 56 161 7 6
1.170349 56 161 7 6
1.172349 56 161 7 6
1.174349 56 161 7 6
1.176349 56 161 7 6
1.178349 56 161 7 6
1.180349 56 161 7 6
1.182349 56 161 7 5
1.184349 56 161 7 5
1.186349 56 161 7 5
1.188349 56 161 7 5
1.190349 56 161 7 5
1.192349 56 161 7 5
1.194349 56 161 7 5
1.196349 56 161 7 5
1.198349 56 161 7 5
1.200349 56 161 7 5
1.202349 56 161 7 5
1.204349 56 161 7 5
1.206349 56 161 7 5
1.208349 56 161 7 5
1.210349 56 161 7 5
1.212349 56 161 7 5
1.214349 56 161 7 4
1.216349 56 161 7 4
1.218349 56 161 7 4
1.220349 56 161 7 4
1.222349 56 161 7 4
1.224349 56 161 7 4
1.226349 56 161 7 4
1.228349 56 161 7 4
1.230349 56 161 7 4
1.232349 56 161 7 4
1.234349 56 161 7 4
1.236349 56 161 7 4
1.238349 56 161 7 4
1.240349 56 161 7 4
1.242349 56 161 7 4
1.244349 56 161 7 4
1.246349 55 160 7 4
1.248349 55 160 7 4
1.250349 55 160 7 4
1.252349 55 160 7 4
1.254349 55 160 7 4
1.256349 55 160 7 4
1.258349 55 160 7 4
1.260349 55 160 7 4
1.262349 55 160 7 4
1.264349 55 160 7 4
1.266349 55 160 7 4
1.268349 55 160 7 4
1.270349 55 160 7 4
1.272349 55 160 7 4
1.274349 55 160 7 4
1.276349 55 160 7 4
1.278349 55 159 7 5
1.280349 55 159 7 5
1.282349 55 159 7 5
1.284349 55 159 7 5
1.286349 55 159 7 5
1.288349 55 159 7 5
1.290349 55 159 7 5
1.292349 55 159 7 5
1.294349 55 159 7 5
1.296349 55 159 7 5
1.298349 55 159 7 5
1.300349 55 159 7 5
1.302349 55 159 7 5
1.304349 55 159 7 5
1.306349 55 159 7 5
1.308349 55 159 7 5
1.310349 55 159 7 6
1.312349 55 159 7 6
1.314349 55 159 7 6
1.316349 55 159 7 6
1.318349 55 159 7 6
1.320349 55 159 7 6
1.322349 55 159 7 6
1.324349 55 159 7 6
1.326349 55 159 7 6
1.328349 55 159 7 6
1.330349 55 159 6 6
1.332349 55 159 6 6
1.334349 55 159 6 6
1.336349 55 159 6 6
1.338349 55 159 6 6
1.340349 55 159 6 6
1.342349 55 159 6 6
1.344349 55 159 6 6
1.346349 55 159 6 6
1.348349 55 159 6 6
1.350349 55 159 6 6
1.352349 55 159 5 6
1.354349 55 159 5 6
1.356349 55 159 5 6
1.358349 55 159 5 6
1.360349 55 159 5 6
1.362349 55 159 5 6
1.364349 55 159 5 6
1.366349 55 159 5 6
1.368349 55 159 5 6
1.370349 55 159 5 6
1.372349 55 159 5 6
1.374349 55 159 5 5
1.376349 55 159 5 5
1.378349 55 159 5 5
1.380349 55 159 5 5
1.382349 55 159 5 5
1.384349 55 159 5 5
1.386349 55 159 5 5
1.388349 55 159 5 5
1.390349 55 159 5 5
1.392349 55 159 5 5
1.394349 55 159 5 5
1.396349 55 159 5 5
1.398349 55 159 5 5
1.400349 55 159 5 5
1.402349 55 159 5 5
1.404349 55 159 5 5
1.406349 55 159 5 5
1.408349 55 159 5 5
1.410349 55 159 5 5
1.412349 55 159 5 5
1.414349 55 159 5 5
1.416349 55 159 5 5
1.418349 55 159 5 5
1.420349 55 159 5 5
1.422349 55 159 5 5
1.424349 55 159 5 5
1.426349 55 159 5 5
1.428349 55 159 5 5
1.430349 55 159 5 5
1.432349 55 159 5 5
1.434349 55 159 5 5
1.436349 55 159 5 5
1.438349 55 160 5 5
1.440349 55 160 5 5
1.442349 55 160 5 5
1.444349 55 160 5 5
1.446349 55 160 5 5
1.448349 55 160 5 5
1.450349 55 160 5 5
1.452349 55 160 5 5
1.454349 55 160 5 5
1.456349 55 160 5 5
1.458349 55 160 5 5
1.460349 55 160 5 5
1.462349 55 160 5 5
1.464349 55 160 5 5
1.466349 55 160 5 5
1.468349 55 160 5 5
1.470349 55 160 5 5
1.472349 55 160 5 5
1.474349 55 160 5 5
1.476349 55 160 5 5
1.478349 55 160 5 5
1.480349 55 160 5 5
1.482349 55 160 5 5
1.484349 55 160 5 5
1.486349 55 160 5 5
1.488349 55 160 5 5
1.490349 55 160 5 5
1.492349 55 160 5 5
1.494349 55 160 5 5
1.496349 55 160 5 5
1.498349 55 160 5 5
1.500349 55 160 5 5
1.502349 54 161 5 5
1.504349 54 161 5 5
1.506349 54 161 5 5
1.508349 54 161 5 5
1.510349 54 161 5 5
1.512349 54 161 5 5
1.514349 54 161 5 5
1.516349 54 161 5 5
1.518349 54 161 5 5
1.520349 54 161 5 5
1.522349 54 162 5 5
1.524349 54 162 5 5
1.526349 54 162 5 5
1.528349 54 162 5 5
1.530349 54 162 5 5
1.532349 54 162 5 5
1.534349 53 162 5 5
1.536349 53 162 5 5
1.538349 53 162 5 5
1.540349 53 162 5 5
1.542349 53 162 5 5
1.544349 53 163 5 5
1.546349 53 163 5 5
1.548349 53 163 5 5
1.550349 53 163 5 5
1.552349 53 163 5 5
1.554349 53 163 5 5
1.556349 53 163 5 5
1.558349 53 163 5 5
1.560349 53 163 5 5
1.562349 53 163 5 5
1.564349 53 163 5 5
1.566349 53 164 6 5
1.568349 53 164 6 5
1.570349 53 164 6 5
1.572349 53 164 6 5
1.574349 53 164 6 5
1.576349 53 164 6 5
1.578349 53 164 6 5
1.580349 53 164 6 5
1.582349 53 164 6 5
1.584349 53 164 6 5
1.586349 53 164 6 5
1.588349 53 165 6 5
1.590349 53 165 6 5
1.592349 53 165 6 5
1.594349 53 165 6 5
1.596349 53 165 6 5
1.598349 53 165 6 5
1.600349 53 165 6 5
1.602349 53 165 6 5
1.604349 53 165 6 5
1.606349 53 165 6 5
1.608349 53 166 6 5
1.610349 53 166 6 5
1.612349 53 166 6 5
1.614349 53 166 6 5
1.616349 53 166 6 5
1.618349 53 166 6 5
1.620349 53 166 6 5
1.622349 53 166 6 5
1.624349 53 166 6 5
1.626349 53 166 6 5
1.628349 53 166 6 5
1.630349 52 166 6 6
1.632349 52 166 6 6
1.634349 52 166 6 6
1.636349 52 166 6 6
1.638349 52 166 6 6
1.640349 52 166 6 6
1.642349 52 166 6 6
1.644349 52 166 6 6
1.646349 52 166 6 6
1.648349 52 166 6 6
1.650349 52 166 6 6
1.652349 52 166 6 6
1.654349 52 166 6 6
1.656349 52 166 6 6
1.658349 52 166 6 6
1.660349 52 166 6 6
1.662349 52 166 6 6
1.664349 52 166 6 6
1.666349 52 166 6 6
1.668349 52 166 6 6
1.670349 52 166 6 6
1.672349 52 166 6 6
1.674349 52 166 6 6
1.676349 52 166 6 6
1.678349 52 166 6 6
1.680349 52 166 6 6
1.682349 52 166 6 6
1.684349 52 166 6 6
1.686349 52 166 6 6
1.688349 52 166 6 6
1.690349 52 166 6 6
1.692349 52 166 6 6
1.694349 51 165 6 6
1.696349 51 165 6 6
1.698349 51 165 6 6
1.700349 51 165 6 6
1.702349 51 165 6 6
1.704349 51 165 6 6
1.706349 51 165 6 6
1.708349 51 165 6 6
1.710349 51 165 6 6
1.712349 51 165 6 6
1.714349 51 165 6 6
1.716349 51 165 5 6
1.718349 51 165 5 6
1.720349 51 165 5 6
1.722349 51 165 5 6
1.724349 51 165 5 6
1.726349 50 164 5 6
1.728349 50 164 5 6
1.730349 50 164 5 6
1.732349 50 164 5 6
1.734349 50 164 5 6
1.736349 50 164 4 6
1.738349 50 164 4 6
1.740349 50 164 4 6
1.742349 50 164 4 6
1.744349 50 164 4 6
1.746349 50 164 4 6
1.748349 50 164 4 6
1.750349 50 164 4 6
1.752349 50 164 4 6
1.754349 50 164 4 6
1.756349 50 164 4 6
1.758349 49 164 4 5
1.760349 49 164 4 5
1.762349 49 164 4 5
1.764349 49 164 4 5
1.766349 49 164 4 5
1.768349 49 164 4 5
1.770349 49 164 4 5
1.772349 49 164 4 5
1.774349 49 164 4 5
1.776349 49 164 4 5
1.778349 49 164 4 5
1.780349 48 164 4 5
1.782349 48 164 4 5
1.784349 48 164 4 5
1.786349 48 164 4 5
1.788349 48 164 4 5
1.790349 48 164 4 4
1.792349 48 164 4 4
1.794349 48 164 4 4
1.796349 48 164 4 4
1.798349 48 164 4 4
1.800349 47 164 4 4
1.802349 47 164 4 4
1.804349 47 164 4 4
1.806349 47 164 4 4
1.808349 47 164 4 4
1.810349 47 164 4 4
1.812349 47 164 4 4
1.814349 47 164 4 4
1.816349 47 164 4 4
1.818349 47 164 4 4
1.820349 47 164 4 4
1.822349 46 163 5 4
1.824349 46 163 5 4
1.826349 46 163 5 4
1.828349 46 163 5 4
1.830349 46 163 5 4
1.832349 46 163 5 5
1.834349 46 163 6 5
1.836349 46 163 6 5
1.838349 46 163 6 5
1.840349 46 163 6 5
1.842349 46 163 6 5
1.844349 45 163 6 6
1.846349 45 163 6 6
1.848349 45 163 7 6
1.850349 45 163 7 6
1.852349 45 163 7 6
1.854349 45 162 7 7
1.856349 45 162 7 7
1.858349 45 162 7 7
1.860349 45 162 8 7
1.862349 45 162 8 7
1.864349 44 162 8 8
1.866349 44 162 8 8
1.868349 44 162 8 8
1.870349 44 162 8 8
1.872349 44 162 8 8
1.874349 44 162 9 8
1.876349 44 162 9 9
1.878349 44 162 9 9
1.880349 44 162 9 9
1.882349 44 162 9 9
1.884349 44 162 9 9
1.886349 44 162 10 10
1.888349 44 162 10 10
1.890349 44 162 10 10
1.892349 44 162 10 10
1.894349 44 162 10 10
1.896349 44 162 10 10
1.898349 44 162 10 10
1.900349 44 162 10 10
1.902349 44 162 10 10
1.904349 44 162 10 10
1.906349 44 162 10 10
1.908349 44 162 10 10
1.910349 44 162 10 10
1.912349 44 162 10 10
1.914349 44 162 10 10
1.916349 44 162 10 10
1.918349 44 163 10 10
1.920349 44 163 10 10
1.922349 44 163 10 10
1.924349 44 163 10 10
1.926349 44 163 10 10
1.928349 44 163 10 10
1.930349 44 163 10 10
1.932349 44 163 10 10
1.934349 44 163 10 10
1.936349 44 163 10 10
1.938349 44 163 10 10
1.940349 44 163 10 10
1.942349 44 163 10 10
1.944349 44 163 10 10
1.946349 44 163 10 10
1.948349 44 163 10 10
1.950349 43 163 10 10
1.952349 43 163 10 10
1.954349 43 163 10 10
1.956349 43 163 10 10
1.958349 43 163 10 10
1.960349 43 163 10 10
1.962349 43 163 10 10
1.964349 43 163 10 10
1.966349 42 163 10 10
1.968349 42 163 10 10
1.970349 42 163 10 10
1.972349 42 163 10 10
1.974349 42 163 10 10
1.976349 42 163 10 10
1.978349 42 163 10 10
1.980349 42 163 10 10
1.982349 41 162 10 10
1.984349 41 162 10 10
1.986349 41 162 10 10
1.988349 41 162 10 10
1.990349 41 162 10 10
1.992349 41 162 10 10
1.994349 41 162 10 10
1.996349 41 162 10 10
1.998349 40 162 10 10
2.000349 40 162 10 10
2.002349 40 162 10 10
2.004349 40 162 10 10
2.006349 40 162 10 10
2.008349 40 162 10 10
2.010349 40 162 10 10
2.012349 40 162 10 10
2.014349 39 162 10 10
2.016349 39 162 10 10
2.018349 39 162 10 10
2.020349 39 162 10 10
2.022349 39 162 10 10
2.024349 39 162 10 10
2.026349 39 162 10 10
2.028349 39 162 10 10
2.030349 39 162 10 10
2.032349 39 162 10 10
2.034349 39 162 10 10
2.036349 39 162 10 10
2.038349 39 162 10 10
2.040349 39 162 10 10
2.042349 39 162 10 10
2.044349 39 162 10 10
2.046349 38 162 10 10
2.048349 38 162 10 10
2.050349 38 162 10 10
2.052349 38 162 10 10
2.054349 38 162 10 10
2.056349 38 162 10 10
2.058349 38 162 10 10
2.060349 38 162 10 10
2.062349 38 162 10 10
2.064349 38 162 10 10
2.066349 38 162 10 10
2.068349 38 162 10 10
2.070349 38 162 10 10
2.072349 38 162 10 10
2.074349 38 162 10 10
2.076349 38 162 10 10
2.078349 37 163 10 10
2.080349 37 163 10 10
2.082349 37 163 10 10
2.084349 37 163 10 10
2.086349 37 163 10 10
2.088349 37 163 10 10
2.090349 37 163 10 10
2.092349 37 163 10 10
2.094349 37 163 10 10
2.096349 37 163 10 10
2.098349 37 163 10 10
2.100349 36 163 10 10
2.102349 36 163 10 10
2.104349 36 163 10 10
2.106349 36 163 10 10
2.108349 36 163 10 10
2.110349 36 163 10 10
2.112349 36 163 10 10
2.114349 36 163 10 10
2.116349 36 163 10 10
2.118349 36 163 10 10
2.120349 35 163 10 10
2.122349 35 163 10 10
2.124349 35 163 10 10
2.126349 35 163 10 10
2.128349 35 163 10 10
2.130349 35 163 10 10
2.132349 35 163 10 10
2.134349 35 163 10 10
2.136349 35 163 10 10
2.138349 35 163 10 10
2.140349 35 163 10 10
2.142349 35 163 9 9
2.144349 35 163 9 9
2.146349 35 163 9 9
2.148349 35 163 9 9
2.150349 35 163 9 9
2.152349 35 163 9 9
2.154349 35 163 8 9
2.156349 35 163 8 9
2.158349 35 163 8 8
2.160349 35 163 8 8
2.162349 35 163 8 8
2.164349 36 163 8 8
2.166349 36 163 8 8
2.168349 36 163 7 8
2.170349 36 163 7 8
2.172349 36 163 7 8
2.174349 36 163 7 7
2.176349 36 163 7 7
2.178349 36 163 7 7
2.180349 36 163 6 7
2.182349 36 163 6 7
2.184349 37 163 6 7
2.186349 37 163 6 7
2.188349 37 163 6 7
2.190349 37 163 6 6
2.192349 37 163 6 6
2.194349 37 163 5 6
2.196349 37 163 5 6
2.198349 37 163 5 6
2.200349 37 163 5 6
2.202349 37 163 5 6
2.204349 37 163 5 6
2.206349 37 163 5 6
2.208349 37 163 5 6
2.210349 37 163 5 6
2.212349 37 163 5 6
2.214349 37 163 5 6
2.216349 37 163 5 6
2.218349 37 163 6 6
2.220349 37 163 6 6
2.222349 37 163 6 7
2.224349 37 163 6 7
2.226349 37 163 6 7
2.228349 37 163 6 7
2.230349 37 163 6 7
2.232349 37 163 7 7
2.234349 37 163 7 7
2.236349 37 163 7 7
2.238349 36 162 7 8
2.240349 36 162 7 8
2.242349 36 162 7 8
2.244349 36 162 8 8
2.246349 36 162 8 8
2.248349 36 162 8 8
2.250349 36 162 8 8
2.252349 36 162 8 8
2.254349 36 162 8 9
2.256349 36 162 8 9
2.258349 36 162 9 9
2.260349 36 162 9 9
2.262349 36 162 9 9
2.264349 36 162 9 9
2.266349 36 162 9 9
2.268349 36 162 9 9
2.270349 36 161 10 10
2.272349 36 161 10 10
2.274349 36 161 10 10
2.276349 36 161 10 10
2.278349 37 161 10 10
2.280349 37 160 10 10
2.282349 37 160 10 10
2.284349 37 160 10 10
2.286349 38 160 10 10
2.288349 38 160 10 10
2.290349 38 160 10 10
2.292349 38 159 10 10
2.294349 39 159 10 10
2.296349 39 159 10 10
2.298349 39 159 10 10
2.300349 39 159 10 10
2.302349 40 158 10 10
2.304349 40 158 10 10
2.306349 40 158 10 10
2.308349 40 158 10 10
2.310349 41 158 10 10
2.312349 41 157 10 10
2.314349 41 157 10 10
2.316349 41 157 10 10
2.318349 42 157 10 10
2.320349 42 157 10 10
2.322349 42 157 10 10
2.324349 42 156 10 10
2.326349 43 156 10 10
2.328349 43 156 10 10
2.330349 43 156 10 10
2.332349 43 156 10 10
2.334349 44 156 9 9
2.336349 44 156 9 9
2.338349 44 156 9 9
2.340349 44 156 9 9
2.342349 44 156 9 9
2.344349 44 156 9 9
2.346349 44 156 9 9
2.348349 44 156 9 9
2.350349 44 156 8 9
2.352349 44 156 8 9
2.354349 44 156 8 9
2.356349 45 156 8 9
2.358349 45 156 8 9
2.360349 45 156 8 9
2.362349 45 156 8 9
2.364349 45 156 8 9
2.366349 45 156 7 9
2.368349 45 156 7 9
2.370349 45 156 7 9
2.372349 45 156 7 9
2.374349 45 156 7 9
2.376349 46 156 7 9
2.378349 46 156 7 9
2.380349 46 156 7 9
2.382349 46 156 6 9
2.384349 46 156 6 9
2.386349 46 156 6 9
2.388349 46 156 6 9
2.390349 46 156 6 9
2.392349 46 156 6 9
2.394349 46 156 6 9
2.396349 46 156 6 9
2.398349 47 156 5 8
2.400349 47 156 5 8
2.402349 47 156 5 8
2.404349 47 156 5 8
2.406349 47 156 5 8
2.408349 47 156 5 8
2.410349 47 156 5 8
2.412349 47 156 5 8
2.414349 47 156 5 8
2.416349 47 156 5 8
2.418349 47 156 5 8
2.420349 47 156 5 8
2.422349 47 156 5 8
2.424349 47 156 5 8
2.426349 47 156 5 8
2.428349 47 156 5 8
2.430349 47 156 5 8
2.432349 47 156 5 8
2.434349 47 156 5 8
2.436349 47 156 5 8
2.438349 47 156 5 8
2.440349 47 156 5 8
2.442349 47 156 5 8
2.444349 47 156 5 8
2.446349 47 156 5 8
2.448349 47 156 5 8
2.450349 47 156 5 8
2.452349 47 156 5 8
2.454349 47 156 5 8
2.456349 47 156 5 8
2.458349 47 156 5 8
2.460349 47 156 5 8
2.462349 47 156 5 7
2.464349 47 156 5 7
2.466349 47 156 5 7
2.468349 47 156 5 7
2.470349 47 156 5 7
2.472349 47 156 5 7
2.474349 47 156 5 7
2.476349 47 156 5 7
2.478349 47 156 5 7
2.480349 47 156 5 7
2.482349 47 156 5 7
2.484349 47 156 5 6
2.486349 47 156 5 6
2.488349 47 156 5 6
2.490349 47 156 5 6
2.492349 47 156 5 6
2.494349 46 157 5 6
2.496349 46 157 5 6
2.498349 46 157 5 6
2.500349 46 157 5 6
2.502349 46 157 5 6
2.504349 46 157 5 5
2.506349 46 157 5 5
2.508349 46 157 5 5
2.510349 46 157 5 5
2.512349 46 157 5 5
2.514349 46 157 5 5
2.516349 46 157 5 5
2.518349 46 157 5 5
2.520349 46 157 5 5
2.522349 46 157 5 5
2.524349 46 157 5 5
2.526349 46 158 6 5
2.528349 46 158 6 5
2.530349 46 158 6 5
2.532349 46 158 6 5
2.534349 46 158 6 5
2.536349 46 158 6 5
2.538349 46 158 6 5
2.540349 46 158 6 5
2.542349 46 158 6 5
2.544349 46 158 6 5
2.546349 46 158 6 5
2.548349 46 158 6 5
2.550349 46 158 6 5
2.552349 46 158 6 5
2.554349 46 158 6 5
2.556349 46 158 6 5
2.558349 46 158 6 5
2.560349 46 158 6 5
2.562349 46 158 6 5
2.564349 46 158 6 5
2.566349 46 158 6 5
2.568349 46 158 6 5
2.570349 46 158 6 5
2.572349 46 158 6 5
2.574349 46 158 6 5
2.576349 46 158 6 5
2.578349 46 158 6 5
2.580349 46 158 6 5
2.582349 46 158 6 5
2.584349 46 158 6 5
2.586349 46 158 6 5
2.588349 46 158 6 5
2.590349 46 158 6 5
2.592349 46 158 6 5
2.594349 46 158 6 5
2.596349 46 158 6 5
2.598349 46 158 6 5
2.600349 46 158 6 5
2.602349 46 158 6 5
2.604349 46 158 6 5
2.606349 46 158 6 5
2.608349 46 158 6 5
2.610349 46 158 6 5
2.612349 46 158 6 5
2.614349 46 158 6 5
2.616349 46 158 6 5
2.618349 46 158 6 5
2.620349 46 158 6 5
2.622349 46 158 6 5
2.624349 46 158 6 5
2.626349 46 158 6 5
2.628349 46 158 6 5
2.630349 46 158 6 5
2.632349 46 158 6 5
2.634349 46 158 6 5
2.636349 46 158 6 5
2.638349 46 158 6 5
2.640349 46 158 6 5
2.642349 46 158 6 5
2.644349 46 158 6 5
2.646349 46 158 6 5
2.648349 46 158 6 5
2.650349 46 158 6 5
2.652349 46 158 6 5
2.654349 45 157 6 5
2.656349 45 157 6 5
2.658349 45 157 6 5
2.660349 45 157 6 5
2.662349 45 157 6 5
2.664349 45 157 6 5
2.666349 45 157 6 5
2.668349 45 157 6 5
2.670349 45 157 6 5
2.672349 45 157 6 5
2.674349 45 157 6 5
2.676349 45 157 6 5
2.678349 45 157 6 5
2.680349 45 157 6 5
2.682349 45 157 6 5
2.684349 45 157 6 5
2.686349 45 157 6 5
2.688349 45 157 6 5
2.690349 45 157 6 5
2.692349 45 157 6 5
2.694349 45 157 6 5
2.696349 45 157 6 5
2.698349 45 157 6 5
2.700349 45 157 6 5
2.702349 45 157 6 5
2.704349 45 157 6 5
2.706349 45 157 6 5
2.708349 45 157 6 5
2.710349 45 157 6 5
2.712349 45 157 6 5
2.714349 45 157 6 5
2.716349 45 157 6 5
2.718349 45 157 6 5
2.720349 45 157 6 5
2.722349 45 157 6 5
2.724349 45 157 6 5
2.726349 45 157 6 5
2.728349 45 157 6 5
2.730349 45 157 6 5
2.732349 45 157 6 5
2.734349 45 157 6 5
2.736349 45 157 6 5
2.738349 45 157 6 5
2.740349 45 157 6 5
2.742349 45 157 6 5
2.744349 45 157 6 5
2.746349 45 157 6 5
2.748349 45 157 6 5
2.750349 45 157 6 5
2.752349 45 157 6 5
2.754349 45 157 6 5
2.756349 45 157 6 5
2.758349 45 157 6 5
2.760349 45 157 6 5
2.762349 45 157 6 5
2.764349 45 157 6 5
2.766349 45 157 6 5
2.768349 45 157 6 5
2.770349 45 157 6 5
2.772349 45 157 6 5
2.774349 45 157 6 5
2.776349 45 157 6 5
2.778349 45 157 6 5
2.780349 45 157 6 5
2.782349 45 156 6 6
2.784349 45 156 6 6
2.786349 45 156 6 6
2.788349 45 156 6 6
2.790349 45 156 6 6
2.792349 45 156 6 6
2.794349 45 156 6 6
2.796349 45 156 6 6
2.798349 45 156 6 6
2.800349 45 156 6 6
2.802349 45 156 6 6
2.804349 45 156 6 6
2.806349 45 156 6 6
2.808349 45 156 6 6
2.810349 45 156 6 6
2.812349 45 156 6 6
2.814349 45 156 6 6
2.816349 45 156 6 6
2.818349 45 156 6 6
2.820349 45 156 6 6
2.822349 45 156 6 6
2.824349 45 156 6 6
2.826349 45 156 6 6
2.828349 45 156 6 6
2.830349 45 156 6 6
2.832349 45 156 6 6
2.834349 45 156 6 6
2.836349 45 156 6 6
2.838349 45 156 6 6
2.840349 45 156 6 6
2.842349 45 156 6 6
2.844349 45 156 6 6
2.846349 45 156 7 6
2.848349 45 156 7 6
2.850349 45 156 7 6
2.852349 45 156 7 6
2.854349 45 156 7 6
2.856349 45 156 7 6
2.858349 45 156 7 6
2.860349 45 156 7 6
2.862349 45 156 7 6
2.864349 45 156 7 6
2.866349 45 156 7 6
2.868349 45 156 7 6
2.870349 45 156 7 6
2.872349 45 156 7 6
2.874349 45 156 7 6
2.876349 45 156 7 6
2.878349 45 156 7 6
2.880349 45 156 7 6
2.882349 45 156 7 6
2.884349 45 156 7 6
2.886349 45 156 7 6
2.888349 45 156 7 6
2.890349 45 156 7 6
2.892349 45 156 7 6
2.894349 45 156 7 6
2.896349 45 156 7 6
2.898349 45 156 7 6
2.900349 45 156 7 6
2.902349 45 156 7 6
2.904349 45 156 7 6
2.906349 45 156 7 6
2.908349 45 156 7 6
2.910349 45 156 6 6
2.912349 45 156 6 6
2.914349 45 156 6 6
2.916349 45 156 6 6
2.918349 45 156 6 6
2.920349 45 156 6 6
2.922349 45 156 6 6
2.924349 45 156 6 6
2.926349 45 156 6 6
2.928349 45 156 6 6
2.930349 45 156 6 6
2.932349 45 156 6 6
2.934349 45 156 6 6
2.936349 45 156 6 6
2.938349 45 156 6 6
2.940349 45 156 6 6
2.942349 45 156 6 6
2.944349 45 156 6 6
2.946349 45 156 6 6
2.948349 45 156 6 6
2.950349 45 156 6 6
2.952349 45 156 6 6
2.954349 45 156 6 6
2.956349 45 156 6 6
2.958349 45 156 6 6
2.960349 45 156 6 6
2.962349 45 156 6 6
2.964349 45 156 6 6
2.966349 45 156 6 6
2.968349 45 156 6 6
2.970349 45 156 6 6
2.972349 45 156 6 6
2.974349 45 156 5 6
2.976349 45 156 5 6
2.978349 45 156 5 6
2.980349 45 156 5 6
2.982349 45 156 5 6
2.984349 45 156 5 6
2.986349 45 156 5 6
2.988349 45 156 5 6
2.990349 45 156 5 6
2.992349 45 156 5 6
2.994349 45 156 5 6
2.996349 45 156 5 6
2.998349 45 156 5 6
3.000349 45 156 5 6
3.002349 45 156 5 6
3.004349 45 156 5 6
3.006349 45 156 5 6
3.008349 45 156 5 6
3.010349 45 156 5 6
3.012349 45 156 5 6
3.014349 45 156 5 6
3.016349 45 156 5 6
3.018349 45 156 5 6
3.020349 45 156 5 6
3.022349 45 156 5 6
3.024349 45 156 5 6
3.026349 45 156 5 6
3.028349 45 156 5 6
3.030349 45 156 5 6
3.032349 45 156 5 6
3.034349 45 156 5 6
3.036349 45 156 5 6
3.038349 45 156 5 5
3.040349 45 156 5 5
3.042349 45 156 5 5
3.044349 45 156 5 5
3.046349 45 156 5 5
3.048349 45 156 5 5
3.050349 45 156 5 5
3.052349 45 156 5 5
3.054349 45 156 5 5
3.056349 45 156 5 5
3.058349 45 156 5 5
3.060349 45 156 5 5
3.062349 45 156 5 5
3.064349 45 156 5 5
3.066349 45 156 5 5
3.068349 45 156 5 5
3.070349 44 156 6 5
3.072349 44 156 6 5
3.074349 44 156 6 5
3.076349 44 156 6 5
3.078349 44 156 6 5
3.080349 44 156 6 5
3.082349 44 156 6 5
3.084349 44 156 6 5
3.086349 44 156 6 5
3.088349 44 156 6 5
3.090349 44 156 6 5
3.092349 44 156 6 5
3.094349 44 156 6 5
3.096349 44 156 6 5
3.098349 44 156 6 5
3.100349 44 156 6 5
3.102349 43 157 6 5
3.104349 43 157 6 5
3.106349 43 157 6 5
3.108349 43 158 6 5
3.110349 43 158 6 5
3.112349 43 158 6 5
3.114349 43 158 6 5
3.116349 42 159 6 5
3.118349 42 159 6 5
3.120349 42 159 6 5
3.122349 42 160 6 5
3.124349 42 160 6 5
3.126349 42 160 6 5
3.128349 41 161 6 5
3.130349 41 161 6 5
3.132349 41 161 6 5
3.134349 41 162 6 5
3.136349 41 162 6 5
3.138349 41 162 6 5
3.140349 40 163 6 5
3.142349 40 163 6 5
3.144349 40 163 6 5
3.146349 40 163 6 5
3.148349 40 164 6 5
3.150349 40 164 6 5
3.152349 40 164 6 5
3.154349 39 165 6 5
3.156349 39 165 6 5
3.158349 39 165 6 5
3.160349 39 166 6 5
3.162349 39 166 6 5
3.164349 39 166 6 5
3.166349 38 166 5 6
3.168349 38 166 5 6
3.170349 38 166 5 6
3.172349 38 166 5 6
3.174349 38 166 5 6
3.176349 38 166 5 6
3.178349 38 166 5 6
3.180349 38 166 5 6
3.182349 37 166 5 6
3.184349 37 166 5 6
3.186349 37 166 5 6
3.188349 37 166 5 6
3.190349 37 166 5 6
3.192349 37 166 5 6
3.194349 37 166 5 6
3.196349 37 166 5 6
3.198349 36 165 5 6
3.200349 36 165 5 6
3.202349 36 165 5 6
3.204349 36 165 5 6
3.206349 36 165 5 6
3.208349 36 165 5 6
3.210349 36 165 5 6
3.212349 36 165 5 6
3.214349 35 165 5 6
3.216349 35 165 5 6
3.218349 35 165 5 6
3.220349 35 165 5 6
3.222349 35 165 5 6
3.224349 35 165 5 6
3.226349 35 165 5 6
3.228349 35 165 5 6
3.230349 35 165 5 6
3.232349 35 165 5 6
3.234349 35 165 5 6
3.236349 35 165 5 6
3.238349 35 165 5 6
3.240349 35 165 5 6
3.242349 35 165 5 6
3.244349 35 165 5 6
3.246349 35 165 5 6
3.248349 35 165 5 6
3.250349 35 165 5 6
3.252349 35 165 5 6
3.254349 35 165 5 6
3.256349 35 165 5 6
3.258349 35 165 5 6
3.260349 35 165 5 6
3.262349 35 165 5 6
3.264349 35 165 5 6
3.266349 35 165 5 6
3.268349 35 165 5 6
3.270349 35 165 5 6
3.272349 35 165 5 6
3.274349 35 165 5 6
3.276349 35 165 5 6
3.278349 35 165 5 6
3.280349 35 165 5 6
3.282349 35 165 5 6
3.284349 35 165 5 6
3.286349 35 165 5 6
3.288349 35 165 5 6
3.290349 35 165 5 6
3.292349 35 165 5 6
3.294349 36 165 5 6
3.296349 36 165 5 6
3.298349 36 165 5 6
3.300349 36 165 5 6
3.302349 36 165 5 6
3.304349 36 165 5 6
3.306349 36 165 5 6
3.308349 36 165 5 6
3.310349 36 165 5 6
3.312349 36 165 5 6
3.314349 36 165 5 6
3.316349 36 165 6 6
3.318349 36 165 6 6
3.320349 36 165 6 6
3.322349 36 165 6 6
3.324349 36 165 6 6
3.326349 36 165 6 7
3.328349 36 165 6 7
3.330349 36 165 6 7
3.332349 36 165 6 7
3.334349 36 165 6 7
3.336349 36 165 6 7
3.338349 36 165 7 7
3.340349 36 165 7 7
3.342349 36 165 7 7
3.344349 36 165 7 7
3.346349 36 165 7 7
3.348349 36 165 7 7
3.350349 36 165 7 7
3.352349 36 165 7 7
3.354349 36 165 7 7
3.356349 36 165 7 7
3.358349 37 165 7 7
3.360349 37 165 7 7
3.362349 37 165 7 7
3.364349 37 165 7 7
3.366349 37 165 7 7
3.368349 37 165 7 7
3.370349 37 165 7 7
3.372349 37 165 7 7
3.374349 37 165 7 7
3.376349 37 165 7 7
3.378349 37 165 7 7
3.380349 37 165 7 7
3.382349 37 165 7 7
3.384349 37 165 7 7
3.386349 37 165 7 7
3.388349 37 165 7 7
3.390349 37 165 6 7
3.392349 37 165 6 7
3.394349 37 165 6 7
3.396349 37 165 6 7
3.398349 37 165 6 7
3.400349 37 165 6 7
3.402349 37 165 6 7
3.404349 37 165 6 7
3.406349 37 165 6 7
3.408349 37 165 6 7
3.410349 37 165 6 7
3.412349 37 165 6 7
3.414349 37 165 6 7
3.416349 37 165 6 7
3.418349 37 165 6 7
3.420349 37 165 6 7
3.422349 38 165 6 7
3.424349 38 165 6 7
3.426349 38 165 6 7
3.428349 38 165 6 7
3.430349 38 165 6 7
3.432349 38 165 6 7
3.434349 38 165 6 7
3.436349 38 165 6 7
3.438349 38 165 6 7
3.440349 38 165 6 7
3.442349 38 165 6 7
3.444349 38 165 6 7
3.446349 38 165 6 7
3.448349 38 165 6 7
3.450349 38 165 6 7
3.452349 38 165 6 7
3.454349 38 165 6 7
3.456349 38 165 6 7
3.458349 38 165 6 7
3.460349 38 165 6 7
3.462349 38 165 6 7
3.464349 38 165 6 7
3.466349 38 165 6 7
3.468349 38 165 6 7
3.470349 38 165 6 7
3.472349 38 165 6 7
3.474349 38 165 6 7
3.476349 38 165 6 7
3.478349 38 165 6 7
3.480349 38 165 6 7
3.482349 38 165 6 7
3.484349 38 165 6 7
3.486349 38 166 6 6
3.488349 38 166 6 6
3.490349 38 166 6 6
3.492349 38 166 6 6
3.494349 38 166 6 6
3.496349 38 166 6 6
3.498349 39 166 6 6
3.500349 39 166 6 6
3.502349 39 166 6 6
3.504349 39 166 6 6
3.506349 39 166 6 6
3.508349 40 166 6 6
3.510349 40 166 6 6
3.512349 40 166 6 6
3.514349 40 166 6 6
3.516349 40 166 6 6
3.518349 41 166 5 6
3.520349 41 166 5 6
3.522349 41 166 5 6
3.524349 41 166 5 6
3.526349 41 166 5 6
3.528349 41 166 5 6
3.530349 42 166 5 6
3.532349 42 166 5 6
3.534349 42 166 5 6
3.536349 42 166 5 6
3.538349 42 166 5 6
3.540349 43 166 5 6
3.542349 43 166 5 6
3.544349 43 166 5 6
3.546349 43 166 5 6
3.548349 43 166 5 6
3.550349 44 165 5 6
3.552349 44 165 5 6
3.554349 44 165 5 6
3.556349 44 165 5 6
3.558349 44 165 5 6
3.560349 44 165 5 6
3.562349 44 165 5 6
3.564349 44 165 5 6
3.566349 44 165 5 6
3.568349 44 165 5 6
3.570349 44 165 5 6
3.572349 44 165 5 6
3.574349 44 165 5 6
3.576349 44 165 5 6
3.578349 44 165 5 6
3.580349 44 165 5 6
3.582349 44 165 6 7
3.584349 44 165 6 7
3.586349 44 165 6 7
3.588349 44 165 6 7
3.590349 44 165 6 7
3.592349 44 165 6 7
3.594349 44 165 6 7
3.596349 44 165 6 7
3.598349 44 165 6 7
3.600349 44 165 6 7
3.602349 44 165 6 7
3.604349 44 165 6 7
3.606349 44 165 6 7
3.608349 44 165 6 7
3.610349 44 165 6 7
3.612349 44 165 6 7
3.614349 45 165 6 7
3.616349 45 165 6 7
3.618349 45 165 6 7
3.620349 45 165 6 7
3.622349 45 165 6 7
3.624349 45 165 6 7
3.626349 45 165 6 7
3.628349 45 165 6 7
3.630349 45 165 6 6
3.632349 45 165 6 6
3.634349 45 165 6 6
3.636349 45 165 5 6
3.638349 45 165 5 6
3.640349 45 165 5 6
3.642349 45 165 5 6
3.644349 45 165 5 6
3.646349 46 166 5 5
3.648349 46 166 5 5
3.650349 46 166 5 5
3.652349 46 166 5 5
3.654349 46 166 5 5
3.656349 46 166 5 5
3.658349 46 166 4 5
3.660349 46 166 4 5
3.662349 46 166 4 4
3.664349 46 166 4 4
3.666349 46 166 4 4
3.668349 46 166 4 4
3.670349 46 166 4 4
3.672349 46 166 4 4
3.674349 46 166 4 4
3.676349 46 166 4 4
3.678349 47 167 4 4
3.680349 47 167 4 4
3.682349 47 167 4 4
3.684349 47 167 4 4
3.686349 47 167 4 4
3.688349 47 167 4 4
3.690349 47 167 4 4
3.692349 47 167 4 4
3.694349 47 167 5 4
3.696349 47 167 5 4
3.698349 47 167 5 4
3.700349 47 167 5 4
3.702349 47 167 5 4
3.704349 47 167 5 4
3.706349 47 167 5 4
3.708349 47 167 5 4
3.710349 47 167 6 5
3.712349 47 167 6 5
3.714349 47 167 6 5
3.716349 47 167 6 5
3.718349 47 167 6 5
3.720349 47 167 6 5
3.722349 47 167 6 5
3.724349 47 167 6 5
3.726349 47 167 7 5
3.728349 47 167 7 5
3.730349 47 167 7 5
3.732349 47 167 7 5
3.734349 47 167 7 5
3.736349 47 167 7 5
3.738349 47 167 7 5
3.740349 47 167 7 5
3.742349 47 166 8 6
3.744349 47 166 8 6
3.746349 47 166 8 6
3.748349 47 166 8 6
3.750349 47 166 8 6
3.752349 47 166 8 6
3.754349 47 166 8 6
3.756349 47 166 8 6
3.758349 47 166 8 6
3.760349 47 166 8 6
3.762349 47 166 8 6
3.764349 47 166 8 6
3.766349 47 166 8 6
3.768349 47 166 8 6
3.770349 47 166 8 6
3.772349 47 166 8 6
3.774349 48 166 8 7
3.776349 48 166 8 7
3.778349 48 166 8 7
3.780349 48 166 8 7
3.782349 48 166 8 7
3.784349 48 166 8 7
3.786349 48 166 8 7
3.788349 48 166 8 7
3.790349 48 166 8 7
3.792349 48 166 8 7
3.794349 48 166 8 7
3.796349 48 166 8 7
3.798349 48 166 8 7
3.800349 48 166 8 7
3.802349 48 166 8 7
3.804349 48 166 8 7
3.806349 49 166 9 7
3.808349 49 166 9 7
3.810349 49 166 9 7
3.812349 49 166 9 7
3.814349 49 166 9 7
3.816349 49 166 9 7
3.818349 49 166 9 7
3.820349 49 166 9 7
3.822349 49 166 9 7
3.824349 49 166 9 7
3.826349 49 166 9 7
3.828349 49 166 9 7
3.830349 49 166 9 7
3.832349 49 166 9 7
3.834349 49 166 9 7
3.836349 49 166 9 7
3.838349 49 166 9 6
3.840349 49 166 9 6
3.842349 49 166 9 6
3.844349 49 166 9 6
3.846349 49 166 9 6
3.848349 49 166 9 6
3.850349 49 166 9 6
3.852349 49 166 9 6
3.854349 49 166 9 6
3.856349 49 166 9 6
3.858349 49 166 9 6
3.860349 49 166 9 6
3.862349 49 166 9 6
3.864349 49 166 9 6
3.866349 49 166 9 6
3.868349 49 166 9 6
3.870349 50 167 9 6
3.872349 50 167 9 6
3.874349 50 167 9 6
3.876349 50 167 9 6
3.878349 50 167 9 6
3.880349 50 167 9 6
3.882349 50 167 9 6
3.884349 50 167 9 6
3.886349 51 167 9 6
3.888349 51 167 9 6
3.890349 51 167 9 6
3.892349 51 167 9 6
3.894349 51 167 9 6
3.896349 51 167 9 6
3.898349 51 167 9 6
3.900349 51 167 9 6
3.902349 52 167 8 7
3.904349 52 167 8 7
3.906349 52 167 8 7
3.908349 52 167 8 7
3.910349 52 167 8 7
3.912349 52 167 8 7
3.914349 52 167 8 7
3.916349 52 167 8 7
3.918349 53 167 8 7
3.920349 53 167 8 7
3.922349 53 167 8 7
3.924349 53 167 8 7
3.926349 53 167 8 7
3.928349 53 167 8 7
3.930349 53 167 8 7
3.932349 53 167 8 7
3.934349 53 167 8 7
3.936349 53 167 8 7
3.938349 53 167 8 7
3.940349 53 167 8 7
3.942349 53 167 8 7
3.944349 53 167 8 7
3.946349 53 167 8 7
3.948349 53 167 8 7
3.950349 53 167 8 7
3.952349 53 167 8 7
3.954349 53 167 8 7
3.956349 53 167 8 6
3.958349 53 167 8 6
3.960349 53 167 8 6
3.962349 53 167 8 6
3.964349 53 167 8 6
3.966349 52 167 8 6
3.968349 52 167 8 6
3.970349 52 167 8 6
3.972349 52 167 8 6
3.974349 52 167 8 6
3.976349 52 167 8 6
3.978349 52 167 8 5
3.980349 52 167 8 5
3.982349 52 167 8 5
3.984349 52 167 8 5
3.986349 52 167 8 5
3.988349 52 167 8 5
3.990349 52 167 8 5
3.992349 52 167 8 5
3.994349 52 167 8 5
3.996349 52 167 8 5
3.998349 52 168 7 4
4.000349 52 168 7 4
4.002349 52 168 7 4
4.004349 52 168 7 4
4.006349 52 168 7 4
4.008349 52 168 7 4
4.010349 52 168 7 4
4.012349 53 168 7 4
4.014349 53 168 6 4
4.016349 53 168 6 4
4.018349 53 168 6 4
4.020349 53 168 6 4
4.022349 53 168 6 4
4.024349 54 168 6 4
4.026349 54 168 6 4
4.028349 54 168 6 4
4.030349 54 168 5 4
4.032349 54 168 5 4
4.034349 54 168 5 4
4.036349 54 168 5 4
4.038349 55 168 5 4
4.040349 55 168 5 4
4.042349 55 168 5 4
4.044349 55 168 5 4
4.046349 55 168 4 4
4.048349 55 168 4 4
4.050349 56 168 4 4
4.052349 56 168 4 4
4.054349 56 168 4 4
4.056349 56 168 4 4
4.058349 56 168 4 4
4.060349 56 168 4 4
4.062349 57 167 4 4
4.064349 57 167 4 4
4.066349 57 167 4 4
4.068349 57 167 4 4
4.070349 57 167 4 4
4.072349 57 167 5 4
4.074349 57 167 5 4
4.076349 57 167 5 4
4.078349 57 167 5 4
4.080349 57 167 5 4
4.082349 57 167 6 4
4.084349 57 167 6 4
4.086349 57 167 6 4
4.088349 57 167 6 4
4.090349 57 167 7 4
4.092349 57 167 7 4
4.094349 58 167 7 4
4.096349 58 167 7 4
4.098349 58 167 7 4
4.100349 58 167 8 4
4.102349 58 167 8 4
4.104349 58 167 8 4
4.106349 58 167 8 4
4.108349 58 167 9 4
4.110349 58 167 9 4
4.112349 58 167 9 4
4.114349 58 167 9 4
4.116349 58 167 9 4
4.118349 58 167 10 4
4.120349 58 167 10 4
4.122349 58 167 10 4
4.124349 58 167 10 4
4.126349 59 167 11 5
4.128349 59 167 11 5
4.130349 59 167 11 5
4.132349 60 167 11 5
4.134349 60 167 11 5
4.136349 60 167 11 5
4.138349 61 167 11 5
4.140349 61 167 11 5
4.142349 61 167 11 5
4.144349 62 167 11 5
4.146349 62 167 11 5
4.148349 62 167 11 5
4.150349 63 167 11 5
4.152349 63 167 11 5
4.154349 63 167 11 5
4.156349 64 167 11 5
4.158349 64 167 11 5
4.160349 64 167 11 5
4.162349 65 167 11 5
4.164349 65 167 11 5
4.166349 65 167 11 5
4.168349 66 167 11 5
4.170349 66 167 11 5
4.172349 66 167 11 5
4.174349 67 167 11 5
4.176349 67 167 11 5
4.178349 67 167 11 5
4.180349 68 167 11 5
4.182349 68 167 11 5
4.184349 68 167 11 5
4.186349 69 167 11 5
4.188349 69 167 11 5
4.190349 70 166 10 6
4.192349 70 166 10 6
4.194349 70 166 10 6
4.196349 71 166 10 6
4.198349 71 166 10 6
4.200349 72 166 10 6
4.202349 72 166 10 6
4.204349 72 166 10 6
4.206349 73 166 10 6
4.208349 73 166 10 6
4.210349 74 166 10 6
4.212349 74 166 9 6
4.214349 74 166 9 6
4.216349 75 166 9 6
4.218349 75 166 9 6
4.220349 76 166 9 6
4.222349 76 166 9 6
4.224349 76 166 9 6
4.226349 77 166 9 6
4.228349 77 166 9 6
4.230349 78 166 9 6
4.232349 78 166 9 6
4.234349 78 166 8 6
4.236349 79 166 8 6
4.238349 79 166 8 6
4.240349 80 166 8 6
4.242349 80 166 8 6
4.244349 80 166 8 6
4.246349 81 166 8 6
4.248349 81 166 8 6
4.250349 82 166 8 6
4.252349 82 166 8 6
4.254349 83 166 8 7
4.256349 83 166 8 7
4.258349 83 166 8 7
4.260349 83 166 8 7
4.262349 84 166 8 7
4.264349 84 166 8 7
4.266349 84 166 8 7
4.268349 85 166 9 7
4.270349 85 166 9 7
4.272349 85 166 9 7
4.274349 86 166 9 7
4.276349 86 166 9 8
4.278349 86 166 9 8
4.280349 87 166 10 8
4.282349 87 166 10 8
4.284349 87 166 10 8
4.286349 88 166 10 8
4.288349 88 166 10 8
4.290349 88 166 10 8
4.292349 88 166 10 8
4.294349 89 166 11 8
4.296349 89 166 11 8
4.298349 89 166 11 9
4.300349 90 166 11 9
4.302349 90 166 11 9
4.304349 90 166 11 9
4.306349 91 166 12 9
4.308349 91 166 12 9
4.310349 91 166 12 9
4.312349 92 166 12 9
4.314349 92 166 12 9
4.316349 92 166 12 9
4.318349 93 167 12 9
4.320349 93 167 12 9
4.322349 93 167 12 9
4.324349 94 167 12 9
4.326349 94 167 12 9
4.328349 94 167 12 9
4.330349 95 167 12 9
4.332349 95 167 12 8
4.334349 96 167 12 8
4.336349 96 167 12 8
4.338349 96 167 12 8
4.340349 97 167 11 8
4.342349 97 167 11 8
4.344349 97 167 11 7
4.346349 98 167 11 7
4.348349 98 167 11 7
4.350349 99 168 11 7
4.352349 99 168 11 7
4.354349 99 168 11 7
4.356349 100 168 11 7
4.358349 100 168 11 6
4.360349 100 168 11 6
4.362349 101 168 10 6
4.364349 101 168 10 6
4.366349 102 168 10 6
4.368349 102 168 10 6
4.370349 102 168 10 5
4.372349 103 168 10 5
4.374349 103 168 10 5
4.376349 103 168 10 5
4.378349 104 168 10 5
4.380349 104 168 10 5
4.382349 105 168 10 5
4.384349 105 168 10 5
4.386349 105 168 10 5
4.388349 105 168 10 5
4.390349 105 168 10 5
4.392349 105 168 10 5
4.394349 105 168 10 5
4.396349 106 168 10 6
4.398349 106 168 10 6
4.400349 106 168 10 6
4.402349 106 168 10 6
4.404349 106 168 10 6
4.406349 106 168 10 6
4.408349 107 168 10 7
4.410349 107 168 10 7
4.412349 107 168 10 7
4.414349 107 168 10 7
4.416349 107 168 10 7
4.418349 107 168 10 7
4.420349 107 168 10 7
4.422349 108 168 10 8
4.424349 108 168 10 8
4.426349 108 168 10 8
4.428349 108 168 10 8
4.430349 108 168 10 8
4.432349 108 168 10 8
4.434349 109 168 10 9
4.436349 109 168 10 9
4.438349 109 168 10 9
4.440349 109 168 10 9
4.442349 109 168 10 9
4.444349 109 168 10 9
4.446349 110 168 9 9
4.448349 110 168 9 9
4.450349 111 168 9 9
4.452349 111 168 9 9
4.454349 112 168 9 9
4.456349 112 168 9 9
4.458349 113 168 9 9
4.460349 113 168 9 8
4.462349 114 168 9 8
4.464349 114 168 9 8
4.466349 115 168 9 8
4.468349 115 169 9 8
4.470349 116 169 9 8
4.472349 116 169 9 7
4.474349 117 169 9 7
4.476349 117 169 9 7
4.478349 118 169 8 7
4.480349 119 169 8 7
4.482349 119 169 8 7
4.484349 120 169 8 7
4.486349 120 169 8 6
4.488349 121 169 8 6
4.490349 121 170 8 6
4.492349 122 170 8 6
4.494349 122 170 8 6
4.496349 123 170 8 6
4.498349 123 170 8 5
4.500349 124 170 8 5
4.502349 124 170 8 5
4.504349 125 170 8 5
4.506349 125 170 8 5
4.508349 126 170 8 5
4.510349 127 170 8 5
4.512349 127 170 8 5
4.514349 127 170 8 5
4.516349 127 170 8 5
4.518349 127 170 8 5
4.520349 128 170 8 5
4.522349 128 170 8 5
4.524349 128 170 8 6
4.526349 128 170 8 6
4.528349 129 170 8 6
4.530349 129 170 8 6
4.532349 129 170 8 6
4.534349 129 170 8 6
4.536349 130 170 8 7
4.538349 130 170 8 7
4.540349 130 170 8 7
4.542349 130 170 8 7
4.544349 131 169 9 7
4.546349 131 169 9 7
4.548349 131 169 9 7
4.550349 131 169 9 8
4.552349 132 169 9 8
4.554349 132 169 9 8
4.556349 132 169 9 8
4.558349 132 169 9 8
4.560349 133 169 9 8
4.562349 133 169 9 9
4.564349 133 169 9 9
4.566349 133 169 9 9
4.568349 134 169 9 9
4.570349 134 169 9 9
4.572349 134 169 9 9
4.574349 134 169 9 9
4.576349 135 169 10 10
4.578349 135 169 10 10
4.580349 135 169 10 10
4.582349 135 169 10 10
4.584349 136 169 10 10
4.586349 136 169 10 10
4.588349 136 169 10 10
4.590349 136 169 10 10
4.592349 137 169 10 10
4.594349 137 169 10 10
4.596349 137 169 10 10
4.598349 137 169 10 10
4.600349 138 169 10 10
4.602349 138 169 10 10
4.604349 138 169 10 10
4.606349 138 169 10 10
4.608349 139 169 10 10
4.610349 139 169 10 10
4.612349 139 169 10 10
4.614349 139 169 10 10
4.616349 140 169 10 10
4.618349 140 169 10 10
4.620349 140 169 10 10
4.622349 140 169 10 10
4.624349 141 169 10 10
4.626349 141 169 10 10
4.628349 141 169 10 10
4.630349 141 169 10 10
4.632349 142 169 10 10
4.634349 142 169 10 10
4.636349 142 169 10 10
4.638349 142 169 10 10
4.640349 143 169 9 9
4.642349 143 169 9 9
4.644349 143 169 9 9
4.646349 143 169 9 9
4.648349 144 169 9 9
4.650349 144 169 9 9
4.652349 144 169 9 9
4.654349 144 169 9 9
4.656349 145 169 9 9
4.658349 145 169 9 9
4.660349 145 169 9 9
4.662349 145 169 9 9
4.664349 146 169 9 9
4.666349 146 169 9 9
4.668349 146 169 9 9
4.670349 146 169 9 9
4.672349 147 169 9 8
4.674349 147 169 9 8
4.676349 147 169 9 8
4.678349 147 169 9 8
4.680349 148 169 9 8
4.682349 148 169 9 8
4.684349 148 169 9 8
4.686349 148 169 9 8
4.688349 149 169 9 8
4.690349 149 169 9 8
4.692349 149 169 9 8
4.694349 149 169 9 8
4.696349 150 169 9 8
4.698349 150 169 9 8
4.700349 150 169 9 8
4.702349 150 169 9 8
4.704349 151 169 9 8
4.706349 151 169 9 8
4.708349 151 169 9 8
4.710349 151 169 9 8
4.712349 151 169 9 8
4.714349 152 169 9 8
4.716349 152 169 9 8
4.718349 152 169 9 8
4.720349 152 169 9 8
4.722349 152 169 9 8
4.724349 153 169 9 8
4.726349 153 169 9 8
4.728349 153 169 9 8
4.730349 153 169 9 8
4.732349 153 169 9 8
4.734349 153 169 9 8
4.736349 154 169 9 9
4.738349 154 169 9 9
4.740349 154 169 9 9
4.742349 154 169 9 9
4.744349 154 169 9 9
4.746349 155 169 9 9
4.748349 155 169 9 9
4.750349 155 169 9 9
4.752349 155 169 9 9
4.754349 155 169 9 9
4.756349 156 169 9 9
4.758349 156 169 9 9
4.760349 156 169 9 9
4.762349 156 169 9 9
4.764349 156 169 9 9
4.766349 156 169 9 9
4.768349 157 170 10 10
4.770349 157 170 10 10
4.772349 157 170 10 10
4.774349 157 170 10 10
4.776349 158 170 10 10
4.778349 158 170 10 10
4.780349 158 170 10 10
4.782349 158 170 10 10
4.784349 159 170 10 10
4.786349 159 170 10 10
4.788349 159 170 10 10
4.790349 159 170 10 10
4.792349 160 170 10 10
4.794349 160 170 10 10
4.796349 160 170 10 10
4.798349 160 170 10 10
4.800349 161 170 10 10
4.802349 161 170 10 10
4.804349 161 170 10 10
4.806349 161 170 10 10
4.808349 162 170 10 10
4.810349 162 170 10 10
4.812349 162 170 10 10
4.814349 162 170 10 10
4.816349 163 170 10 10
4.818349 163 170 10 10
4.820349 163 170 10 10
4.822349 163 170 10 10
4.824349 164 170 10 10
4.826349 164 170 10 10
4.828349 164 170 10 10
4.830349 164 170 10 10
4.832349 165 170 10 10
4.834349 165 170 10 10
4.836349 165 170 10 10
4.838349 165 170 10 10
4.840349 166 170 10 10
4.842349 166 170 10 10
4.844349 166 170 10 10
4.846349 166 170 10 10
4.848349 166 170 10 10
4.850349 167 170 10 10
4.852349 167 170 10 10
4.854349 167 170 10 10
4.856349 167 170 10 10
4.858349 168 170 10 10
4.860349 168 170 10 10
4.862349 168 170 10 10
4.864349 168 170 10 10
4.866349 168 170 10 10
4.868349 169 170 10 10
4.870349 169 170 10 10
4.872349 169 170 10 10
4.874349 169 170 10 10
4.876349 170 170 10 10
4.878349 170 170 10 10
4.880349 170 170 10 10
4.882349 170 170 10 10
4.884349 170 170 10 10
4.886349 171 170 10 10
4.888349 171 170 10 10
4.890349 171 170 10 10
4.892349 171 170 10 10
4.894349 171 170 10 10
4.896349 172 170 10 10
4.898349 172 170 10 10
4.900349 172 170 10 10
4.902349 172 170 10 10
4.904349 172 170 10 10
4.906349 173 170 10 10
4.908349 173 170 10 10
4.910349 173 170 10 10
4.912349 173 170 10 10
4.914349 173 170 10 10
4.916349 174 170 10 10
4.918349 174 170 10 10
4.920349 174 170 10 10
4.922349 174 170 10 10
4.924349 174 170 10 10
4.926349 174 170 10 10
4.928349 175 170 10 10
4.930349 175 170 10 10
4.932349 175 170 10 10
4.934349 175 170 10 10
4.936349 175 170 10 10
4.938349 176 170 10 10
4.940349 176 170 10 10
4.942349 176 170 10 10
4.944349 176 170 10 10
4.946349 176 170 10 10
4.948349 177 170 10 10
4.950349 177 170 10 10
4.952349 177 170 10 10
4.954349 177 170 10 10
4.956349 177 170 10 10
4.958349 177 170 10 10
4.960349 178 170 10 10
4.962349 178 170 10 10
4.964349 178 170 10 10
4.966349 178 170 10 10
4.968349 179 170 10 10
4.970349 179 170 10 10
4.972349 179 170 10 10
4.974349 179 170 10 10
4.976349 179 170 10 10
4.978349 180 170 10 10
4.980349 180 170 10 10
4.982349 180 170 10 10
4.984349 180 170 10 10
4.986349 181 170 10 10
4.988349 181 170 10 10
4.990349 181 170 10 10
4.992349 181 170 10 10
4.994349 181 170 10 10
4.996349 182 170 10 10
4.998349 182 170 10 10
5.000349 182 170 10 10
5.002349 182 170 10 10
5.004349 183 170 10 10
5.006349 183 170 10 10
5.008349 183 170 10 10
5.010349 183 170 10 10
5.012349 183 170 10 10
5.014349 184 170 10 10
5.016349 184 170 10 10
5.018349 184 170 10 10
5.020349 184 170 10 10
5.022349 184 170 10 10
5.024349 185 170 10 10
5.026349 185 170 10 10
5.028349 185 170 10 10
5.030349 185 170 10 10
5.032349 185 170 10 10
5.034349 186 170 10 10
5.036349 186 170 10 10
5.038349 186 170 10 10
5.040349 186 170 10 10
5.042349 186 170 10 10
5.044349 187 170 10 10
5.046349 187 170 10 10
5.048349 187 170 10 10
5.050349 187 170 10 10
5.052349 187 170 10 10
5.054349 187 170 10 10
5.056349 188 170 10 10
5.058349 188 170 10 10
5.060349 188 170 10 10
5.062349 188 170 10 10
5.064349 188 170 10 10
5.066349 189 170 10 10
5.068349 189 170 10 10
5.070349 189 170 10 10
5.072349 189 170 10 10
5.074349 189 170 10 10
5.076349 190 170 10 10
5.078349 190 170 10 10
5.080349 190 170 10 10
5.082349 190 170 10 10
5.084349 190 170 10 10
5.086349 190 170 10 10
5.088349 191 170 9 9
5.090349 191 170 9 9
5.092349 191 170 9 9
5.094349 191 170 9 9
5.096349 192 170 9 9
5.098349 192 170 9 8
5.100349 192 170 9 8
5.102349 192 170 9 8
5.104349 192 170 8 8
5.106349 193 170 8 8
5.108349 193 171 8 7
5.110349 193 171 8 7
5.112349 193 171 8 7
5.114349 194 171 8 7
5.116349 194 171 8 7
5.118349 194 171 8 7
5.120349 194 171 7 6
5.122349 194 171 7 6
5.124349 195 171 7 6
5.126349 195 171 7 6
5.128349 195 171 7 6
5.130349 195 172 7 5
5.132349 196 172 7 5
5.134349 196 172 7 5
5.136349 196 172 6 5
5.138349 196 172 6 5
5.140349 196 172 6 4
5.142349 197 172 6 4
5.144349 197 172 6 4
5.146349 197 172 6 4
5.148349 197 172 6 4
5.150349 197 172 6 4
5.152349 198 172 6 4
5.154349 198 172 6 4
5.156349 198 172 6 4
5.158349 198 172 6 4
5.160349 198 172 6 4
5.162349 198 172 6 5
5.164349 198 172 6 5
5.166349 198 172 6 5
5.168349 198 172 7 5
5.170349 198 172 7 5
5.172349 198 171 7 6
5.174349 198 171 7 6
5.176349 198 171 7 6
5.178349 198 171 7 6
5.180349 198 171 7 6
5.182349 198 171 7 6
5.184349 198 171 8 7
5.186349 198 171 8 7
5.188349 198 171 8 7
5.190349 198 171 8 7
5.192349 198 171 8 7
5.194349 198 170 8 8
5.196349 198 170 8 8
5.198349 198 170 8 8
5.200349 198 170 9 8
5.202349 198 170 9 8
5.204349 198 170 9 9
5.206349 198 170 9 9
5.208349 198 170 9 9
5.210349 198 170 9 9
5.212349 198 170 9 9
5.214349 198 170 9 9
5.216349 198 170 10 10
5.218349 198 170 10 10
5.220349 198 170 10 10
5.222349 198 170 10 10
5.224349 198 170 10 10
5.226349 198 170 10 10
5.228349 198 170 10 10
5.230349 198 170 10 10
5.232349 198 170 10 10
5.234349 198 170 10 10
5.236349 198 170 10 10
5.238349 198 170 10 10
5.240349 198 170 10 10
5.242349 198 170 10 10
5.244349 198 170 10 10
5.246349 198 170 10 10
5.248349 198 170 10 10
5.250349 198 170 10 10
5.252349 198 170 10 10
5.254349 198 170 10 10
5.256349 198 170 10 10
5.258349 198 170 10 10
5.260349 198 170 10 10
5.262349 198 170 10 10
5.264349 198 170 10 10
5.266349 198 170 10 10
5.268349 198 170 10 10
5.270349 198 170 10 10
5.272349 198 170 10 10
5.274349 198 170 10 10
5.276349 198 170 10 10
5.278349 198 170 10 10
5.280349 198 170 10 10
5.282349 198 170 10 10
5.284349 198 170 10 10
5.286349 198 170 10 10
5.288349 198 170 10 10
5.290349 198 170 10 10
5.292349 198 170 10 10
5.294349 198 170 10 10
5.296349 198 170 10 10
5.298349 198 170 10 10
5.300349 198 170 10 10
5.302349 198 170 10 10
5.304349 198 170 10 10
5.306349 198 170 10 10
5.308349 198 170 10 10
5.310349 198 170 10 10
5.312349 198 170 10 10
5.314349 198 170 10 10
5.316349 198 170 10 10
5.318349 198 170 10 10
5.320349 198 170 10 10
5.322349 198 170 10 10
5.324349 198 170 10 10
5.326349 198 170 10 10
5.328349 198 170 10 10
5.330349 198 170 10 10
5.332349 198 170 10 10
5.334349 198 170 10 10
5.336349 198 170 10 10
5.338349 198 170 10 10
5.340349 198 170 10 10
5.342349 198 170 10 10
5.344349 198 170 10 10
5.346349 198 170 10 10
5.348349 198 170 10 10
5.350349 198 170 10 10
5.352349 198 170 10 10
5.354349 198 170 10 10
5.356349 198 170 10 10
5.358349 198 170 10 10
5.360349 198 170 10 10
5.362349 198 170 10 10
5.364349 198 170 10 10
5.366349 198 170 10 10
5.368349 198 170 10 10
5.370349 198 170 10 10
5.372349 198 170 10 10
5.374349 198 170 10 10
5.376349 198 170 10 10
5.378349 198 170 10 10
5.380349 198 170 10 10
5.382349 198 170 10 10
5.384349 198 170 10 10
5.386349 198 170 10 10
5.388349 198 170 10 10
5.390349 198 170 10 10
5.392349 198 170 10 10
5.394349 198 170 10 10
5.396349 198 170 10 10
5.398349 198 170 10 10
5.400349 198 170 10 10
5.402349 198 170 10 10
5.404349 198 170 10 10
5.406349 198 170 10 10
5.408349 198 170 9 9
5.410349 198 170 9 9
5.412349 198 170 9 9
5.414349 198 170 9 9
5.416349 198 170 9 9
5.418349 198 170 9 8
5.420349 198 170 8 8
5.422349 198 170 8 8
5.424349 198 170 8 8
5.426349 198 170 8 8
5.428349 198 171 8 7
5.430349 198 171 8 7
5.432349 198 171 8 7
5.434349 198 171 7 7
5.436349 198 171 7 7
5.438349 198 171 7 7
5.440349 199 171 7 6
5.442349 199 171 7 6
5.444349 199 171 7 6
5.446349 199 171 6 6
5.448349 199 171 6 6
5.450349 199 172 6 5
5.452349 199 172 6 5
5.454349 199 172 6 5
5.456349 199 172 6 5
5.458349 199 172 5 5
5.460349 199 172 5 4
5.462349 199 172 5 4
5.464349 199 172 5 4
5.466349 199 172 5 4
5.468349 199 172 5 4
5.470349 199 172 5 4
5.472349 199 172 5 4
5.474349 199 172 5 4
5.476349 199 172 5 4
5.478349 199 172 5 4
5.480349 199 172 5 4
5.482349 199 172 5 5
5.484349 199 172 6 5
5.486349 199 172 6 5
5.488349 199 172 6 5
5.490349 199 172 6 5
5.492349 199 172 6 6
5.494349 199 172 6 6
5.496349 199 172 6 6
5.498349 199 172 7 6
5.500349 199 172 7 6
5.502349 199 172 7 6
5.504349 198 171 7 7
5.506349 198 171 7 7
5.508349 198 171 7 7
5.510349 198 171 8 7
5.512349 198 171 8 7
5.514349 198 171 8 8
5.516349 198 171 8 8
5.518349 198 171 8 8
5.520349 198 171 8 8
5.522349 198 171 9 8
5.524349 198 171 9 9
5.526349 198 171 9 9
5.528349 198 171 9 9
5.530349 198 171 9 9
5.532349 198 171 9 9
5.534349 198 171 9 9
5.536349 198 170 10 10
5.538349 198 170 10 10
5.540349 198 170 10 10
5.542349 198 170 10 10
5.544349 198 170 10 10
5.546349 198 170 10 10
5.548349 198 170 10 10
5.550349 198 170 10 10
5.552349 198 170 10 10
5.554349 198 170 10 10
5.556349 198 170 10 10
5.558349 198 170 10 10
5.560349 198 170 10 10
5.562349 198 170 10 10
5.564349 198 170 10 10
5.566349 198 170 10 10
5.568349 198 170 10 10
5.570349 198 170 10 10
5.572349 198 170 10 10
5.574349 198 170 10 10
5.576349 198 170 10 10
5.578349 198 170 10 10
5.580349 198 170 10 10
5.582349 198 170 10 10
5.584349 198 170 10 10
5.586349 198 170 10 10
5.588349 198 170 10 10
5.590349 198 170 10 10
5.592349 198 170 10 10
5.594349 198 170 10 10
5.596349 198 170 10 10
5.598349 198 170 10 10
5.600349 198 170 10 10
5.602349 198 170 10 10
5.604349 198 170 10 10
5.606349 198 170 10 10
5.608349 198 170 10 10
5.610349 198 170 10 10
5.612349 198 170 10 10
5.614349 198 170 10 10
5.616349 198 170 10 10
5.618349 198 170 10 10
5.620349 198 170 10 10
5.622349 198 170 10 10
5.624349 198 170 10 10
5.626349 198 170 10 10
5.628349 198 170 10 10
5.630349 198 170 10 10
5.632349 198 170 10 10
5.634349 198 170 10 10
5.636349 198 170 10 10
5.638349 198 170 10 10
5.640349 198 170 10 10
5.642349 198 170 10 10
5.644349 198 170 10 10
5.646349 198 170 10 10
5.648349 198 170 10 10
5.650349 198 170 10 10
5.652349 198 170 10 10
5.654349 198 170 10 10
5.656349 198 170 10 10
5.658349 198 170 10 10
5.660349 198 170 10 10
5.662349 198 170 10 10
5.664349 197 171 10 10
5.666349 197 171 10 10
5.668349 197 171 10 10
5.670349 197 171 10 10
5.672349 197 171 10 10
5.674349 197 171 10 10
5.676349 197 171 10 10
5.678349 197 171 10 10
5.680349 197 171 11 10
5.682349 197 171 11 10
5.684349 197 171 11 10
5.686349 197 171 11 10
5.688349 197 171 11 10
5.690349 197 171 11 10
5.692349 197 171 11 10
5.694349 197 171 11 10
5.696349 197 171 12 10
5.698349 197 171 12 10
5.700349 197 171 12 10
5.702349 197 171 12 10
5.704349 197 171 12 10
5.706349 197 171 12 10
5.708349 197 171 12 10
5.710349 197 171 12 10
5.712349 197 171 13 10
5.714349 197 171 13 10
5.716349 197 171 13 10
5.718349 197 171 13 10
5.720349 197 171 13 10
5.722349 197 171 13 10
5.724349 197 171 13 10
5.726349 197 171 13 10
5.728349 196 171 13 9
5.730349 196 171 13 9
5.732349 196 171 13 9
5.734349 196 171 13 9
5.736349 196 171 13 9
5.738349 196 171 13 9
5.740349 196 171 13 9
5.742349 196 171 13 9
5.744349 196 171 13 9
5.746349 196 171 13 9
5.748349 196 171 13 8
5.750349 196 171 13 8
5.752349 196 171 13 8
5.754349 196 171 13 8
5.756349 196 171 13 8
5.758349 196 171 13 8
5.760349 196 171 12 8
5.762349 196 171 12 8
5.764349 196 171 12 8
5.766349 196 171 12 8
5.768349 196 171 12 8
5.770349 196 171 12 7
5.772349 196 171 12 7
5.774349 196 171 12 7
5.776349 196 171 12 7
5.778349 196 171 12 7
5.780349 196 171 12 7
5.782349 196 171 12 7
5.784349 196 171 12 7
5.786349 196 171 12 7
5.788349 196 171 12 7
5.790349 196 171 12 7
5.792349 196 171 11 7
5.794349 196 171 11 7
5.796349 196 171 11 7
5.798349 196 171 11 7
5.800349 196 171 11 7
5.802349 196 171 11 7
5.804349 196 171 11 7
5.806349 196 171 11 7
5.808349 196 171 11 7
5.810349 196 171 11 7
5.812349 196 171 10 7
5.814349 196 171 10 7
5.816349 196 171 10 7
5.818349 196 171 10 7
5.820349 196 171 10 7
5.822349 196 171 10 7
5.824349 196 171 10 7
5.826349 196 171 10 7
5.828349 196 171 10 7
5.830349 196 171 10 7
5.832349 196 171 10 7
5.834349 196 171 9 7
5.836349 196 171 9 7
5.838349 196 171 9 7
5.840349 196 171 9 7
5.842349 196 171 9 7
5.844349 196 171 9 7
5.846349 196 171 9 7
5.848349 196 171 9 7
5.850349 196 171 9 7
5.852349 196 171 9 7
5.854349 196 171 9 7
5.856349 197 171 8 6
5.858349 197 171 8 6
5.860349 197 171 8 6
5.862349 197 171 8 6
5.864349 197 171 8 6
5.866349 197 171 8 6
5.868349 197 171 7 6
5.870349 197 171 7 6
5.872349 197 171 7 6
5.874349 197 171 7 6
5.876349 198 171 7 6
5.878349 198 171 7 6
5.880349 198 171 7 6
5.882349 198 171 6 6
5.884349 198 171 6 6
5.886349 198 171 6 6
5.888349 198 171 6 5
5.890349 198 171 6 5
5.892349 198 171 6 5
5.894349 198 171 5 5
5.896349 198 171 5 5
5.898349 199 171 5 5
5.900349 199 171 5 5
5.902349 199 171 5 5
5.904349 199 171 5 5
5.906349 199 171 4 5
5.908349 199 171 4 5
5.910349 199 171 4 5
5.912349 199 171 4 5
5.914349 199 171 4 5
5.916349 199 171 4 5
5.918349 199 171 4 5
