0.056943 19 165 8 8
0.058943 19 165 8 8
0.060943 19 165 8 8
0.062943 19 165 8 8
0.064943 19 165 8 8
0.066943 19 165 8 8
0.068943 20 165 8 8
0.070943 20 165 8 8
0.072943 20 165 8 8
0.074943 20 165 8 8
0.076943 20 165 8 8
0.078943 21 165 8 8
0.080943 21 165 8 8
0.082943 21 165 8 8
0.084943 21 165 8 8
0.086943 21 165 8 8
0.088943 21 165 8 8
0.090943 22 166 9 9
0.092943 22 166 9 9
0.094943 22 166 9 9
0.096943 22 166 9 9
0.098943 22 166 9 9
0.100943 23 166 9 9
0.102943 23 166 9 9
0.104943 23 166 9 9
0.106943 23 166 9 9
0.108943 23 166 9 9
0.110943 24 166 9 9
0.112943 24 166 9 9
0.114943 24 166 9 9
0.116943 24 166 9 9
0.118943 24 166 9 9
0.120943 24 166 9 9
0.122943 25 166 10 10
0.124943 25 166 10 10
0.126943 25 166 10 10
0.128943 25 166 10 10
0.130943 25 166 10 10
0.132943 26 166 10 10
0.134943 26 166 10 10
0.136943 26 166 10 10
0.138943 26 166 10 10
0.140943 26 166 10 10
0.142943 27 166 10 10
0.144943 27 166 10 10
0.146943 27 166 10 10
0.148943 27 166 10 10
0.150943 27 166 10 10
0.152943 27 166 10 10
0.154943 28 166 10 10
0.156943 28 166 10 10
0.158943 28 166 10 10
0.160943 28 166 10 10
0.162943 28 166 10 10
0.164943 29 166 10 10
0.166943 29 166 10 10
0.168943 29 166 10 10
0.170943 29 166 10 10
0.172943 29 166 10 10
0.174943 30 166 10 10
0.176943 30 166 10 10
0.178943 30 166 10 10
0.180943 30 166 10 10
0.182943 30 166 10 10
0.184943 30 166 10 10
0.186943 31 165 10 10
0.188943 31 165 10 10
0.190943 31 165 10 10
0.192943 31 165 10 10
0.194943 31 165 10 10
0.196943 32 165 10 10
0.198943 32 165 10 10
0.200943 32 165 10 10
0.202943 32 165 10 10
0.204943 32 165 10 10
0.206943 33 165 10 10
0.208943 33 165 10 10
0.210943 33 165 10 10
0.212943 33 165 10 10
0.214943 33 165 10 10
0.216943 33 165 10 10
0.218943 34 165 10 10
0.220943 34 165 10 10
0.222943 34 165 10 10
0.224943 34 165 10 10
0.226943 34 165 10 10
0.228943 35 165 10 10
0.230943 35 165 10 10
0.232943 35 165 10 10
0.234943 35 165 10 10
0.236943 35 165 10 10
0.238943 36 165 10 10
0.240943 36 165 10 10
0.242943 36 165 10 10
0.244943 36 165 10 10
0.246943 36 165 10 10
0.248943 36 165 10 10
0.250943 37 165 10 10
0.252943 37 165 10 10
0.254943 37 165 10 10
0.256943 37 165 10 10
0.258943 37 165 10 10
0.260943 38 165 10 10
0.262943 38 165 10 10
0.264943 38 165 10 10
0.266943 38 165 10 10
0.268943 38 165 10 10
0.270943 39 165 10 10
0.272943 39 165 10 10
0.274943 39 165 10 10
0.276943 39 165 10 10
0.278943 39 165 10 10
0.280943 39 165 10 10
0.282943 40 166 10 10
0.284943 40 166 10 10
0.286943 40 166 10 10
0.288943 40 166 10 10
0.290943 40 166 10 10
0.292943 41 166 10 10
0.294943 41 166 10 10
0.296943 41 166 10 10
0.298943 41 166 10 10
0.300943 41 166 10 10
0.302943 42 166 10 10
0.304943 42 166 10 10
0.306943 42 166 10 10
0.308943 42 166 10 10
0.310943 42 166 10 10
0.312943 42 166 10 10
0.314943 43 166 10 10
0.316943 43 166 10 10
0.318943 43 166 10 10
0.320943 43 166 10 10
0.322943 44 166 10 10
0.324943 44 166 10 10
0.326943 44 166 10 10
0.328943 44 166 10 10
0.330943 44 166 10 10
0.332943 45 166 10 10
0.334943 45 166 10 10
0.336943 45 166 10 10
0.338943 45 166 10 10
0.340943 46 166 10 10
0.342943 46 166 10 10
0.344943 46 166 10 10
0.346943 46 165 10 10
0.348943 46 165 10 10
0.350943 47 165 10 10
0.352943 47 165 10 10
0.354943 47 165 10 10
0.356943 47 165 10 10
0.358943 48 165 10 10
0.360943 48 165 10 10
0.362943 48 165 10 10
0.364943 48 165 10 10
0.366943 48 165 10 10
0.368943 49 165 10 10
0.370943 49 165 10 10
0.372943 49 165 10 10
0.374943 49 165 10 10
0.376943 49 165 10 10
0.378943 50 165 9 9
0.380943 50 165 9 9
0.382943 50 165 9 9
0.384943 50 165 9 9
0.386943 50 165 9 9
0.388943 51 165 9 9
0.390943 51 165 9 9
0.392943 51 165 9 9
0.394943 51 165 9 9
0.396943 51 165 9 9
0.398943 52 165 9 9
0.400943 52 165 9 9
0.402943 52 165 9 9
0.404943 52 165 9 9
0.406943 52 165 9 9
0.408943 52 165 9 9
0.410943 53 165 8 8
0.412943 53 165 8 8
0.414943 53 165 8 8
0.416943 53 165 8 8
0.418943 53 165 8 8
0.420943 54 165 8 8
0.422943 54 165 8 8
0.424943 54 165 8 8
0.426943 54 165 8 8
0.428943 54 165 8 8
0.430943 55 165 8 8
0.432943 55 165 8 8
0.434943 55 165 8 8
0.436943 55 165 8 8
0.438943 55 165 8 8
0.440943 55 165 8 8
0.442943 56 165 8 8
0.444943 56 165 8 8
0.446943 56 165 8 8
0.448943 56 165 8 8
0.450943 57 165 8 8
0.452943 57 165 8 8
0.454943 57 165 8 8
0.456943 57 165 8 8
0.458943 57 165 8 8
0.460943 58 165 8 8
0.462943 58 165 8 8
0.464943 58 165 8 8
0.466943 58 165 8 8
0.468943 59 165 8 8
0.470943 59 165 8 8
0.472943 59 165 8 8
0.474943 59 165 9 9
0.476943 59 165 9 9
0.478943 60 165 9 9
0.480943 60 165 9 9
0.482943 60 165 9 9
0.484943 60 165 9 9
0.486943 61 165 9 9
0.488943 61 165 9 9
0.490943 61 165 9 9
0.492943 61 165 9 9
0.494943 61 165 9 9
0.496943 62 165 9 9
0.498943 62 165 9 9
0.500943 62 165 9 9
0.502943 62 165 9 9
0.504943 62 165 9 9
0.506943 63 165 10 10
0.508943 63 165 10 10
0.510943 63 165 10 10
0.512943 63 165 10 10
0.514943 64 165 10 10
0.516943 64 165 10 10
0.518943 64 165 10 10
0.520943 64 165 10 10
0.522943 64 165 10 10
0.524943 65 165 10 10
0.526943 65 165 10 10
0.528943 65 165 10 10
0.530943 65 165 10 10
0.532943 66 165 10 10
0.534943 66 165 10 10
0.536943 66 165 10 10
0.538943 66 165 10 10
0.540943 66 165 10 10
0.542943 67 165 10 10
0.544943 67 165 10 10
0.546943 67 165 10 10
0.548943 67 165 10 10
0.550943 68 165 10 10
0.552943 68 165 10 10
0.554943 68 165 10 10
0.556943 68 165 10 10
0.558943 68 165 10 10
0.560943 69 165 10 10
0.562943 69 165 10 10
0.564943 69 165 10 10
0.566943 69 165 10 10
0.568943 69 165 10 10
0.570943 70 165 10 10
0.572943 70 165 10 10
0.574943 70 165 10 10
0.576943 70 165 10 10
0.578943 70 165 10 10
0.580943 71 165 10 10
0.582943 71 165 10 10
0.584943 71 165 10 10
0.586943 71 165 10 10
0.588943 71 165 10 10
0.590943 72 165 10 10
0.592943 72 165 10 10
0.594943 72 165 10 10
0.596943 72 165 10 10
0.598943 72 165 10 10
0.600943 72 165 10 10
0.602943 73 165 10 10
0.604943 73 165 10 10
0.606943 73 165 10 10
0.608943 73 165 10 10
0.610943 73 165 10 10
0.612943 74 165 10 10
0.614943 74 165 10 10
0.616943 74 165 10 10
0.618943 74 165 10 10
0.620943 74 165 10 10
0.622943 75 165 10 10
0.624943 75 165 10 10
0.626943 75 165 10 10
0.628943 75 165 10 10
0.630943 75 165 10 10
0.632943 75 165 10 10
0.634943 76 165 9 9
0.636943 76 165 9 9
0.638943 76 165 9 9
0.640943 76 165 9 9
0.642943 76 165 9 9
0.644943 77 165 9 9
0.646943 77 165 9 9
0.648943 77 165 9 9
0.650943 77 165 9 9
0.652943 77 165 9 9
0.654943 78 165 9 9
0.656943 78 165 9 9
0.658943 78 165 9 9
0.660943 78 165 9 9
0.662943 78 165 9 9
0.664943 78 165 9 9
0.666943 79 165 8 8
0.668943 79 165 8 8
0.670943 79 165 8 8
0.672943 79 165 8 8
0.674943 79 165 8 8
0.676943 80 165 8 8
0.678943 80 165 8 8
0.680943 80 165 8 8
0.682943 80 165 8 8
0.684943 80 165 8 8
0.686943 81 165 8 8
0.688943 81 165 8 8
0.690943 81 165 8 8
0.692943 81 165 8 8
0.694943 81 165 8 8
0.696943 81 165 8 8
0.698943 82 166 8 8
0.700943 82 166 8 8
0.702943 82 166 8 8
0.704943 82 166 8 8
0.706943 82 166 8 8
0.708943 83 166 8 8
0.710943 83 166 8 8
0.712943 83 166 8 8
0.714943 83 166 8 8
0.716943 83 166 8 8
0.718943 84 166 8 8
0.720943 84 166 8 8
0.722943 84 166 8 8
0.724943 84 166 8 8
0.726943 84 166 8 8
0.728943 84 166 8 8
0.730943 85 166 9 9
0.732943 85 166 9 9
0.734943 85 166 9 9
0.736943 85 166 9 9
0.738943 85 166 9 9
0.740943 86 166 9 9
0.742943 86 166 9 9
0.744943 86 166 9 9
0.746943 86 166 9 9
0.748943 86 166 9 9
0.750943 87 166 9 9
0.752943 87 166 9 9
0.754943 87 166 9 9
0.756943 87 166 9 9
0.758943 87 166 9 9
0.760943 87 166 9 9
0.762943 88 166 10 10
0.764943 88 166 10 10
0.766943 88 166 10 10
0.768943 89 166 10 10
0.770943 89 166 10 10
0.772943 89 166 10 10
0.774943 89 166 10 10
0.776943 90 166 10 10
0.778943 90 166 10 10
0.780943 90 166 10 10
0.782943 91 166 10 10
0.784943 91 166 10 10
0.786943 91 166 10 10
0.788943 91 166 10 10
0.790943 92 166 10 10
0.792943 92 166 10 10
0.794943 92 166 10 10
0.796943 93 166 10 10
0.798943 93 166 10 10
0.800943 93 166 10 10
0.802943 93 166 10 10
0.804943 94 166 10 10
0.806943 94 166 10 10
0.808943 94 166 10 10
0.810943 94 166 10 10
0.812943 95 166 10 10
0.814943 95 166 10 10
0.816943 95 166 10 10
0.818943 96 166 10 10
0.820943 96 166 10 10
0.822943 96 166 10 10
0.824943 96 166 10 10
0.826943 97 167 10 10
0.828943 97 167 10 10
0.830943 97 167 10 10
0.832943 97 167 10 10
0.834943 97 167 10 10
0.836943 97 167 10 10
0.838943 98 167 10 10
0.840943 98 167 10 10
0.842943 98 167 10 10
0.844943 98 167 10 10
0.846943 98 167 10 10
0.848943 98 167 10 10
0.850943 99 167 10 10
0.852943 99 167 10 10
0.854943 99 167 10 10
0.856943 99 167 10 10
0.858943 99 167 10 10
0.860943 99 167 10 10
0.862943 99 167 10 10
0.864943 100 167 10 10
0.866943 100 167 10 10
0.868943 100 167 10 10
0.870943 100 167 10 10
0.872943 100 167 10 10
0.874943 100 167 10 10
0.876943 101 167 10 10
0.878943 101 167 10 10
0.880943 101 167 10 10
0.882943 101 167 10 10
0.884943 101 167 10 10
0.886943 101 167 10 10
0.888943 101 167 10 10
0.890943 102 168 10 10
0.892943 102 168 10 10
0.894943 102 168 10 10
0.896943 102 168 10 10
0.898943 103 168 10 10
0.900943 103 168 10 10
0.902943 103 168 10 10
0.904943 103 168 10 10
0.906943 103 168 10 10
0.908943 104 168 10 10
0.910943 104 168 10 10
0.912943 104 168 10 10
0.914943 104 168 10 10
0.916943 105 168 10 10
0.918943 105 168 10 10
0.920943 105 168 10 10
0.922943 105 168 10 10
0.924943 105 168 10 10
0.926943 106 168 10 10
0.928943 106 168 10 10
0.930943 106 168 10 10
0.932943 106 168 10 10
0.934943 106 168 10 10
0.936943 107 168 10 10
0.938943 107 168 10 10
0.940943 107 168 10 10
0.942943 107 168 10 10
0.944943 108 168 10 10
0.946943 108 168 10 10
0.948943 108 168 10 10
0.950943 108 168 10 10
0.952943 108 168 10 10
0.954943 109 169 10 10
0.956943 109 169 10 10
0.958943 109 169 10 10
0.960943 109 169 10 10
0.962943 110 169 10 10
0.964943 110 169 10 10
0.966943 110 169 10 10
0.968943 110 169 10 10
0.970943 111 169 10 10
0.972943 111 169 10 10
0.974943 111 169 10 10
0.976943 111 169 10 10
0.978943 112 169 10 10
0.980943 112 169 10 10
0.982943 112 169 10 10
0.984943 112 169 10 10
0.986943 113 169 10 10
0.988943 113 169 10 10
0.990943 113 169 10 10
0.992943 113 169 10 10
0.994943 114 169 10 10
0.996943 114 169 10 10
0.998943 114 169 10 10
1.000943 114 169 10 10
1.002943 115 169 10 10
1.004943 115 169 10 10
1.006943 115 169 10 10
1.008943 115 169 10 10
1.010943 116 169 10 10
1.012943 116 169 10 10
1.014943 116 169 10 10
1.016943 116 169 10 10
1.018943 117 169 10 10
1.020943 117 169 10 10
1.022943 117 169 10 10
1.024943 117 169 10 10
1.026943 118 169 10 10
1.028943 118 169 10 10
1.030943 118 169 10 10
1.032943 118 169 10 10
1.034943 118 169 10 10
1.036943 119 169 10 10
1.038943 119 170 10 10
1.040943 119 170 10 10
1.042943 119 170 10 10
1.044943 120 170 10 10
1.046943 120 170 10 10
1.048943 120 170 10 10
1.050943 120 170 10 10
1.052943 120 170 10 10
1.054943 121 170 10 10
1.056943 121 170 10 10
1.058943 121 170 10 10
1.060943 121 171 10 10
1.062943 121 171 10 10
1.064943 122 171 10 10
1.066943 122 171 10 10
1.068943 122 171 10 10
1.070943 122 171 10 10
1.072943 123 171 10 10
1.074943 123 171 10 10
1.076943 123 171 10 10
1.078943 123 171 10 10
1.080943 123 171 10 10
1.082943 124 172 10 10
1.084943 124 172 10 10
1.086943 124 172 10 10
1.088943 124 172 10 10
1.090943 124 172 10 10
1.092943 125 172 10 10
1.094943 125 172 10 10
1.096943 125 172 10 10
1.098943 125 172 10 10
1.100943 125 172 10 10
1.102943 126 172 10 10
1.104943 126 172 10 10
1.106943 126 172 10 10
1.108943 126 172 10 10
1.110943 126 172 10 10
1.112943 126 172 10 10
1.114943 127 172 11 10
1.116943 127 172 11 10
1.118943 127 172 11 10
1.120943 127 172 11 10
1.122943 127 172 11 10
1.124943 128 172 11 10
1.126943 128 172 11 10
1.128943 128 172 11 10
1.130943 128 172 11 10
1.132943 128 172 11 10
1.134943 129 172 11 10
1.136943 129 172 11 10
1.138943 129 172 11 10
1.140943 129 172 11 10
1.142943 129 172 11 10
1.144943 129 172 11 10
1.146943 130 172 11 10
1.148943 130 172 11 10
1.150943 130 172 11 10
1.152943 130 172 11 10
1.154943 131 172 11 10
1.156943 131 172 11 10
1.158943 131 172 11 10
1.160943 131 172 11 10
1.162943 132 173 11 10
1.164943 132 173 11 10
1.166943 132 173 11 10
1.168943 132 173 11 10
1.170943 133 173 11 10
1.172943 133 173 11 10
1.174943 133 173 11 10
1.176943 133 173 11 10
1.178943 134 174 10 10
1.180943 134 174 10 10
1.182943 134 174 10 10
1.184943 134 174 10 10
1.186943 135 174 10 10
1.188943 135 174 10 10
1.190943 135 174 10 10
1.192943 135 174 10 10
1.194943 136 175 10 10
1.196943 136 175 10 10
1.198943 136 175 10 10
1.200943 136 175 10 10
1.202943 137 175 10 10
1.204943 137 175 10 10
1.206943 137 175 10 10
1.208943 137 175 10 10
1.210943 138 176 10 10
1.212943 138 176 10 10
1.214943 138 176 10 10
1.216943 138 176 10 10
1.218943 138 176 10 10
1.220943 138 176 10 10
1.222943 138 176 10 10
1.224943 138 176 10 10
1.226943 138 176 10 10
1.228943 138 176 10 10
1.230943 138 176 10 10
1.232943 138 176 10 10
1.234943 138 176 10 10
1.236943 138 176 10 10
1.238943 138 176 10 10
1.240943 138 176 10 10
1.242943 138 176 10 10
1.244943 138 176 10 10
1.246943 138 176 10 10
1.248943 138 176 10 10
1.250943 138 176 10 10
1.252943 138 176 10 10
1.254943 138 176 10 10
1.256943 138 176 10 10
1.258943 138 176 10 10
1.260943 138 176 10 10
1.262943 138 176 10 10
1.264943 138 176 10 10
1.266943 138 176 10 10
1.268943 138 176 10 10
1.270943 138 176 10 10
1.272943 138 176 10 10
1.274943 139 176 10 10
1.276943 139 176 10 10
1.278943 139 176 10 10
1.280943 139 176 10 10
1.282943 139 176 10 10
1.284943 140 176 10 10
1.286943 140 176 10 10
1.288943 140 176 10 10
1.290943 140 176 10 10
1.292943 140 176 10 10
1.294943 141 176 10 10
1.296943 141 176 10 10
1.298943 141 176 10 10
1.300943 141 176 10 10
1.302943 141 176 10 10
1.304943 141 176 10 10
1.306943 142 175 10 10
1.308943 142 175 10 10
1.310943 142 175 10 10
1.312943 142 175 10 10
1.314943 142 175 10 10
1.316943 143 175 10 10
1.318943 143 175 10 10
1.320943 143 175 10 10
1.322943 143 175 10 10
1.324943 143 175 10 10
1.326943 144 175 10 10
1.328943 144 175 10 10
1.330943 144 175 10 10
1.332943 144 175 10 10
1.334943 144 175 10 10
1.336943 144 175 10 10
1.338943 145 175 10 10
1.340943 145 175 10 10
1.342943 145 175 10 10
1.344943 145 175 10 10
1.346943 145 175 10 10
1.348943 145 175 10 10
1.350943 145 175 10 10
1.352943 145 175 10 10
1.354943 145 175 10 10
1.356943 145 175 10 10
1.358943 145 175 10 10
1.360943 145 175 10 10
1.362943 145 175 10 10
1.364943 145 175 10 10
1.366943 145 175 10 10
1.368943 145 175 10 10
1.370943 146 176 10 10
1.372943 146 176 10 10
1.374943 146 176 10 10
1.376943 146 176 10 10
1.378943 146 176 10 10
1.380943 146 176 10 10
1.382943 146 176 10 10
1.384943 146 176 10 10
1.386943 146 176 10 10
1.388943 146 176 10 10
1.390943 146 176 10 10
1.392943 146 176 10 10
1.394943 146 176 10 10
1.396943 146 176 10 10
1.398943 146 176 10 10
1.400943 146 176 10 10
1.402943 147 176 9 9
1.404943 147 176 9 9
1.406943 147 176 9 9
1.408943 147 176 9 9
1.410943 147 176 9 9
1.412943 147 176 9 9
1.414943 148 176 9 9
1.416943 148 176 9 9
1.418943 148 176 9 9
1.420943 148 176 9 9
1.422943 148 176 9 8
1.424943 148 176 9 8
1.426943 148 176 9 8
1.428943 149 176 9 8
1.430943 149 176 9 8
1.432943 149 176 9 8
1.434943 149 176 8 8
1.436943 149 176 8 8
1.438943 149 176 8 8
1.440943 150 176 8 8
1.442943 150 176 8 8
1.444943 150 176 8 7
1.446943 150 176 8 7
1.448943 150 176 8 7
1.450943 150 176 8 7
1.452943 151 176 8 7
1.454943 151 176 8 7
1.456943 151 176 8 7
1.458943 151 176 8 7
1.460943 151 176 8 7
1.462943 151 176 8 7
1.464943 151 176 8 7
1.466943 152 176 8 7
1.468943 152 176 8 7
1.470943 152 176 8 7
1.472943 152 176 8 7
1.474943 152 176 8 7
1.476943 152 176 8 7
1.478943 152 176 8 7
1.480943 152 176 8 7
1.482943 152 176 8 7
1.484943 152 176 8 7
1.486943 153 176 8 8
1.488943 153 176 8 8
1.490943 153 176 8 8
1.492943 153 176 8 8
1.494943 153 176 8 8
1.496943 153 176 8 8
1.498943 153 177 9 8
1.500943 153 177 9 8
1.502943 153 177 9 8
1.504943 153 177 9 8
1.506943 153 177 9 8
1.508943 154 177 9 9
1.510943 154 177 9 9
1.512943 154 177 9 9
1.514943 154 177 9 9
1.516943 154 177 9 9
1.518943 154 177 9 9
1.520943 154 177 9 9
1.522943 154 177 9 9
1.524943 154 177 9 9
1.526943 154 177 9 9
1.528943 154 177 9 9
1.530943 155 177 10 10
1.532943 155 177 10 10
1.534943 155 177 10 10
1.536943 155 177 10 10
1.538943 155 177 10 10
1.540943 155 177 10 10
1.542943 155 177 10 10
1.544943 155 177 10 10
1.546943 155 177 10 10
1.548943 155 177 10 10
1.550943 156 177 10 10
1.552943 156 177 10 10
1.554943 156 177 10 10
1.556943 156 177 10 10
1.558943 156 177 10 10
1.560943 156 177 10 10
1.562943 156 177 10 10
1.564943 156 177 10 10
1.566943 156 177 10 10
1.568943 156 177 10 10
1.570943 156 177 10 10
1.572943 157 177 10 10
1.574943 157 177 10 10
1.576943 157 177 10 10
1.578943 157 177 10 10
1.580943 157 177 10 10
1.582943 157 177 10 10
1.584943 157 177 10 10
1.586943 157 177 10 10
1.588943 157 177 10 10
1.590943 157 177 10 10
1.592943 157 177 10 10
1.594943 158 177 10 10
1.596943 158 177 10 10
1.598943 158 177 10 10
1.600943 158 177 10 10
1.602943 158 177 10 10
1.604943 158 177 10 10
1.606943 158 177 10 10
1.608943 158 177 10 10
1.610943 159 177 10 10
1.612943 159 177 10 10
1.614943 159 177 10 10
1.616943 159 177 10 10
1.618943 159 177 10 10
1.620943 159 177 10 10
1.622943 159 177 10 10
1.624943 159 177 10 10
1.626943 160 177 10 10
1.628943 160 177 10 10
1.630943 160 177 10 10
1.632943 160 177 10 10
1.634943 160 177 10 10
1.636943 160 177 10 10
1.638943 160 177 10 10
1.640943 160 177 10 10
1.642943 161 177 10 10
1.644943 161 177 10 10
1.646943 161 177 10 10
1.648943 161 177 10 10
1.650943 161 177 10 10
1.652943 161 177 10 10
1.654943 161 177 10 10
1.656943 161 177 10 10
1.658943 162 177 10 10
1.660943 162 177 10 10
1.662943 162 177 10 10
1.664943 162 177 10 10
1.666943 162 177 10 10
1.668943 162 177 10 10
1.670943 162 177 10 10
1.672943 162 177 10 10
1.674943 162 177 10 10
1.676943 162 177 10 10
1.678943 162 177 10 10
1.680943 162 177 10 10
1.682943 162 177 10 10
1.684943 162 177 10 10
1.686943 162 177 10 10
1.688943 162 177 10 10
1.690943 163 177 10 10
1.692943 163 177 10 10
1.694943 163 177 10 10
1.696943 163 177 10 10
1.698943 163 177 10 10
1.700943 163 177 10 10
1.702943 163 177 10 10
1.704943 163 177 10 10
1.706943 163 177 10 10
1.708943 163 177 10 10
1.710943 163 177 10 10
1.712943 163 177 10 10
1.714943 163 177 10 10
1.716943 163 177 10 10
1.718943 163 177 10 10
1.720943 163 177 10 10
1.722943 164 177 10 10
1.724943 164 177 10 10
1.726943 164 177 10 10
1.728943 164 177 10 10
1.730943 164 177 10 10
1.732943 164 177 10 10
1.734943 164 177 10 10
1.736943 164 177 10 10
1.738943 164 177 10 10
1.740943 164 177 10 10
1.742943 164 177 10 10
1.744943 165 177 10 10
1.746943 165 177 10 10
1.748943 165 177 10 10
1.750943 165 177 10 10
1.752943 165 177 10 10
1.754943 165 177 10 10
1.756943 165 177 10 10
1.758943 165 177 10 10
1.760943 165 177 10 10
1.762943 165 177 10 10
1.764943 166 177 10 10
1.766943 166 177 10 10
1.768943 166 177 10 10
1.770943 166 177 10 10
1.772943 166 177 10 10
1.774943 166 177 10 10
1.776943 166 177 10 10
1.778943 166 177 10 10
1.780943 166 177 10 10
1.782943 166 177 10 10
1.784943 166 177 10 10
1.786943 167 176 10 10
1.788943 167 176 10 10
1.790943 167 176 10 10
1.792943 167 176 10 10
1.794943 167 176 10 10
1.796943 167 176 10 10
1.798943 167 176 10 10
1.800943 167 176 10 10
1.802943 167 175 10 10
1.804943 167 175 10 10
1.806943 167 175 10 10
1.808943 167 175 10 10
1.810943 167 175 10 10
1.812943 167 175 10 10
1.814943 167 175 10 10
1.816943 167 175 10 10
1.818943 168 174 10 10
1.820943 168 174 10 10
1.822943 168 174 10 10
1.824943 168 174 10 10
1.826943 168 174 10 10
1.828943 168 174 10 10
1.830943 168 174 10 10
1.832943 168 174 10 10
1.834943 168 173 10 10
1.836943 168 173 10 10
1.838943 168 173 10 10
1.840943 168 173 10 10
1.842943 168 173 10 10
1.844943 168 173 10 10
1.846943 168 173 10 10
1.848943 168 173 10 10
1.850943 169 173 10 10
1.852943 169 173 10 10
1.854943 169 173 10 10
1.856943 169 173 10 10
1.858943 169 173 10 10
1.860943 169 173 10 10
1.862943 169 173 10 10
1.864943 169 173 10 10
1.866943 169 173 10 10
1.868943 169 173 10 10
1.870943 169 173 10 10
1.872943 170 173 10 10
1.874943 170 173 10 10
1.876943 170 173 10 10
1.878943 170 173 10 10
1.880943 170 173 10 10
1.882943 170 173 10 10
1.884943 170 173 10 10
1.886943 170 173 10 10
1.888943 170 173 10 10
1.890943 170 173 10 10
1.892943 171 173 10 10
1.894943 171 173 10 10
1.896943 171 173 10 10
1.898943 171 173 10 10
1.900943 171 173 10 10
1.902943 171 173 10 10
1.904943 171 173 10 10
1.906943 171 173 10 10
1.908943 171 173 10 10
1.910943 171 173 10 10
1.912943 171 173 10 10
1.914943 172 173 10 10
1.916943 172 173 10 10
1.918943 172 173 10 10
1.920943 172 173 10 10
1.922943 172 173 10 10
1.924943 172 173 10 10
1.926943 172 173 10 10
1.928943 172 173 10 10
1.930943 172 173 10 10
1.932943 172 173 10 10
1.934943 172 173 10 10
1.936943 172 173 10 10
1.938943 172 173 10 10
1.940943 172 173 10 10
1.942943 172 173 10 10
1.944943 172 173 10 10
1.946943 173 173 10 10
1.948943 173 173 10 10
1.950943 173 173 10 10
1.952943 173 173 10 10
1.954943 173 173 10 10
1.956943 173 173 10 10
1.958943 173 173 10 10
1.960943 173 173 10 10
1.962943 173 173 10 10
1.964943 173 173 10 10
1.966943 173 173 10 10
1.968943 173 173 10 10
1.970943 173 173 10 10
1.972943 173 173 10 10
1.974943 173 173 10 10
1.976943 173 173 10 10
1.978943 174 173 10 10
1.980943 174 173 10 10
1.982943 174 173 10 10
1.984943 174 173 10 10
1.986943 174 173 10 10
1.988943 174 173 10 10
1.990943 174 173 10 10
1.992943 174 173 10 10
1.994943 174 173 10 10
1.996943 174 173 10 10
1.998943 174 173 10 10
2.000943 175 173 10 10
2.002943 175 173 10 10
2.004943 175 173 10 10
2.006943 175 173 10 10
2.008943 175 173 10 10
2.010943 175 173 10 10
2.012943 175 173 10 10
2.014943 175 173 10 10
2.016943 175 173 10 10
2.018943 175 173 10 10
2.020943 176 173 10 10
2.022943 176 173 10 10
2.024943 176 173 10 10
2.026943 176 173 10 10
2.028943 176 173 10 10
2.030943 176 173 10 10
2.032943 176 173 10 10
2.034943 176 173 10 10
2.036943 176 173 10 10
2.038943 176 173 10 10
2.040943 176 173 10 10
2.042943 177 173 10 10
2.044943 177 173 10 10
2.046943 177 173 10 10
2.048943 177 173 10 10
2.050943 177 173 10 10
2.052943 177 173 10 10
2.054943 177 173 10 10
2.056943 177 173 10 10
2.058943 177 173 10 10
2.060943 177 173 10 10
2.062943 177 173 10 10
2.064943 178 173 10 10
2.066943 178 173 10 10
2.068943 178 173 10 10
2.070943 178 173 10 10
2.072943 178 173 10 10
2.074943 178 173 10 10
2.076943 178 173 10 10
2.078943 178 173 10 10
2.080943 178 173 10 10
2.082943 178 173 10 10
2.084943 179 173 10 10
2.086943 179 173 10 10
2.088943 179 173 10 10
2.090943 179 173 10 10
2.092943 179 173 10 10
2.094943 179 173 10 10
2.096943 179 173 10 10
2.098943 179 173 10 10
2.100943 179 173 10 10
2.102943 179 173 10 10
2.104943 179 173 10 10
2.106943 180 173 10 10
2.108943 180 173 10 10
2.110943 180 173 10 10
2.112943 180 173 10 10
2.114943 180 173 10 10
2.116943 180 173 10 10
2.118943 180 173 10 10
2.120943 180 173 10 10
2.122943 180 173 10 10
2.124943 180 173 10 10
2.126943 180 173 10 10
2.128943 180 173 10 10
2.130943 180 173 10 10
2.132943 180 173 10 10
2.134943 180 173 10 10
2.136943 180 173 10 10
2.138943 181 173 10 10
2.140943 181 173 10 10
2.142943 181 173 10 10
2.144943 181 173 10 10
2.146943 181 173 10 10
2.148943 181 173 10 10
2.150943 181 173 10 10
2.152943 181 173 10 10
2.154943 181 173 10 10
2.156943 181 173 10 10
2.158943 181 173 10 10
2.160943 181 173 10 10
2.162943 181 173 10 10
2.164943 181 173 10 10
2.166943 181 173 10 10
2.168943 181 173 10 10
2.170943 182 174 9 9
2.172943 182 174 9 9
2.174943 182 174 9 9
2.176943 182 174 9 9
2.178943 182 174 9 9
2.180943 182 174 9 9
2.182943 182 174 9 9
2.184943 182 174 9 9
2.186943 182 174 9 9
2.188943 182 174 9 9
2.190943 182 174 9 9
2.192943 182 174 8 8
2.194943 182 174 8 8
2.196943 182 174 8 8
2.198943 182 174 8 8
2.200943 182 174 8 8
2.202943 183 174 8 8
2.204943 183 174 8 8
2.206943 183 174 8 8
2.208943 183 174 8 8
2.210943 183 174 8 8
2.212943 183 174 7 7
2.214943 183 174 7 7
2.216943 183 174 7 7
2.218943 183 174 7 7
2.220943 183 174 7 7
2.222943 183 174 7 7
2.224943 183 174 7 7
2.226943 183 174 7 7
2.228943 183 174 7 7
2.230943 183 174 7 7
2.232943 183 174 7 7
2.234943 184 174 7 7
2.236943 184 174 7 7
2.238943 184 174 7 7
2.240943 184 174 7 7
2.242943 184 174 7 7
2.244943 184 174 7 7
2.246943 184 174 7 7
2.248943 184 174 7 7
2.250943 184 174 7 7
2.252943 184 174 7 7
2.254943 184 174 7 7
2.256943 184 174 8 8
2.258943 184 174 8 8
2.260943 184 174 8 8
2.262943 184 174 8 8
2.264943 184 174 8 8
2.266943 185 175 8 8
2.268943 185 175 8 8
2.270943 185 175 8 8
2.272943 185 175 8 8
2.274943 185 175 8 8
2.276943 185 175 9 9
2.278943 185 175 9 9
2.280943 185 175 9 9
2.282943 185 175 9 9
2.284943 185 175 9 9
2.286943 185 175 9 9
2.288943 185 175 9 9
2.290943 185 175 9 9
2.292943 185 175 9 9
2.294943 185 175 9 9
2.296943 185 175 9 9
2.298943 186 176 10 10
2.300943 186 176 10 10
2.302943 186 176 10 10
2.304943 186 176 10 10
2.306943 186 176 10 10
2.308943 186 176 10 10
2.310943 186 176 10 10
2.312943 186 176 10 10
2.314943 186 176 10 10
2.316943 186 176 10 10
2.318943 186 176 10 10
2.320943 186 176 10 10
2.322943 186 176 10 10
2.324943 186 176 10 10
2.326943 186 176 10 10
2.328943 186 176 10 10
2.330943 186 176 10 10
2.332943 186 176 10 10
2.334943 186 176 10 10
2.336943 186 176 10 10
2.338943 186 176 10 10
2.340943 186 176 10 10
2.342943 186 176 10 10
2.344943 186 176 10 10
2.346943 186 176 10 10
2.348943 186 176 10 10
2.350943 186 176 10 10
2.352943 186 176 10 10
2.354943 186 176 10 10
2.356943 186 176 10 10
2.358943 186 176 10 10
2.360943 186 176 10 10
2.362943 187 176 10 10
2.364943 187 176 10 10
2.366943 187 176 10 10
2.368943 187 176 10 10
2.370943 187 176 10 10
2.372943 187 176 10 10
2.374943 187 176 10 10
2.376943 187 176 10 10
2.378943 187 176 10 10
2.380943 187 176 10 10
2.382943 187 176 10 10
2.384943 188 176 10 10
2.386943 188 176 10 10
2.388943 188 176 10 10
2.390943 188 176 10 10
2.392943 188 176 10 10
2.394943 188 177 10 10
2.396943 188 177 10 10
2.398943 188 177 10 10
2.400943 188 177 10 10
2.402943 188 177 10 10
2.404943 189 177 10 10
2.406943 189 177 10 10
2.408943 189 177 10 10
2.410943 189 177 10 10
2.412943 189 177 10 10
2.414943 189 177 10 10
2.416943 189 177 10 10
2.418943 189 177 10 10
2.420943 189 177 10 10
2.422943 189 177 10 10
2.424943 189 177 10 10
2.426943 190 177 10 10
2.428943 190 177 10 10
2.430943 190 177 10 10
2.432943 190 177 10 10
2.434943 190 177 10 10
2.436943 190 177 10 10
2.438943 190 177 10 10
2.440943 190 177 10 10
2.442943 190 177 10 10
2.444943 190 177 10 10
2.446943 190 177 10 10
2.448943 191 176 10 10
2.450943 191 176 10 10
2.452943 191 176 10 10
2.454943 191 176 10 10
2.456943 191 176 10 10
2.458943 191 176 10 10
2.460943 191 176 10 10
2.462943 191 176 10 10
2.464943 191 176 10 10
2.466943 191 176 10 10
2.468943 192 175 10 10
2.470943 192 175 10 10
2.472943 192 175 10 10
2.474943 192 175 10 10
2.476943 192 175 10 10
2.478943 192 175 10 10
2.480943 192 175 10 10
2.482943 192 175 10 10
2.484943 192 175 10 10
2.486943 192 175 10 10
2.488943 192 175 10 10
2.490943 193 175 10 10
2.492943 193 175 10 10
2.494943 193 175 10 10
2.496943 193 175 10 10
2.498943 193 175 10 10
2.500943 193 175 10 10
2.502943 193 175 10 10
2.504943 193 175 10 10
2.506943 193 175 10 10
2.508943 193 175 10 10
2.510943 193 175 10 10
2.512943 193 175 10 10
2.514943 193 175 10 10
2.516943 193 175 10 10
2.518943 193 175 10 10
2.520943 193 175 10 10
2.522943 193 175 10 10
2.524943 193 175 10 10
2.526943 193 175 10 10
2.528943 193 175 10 10
2.530943 193 175 10 10
2.532943 193 175 10 10
2.534943 193 175 10 10
2.536943 193 175 10 10
2.538943 193 175 10 10
2.540943 193 175 10 10
2.542943 193 175 10 10
2.544943 193 175 10 10
2.546943 193 175 10 10
2.548943 193 175 10 10
2.550943 193 175 10 10
2.552943 193 175 10 10
2.554943 194 174 9 9
2.556943 194 174 9 9
2.558943 194 174 9 9
2.560943 194 174 9 9
2.562943 194 174 9 9
2.564943 195 174 9 9
2.566943 195 174 9 9
2.568943 195 174 9 9
2.570943 195 174 9 9
2.572943 195 174 9 9
2.574943 195 174 9 9
2.576943 196 174 9 9
2.578943 196 174 9 9
2.580943 196 174 9 9
2.582943 196 174 9 9
2.584943 196 174 9 9
2.586943 197 174 8 8
2.588943 197 174 8 8
2.590943 197 174 8 8
2.592943 197 174 8 8
2.594943 197 174 8 8
2.596943 198 174 8 8
2.598943 198 174 8 8
2.600943 198 174 8 8
2.602943 198 174 8 8
2.604943 198 174 8 8
2.606943 198 174 8 8
2.608943 199 174 8 8
2.610943 199 174 8 8
2.612943 199 174 8 8
2.614943 199 174 8 8
2.616943 199 174 8 8
2.618943 200 173 8 8
2.620943 200 173 8 8
2.622943 200 173 8 8
2.624943 200 173 8 8
2.626943 200 173 8 8
2.628943 200 173 8 8
2.630943 200 173 8 8
2.632943 200 173 8 8
2.634943 201 173 8 8
2.636943 201 173 8 8
2.638943 201 173 8 8
2.640943 201 173 8 8
2.642943 201 173 8 8
2.644943 201 173 8 8
2.646943 201 173 8 8
2.648943 201 173 8 8
2.650943 202 173 8 9
2.652943 202 173 8 9
2.654943 202 173 8 9
2.656943 202 173 8 9
2.658943 202 173 8 9
2.660943 202 173 8 9
2.662943 202 173 8 9
2.664943 202 173 8 9
2.666943 203 173 8 9
2.668943 203 173 8 9
2.670943 203 173 8 9
2.672943 203 173 8 9
2.674943 203 173 8 9
2.676943 203 173 8 9
2.678943 203 173 8 9
2.680943 203 173 8 9
2.682943 204 173 9 10
2.684943 204 173 9 10
2.686943 204 173 9 10
2.688943 204 173 9 10
2.690943 204 173 9 10
2.692943 204 173 9 10
2.694943 204 173 9 10
2.696943 204 173 9 10
2.698943 204 173 9 10
2.700943 204 173 9 10
2.702943 204 173 9 10
2.704943 205 173 9 10
2.706943 205 173 9 10
2.708943 205 173 9 10
2.710943 205 173 9 10
2.712943 205 173 9 10
2.714943 205 174 9 10
2.716943 205 174 9 10
2.718943 205 174 9 10
2.720943 205 174 9 10
2.722943 205 174 9 10
2.724943 206 174 9 10
2.726943 206 174 9 10
2.728943 206 174 9 10
2.730943 206 174 9 10
2.732943 206 174 9 10
2.734943 206 174 9 10
2.736943 206 174 9 10
2.738943 206 174 9 10
2.740943 206 174 9 10
2.742943 206 174 9 10
2.744943 206 174 9 10
2.746943 207 174 10 10
2.748943 207 174 10 10
2.750943 207 174 10 10
2.752943 207 174 10 10
2.754943 207 174 10 10
2.756943 207 174 10 10
2.758943 207 174 10 10
2.760943 207 174 10 10
2.762943 207 174 10 10
2.764943 207 174 10 10
2.766943 207 174 10 10
2.768943 207 174 10 10
2.770943 207 174 10 10
2.772943 207 174 10 10
2.774943 207 174 10 10
2.776943 207 174 10 10
2.778943 208 174 10 10
2.780943 208 174 10 10
2.782943 208 174 10 10
2.784943 208 174 10 10
2.786943 208 174 10 10
2.788943 208 174 10 10
2.790943 208 174 10 10
2.792943 208 174 10 10
2.794943 208 174 10 10
2.796943 208 174 10 10
2.798943 208 174 10 10
2.800943 208 174 10 10
2.802943 208 174 10 10
2.804943 208 174 10 10
2.806943 208 174 10 10
2.808943 208 174 10 10
2.810943 209 174 9 9
2.812943 209 174 9 9
2.814943 209 174 9 9
2.816943 209 174 9 9
2.818943 209 174 9 9
2.820943 209 174 9 9
2.822943 209 174 9 9
2.824943 210 174 9 9
2.826943 210 174 9 9
2.828943 210 174 9 9
2.830943 210 174 9 9
2.832943 210 174 8 9
2.834943 210 174 8 9
2.836943 211 174 8 9
2.838943 211 174 8 9
2.840943 211 174 8 9
2.842943 211 174 8 8
2.844943 211 174 8 8
2.846943 211 174 8 8
2.848943 212 174 8 8
2.850943 212 174 8 8
2.852943 212 174 7 8
2.854943 212 174 7 8
2.856943 212 174 7 8
2.858943 212 174 7 8
2.860943 212 174 7 8
2.862943 213 174 7 8
2.864943 213 174 7 8
2.866943 213 174 7 8
2.868943 213 174 7 8
2.870943 213 174 7 8
2.872943 213 174 7 8
2.874943 214 174 7 8
2.876943 214 174 7 8
2.878943 214 174 7 8
2.880943 214 174 7 8
2.882943 214 174 7 8
2.884943 214 174 7 8
2.886943 214 174 7 8
2.888943 214 174 7 8
2.890943 214 174 7 8
2.892943 214 174 7 8
2.894943 214 174 7 8
2.896943 214 174 8 8
2.898943 214 174 8 8
2.900943 214 174 8 8
2.902943 214 174 8 8
2.904943 214 174 8 8
2.906943 215 174 8 9
2.908943 215 174 8 9
2.910943 215 174 8 9
2.912943 215 174 8 9
2.914943 215 174 8 9
2.916943 215 174 9 9
2.918943 215 174 9 9
2.920943 215 174 9 9
2.922943 215 174 9 9
2.924943 215 174 9 9
2.926943 215 174 9 9
2.928943 215 174 9 9
2.930943 215 174 9 9
2.932943 215 174 9 9
2.934943 215 174 9 9
2.936943 215 174 9 9
2.938943 216 174 10 10
2.940943 216 174 10 10
2.942943 216 174 10 10
2.944943 216 174 10 10
2.946943 216 174 10 10
2.948943 216 174 10 10
2.950943 216 174 10 10
2.952943 216 174 10 10
2.954943 216 174 10 10
2.956943 216 174 10 10
2.958943 216 174 10 10
2.960943 217 174 10 10
2.962943 217 174 10 10
2.964943 217 174 10 10
2.966943 217 174 10 10
2.968943 217 174 10 10
2.970943 217 173 10 10
2.972943 217 173 10 10
2.974943 217 173 10 10
2.976943 217 173 10 10
2.978943 217 173 10 10
2.980943 218 173 10 10
2.982943 218 173 10 10
2.984943 218 173 10 10
2.986943 218 173 10 10
2.988943 218 173 10 10
2.990943 218 173 10 10
2.992943 218 173 10 10
2.994943 218 173 10 10
2.996943 218 173 10 10
2.998943 218 173 10 10
3.000943 218 173 10 10
3.002943 219 173 10 10
3.004943 219 173 10 10
3.006943 219 173 10 10
3.008943 219 173 10 10
3.010943 219 173 10 10
3.012943 219 173 10 10
3.014943 219 173 10 10
3.016943 219 173 10 10
3.018943 220 173 10 10
3.020943 220 173 10 10
3.022943 220 173 10 10
3.024943 220 173 10 10
3.026943 220 173 10 10
3.028943 220 173 10 10
3.030943 220 173 10 10
3.032943 220 173 10 10
3.034943 221 173 10 10
3.036943 221 173 10 10
3.038943 221 173 10 10
3.040943 221 173 10 10
3.042943 221 173 10 10
3.044943 221 173 10 10
3.046943 221 173 10 10
3.048943 221 173 10 10
3.050943 222 173 10 10
3.052943 222 173 10 10
3.054943 222 173 10 10
3.056943 222 173 10 10
3.058943 222 173 10 10
3.060943 222 173 10 10
3.062943 222 173 10 10
3.064943 222 173 10 10
3.066943 223 174 10 10
3.068943 223 174 10 10
3.070943 223 174 10 10
3.072943 223 174 10 10
3.074943 223 174 10 10
3.076943 223 174 10 10
3.078943 223 174 10 10
3.080943 223 174 10 10
3.082943 223 174 10 10
3.084943 223 174 10 10
3.086943 223 174 10 10
3.088943 224 174 10 10
3.090943 224 174 10 10
3.092943 224 174 10 10
3.094943 224 174 10 10
3.096943 224 174 10 10
3.098943 224 174 10 10
3.100943 224 174 10 10
3.102943 224 174 10 10
3.104943 224 174 10 10
3.106943 224 174 10 10
3.108943 224 174 10 10
3.110943 225 174 10 10
3.112943 225 174 10 10
3.114943 225 174 10 10
3.116943 225 174 10 10
3.118943 225 174 10 10
3.120943 225 174 10 10
3.122943 225 174 10 10
3.124943 225 174 10 10
3.126943 225 174 10 10
3.128943 225 174 10 10
3.130943 226 174 10 10
3.132943 226 174 10 10
3.134943 226 174 10 10
3.136943 226 174 10 10
3.138943 226 174 10 10
3.140943 226 174 10 10
3.142943 226 174 10 10
3.144943 226 174 10 10
3.146943 226 174 10 10
3.148943 226 174 10 10
3.150943 226 174 10 10
3.152943 226 174 10 10
3.154943 226 174 10 10
3.156943 226 174 10 10
3.158943 226 174 10 10
3.160943 226 174 10 10
3.162943 227 174 10 10
3.164943 227 174 10 10
3.166943 227 174 10 10
3.168943 227 174 10 10
3.170943 227 174 10 10
3.172943 227 174 10 10
3.174943 227 174 10 10
3.176943 227 174 10 10
3.178943 227 174 10 10
3.180943 227 174 10 10
3.182943 227 174 10 10
3.184943 227 174 10 10
3.186943 227 174 10 10
3.188943 227 174 10 10
3.190943 227 174 10 10
3.192943 227 174 10 10
3.194943 228 174 10 10
3.196943 228 174 10 10
3.198943 228 174 10 10
3.200943 228 174 10 10
3.202943 228 174 10 10
3.204943 228 174 10 10
3.206943 228 174 10 10
3.208943 228 174 10 10
3.210943 228 174 10 10
3.212943 228 174 10 10
3.214943 228 174 10 10
3.216943 229 174 10 10
3.218943 229 174 10 10
3.220943 229 174 10 10
3.222943 229 174 10 10
3.224943 229 174 10 10
3.226943 229 174 11 10
3.228943 229 174 11 10
3.230943 229 174 11 10
3.232943 229 174 11 10
3.234943 229 174 11 10
3.236943 229 174 11 10
3.238943 230 174 11 10
3.240943 230 174 11 10
3.242943 230 174 11 10
3.244943 230 174 11 10
3.246943 230 174 11 10
3.248943 230 174 11 10
3.250943 230 174 11 10
3.252943 230 174 11 10
3.254943 230 174 11 10
3.256943 230 174 11 10
3.258943 231 174 12 10
3.260943 231 174 12 10
3.262943 231 174 12 10
3.264943 231 174 12 10
3.266943 231 174 12 10
3.268943 231 174 12 10
3.270943 231 174 12 10
3.272943 231 174 12 10
3.274943 231 174 12 10
3.276943 231 174 12 10
3.278943 231 174 12 10
3.280943 232 174 12 10
3.282943 232 174 12 10
3.284943 232 174 12 10
3.286943 232 174 12 10
3.288943 232 174 12 10
3.290943 232 174 12 10
3.292943 232 174 12 10
3.294943 232 174 12 10
3.296943 232 174 12 10
3.298943 232 174 12 10
3.300943 232 174 12 10
3.302943 233 174 12 10
3.304943 233 174 12 10
3.306943 233 174 12 10
3.308943 233 174 12 10
3.310943 233 174 12 10
3.312943 233 174 12 10
3.314943 233 174 12 10
3.316943 233 174 12 10
3.318943 233 174 12 10
3.320943 233 174 12 10
3.322943 234 174 11 10
3.324943 234 174 11 10
3.326943 234 174 11 10
3.328943 234 174 11 10
3.330943 234 174 11 10
3.332943 234 174 11 10
3.334943 234 174 11 10
3.336943 234 174 11 10
3.338943 235 174 11 10
3.340943 235 174 11 10
3.342943 235 174 11 10
3.344943 235 174 11 10
3.346943 235 174 11 10
3.348943 235 174 11 10
3.350943 235 174 11 10
3.352943 235 174 11 10
3.354943 236 174 10 10
3.356943 236 174 10 10
3.358943 236 174 10 10
3.360943 236 174 10 10
3.362943 236 174 10 10
3.364943 236 174 10 10
3.366943 236 174 10 10
3.368943 236 174 10 10
3.370943 237 174 10 10
3.372943 237 174 10 10
3.374943 237 174 10 10
3.376943 237 174 10 10
3.378943 237 174 10 10
3.380943 237 174 10 10
3.382943 237 174 10 10
3.384943 237 174 10 10
3.386943 238 174 10 9
3.388943 238 174 10 9
3.390943 238 174 10 9
3.392943 238 174 10 9
3.394943 238 174 10 9
3.396943 238 174 10 9
3.398943 238 174 10 9
3.400943 238 174 10 9
3.402943 238 174 10 9
3.404943 238 174 10 9
3.406943 238 174 10 9
3.408943 239 173 11 9
3.410943 239 173 11 9
3.412943 239 173 11 9
3.414943 239 173 11 9
3.416943 239 173 11 9
3.418943 239 173 11 8
3.420943 239 173 11 8
3.422943 239 173 11 8
3.424943 239 173 11 8
3.426943 239 173 11 8
3.428943 239 173 11 8
3.430943 240 172 12 8
3.432943 240 172 12 8
3.434943 240 172 12 8
3.436943 240 172 12 8
3.438943 240 172 12 8
3.440943 240 172 12 8
3.442943 240 172 12 8
3.444943 240 172 12 8
3.446943 240 172 12 8
3.448943 240 172 12 8
3.450943 241 172 13 8
3.452943 241 172 13 8
3.454943 241 172 13 8
3.456943 241 172 13 8
3.458943 241 172 13 8
3.460943 241 172 13 8
3.462943 241 172 13 8
3.464943 241 172 13 8
3.466943 241 172 13 8
3.468943 241 172 13 8
3.470943 241 172 13 8
3.472943 242 172 13 8
3.474943 242 172 13 8
3.476943 242 172 13 8
3.478943 242 172 13 8
3.480943 242 172 13 8
3.482943 242 173 13 8
3.484943 242 173 13 8
3.486943 242 173 13 8
3.488943 242 173 13 8
3.490943 242 173 13 8
3.492943 242 173 13 8
3.494943 243 173 13 8
3.496943 243 173 13 8
3.498943 243 173 13 8
3.500943 243 173 13 8
3.502943 243 173 13 8
3.504943 243 173 13 8
3.506943 243 173 13 8
3.508943 243 173 13 8
3.510943 243 173 13 8
3.512943 243 173 13 8
3.514943 244 174 12 7
3.516943 244 174 12 7
3.518943 244 174 12 7
3.520943 244 174 12 7
3.522943 244 174 12 7
3.524943 244 174 12 7
3.526943 245 174 12 7
3.528943 245 174 12 7
3.530943 245 174 11 7
3.532943 245 174 11 7
3.534943 245 174 11 7
3.536943 246 174 11 7
3.538943 246 174 11 7
3.540943 246 174 11 7
3.542943 246 174 11 7
3.544943 246 174 11 7
3.546943 247 174 10 6
3.548943 247 174 10 6
3.550943 247 174 10 6
3.552943 247 174 10 6
3.554943 247 174 10 6
3.556943 247 174 10 6
3.558943 248 174 10 6
3.560943 248 174 10 6
3.562943 248 174 9 6
3.564943 248 174 9 6
3.566943 248 174 9 6
3.568943 249 174 9 6
3.570943 249 174 9 6
3.572943 249 174 9 6
3.574943 249 174 9 6
3.576943 249 174 9 6
3.578943 250 175 9 6
3.580943 250 175 9 6
3.582943 250 175 9 6
3.584943 250 175 9 6
3.586943 250 175 9 6
3.588943 250 175 9 6
3.590943 250 175 9 6
3.592943 250 175 9 6
3.594943 250 175 9 6
3.596943 250 175 9 6
3.598943 250 175 9 6
3.600943 250 175 9 6
3.602943 250 175 9 6
3.604943 250 175 9 6
3.606943 250 175 9 6
3.608943 250 175 9 6
3.610943 250 175 9 6
3.612943 250 175 9 6
3.614943 250 175 9 6
3.616943 250 175 9 6
3.618943 250 175 9 6
3.620943 250 175 9 6
3.622943 250 175 9 6
3.624943 250 175 9 6
3.626943 250 175 9 6
3.628943 250 175 9 6
3.630943 250 175 9 6
3.632943 250 175 9 6
3.634943 250 175 9 6
3.636943 250 175 9 6
3.638943 250 175 9 6
3.640943 250 175 9 6
3.642943 249 174 9 6
3.644943 249 174 9 6
3.646943 248 174 9 6
3.648943 248 174 9 6
3.650943 247 174 9 6
3.652943 246 174 9 6
3.654943 246 174 9 6
3.656943 245 174 9 6
3.658943 245 173 10 6
3.660943 244 173 10 6
3.662943 243 173 10 6
3.664943 243 173 10 6
3.666943 242 173 10 6
3.668943 242 173 10 6
3.670943 241 173 10 6
3.672943 240 173 10 6
3.674943 240 172 11 6
3.676943 239 172 11 6
3.678943 239 172 11 6
3.680943 238 172 11 6
3.682943 238 172 11 6
3.684943 237 172 11 6
3.686943 236 172 11 6
3.688943 236 172 11 6
3.690943 235 171 12 6
3.692943 235 171 12 6
3.694943 234 171 12 6
3.696943 233 171 12 6
3.698943 233 171 12 6
3.700943 232 171 12 6
3.702943 232 171 12 6
3.704943 231 171 12 6
3.706943 230 170 13 6
3.708943 230 170 13 6
3.710943 229 170 13 6
3.712943 229 170 13 6
3.714943 228 170 13 6
3.716943 228 170 13 6
3.718943 227 170 13 6
3.720943 227 170 13 6
3.722943 226 170 13 6
3.724943 226 170 13 6
3.726943 225 170 13 6
3.728943 225 170 14 6
3.730943 224 170 14 6
3.732943 224 170 14 6
3.734943 223 170 14 6
3.736943 223 170 14 6
3.738943 222 170 14 6
3.740943 222 170 14 6
3.742943 221 170 14 6
3.744943 221 170 14 6
3.746943 220 170 14 6
3.748943 220 170 14 6
3.750943 219 170 15 6
3.752943 219 170 15 6
3.754943 218 170 15 6
3.756943 218 170 15 6
3.758943 217 170 15 6
3.760943 217 170 15 6
3.762943 216 170 15 6
3.764943 216 170 15 6
3.766943 215 170 15 6
3.768943 215 170 15 6
3.770943 214 169 15 7
3.772943 214 169 15 7
3.774943 214 169 15 7
3.776943 213 169 15 7
3.778943 213 169 15 7
3.780943 213 169 15 7
3.782943 212 169 15 7
3.784943 212 169 15 7
3.786943 212 169 15 7
3.788943 211 169 15 7
3.790943 211 169 15 7
3.792943 211 169 15 8
3.794943 210 169 15 8
3.796943 210 169 15 8
3.798943 210 169 15 8
3.800943 209 169 15 8
3.802943 209 169 14 8
3.804943 209 169 14 8
3.806943 208 169 14 8
3.808943 208 169 14 8
3.810943 208 169 14 8
3.812943 207 169 14 8
3.814943 207 169 14 9
3.816943 207 169 14 9
3.818943 206 169 14 9
3.820943 206 169 14 9
3.822943 206 169 14 9
3.824943 205 169 14 9
3.826943 205 169 14 9
3.828943 204 169 14 9
3.830943 204 169 14 9
3.832943 204 169 14 9
3.834943 203 169 14 10
3.836943 203 169 14 10
3.838943 202 169 14 10
3.840943 202 169 14 10
3.842943 201 169 14 10
3.844943 200 169 14 10
3.846943 200 169 14 10
3.848943 199 169 14 10
3.850943 198 169 14 10
3.852943 198 169 14 10
3.854943 197 169 14 10
3.856943 197 169 14 10
3.858943 196 169 14 10
3.860943 195 169 14 10
3.862943 195 169 14 10
3.864943 194 169 14 10
3.866943 193 170 14 10
3.868943 193 170 14 10
3.870943 192 170 14 10
3.872943 192 170 14 10
3.874943 191 170 14 10
3.876943 190 170 14 10
3.878943 190 170 14 10
3.880943 189 170 14 10
3.882943 188 170 14 10
3.884943 188 170 14 10
3.886943 187 170 14 10
3.888943 187 170 14 10
3.890943 186 170 14 10
3.892943 185 170 14 10
3.894943 185 170 14 10
3.896943 184 170 14 10
3.898943 183 171 14 10
3.900943 183 171 14 10
3.902943 183 171 14 10
3.904943 182 171 14 10
3.906943 182 171 14 10
3.908943 181 171 14 10
3.910943 181 171 14 10
3.912943 180 171 14 10
3.914943 180 171 15 10
3.916943 180 171 15 10
3.918943 179 171 15 10
3.920943 179 171 15 10
3.922943 178 171 15 10
3.924943 178 171 15 10
3.926943 177 171 15 10
3.928943 177 171 15 10
3.930943 176 171 16 10
3.932943 176 171 16 10
3.934943 176 171 16 10
3.936943 175 171 16 10
3.938943 175 171 16 10
3.940943 174 171 16 10
3.942943 174 171 16 10
3.944943 173 171 16 10
3.946943 173 171 17 10
3.948943 173 171 17 10
3.950943 172 171 17 10
3.952943 172 171 17 10
3.954943 171 171 17 10
3.956943 171 171 17 10
3.958943 170 171 17 10
3.960943 170 171 17 10
3.962943 169 171 17 9
3.964943 169 171 17 9
3.966943 169 171 17 9
3.968943 169 171 17 9
3.970943 168 171 16 9
3.972943 168 171 16 9
3.974943 168 171 16 9
3.976943 167 171 16 9
3.978943 167 171 15 9
3.980943 167 171 15 9
3.982943 166 171 15 9
3.984943 166 171 15 8
3.986943 166 171 14 8
3.988943 165 171 14 8
3.990943 165 171 14 8
3.992943 165 171 14 8
3.994943 164 170 13 8
3.996943 164 170 13 8
3.998943 164 170 13 8
4.000943 164 170 13 8
4.002943 163 170 12 8
4.004943 163 170 12 8
4.006943 163 170 12 7
4.008943 162 170 12 7
4.010943 162 170 11 7
4.012943 162 170 11 7
4.014943 161 170 11 7
4.016943 161 170 11 7
4.018943 161 170 10 7
4.020943 160 170 10 7
4.022943 160 170 10 7
4.024943 160 170 10 7
4.026943 159 169 10 7
4.028943 159 169 10 7
4.030943 159 169 10 7
4.032943 158 169 10 7
4.034943 158 169 10 7
4.036943 158 169 10 7
4.038943 157 169 10 7
4.040943 157 169 10 7
4.042943 156 169 10 7
4.044943 156 169 10 7
4.046943 156 169 10 7
4.048943 155 169 10 8
4.050943 155 169 10 8
4.052943 155 169 10 8
4.054943 154 169 10 8
4.056943 154 169 10 8
4.058943 153 169 10 8
4.060943 153 169 10 8
4.062943 153 169 10 8
4.064943 152 169 10 8
4.066943 152 169 10 8
4.068943 152 169 10 8
4.070943 151 169 10 9
4.072943 151 169 10 9
4.074943 150 169 10 9
4.076943 150 169 10 9
4.078943 150 169 10 9
4.080943 149 169 10 9
4.082943 149 169 10 9
4.084943 149 169 10 9
4.086943 148 169 10 9
4.088943 148 169 10 9
4.090943 147 169 11 10
4.092943 147 169 11 10
4.094943 147 169 11 10
4.096943 146 169 11 10
4.098943 146 169 11 10
4.100943 145 169 11 10
4.102943 145 169 11 10
4.104943 144 169 11 10
4.106943 144 169 11 10
4.108943 144 169 11 10
4.110943 143 169 11 10
4.112943 143 169 11 10
4.114943 142 169 11 10
4.116943 142 169 11 10
4.118943 141 169 11 10
4.120943 141 169 11 10
4.122943 140 169 11 10
4.124943 140 169 11 10
4.126943 140 169 11 10
4.128943 139 169 11 10
4.130943 139 169 11 10
4.132943 138 169 11 10
4.134943 138 169 11 10
4.136943 137 169 11 10
4.138943 137 169 11 10
4.140943 137 169 11 10
4.142943 136 169 11 10
4.144943 136 169 11 10
4.146943 135 169 11 10
4.148943 135 169 11 10
4.150943 134 169 11 10
4.152943 134 169 11 10
4.154943 133 169 11 10
4.156943 133 169 11 10
4.158943 133 169 11 10
4.160943 132 169 11 10
4.162943 132 169 11 10
4.164943 132 169 11 10
4.166943 131 169 11 10
4.168943 131 169 11 10
4.170943 130 169 11 10
4.172943 130 169 11 10
4.174943 130 169 11 10
4.176943 129 169 11 10
4.178943 129 169 11 10
4.180943 129 169 11 10
4.182943 128 169 11 10
4.184943 128 169 11 10
4.186943 127 169 11 10
4.188943 127 169 11 10
4.190943 127 169 11 10
4.192943 126 169 11 10
4.194943 126 169 11 10
4.196943 126 169 11 10
4.198943 125 169 11 10
4.200943 125 169 11 10
4.202943 124 169 11 10
4.204943 124 169 11 10
4.206943 124 169 11 10
4.208943 123 169 11 10
4.210943 123 169 11 10
4.212943 123 169 11 10
4.214943 122 169 11 10
4.216943 122 169 11 10
4.218943 121 169 10 10
4.220943 121 169 10 10
4.222943 121 169 10 10
4.224943 121 169 10 10
4.226943 120 169 10 10
4.228943 120 169 10 10
4.230943 120 169 10 10
4.232943 120 169 10 10
4.234943 119 169 10 10
4.236943 119 169 10 10
4.238943 119 169 10 10
4.240943 118 169 10 10
4.242943 118 169 10 10
4.244943 118 169 10 10
4.246943 118 169 10 10
4.248943 117 169 10 10
4.250943 117 169 10 10
4.252943 117 169 10 10
4.254943 116 169 10 10
4.256943 116 169 10 10
4.258943 116 169 10 10
4.260943 116 169 10 10
4.262943 115 169 10 10
4.264943 115 169 10 10
4.266943 115 169 10 10
4.268943 114 169 10 10
4.270943 114 169 10 10
4.272943 114 169 10 10
4.274943 114 169 10 10
4.276943 113 169 10 10
4.278943 113 169 10 10
4.280943 113 169 10 10
4.282943 112 168 10 10
4.284943 112 168 10 10
4.286943 112 168 10 10
4.288943 112 168 10 10
4.290943 111 168 10 10
4.292943 111 168 10 10
4.294943 111 168 10 10
4.296943 111 168 10 10
4.298943 110 168 10 10
4.300943 110 168 10 10
4.302943 110 168 10 10
4.304943 109 168 10 10
4.306943 109 168 10 10
4.308943 109 168 10 10
4.310943 109 168 10 10
4.312943 108 168 10 10
4.314943 108 167 10 10
4.316943 108 167 10 10
4.318943 107 167 10 10
4.320943 107 167 10 10
4.322943 107 167 10 10
4.324943 107 167 10 10
4.326943 106 167 10 10
4.328943 106 167 10 10
4.330943 106 167 10 10
4.332943 105 167 10 10
4.334943 105 167 10 10
4.336943 105 167 10 10
4.338943 105 167 10 10
4.340943 104 167 10 10
4.342943 104 167 10 10
4.344943 104 167 10 10
4.346943 103 167 9 9
4.348943 103 167 9 9
4.350943 103 167 9 9
4.352943 103 167 9 9
4.354943 102 167 9 9
4.356943 102 167 9 9
4.358943 102 167 9 9
4.360943 102 167 9 9
4.362943 101 167 9 9
4.364943 101 167 9 9
4.366943 101 167 9 9
4.368943 101 167 9 8
4.370943 100 167 9 8
4.372943 100 167 9 8
4.374943 100 167 9 8
4.376943 100 167 9 8
4.378943 99 167 8 8
4.380943 99 167 8 8
4.382943 99 167 8 8
4.384943 99 167 8 8
4.386943 98 167 8 8
4.388943 98 167 8 8
4.390943 98 167 8 7
4.392943 98 167 8 7
4.394943 97 167 8 7
4.396943 97 167 8 7
4.398943 97 167 8 7
4.400943 97 167 8 7
4.402943 96 167 8 7
4.404943 96 167 8 7
4.406943 96 167 8 7
4.408943 96 167 8 7
4.410943 95 167 8 7
4.412943 95 167 8 7
4.414943 95 167 8 7
4.416943 94 167 8 7
4.418943 94 167 8 7
4.420943 94 167 8 7
4.422943 93 167 8 7
4.424943 93 167 8 7
4.426943 93 167 8 7
4.428943 92 167 8 7
4.430943 92 167 8 7
4.432943 92 167 8 8
4.434943 91 167 8 8
4.436943 91 167 8 8
4.438943 91 167 8 8
4.440943 90 167 8 8
4.442943 90 167 9 8
4.444943 90 167 9 8
4.446943 89 167 9 8
4.448943 89 167 9 8
4.450943 89 167 9 8
4.452943 88 167 9 8
4.454943 88 167 9 9
4.456943 88 167 9 9
4.458943 87 167 9 9
4.460943 87 167 9 9
4.462943 87 167 9 9
4.464943 86 167 9 9
4.466943 86 167 9 9
4.468943 86 167 9 9
4.470943 85 167 9 9
4.472943 85 167 9 9
4.474943 84 168 10 10
4.476943 84 168 10 10
4.478943 84 168 10 10
4.480943 84 168 10 10
4.482943 84 168 10 10
4.484943 83 168 10 10
4.486943 83 168 10 10
4.488943 83 168 10 10
4.490943 83 168 10 10
4.492943 83 168 10 10
4.494943 82 168 10 10
4.496943 82 168 10 10
4.498943 82 168 10 10
4.500943 82 168 10 10
4.502943 81 168 10 10
4.504943 81 168 10 10
4.506943 81 169 10 10
4.508943 81 169 10 10
4.510943 81 169 10 10
4.512943 80 169 10 10
4.514943 80 169 10 10
4.516943 80 169 10 10
4.518943 80 169 10 10
4.520943 79 169 10 10
4.522943 79 169 10 10
4.524943 79 169 10 10
4.526943 79 169 10 10
4.528943 79 169 10 10
4.530943 78 169 10 10
4.532943 78 169 10 10
4.534943 78 169 10 10
4.536943 78 169 10 10
4.538943 77 169 9 9
4.540943 77 169 9 9
4.542943 77 169 9 9
4.544943 77 169 9 9
4.546943 77 169 9 9
4.548943 77 169 9 9
4.550943 77 169 9 9
4.552943 76 169 8 9
4.554943 76 169 8 9
4.556943 76 168 8 9
4.558943 76 168 8 9
4.560943 76 168 8 9
4.562943 76 168 8 9
4.564943 75 168 7 9
4.566943 75 168 7 9
4.568943 75 168 7 9
4.570943 75 168 7 9
4.572943 75 167 7 8
4.574943 75 167 7 8
4.576943 75 167 7 8
4.578943 74 167 6 8
4.580943 74 167 6 8
4.582943 74 167 6 8
4.584943 74 167 6 8
4.586943 74 167 6 8
4.588943 74 166 6 8
4.590943 73 166 5 8
4.592943 73 166 5 8
4.594943 73 166 5 8
4.596943 73 166 5 8
4.598943 73 166 5 8
4.600943 73 166 5 8
4.602943 73 166 5 8
