0.004390 187 172 6 5
0.006390 186 171 6 5
0.008390 186 171 6 5
0.010390 186 171 6 5
0.012390 186 171 6 5
0.014390 186 171 6 5
0.016390 186 171 6 5
0.018390 186 171 6 6
0.020390 186 171 6 6
0.022390 185 171 7 6
0.024390 185 171 7 6
0.026390 185 171 7 6
0.028390 185 171 7 6
0.030390 185 171 7 7
0.032390 185 171 7 7
0.034390 185 171 7 7
0.036390 185 171 7 7
0.038390 184 171 8 7
0.040390 184 171 8 7
0.042390 184 171 8 7
0.044390 184 171 8 8
0.046390 184 171 8 8
0.048390 184 171 8 8
0.050390 184 171 8 8
0.052390 184 171 8 8
0.054390 183 171 9 8
0.056390 183 171 9 9
0.058390 183 171 9 9
0.060390 183 171 9 9
0.062390 183 171 9 9
0.064390 183 171 9 9
0.066390 183 171 9 9
0.068390 183 171 9 9
0.070390 182 170 10 10
0.072390 182 170 10 10
0.074390 182 170 10 10
0.076390 182 170 10 10
0.078390 182 170 10 10
0.080390 182 170 10 10
0.082390 182 170 10 10
0.084390 182 170 10 10
0.086390 182 170 10 10
0.088390 182 170 10 10
0.090390 181 170 10 10
0.092390 181 170 10 10
0.094390 181 170 10 10
0.096390 181 170 10 10
0.098390 181 170 10 10
0.100390 181 170 10 10
0.102390 181 170 10 10
0.104390 181 170 10 10
0.106390 181 170 10 10
0.108390 181 170 10 10
0.110390 181 170 10 10
0.112390 180 170 10 10
0.114390 180 170 10 10
0.116390 180 170 10 10
0.118390 180 170 10 10
0.120390 180 170 10 10
0.122390 180 170 10 10
0.124390 180 170 10 10
0.126390 180 170 10 10
0.128390 180 170 10 10
0.130390 180 170 10 10
0.132390 180 170 10 10
0.134390 179 170 10 10
0.136390 179 170 10 10
0.138390 179 170 10 10
0.140390 179 170 10 10
0.142390 179 170 10 10
0.144390 179 170 10 10
0.146390 179 170 10 10
0.148390 179 170 10 10
0.150390 178 170 10 10
0.152390 178 170 10 10
0.154390 178 170 10 10
0.156390 178 170 10 10
0.158390 178 170 10 10
0.160390 178 170 10 10
0.162390 178 170 10 10
0.164390 178 170 10 10
0.166390 177 170 10 10
0.168390 177 170 10 10
0.170390 177 170 10 10
0.172390 177 170 10 10
0.174390 177 170 10 10
0.176390 177 170 10 10
0.178390 177 170 10 10
0.180390 177 170 10 10
0.182390 176 170 10 10
0.184390 176 170 10 10
0.186390 176 170 10 10
0.188390 176 170 10 10
0.190390 176 170 10 10
0.192390 176 170 10 10
0.194390 176 170 10 10
0.196390 176 170 10 10
0.198390 175 170 10 10
0.200390 175 170 10 10
0.202390 175 170 10 10
0.204390 175 170 10 10
0.206390 175 170 10 10
0.208390 175 170 10 10
0.210390 175 170 10 10
0.212390 175 170 10 10
0.214390 175 170 10 10
0.216390 175 170 10 10
0.218390 174 170 10 10
0.220390 174 170 10 10
0.222390 174 170 10 10
0.224390 174 170 10 10
0.226390 174 170 10 10
0.228390 174 170 10 10
0.230390 174 170 10 10
0.232390 174 170 10 10
0.234390 174 170 10 10
0.236390 174 170 10 10
0.238390 174 170 10 10
0.240390 173 170 10 10
0.242390 173 170 10 10
0.244390 173 170 10 10
0.246390 173 170 10 10
0.248390 173 170 10 10
0.250390 173 170 10 10
0.252390 173 170 10 10
0.254390 173 170 10 10
0.256390 173 170 10 10
0.258390 173 170 10 10
0.260390 173 170 10 10
0.262390 172 170 10 10
0.264390 172 170 10 10
0.266390 172 170 10 10
0.268390 172 170 10 10
0.270390 172 170 10 10
0.272390 172 170 10 10
0.274390 172 170 10 10
0.276390 172 170 10 10
0.278390 171 170 10 10
0.280390 171 170 10 10
0.282390 171 170 10 10
0.284390 171 170 10 10
0.286390 171 170 10 10
0.288390 171 170 10 10
0.290390 171 170 10 10
0.292390 171 170 10 10
0.294390 170 170 10 10
0.296390 170 170 10 10
0.298390 170 170 10 10
0.300390 170 170 10 10
0.302390 170 170 10 10
0.304390 170 170 10 10
0.306390 170 170 10 10
0.308390 170 170 10 10
0.310390 169 170 10 10
0.312390 169 170 10 10
0.314390 169 170 10 10
0.316390 169 170 10 10
0.318390 169 170 10 10
0.320390 169 170 10 10
0.322390 169 170 10 10
0.324390 169 170 10 10
0.326390 168 170 10 10
0.328390 168 170 10 10
0.330390 168 170 10 10
0.332390 168 170 10 10
0.334390 168 170 10 10
0.336390 168 170 10 10
0.338390 168 170 10 10
0.340390 168 170 10 10
0.342390 167 170 10 10
0.344390 167 170 10 10
0.346390 167 170 10 10
0.348390 167 170 10 10
0.350390 167 170 10 10
0.352390 167 170 10 10
0.354390 167 170 10 10
0.356390 167 170 10 10
0.358390 166 170 10 10
0.360390 166 170 10 10
0.362390 166 170 10 10
0.364390 166 170 10 10
0.366390 166 170 10 10
0.368390 166 170 10 10
0.370390 166 170 10 10
0.372390 166 170 10 10
0.374390 165 170 10 10
0.376390 165 170 10 10
0.378390 165 170 10 10
0.380390 165 170 10 10
0.382390 165 170 10 10
0.384390 165 170 10 10
0.386390 165 170 10 10
0.388390 165 170 10 10
0.390390 164 170 10 10
0.392390 164 170 10 10
0.394390 164 170 10 10
0.396390 164 170 10 10
0.398390 164 170 10 10
0.400390 164 170 10 10
0.402390 164 170 10 10
0.404390 164 170 10 10
0.406390 164 170 10 10
0.408390 164 170 10 10
0.410390 163 170 10 10
0.412390 163 170 10 10
0.414390 163 170 10 10
0.416390 163 170 10 10
0.418390 163 170 10 10
0.420390 163 170 10 10
0.422390 163 170 10 10
0.424390 163 170 10 10
0.426390 163 170 10 10
0.428390 163 170 10 10
0.430390 163 170 10 10
0.432390 162 170 10 10
0.434390 162 170 10 10
0.436390 162 170 10 10
0.438390 162 170 10 10
0.440390 162 170 10 10
0.442390 162 170 10 10
0.444390 162 170 10 10
0.446390 162 170 10 10
0.448390 162 170 10 10
0.450390 162 170 10 10
0.452390 162 170 10 10
0.454390 161 170 10 10
0.456390 161 170 10 10
0.458390 161 170 10 10
0.460390 161 170 10 10
0.462390 161 170 10 10
0.464390 161 170 10 10
0.466390 161 170 10 10
0.468390 161 170 10 10
0.470390 161 170 10 10
0.472390 161 170 10 10
0.474390 160 170 10 10
0.476390 160 170 10 10
0.478390 160 170 10 10
0.480390 160 170 10 10
0.482390 160 170 10 10
0.484390 160 170 10 10
0.486390 160 170 10 10
0.488390 160 170 10 10
0.490390 160 170 10 10
0.492390 160 170 10 10
0.494390 160 170 10 10
0.496390 159 170 10 10
0.498390 159 170 10 10
0.500390 159 170 10 10
0.502390 159 170 10 10
0.504390 159 170 10 10
0.506390 159 170 10 10
0.508390 159 170 10 10
0.510390 159 170 10 10
0.512390 159 170 10 10
0.514390 159 170 10 10
0.516390 159 170 10 10
0.518390 158 170 10 10
0.520390 158 170 10 10
0.522390 158 170 10 10
0.524390 158 170 10 10
0.526390 158 170 10 10
0.528390 158 170 10 10
0.530390 158 170 10 10
0.532390 158 170 10 10
0.534390 157 170 10 10
0.536390 157 170 10 10
0.538390 157 170 10 10
0.540390 157 170 10 10
0.542390 157 170 10 10
0.544390 157 170 10 10
0.546390 157 170 10 10
0.548390 157 170 10 10
0.550390 156 170 10 10
0.552390 156 170 10 10
0.554390 156 170 10 10
0.556390 156 170 10 10
0.558390 156 170 10 10
0.560390 156 170 10 10
0.562390 156 170 10 10
0.564390 156 170 10 10
0.566390 155 170 10 10
0.568390 155 170 10 10
0.570390 155 170 10 10
0.572390 155 170 10 10
0.574390 155 170 10 10
0.576390 155 170 10 10
0.578390 155 170 10 10
0.580390 155 170 10 10
0.582390 154 170 10 10
0.584390 154 170 10 10
0.586390 154 170 10 10
0.588390 154 170 10 10
0.590390 154 170 10 10
0.592390 154 170 10 10
0.594390 154 170 10 10
0.596390 154 170 10 10
0.598390 153 170 10 10
0.600390 153 170 10 10
0.602390 153 170 10 10
0.604390 153 170 10 10
0.606390 153 170 10 10
0.608390 153 170 10 10
0.610390 153 170 10 10
0.612390 153 170 10 10
0.614390 152 170 10 10
0.616390 152 170 10 10
0.618390 152 170 10 10
0.620390 152 170 10 10
0.622390 152 170 10 10
0.624390 152 170 10 10
0.626390 152 170 10 10
0.628390 152 170 10 10
0.630390 151 170 10 10
0.632390 151 170 10 10
0.634390 151 170 10 10
0.636390 151 170 10 10
0.638390 151 170 10 10
0.640390 151 170 10 10
0.642390 151 170 10 10
0.644390 151 170 10 10
0.646390 150 170 10 10
0.648390 150 170 10 10
0.650390 150 170 10 10
0.652390 150 170 10 10
0.654390 150 170 10 10
0.656390 150 170 10 10
0.658390 150 170 10 10
0.660390 150 170 10 10
0.662390 149 170 10 10
0.664390 149 170 10 10
0.666390 149 170 10 10
0.668390 149 170 10 10
0.670390 149 170 10 10
0.672390 149 170 10 10
0.674390 149 170 10 10
0.676390 149 170 10 10
0.678390 148 170 10 10
0.680390 148 170 10 10
0.682390 148 170 10 10
0.684390 148 170 10 10
0.686390 148 170 10 10
0.688390 148 170 10 10
0.690390 148 170 10 10
0.692390 148 170 10 10
0.694390 147 170 10 10
0.696390 147 170 10 10
0.698390 147 170 10 10
0.700390 147 170 10 10
0.702390 147 170 10 10
0.704390 147 170 10 10
0.706390 147 170 10 10
0.708390 147 170 10 10
0.710390 146 170 10 10
0.712390 146 170 10 10
0.714390 146 170 10 10
0.716390 146 170 10 10
0.718390 146 170 10 10
0.720390 146 170 10 10
0.722390 146 170 10 10
0.724390 146 170 10 10
0.726390 145 170 10 10
0.728390 145 170 10 10
0.730390 145 170 10 10
0.732390 145 170 10 10
0.734390 145 170 10 10
0.736390 145 170 10 10
0.738390 145 170 10 10
0.740390 145 170 10 10
0.742390 144 170 10 10
0.744390 144 170 10 10
0.746390 144 170 10 10
0.748390 144 170 10 10
0.750390 144 170 10 10
0.752390 144 170 10 10
0.754390 144 170 10 10
0.756390 144 170 10 10
0.758390 143 170 10 10
0.760390 143 170 10 10
0.762390 143 170 10 10
0.764390 143 170 10 10
0.766390 143 170 10 10
0.768390 143 170 10 10
0.770390 143 170 10 10
0.772390 143 170 10 10
0.774390 142 169 10 10
0.776390 142 169 10 10
0.778390 142 169 10 10
0.780390 142 169 10 10
0.782390 142 169 10 10
0.784390 142 169 10 10
0.786390 142 169 10 10
0.788390 142 169 10 10
0.790390 142 169 10 10
0.792390 142 169 10 10
0.794390 141 169 10 10
0.796390 141 169 10 10
0.798390 141 169 10 10
0.800390 141 169 10 10
0.802390 141 169 10 10
0.804390 141 169 10 10
0.806390 141 169 10 10
0.808390 141 169 10 10
0.810390 141 169 10 10
0.812390 141 169 10 10
0.814390 141 169 10 10
0.816390 140 169 10 10
0.818390 140 169 10 10
0.820390 140 169 10 10
0.822390 140 169 10 10
0.824390 140 169 10 10
0.826390 140 169 10 10
0.828390 140 169 10 10
0.830390 140 169 10 10
0.832390 140 169 10 10
0.834390 140 169 10 10
0.836390 140 169 10 10
0.838390 139 169 10 10
0.840390 139 169 10 10
0.842390 139 169 10 10
0.844390 139 169 10 10
0.846390 139 169 10 10
0.848390 139 169 10 10
0.850390 139 169 10 10
0.852390 139 169 10 10
0.854390 138 169 10 10
0.856390 138 169 10 10
0.858390 138 169 10 10
0.860390 138 169 10 10
0.862390 138 169 10 10
0.864390 138 169 10 10
0.866390 138 169 10 10
0.868390 138 169 10 10
0.870390 137 169 10 10
0.872390 137 169 10 10
0.874390 137 169 10 10
0.876390 137 169 10 10
0.878390 137 169 10 10
0.880390 137 169 10 10
0.882390 137 169 10 10
0.884390 137 169 10 10
0.886390 136 169 10 10
0.888390 136 169 10 10
0.890390 136 169 10 10
0.892390 136 169 10 10
0.894390 136 169 10 10
0.896390 136 169 10 10
0.898390 136 169 10 10
0.900390 136 169 10 10
0.902390 135 170 10 10
0.904390 135 170 10 10
0.906390 135 170 10 10
0.908390 135 170 10 10
0.910390 135 170 10 10
0.912390 135 170 10 10
0.914390 135 170 10 10
0.916390 135 170 10 10
0.918390 134 170 10 10
0.920390 134 170 10 10
0.922390 134 170 10 10
0.924390 134 170 10 10
0.926390 134 170 10 10
0.928390 134 170 10 10
0.930390 134 170 10 10
0.932390 134 170 10 10
0.934390 133 170 10 10
0.936390 133 170 10 10
0.938390 133 170 10 10
0.940390 133 170 10 10
0.942390 133 170 10 10
0.944390 133 170 10 10
0.946390 133 170 10 10
0.948390 133 170 10 10
0.950390 132 170 10 10
0.952390 132 170 10 10
0.954390 132 170 10 10
0.956390 132 170 10 10
0.958390 132 170 10 10
0.960390 132 170 10 10
0.962390 132 170 10 10
0.964390 132 170 10 10
0.966390 131 169 10 10
0.968390 131 169 10 10
0.970390 131 169 10 10
0.972390 131 169 10 10
0.974390 131 169 10 10
0.976390 131 169 10 10
0.978390 131 169 10 10
0.980390 131 169 10 10
0.982390 130 169 10 10
0.984390 130 169 10 10
0.986390 130 169 10 10
0.988390 130 169 10 10
0.990390 130 169 10 10
0.992390 130 169 10 10
0.994390 130 169 10 10
0.996390 130 169 10 10
0.998390 129 169 10 10
1.000390 129 169 10 10
1.002390 129 169 10 10
1.004390 129 169 10 10
1.006390 129 169 10 10
1.008390 129 169 10 10
1.010390 129 169 10 10
1.012390 129 169 10 10
1.014390 128 169 10 10
1.016390 128 169 10 10
1.018390 128 169 10 10
1.020390 128 169 10 10
1.022390 128 169 10 10
1.024390 128 169 10 10
1.026390 128 169 10 10
1.028390 128 169 10 10
1.030390 127 169 10 10
1.032390 127 169 10 10
1.034390 127 169 10 10
1.036390 127 169 10 10
1.038390 127 169 10 10
1.040390 127 169 10 10
1.042390 127 169 10 10
1.044390 127 169 10 10
1.046390 126 169 10 10
1.048390 126 169 10 10
1.050390 126 169 10 10
1.052390 126 169 10 10
1.054390 126 169 10 10
1.056390 126 169 10 10
1.058390 126 169 10 10
1.060390 126 169 10 10
1.062390 125 169 10 10
1.064390 125 169 10 10
1.066390 125 169 10 10
1.068390 125 169 10 10
1.070390 125 169 10 10
1.072390 125 169 10 10
1.074390 125 169 10 10
1.076390 125 169 10 10
1.078390 124 169 10 10
1.080390 124 169 10 10
1.082390 124 169 10 10
1.084390 124 169 10 10
1.086390 124 169 10 10
1.088390 124 169 10 10
1.090390 124 169 10 10
1.092390 124 169 10 10
1.094390 123 169 9 9
1.096390 123 169 9 9
1.098390 123 169 9 9
1.100390 123 169 9 9
1.102390 123 169 9 9
1.104390 123 169 9 9
1.106390 122 169 9 9
1.108390 122 169 9 9
1.110390 122 169 8 8
1.112390 122 169 8 8
1.114390 122 169 8 8
1.116390 122 169 8 8
1.118390 122 169 8 8
1.120390 121 169 8 8
1.122390 121 169 8 8
1.124390 121 169 8 8
1.126390 121 169 7 7
1.128390 121 169 7 7
1.130390 121 169 7 7
1.132390 120 169 7 7
1.134390 120 169 7 7
1.136390 120 169 7 7
1.138390 120 169 7 7
1.140390 120 169 7 7
1.142390 120 169 6 6
1.144390 119 169 6 6
1.146390 119 169 6 6
1.148390 119 169 6 6
1.150390 119 169 6 6
1.152390 119 169 6 6
1.154390 119 169 6 6
1.156390 119 169 6 6
1.158390 118 169 6 5
1.160390 118 169 6 5
1.162390 118 169 6 5
1.164390 118 169 6 5
1.166390 118 169 6 5
1.168390 118 169 6 5
1.170390 118 169 6 5
1.172390 118 169 6 5
1.174390 118 169 6 5
1.176390 118 169 6 5
1.178390 117 169 6 5
1.180390 117 169 6 5
1.182390 117 169 6 5
1.184390 117 169 6 5
1.186390 117 169 6 5
1.188390 117 169 6 5
1.190390 117 169 6 5
1.192390 117 169 6 5
1.194390 117 169 6 5
1.196390 117 169 6 5
1.198390 117 169 6 5
1.200390 116 169 6 5
1.202390 116 169 6 5
1.204390 116 169 6 5
1.206390 116 169 6 5
1.208390 116 169 6 5
1.210390 116 169 6 5
1.212390 116 169 6 5
1.214390 116 169 6 5
1.216390 116 169 6 5
1.218390 116 169 6 5
1.220390 116 169 6 5
1.222390 116 169 6 5
1.224390 116 169 6 5
1.226390 116 169 6 5
1.228390 116 169 6 5
1.230390 116 169 6 5
1.232390 116 169 6 5
1.234390 116 169 6 6
1.236390 116 169 6 6
1.238390 116 169 7 6
1.240390 116 169 7 6
1.242390 116 168 7 6
1.244390 116 168 7 6
1.246390 116 168 7 6
1.248390 116 168 7 7
1.250390 116 168 7 7
1.252390 116 168 7 7
1.254390 116 168 8 7
1.256390 116 168 8 7
1.258390 116 168 8 7
1.260390 116 168 8 8
1.262390 116 168 8 8
1.264390 116 167 8 8
1.266390 116 167 8 8
1.268390 116 167 8 8
1.270390 116 167 9 8
1.272390 116 167 9 9
1.274390 116 167 9 9
1.276390 116 167 9 9
1.278390 116 167 9 9
1.280390 116 167 9 9
1.282390 116 167 9 9
1.284390 116 167 9 9
1.286390 117 166 9 9
1.288390 117 166 9 9
1.290390 117 166 9 9
1.292390 117 166 9 9
1.294390 118 166 9 9
1.296390 118 166 9 9
1.298390 118 166 9 8
1.300390 118 166 9 8
1.302390 118 166 9 8
1.304390 119 166 9 8
1.306390 119 166 8 8
1.308390 119 166 8 8
1.310390 119 166 8 8
1.312390 119 166 8 7
1.314390 120 166 8 7
1.316390 120 166 8 7
1.318390 120 166 8 7
1.320390 120 166 8 7
1.322390 121 166 8 7
1.324390 121 166 8 6
1.326390 121 166 8 6
1.328390 121 166 7 6
1.330390 121 166 7 6
1.332390 122 166 7 6
1.334390 122 166 7 6
1.336390 122 166 7 5
1.338390 122 166 7 5
1.340390 123 166 7 5
1.342390 123 166 7 5
1.344390 123 166 7 5
1.346390 123 166 7 5
1.348390 123 166 7 5
1.350390 124 165 7 5
1.352390 124 165 7 5
1.354390 124 165 7 5
1.356390 124 165 7 5
1.358390 125 165 7 5
1.360390 125 165 7 5
1.362390 125 165 7 6
1.364390 125 165 7 6
1.366390 125 165 7 6
1.368390 126 165 7 6
1.370390 126 164 8 6
1.372390 126 164 8 6
1.374390 126 164 8 6
1.376390 126 164 8 7
1.378390 127 164 8 7
1.380390 127 164 8 7
1.382390 127 164 8 7
1.384390 127 164 8 7
1.386390 128 164 8 7
1.388390 128 164 8 8
1.390390 128 164 8 8
1.392390 128 163 9 8
1.394390 128 163 9 8
1.396390 129 163 9 8
1.398390 129 163 9 8
1.400390 129 163 9 9
1.402390 129 163 9 9
1.404390 130 163 9 9
1.406390 130 163 9 9
1.408390 130 163 9 9
1.410390 130 163 9 9
1.412390 130 163 9 9
1.414390 131 163 10 10
1.416390 131 163 10 10
1.418390 131 163 10 10
1.420390 131 163 10 10
1.422390 131 163 10 10
1.424390 132 163 10 10
1.426390 132 163 10 10
1.428390 132 163 10 10
1.430390 132 163 10 10
1.432390 132 163 10 10
1.434390 133 163 10 10
1.436390 133 163 10 10
1.438390 133 163 10 10
1.440390 133 163 10 10
1.442390 133 163 10 10
1.444390 133 163 10 10
1.446390 134 163 10 10
1.448390 134 163 10 10
1.450390 134 163 10 10
1.452390 134 163 10 10
1.454390 134 163 10 10
1.456390 135 163 10 10
1.458390 135 163 10 10
1.460390 135 163 10 10
1.462390 135 163 10 10
1.464390 135 163 10 10
1.466390 136 163 10 10
1.468390 136 163 10 10
1.470390 136 163 10 10
1.472390 136 163 10 10
1.474390 136 163 10 10
1.476390 136 163 10 10
1.478390 137 163 10 10
1.480390 137 163 10 10
1.482390 137 163 10 10
1.484390 137 163 10 10
1.486390 138 163 10 10
1.488390 138 163 10 10
1.490390 138 163 10 10
1.492390 138 163 10 10
1.494390 138 163 10 10
1.496390 139 163 10 10
1.498390 139 163 10 10
1.500390 139 163 10 10
1.502390 139 163 10 10
1.504390 139 163 10 10
1.506390 140 163 10 10
1.508390 140 163 10 10
1.510390 140 163 10 10
1.512390 140 163 10 10
1.514390 141 163 10 10
1.516390 141 163 10 10
1.518390 141 163 10 10
1.520390 141 163 10 10
1.522390 141 163 10 10
1.524390 142 163 10 10
1.526390 142 163 10 10
1.528390 142 163 10 10
1.530390 142 163 10 10
1.532390 143 163 10 10
1.534390 143 163 10 10
1.536390 143 163 10 10
1.538390 143 163 10 10
1.540390 143 163 10 10
1.542390 144 163 10 10
1.544390 144 163 10 10
1.546390 144 163 10 10
1.548390 144 163 10 10
1.550390 144 163 10 10
1.552390 145 163 10 10
1.554390 145 163 10 10
1.556390 145 163 10 10
1.558390 145 163 10 10
1.560390 145 163 10 10
1.562390 145 163 10 10
1.564390 146 163 10 10
1.566390 146 163 10 10
1.568390 146 163 10 10
1.570390 146 163 10 10
1.572390 146 163 10 10
1.574390 147 163 10 10
1.576390 147 163 10 10
1.578390 147 163 10 10
1.580390 147 163 10 10
1.582390 147 163 10 10
1.584390 148 163 10 10
1.586390 148 163 10 10
1.588390 148 163 10 10
1.590390 148 163 10 10
1.592390 148 163 10 10
1.594390 148 163 10 10
1.596390 149 163 10 10
1.598390 149 163 10 10
1.600390 149 163 10 10
1.602390 149 163 10 10
1.604390 149 163 10 10
1.606390 150 163 10 10
1.608390 150 163 10 10
1.610390 150 163 10 10
1.612390 150 163 10 10
1.614390 150 163 10 10
1.616390 151 163 10 10
1.618390 151 163 10 10
1.620390 151 163 10 10
1.622390 151 163 10 10
1.624390 151 163 10 10
1.626390 151 163 10 10
1.628390 152 164 10 10
1.630390 152 164 10 10
1.632390 152 164 10 10
1.634390 152 164 10 10
1.636390 152 164 10 10
1.638390 153 164 10 10
1.640390 153 164 10 10
1.642390 153 164 10 10
1.644390 153 164 10 10
1.646390 153 164 10 10
1.648390 154 165 10 10
1.650390 154 165 10 10
1.652390 154 165 10 10
1.654390 154 165 10 10
1.656390 154 165 10 10
1.658390 154 165 10 10
1.660390 155 165 10 10
1.662390 155 165 10 10
1.664390 155 165 10 10
1.666390 155 165 10 10
1.668390 155 165 10 10
1.670390 156 166 10 10
1.672390 156 166 10 10
1.674390 156 166 10 10
1.676390 156 166 10 10
1.678390 157 166 10 10
1.680390 157 166 10 10
1.682390 157 166 10 10
1.684390 157 166 10 10
1.686390 158 166 10 10
1.688390 158 166 10 10
1.690390 158 166 10 10
1.692390 158 166 10 10
1.694390 159 166 10 10
1.696390 159 166 10 10
1.698390 159 166 10 10
1.700390 159 166 10 10
1.702390 160 167 10 10
1.704390 160 167 10 10
1.706390 160 167 10 10
1.708390 160 167 10 10
1.710390 161 167 10 10
1.712390 161 167 10 10
1.714390 161 167 10 10
1.716390 161 167 10 10
1.718390 162 167 10 10
1.720390 162 167 10 10
1.722390 162 167 10 10
1.724390 162 167 10 10
1.726390 163 167 10 10
1.728390 163 167 10 10
1.730390 163 167 10 10
1.732390 163 167 10 10
1.734390 164 168 10 10
1.736390 164 168 10 10
1.738390 164 168 10 10
1.740390 164 168 10 10
1.742390 164 168 10 10
1.744390 164 168 10 10
1.746390 165 168 10 10
1.748390 165 168 10 10
1.750390 165 169 10 10
1.752390 165 169 10 10
1.754390 165 169 10 10
1.756390 165 169 10 10
1.758390 165 169 10 10
1.760390 166 169 10 10
1.762390 166 169 10 10
1.764390 166 169 10 10
1.766390 166 170 10 10
1.768390 166 170 10 10
1.770390 166 170 10 10
1.772390 167 170 10 10
1.774390 167 170 10 10
1.776390 167 170 10 10
1.778390 167 170 10 10
1.780390 167 170 10 10
1.782390 167 171 10 10
1.784390 168 171 10 10
1.786390 168 171 10 10
1.788390 168 171 10 10
1.790390 168 171 10 10
1.792390 168 171 10 10
1.794390 168 171 10 10
1.796390 168 171 10 10
1.798390 169 171 9 9
1.800390 169 171 9 9
1.802390 169 171 9 9
1.804390 169 171 9 9
1.806390 169 171 9 9
1.808390 169 171 9 9
1.810390 170 171 9 8
1.812390 170 171 9 8
1.814390 170 171 8 8
1.816390 170 171 8 8
1.818390 170 171 8 8
1.820390 170 171 8 8
1.822390 170 171 8 8
1.824390 171 171 8 7
1.826390 171 171 8 7
1.828390 171 171 8 7
1.830390 171 170 7 7
1.832390 171 170 7 7
1.834390 171 170 7 7
1.836390 172 170 7 6
1.838390 172 170 7 6
1.840390 172 170 7 6
1.842390 172 170 7 6
1.844390 172 170 7 6
1.846390 172 170 6 6
1.848390 172 170 6 6
1.850390 173 170 6 5
1.852390 173 170 6 5
1.854390 173 170 6 5
1.856390 173 170 6 5
1.858390 173 170 6 5
1.860390 173 170 6 5
1.862390 174 169 6 5
1.864390 174 169 6 5
1.866390 174 169 6 5
1.868390 174 169 6 5
1.870390 174 169 6 5
1.872390 174 169 6 5
1.874390 174 169 6 6
1.876390 174 169 6 6
1.878390 174 169 7 6
1.880390 174 169 7 6
1.882390 174 169 7 6
1.884390 174 168 7 6
1.886390 174 168 7 6
1.888390 174 168 7 7
1.890390 174 168 7 7
1.892390 174 168 7 7
1.894390 174 168 8 7
1.896390 174 168 8 7
1.898390 174 168 8 7
1.900390 174 168 8 8
1.902390 174 168 8 8
1.904390 174 167 8 8
1.906390 174 167 8 8
1.908390 174 167 8 8
1.910390 174 167 9 8
1.912390 174 167 9 8
1.914390 174 167 9 9
1.916390 174 167 9 9
1.918390 174 167 9 9
1.920390 174 167 9 9
1.922390 174 167 9 9
1.924390 174 167 9 9
1.926390 175 166 10 10
1.928390 175 166 10 10
1.930390 175 166 10 10
1.932390 175 166 10 10
1.934390 175 166 10 10
1.936390 175 166 10 10
1.938390 175 166 10 10
1.940390 175 166 10 10
1.942390 176 166 10 10
1.944390 176 166 10 10
1.946390 176 166 10 10
1.948390 176 166 10 10
1.950390 176 166 10 10
1.952390 176 166 10 10
1.954390 176 166 10 10
1.956390 176 166 10 10
1.958390 177 166 10 10
1.960390 177 166 10 10
1.962390 177 166 10 10
1.964390 177 166 10 10
1.966390 177 166 10 10
1.968390 177 166 10 10
1.970390 177 166 10 10
1.972390 177 166 10 10
1.974390 178 166 10 10
1.976390 178 166 10 10
1.978390 178 166 10 10
1.980390 178 166 10 10
1.982390 178 166 10 10
1.984390 178 166 10 10
1.986390 178 166 10 10
1.988390 178 166 10 10
1.990390 179 166 10 10
1.992390 179 166 10 10
1.994390 179 166 10 10
1.996390 179 166 10 10
1.998390 179 166 10 10
2.000390 179 166 10 10
2.002390 179 166 10 10
2.004390 179 166 10 10
2.006390 179 166 10 10
2.008390 179 166 10 10
2.010390 179 166 10 10
2.012390 180 166 10 10
2.014390 180 166 10 10
2.016390 180 166 10 10
2.018390 180 166 10 10
2.020390 180 166 10 10
2.022390 180 166 10 10
2.024390 180 166 10 10
2.026390 180 166 10 10
2.028390 180 166 10 10
2.030390 180 166 10 10
2.032390 181 166 10 10
2.034390 181 166 10 10
2.036390 181 166 10 10
2.038390 181 166 10 10
2.040390 181 166 10 10
2.042390 181 166 10 10
2.044390 181 166 10 10
2.046390 181 166 10 10
2.048390 181 166 10 10
2.050390 181 166 10 10
2.052390 181 166 10 10
2.054390 182 166 10 10
2.056390 182 166 10 10
2.058390 182 166 10 10
2.060390 182 166 10 10
2.062390 182 166 10 10
2.064390 182 166 10 10
2.066390 182 166 10 10
2.068390 182 166 10 10
2.070390 182 166 10 10
2.072390 182 166 10 10
2.074390 182 166 10 10
2.076390 182 166 10 10
2.078390 182 166 10 10
2.080390 182 166 10 10
2.082390 182 166 10 10
2.084390 182 166 10 10
2.086390 183 166 10 10
2.088390 183 166 10 10
2.090390 183 166 10 10
2.092390 183 166 10 10
2.094390 183 166 10 10
2.096390 183 166 10 10
2.098390 183 166 10 10
2.100390 183 166 10 10
2.102390 183 166 10 10
2.104390 183 166 10 10
2.106390 183 166 10 10
2.108390 183 166 10 10
2.110390 183 166 10 10
2.112390 183 166 10 10
2.114390 183 166 10 10
2.116390 183 166 10 10
2.118390 184 167 10 10
2.120390 184 167 10 10
2.122390 184 167 10 10
2.124390 184 167 10 10
2.126390 184 167 10 10
2.128390 184 167 10 10
2.130390 184 167 10 10
2.132390 184 167 10 10
2.134390 185 167 10 10
2.136390 185 167 10 10
2.138390 185 167 10 10
2.140390 185 167 10 10
2.142390 185 167 10 10
2.144390 185 167 10 10
2.146390 185 167 10 10
2.148390 185 167 10 10
2.150390 186 167 10 10
2.152390 186 167 10 10
2.154390 186 167 10 10
2.156390 186 167 10 10
2.158390 186 167 10 10
2.160390 186 167 10 10
2.162390 186 167 10 10
2.164390 186 167 10 10
2.166390 187 167 10 10
2.168390 187 167 10 10
2.170390 187 167 10 10
2.172390 187 167 10 10
2.174390 187 167 10 10
2.176390 187 167 10 10
2.178390 187 167 10 10
2.180390 187 167 10 10
2.182390 188 168 10 10
2.184390 188 168 10 10
2.186390 188 168 10 10
2.188390 188 168 10 10
2.190390 188 168 10 10
2.192390 188 168 10 10
2.194390 188 168 10 10
2.196390 188 168 10 10
2.198390 188 168 10 10
2.200390 188 168 10 10
2.202390 188 168 10 10
2.204390 188 169 10 10
2.206390 188 169 10 10
2.208390 188 169 10 10
2.210390 188 169 10 10
2.212390 188 169 10 10
2.214390 189 169 10 10
2.216390 189 169 10 10
2.218390 189 169 10 10
2.220390 189 169 10 10
2.222390 189 169 10 10
2.224390 189 170 10 10
2.226390 189 170 10 10
2.228390 189 170 10 10
2.230390 189 170 10 10
2.232390 189 170 10 10
2.234390 189 170 10 10
2.236390 189 170 10 10
2.238390 189 170 10 10
2.240390 189 170 10 10
2.242390 189 170 10 10
2.244390 189 170 10 10
2.246390 190 170 10 10
2.248390 190 170 10 10
2.250390 190 170 10 10
2.252390 190 170 10 10
2.254390 190 170 10 10
2.256390 190 170 10 10
2.258390 190 170 10 10
2.260390 190 170 10 10
2.262390 190 170 10 10
2.264390 190 170 10 10
2.266390 190 170 10 10
2.268390 191 170 10 10
2.270390 191 170 10 10
2.272390 191 170 10 10
2.274390 191 170 10 10
2.276390 191 170 10 10
2.278390 191 170 10 10
2.280390 191 170 10 10
2.282390 191 170 10 10
2.284390 191 170 10 10
2.286390 191 170 10 10
2.288390 192 170 10 10
2.290390 192 170 10 10
2.292390 192 170 10 10
2.294390 192 170 10 10
2.296390 192 170 10 10
2.298390 192 170 10 10
2.300390 192 170 10 10
2.302390 192 170 10 10
2.304390 192 170 10 10
2.306390 192 170 10 10
2.308390 192 170 10 10
2.310390 193 169 9 9
2.312390 193 169 9 9
2.314390 193 169 9 9
2.316390 193 169 9 9
2.318390 193 169 9 9
2.320390 193 169 9 9
2.322390 193 169 9 9
2.324390 193 169 9 9
2.326390 194 169 8 8
2.328390 194 169 8 8
2.330390 194 169 8 8
2.332390 194 169 8 8
2.334390 194 169 8 8
2.336390 194 169 8 8
2.338390 194 169 8 8
2.340390 194 169 8 8
2.342390 195 169 7 7
2.344390 195 169 7 7
2.346390 195 169 7 7
2.348390 195 169 7 7
2.350390 195 169 7 7
2.352390 195 169 7 7
2.354390 195 169 7 7
2.356390 195 169 7 7
2.358390 196 169 6 6
2.360390 196 169 6 6
2.362390 196 169 6 6
2.364390 196 169 6 6
2.366390 196 169 6 6
2.368390 196 169 6 6
2.370390 196 169 6 6
2.372390 196 169 6 6
2.374390 197 168 6 6
2.376390 197 168 6 6
2.378390 197 168 6 6
2.380390 197 168 6 6
2.382390 197 168 6 6
2.384390 197 168 6 6
2.386390 197 168 6 6
2.388390 197 168 6 6
2.390390 197 168 7 7
2.392390 197 168 7 7
2.394390 197 168 7 7
2.396390 197 168 7 7
2.398390 197 168 7 7
2.400390 197 168 7 7
2.402390 197 168 7 7
2.404390 197 168 7 7
2.406390 197 168 8 8
2.408390 197 168 8 8
2.410390 197 168 8 8
2.412390 197 168 8 8
2.414390 197 168 8 8
2.416390 197 168 8 8
2.418390 197 168 8 8
2.420390 197 168 8 8
2.422390 197 168 9 9
2.424390 197 168 9 9
2.426390 197 168 9 9
2.428390 197 168 9 9
2.430390 197 168 9 9
2.432390 197 168 9 9
2.434390 197 168 9 9
2.436390 197 168 9 9
2.438390 198 168 10 10
2.440390 198 168 10 10
2.442390 198 168 10 10
2.444390 198 168 10 10
2.446390 198 168 10 10
2.448390 198 168 10 10
2.450390 199 168 10 10
2.452390 199 168 10 10
2.454390 199 168 10 10
2.456390 199 168 10 10
2.458390 199 168 10 10
2.460390 199 168 10 10
2.462390 199 168 10 10
2.464390 200 168 10 10
2.466390 200 168 10 10
2.468390 200 168 10 10
2.470390 200 168 10 10
2.472390 200 168 10 10
2.474390 200 168 10 10
2.476390 201 168 10 10
2.478390 201 168 10 10
2.480390 201 168 10 10
2.482390 201 168 10 10
2.484390 201 168 10 10
2.486390 201 168 10 10
2.488390 201 168 10 10
2.490390 202 168 10 10
2.492390 202 168 10 10
2.494390 202 168 10 10
2.496390 202 168 10 10
2.498390 202 168 10 10
2.500390 202 168 10 10
2.502390 203 169 9 9
2.504390 203 169 9 9
2.506390 203 169 9 9
2.508390 203 169 9 9
2.510390 203 169 9 9
2.512390 203 169 9 9
2.514390 204 169 8 9
2.516390 204 169 8 9
2.518390 204 169 8 8
2.520390 204 169 8 8
2.522390 204 169 8 8
2.524390 204 170 8 8
2.526390 204 170 8 8
2.528390 205 170 7 8
2.530390 205 170 7 8
2.532390 205 170 7 8
2.534390 205 170 7 7
2.536390 205 170 7 7
2.538390 205 170 7 7
2.540390 206 170 6 7
2.542390 206 170 6 7
2.544390 206 171 6 7
2.546390 206 171 6 7
2.548390 206 171 6 7
2.550390 206 171 6 6
2.552390 206 171 6 6
2.554390 207 171 5 6
2.556390 207 171 5 6
2.558390 207 171 5 6
2.560390 207 171 5 6
2.562390 207 171 5 6
2.564390 207 171 5 6
2.566390 208 171 5 6
2.568390 208 171 5 6
2.570390 208 171 5 6
2.572390 208 171 5 6
2.574390 208 171 5 6
2.576390 208 171 5 6
2.578390 208 171 6 6
2.580390 208 171 6 6
2.582390 208 171 6 7
2.584390 208 171 6 7
2.586390 208 171 6 7
2.588390 208 171 6 7
2.590390 208 171 6 7
2.592390 208 171 7 7
2.594390 208 171 7 7
2.596390 208 171 7 7
2.598390 208 171 7 8
2.600390 208 171 7 8
2.602390 208 171 7 8
2.604390 208 171 8 8
2.606390 208 171 8 8
2.608390 208 171 8 8
2.610390 208 171 8 8
2.612390 208 171 8 8
2.614390 208 171 8 9
2.616390 208 171 8 9
2.618390 208 171 9 9
2.620390 208 171 9 9
2.622390 208 171 9 9
2.624390 208 171 9 9
2.626390 208 171 9 9
2.628390 208 171 9 9
2.630390 208 170 10 10
2.632390 208 170 10 10
2.634390 208 170 10 10
2.636390 208 170 10 10
2.638390 208 170 10 10
2.640390 208 170 10 10
2.642390 208 170 10 10
2.644390 208 170 10 10
2.646390 209 170 10 10
2.648390 209 170 10 10
2.650390 209 170 10 10
2.652390 209 170 10 10
2.654390 209 170 10 10
2.656390 209 170 10 10
2.658390 209 170 10 10
2.660390 209 170 10 10
2.662390 210 170 10 10
2.664390 210 170 10 10
2.666390 210 170 10 10
2.668390 210 170 10 10
2.670390 210 170 10 10
2.672390 210 170 10 10
2.674390 210 170 10 10
2.676390 210 170 10 10
2.678390 211 170 10 10
2.680390 211 170 10 10
2.682390 211 170 10 10
2.684390 211 170 10 10
2.686390 211 170 10 10
2.688390 211 170 10 10
2.690390 211 170 10 10
2.692390 211 170 10 10
2.694390 212 170 9 9
2.696390 212 170 9 9
2.698390 212 170 9 9
2.700390 212 170 9 9
2.702390 212 170 9 9
2.704390 212 170 9 9
2.706390 212 170 9 9
2.708390 212 170 9 9
2.710390 213 170 8 8
2.712390 213 170 8 8
2.714390 213 170 8 8
2.716390 213 170 8 8
2.718390 213 170 8 8
2.720390 213 170 8 8
2.722390 213 170 8 8
2.724390 213 170 8 8
2.726390 214 170 7 7
2.728390 214 170 7 7
2.730390 214 170 7 7
2.732390 214 170 7 7
2.734390 214 170 7 7
2.736390 214 170 7 7
2.738390 214 170 7 7
2.740390 214 170 7 7
2.742390 215 170 6 6
2.744390 215 170 6 6
2.746390 215 170 6 6
2.748390 215 170 6 6
2.750390 215 170 6 6
2.752390 215 170 6 6
2.754390 215 170 6 6
2.756390 215 170 6 6
2.758390 216 171 6 6
2.760390 216 171 6 6
2.762390 216 171 6 6
2.764390 216 171 6 6
2.766390 216 171 6 6
2.768390 216 171 6 6
2.770390 216 171 6 6
2.772390 216 171 6 6
2.774390 216 171 7 7
2.776390 216 171 7 7
2.778390 216 171 7 7
2.780390 216 171 7 7
2.782390 216 171 7 7
2.784390 216 171 7 7
2.786390 216 171 7 7
2.788390 216 171 7 7
2.790390 217 171 8 8
2.792390 217 171 8 8
2.794390 217 171 8 8
2.796390 217 171 8 8
2.798390 217 171 8 8
2.800390 217 171 8 8
2.802390 217 171 8 8
2.804390 217 171 8 8
2.806390 217 171 9 9
2.808390 217 171 9 9
2.810390 217 171 9 9
2.812390 217 171 9 9
2.814390 217 171 9 9
2.816390 217 171 9 9
2.818390 217 171 9 9
2.820390 217 171 9 9
2.822390 218 171 10 10
2.824390 218 171 10 10
2.826390 218 171 10 10
2.828390 218 171 10 10
2.830390 218 171 10 10
2.832390 218 171 10 10
2.834390 218 171 10 10
2.836390 218 171 10 10
2.838390 218 171 10 10
2.840390 218 171 10 10
2.842390 218 171 10 10
2.844390 219 171 10 10
2.846390 219 171 10 10
2.848390 219 171 10 10
2.850390 219 171 10 10
2.852390 219 171 10 10
2.854390 219 171 10 10
2.856390 219 171 10 10
2.858390 219 171 10 10
2.860390 219 171 10 10
2.862390 219 171 10 10
2.864390 220 171 10 10
2.866390 220 171 10 10
2.868390 220 171 10 10
2.870390 220 171 10 10
2.872390 220 171 10 10
2.874390 220 171 10 10
2.876390 220 171 10 10
2.878390 220 171 10 10
2.880390 220 171 10 10
2.882390 220 171 10 10
2.884390 220 171 10 10
2.886390 221 172 10 10
2.888390 221 172 10 10
2.890390 221 172 10 10
2.892390 221 172 10 10
2.894390 221 172 10 10
2.896390 221 172 10 10
2.898390 221 172 10 10
2.900390 221 172 10 10
2.902390 222 172 10 10
2.904390 222 172 10 10
2.906390 222 172 10 10
2.908390 222 172 10 10
2.910390 222 172 10 10
2.912390 222 172 10 10
2.914390 222 172 10 10
2.916390 222 172 10 10
2.918390 223 172 10 10
2.920390 223 172 10 10
2.922390 223 172 10 10
2.924390 223 172 10 10
2.926390 223 172 10 10
2.928390 223 172 10 10
2.930390 223 172 10 10
2.932390 223 172 10 10
2.934390 224 172 10 10
2.936390 224 172 10 10
2.938390 224 172 10 10
2.940390 224 172 10 10
2.942390 224 172 10 10
2.944390 224 172 10 10
2.946390 224 172 10 10
2.948390 224 172 10 10
2.950390 225 172 10 10
2.952390 225 172 10 10
2.954390 225 172 10 10
2.956390 225 172 10 10
2.958390 225 172 10 10
2.960390 225 172 10 10
2.962390 225 172 10 10
2.964390 225 172 10 10
2.966390 226 172 10 10
2.968390 226 172 10 10
2.970390 226 172 10 10
2.972390 226 172 10 10
2.974390 226 172 10 10
2.976390 226 172 10 10
2.978390 226 172 10 10
2.980390 226 172 10 10
2.982390 227 172 10 10
2.984390 227 172 10 10
2.986390 227 172 10 10
2.988390 227 172 10 10
2.990390 227 172 10 10
2.992390 227 172 10 10
2.994390 227 172 10 10
2.996390 227 172 10 10
2.998390 228 172 10 10
3.000390 228 172 10 10
3.002390 228 172 10 10
3.004390 228 172 10 10
3.006390 228 172 10 10
3.008390 228 172 10 10
3.010390 228 172 10 10
3.012390 228 172 10 10
3.014390 229 172 10 10
3.016390 229 172 10 10
3.018390 229 172 10 10
3.020390 229 172 10 10
3.022390 229 172 10 10
3.024390 229 172 10 10
3.026390 229 172 10 10
3.028390 229 172 10 10
3.030390 229 172 10 10
3.032390 229 172 10 10
3.034390 229 172 10 10
3.036390 229 172 10 10
3.038390 229 172 10 10
3.040390 229 172 10 10
3.042390 229 172 10 10
3.044390 229 172 10 10
3.046390 230 172 10 10
3.048390 230 172 10 10
3.050390 230 172 10 10
3.052390 230 172 10 10
3.054390 230 172 10 10
3.056390 230 172 10 10
3.058390 230 172 10 10
3.060390 230 172 10 10
3.062390 230 172 10 10
3.064390 230 172 10 10
3.066390 230 172 10 10
3.068390 230 172 10 10
3.070390 230 172 10 10
3.072390 230 172 10 10
3.074390 230 172 10 10
3.076390 230 172 10 10
3.078390 231 173 10 10
3.080390 231 173 10 10
3.082390 231 173 10 10
3.084390 231 173 10 10
3.086390 231 173 10 10
3.088390 231 173 10 10
3.090390 231 173 10 10
3.092390 231 173 10 10
3.094390 232 173 10 10
3.096390 232 173 10 10
3.098390 232 173 10 10
3.100390 232 173 10 10
3.102390 232 173 10 10
3.104390 232 173 10 10
3.106390 232 173 10 10
3.108390 232 173 10 10
3.110390 233 173 10 10
3.112390 233 173 10 10
3.114390 233 173 10 10
3.116390 233 173 10 10
3.118390 233 173 10 10
3.120390 233 173 10 10
3.122390 233 173 10 10
3.124390 233 173 10 10
3.126390 234 173 10 10
3.128390 234 173 10 10
3.130390 234 173 10 10
3.132390 234 173 10 10
3.134390 234 173 10 10
3.136390 234 173 10 10
3.138390 234 173 10 10
3.140390 234 173 10 10
3.142390 235 173 10 10
3.144390 235 173 10 10
3.146390 235 173 10 10
3.148390 235 173 10 10
3.150390 235 173 10 10
3.152390 235 173 10 10
3.154390 235 173 10 10
3.156390 235 173 10 10
3.158390 236 173 10 10
3.160390 236 173 10 10
3.162390 236 173 10 10
3.164390 236 173 10 10
3.166390 236 173 10 10
3.168390 236 173 10 10
3.170390 236 173 10 10
3.172390 236 173 10 10
3.174390 237 173 10 10
3.176390 237 173 10 10
3.178390 237 173 10 10
3.180390 237 173 10 10
3.182390 237 173 10 10
3.184390 237 173 10 10
3.186390 237 173 10 10
3.188390 237 173 10 10
3.190390 238 173 10 10
3.192390 238 173 10 10
3.194390 238 173 10 10
3.196390 238 173 10 10
3.198390 238 173 10 10
3.200390 238 173 10 10
3.202390 238 173 10 10
3.204390 238 173 10 10
3.206390 239 173 10 10
3.208390 239 173 10 10
3.210390 239 173 10 10
3.212390 239 173 10 10
3.214390 239 173 10 10
3.216390 239 173 10 10
3.218390 239 173 10 10
3.220390 239 173 10 10
3.222390 239 173 10 10
3.224390 239 173 10 10
3.226390 239 173 10 10
3.228390 240 173 10 10
3.230390 240 173 10 10
3.232390 240 173 10 10
3.234390 240 173 10 10
3.236390 240 173 10 10
3.238390 240 173 10 10
3.240390 240 173 10 10
3.242390 240 173 10 10
3.244390 240 173 10 10
3.246390 240 173 10 10
3.248390 240 173 10 10
3.250390 241 173 10 10
3.252390 241 173 10 10
3.254390 241 173 10 10
3.256390 241 173 10 10
3.258390 241 173 10 10
3.260390 241 173 10 10
3.262390 241 173 10 10
3.264390 241 173 10 10
3.266390 241 173 10 10
3.268390 241 173 10 10
3.270390 242 173 9 9
3.272390 242 173 9 9
3.274390 242 173 9 9
3.276390 242 173 9 9
3.278390 242 173 9 9
3.280390 242 173 9 9
3.282390 242 173 9 9
3.284390 242 173 9 9
3.286390 242 173 9 8
3.288390 242 173 9 8
3.290390 242 173 9 8
3.292390 243 173 9 8
3.294390 243 173 9 8
3.296390 243 173 9 8
3.298390 243 173 9 8
3.300390 243 173 9 8
3.302390 243 174 8 7
3.304390 243 174 8 7
3.306390 243 174 8 7
3.308390 243 174 8 7
3.310390 243 174 8 7
3.312390 243 174 8 7
3.314390 244 174 8 7
3.316390 244 174 8 7
3.318390 244 174 8 6
3.320390 244 174 8 6
3.322390 244 174 8 6
3.324390 244 174 8 6
3.326390 244 174 8 6
3.328390 244 174 8 6
3.330390 244 174 8 6
3.332390 244 174 8 6
3.334390 245 174 8 6
3.336390 245 174 8 6
3.338390 245 174 8 6
3.340390 245 174 8 6
3.342390 245 174 8 6
3.344390 245 174 8 6
3.346390 245 174 8 6
3.348390 245 174 8 6
3.350390 245 174 8 7
3.352390 245 174 8 7
3.354390 245 174 8 7
3.356390 246 174 8 7
3.358390 246 174 8 7
3.360390 246 174 8 7
3.362390 246 174 8 7
3.364390 246 174 8 7
3.366390 246 173 9 8
3.368390 246 173 9 8
3.370390 246 173 9 8
3.372390 246 173 9 8
3.374390 246 173 9 8
3.376390 246 173 9 8
3.378390 247 173 9 8
3.380390 247 173 9 8
3.382390 247 173 9 9
3.384390 247 173 9 9
3.386390 247 173 9 9
3.388390 247 173 9 9
3.390390 247 173 9 9
3.392390 247 173 9 9
3.394390 247 173 9 9
3.396390 247 173 9 9
3.398390 248 173 10 10
3.400390 248 173 10 10
3.402390 248 173 10 10
3.404390 248 173 10 10
3.406390 248 173 10 10
3.408390 248 173 10 10
3.410390 248 173 10 10
3.412390 248 173 10 10
3.414390 248 173 10 10
3.416390 248 173 10 10
3.418390 248 173 10 10
3.420390 249 173 10 10
3.422390 249 173 10 10
3.424390 249 173 10 10
3.426390 249 173 10 10
3.428390 249 173 10 10
3.430390 249 173 10 10
3.432390 249 173 10 10
3.434390 249 173 10 10
3.436390 249 173 10 10
3.438390 249 173 10 10
3.440390 249 173 10 10
3.442390 250 173 10 10
3.444390 250 173 10 10
3.446390 250 173 10 10
3.448390 250 173 10 10
3.450390 250 173 10 10
3.452390 250 173 10 10
3.454390 250 173 10 10
3.456390 250 173 10 10
3.458390 250 173 10 10
3.460390 250 173 10 10
3.462390 251 173 10 10
3.464390 251 173 10 10
3.466390 251 173 10 10
3.468390 251 173 10 10
3.470390 251 173 10 10
3.472390 251 173 10 10
3.474390 251 173 10 10
3.476390 252 173 10 10
3.478390 252 173 10 10
3.480390 252 173 10 10
3.482390 252 173 10 10
3.484390 252 173 10 10
3.486390 252 173 10 10
3.488390 253 173 10 10
3.490390 253 173 10 10
3.492390 253 173 10 10
3.494390 253 173 10 10
3.496390 253 173 10 10
3.498390 253 173 10 10
3.500390 254 173 10 10
3.502390 254 173 10 10
3.504390 254 173 10 10
3.506390 254 173 10 10
3.508390 254 173 10 10
3.510390 254 173 10 10
3.512390 254 173 10 10
3.514390 255 173 10 10
3.516390 255 173 10 10
3.518390 255 173 10 10
3.520390 255 173 10 10
3.522390 255 173 10 10
3.524390 255 173 10 10
3.526390 256 173 10 10
3.528390 256 173 10 10
3.530390 256 173 10 10
3.532390 256 173 10 10
3.534390 256 173 10 10
3.536390 256 173 10 10
3.538390 256 173 10 10
3.540390 256 173 10 10
3.542390 256 173 10 10
3.544390 256 173 10 10
3.546390 256 173 10 10
3.548390 256 173 10 10
3.550390 256 173 10 10
3.552390 256 173 10 10
3.554390 256 173 10 10
3.556390 256 173 10 10
3.558390 257 173 10 10
3.560390 257 173 10 10
3.562390 257 173 10 10
3.564390 257 173 10 10
3.566390 257 173 10 10
3.568390 257 173 10 10
3.570390 257 173 10 10
3.572390 257 173 10 10
3.574390 257 173 10 10
3.576390 257 173 10 10
3.578390 257 173 10 10
3.580390 257 173 10 10
3.582390 257 173 10 10
3.584390 257 173 10 10
3.586390 257 173 10 10
3.588390 257 173 10 10
3.590390 258 174 10 10
3.592390 258 174 10 10
3.594390 258 174 10 10
3.596390 258 174 10 10
3.598390 258 174 10 10
3.600390 258 174 10 10
3.602390 258 174 10 10
3.604390 259 174 10 10
3.606390 259 174 10 10
3.608390 259 174 10 10
3.610390 259 174 10 10
3.612390 259 174 10 10
3.614390 259 174 10 10
3.616390 260 174 10 10
3.618390 260 174 10 10
3.620390 260 174 10 10
3.622390 260 174 10 10
3.624390 260 174 10 10
3.626390 260 174 10 10
3.628390 260 174 10 10
3.630390 261 174 10 10
3.632390 261 174 10 10
3.634390 261 174 10 10
3.636390 261 174 10 10
3.638390 261 174 10 10
3.640390 261 174 10 10
3.642390 262 174 10 10
3.644390 262 174 10 10
3.646390 262 174 10 10
3.648390 262 174 10 10
3.650390 262 174 10 10
3.652390 262 174 10 10
3.654390 263 174 10 10
3.656390 263 174 10 10
3.658390 263 174 10 10
3.660390 263 174 10 10
3.662390 263 174 10 10
3.664390 263 174 10 10
3.666390 263 174 10 10
3.668390 263 174 10 10
3.670390 263 174 10 10
3.672390 263 174 10 10
3.674390 263 174 10 10
3.676390 264 174 10 10
3.678390 264 174 10 10
3.680390 264 174 10 10
3.682390 264 174 10 10
3.684390 264 174 10 10
3.686390 264 174 10 10
3.688390 264 174 10 10
3.690390 264 174 10 10
3.692390 264 174 10 10
3.694390 264 174 10 10
3.696390 264 174 10 10
3.698390 265 174 10 10
3.700390 265 174 10 10
3.702390 265 174 10 10
3.704390 265 174 10 10
3.706390 265 174 10 10
3.708390 265 174 10 10
3.710390 265 174 10 10
3.712390 265 174 10 10
3.714390 265 174 10 10
3.716390 265 174 10 10
3.718390 266 173 10 10
3.720390 266 173 10 10
3.722390 266 173 10 10
3.724390 266 173 10 10
3.726390 266 173 10 10
3.728390 266 173 10 10
3.730390 266 173 10 10
3.732390 266 173 10 10
3.734390 266 173 10 10
3.736390 266 173 10 10
3.738390 266 173 10 10
3.740390 267 173 10 10
3.742390 267 173 10 10
3.744390 267 173 10 10
3.746390 267 173 10 10
3.748390 267 173 10 10
3.750390 267 173 10 10
3.752390 267 173 10 10
3.754390 267 173 10 10
3.756390 267 173 10 10
3.758390 267 173 10 10
3.760390 267 173 10 10
3.762390 268 173 10 10
3.764390 268 173 10 10
3.766390 268 173 10 10
3.768390 268 173 10 10
3.770390 268 173 10 10
3.772390 268 173 10 10
3.774390 268 173 10 10
3.776390 268 173 10 10
3.778390 268 173 10 10
3.780390 268 173 10 10
3.782390 269 173 10 10
3.784390 269 173 10 10
3.786390 269 173 10 10
3.788390 269 173 10 10
3.790390 269 173 10 10
3.792390 269 173 10 10
3.794390 269 173 10 10
3.796390 269 173 10 10
3.798390 270 173 10 10
3.800390 270 173 10 10
3.802390 270 173 10 10
3.804390 270 173 10 10
3.806390 270 173 10 10
3.808390 270 173 10 10
3.810390 270 173 10 10
3.812390 270 173 10 10
3.814390 271 173 10 10
3.816390 271 173 10 10
3.818390 271 173 10 10
3.820390 271 173 10 10
3.822390 271 173 10 10
3.824390 271 173 10 10
3.826390 271 173 10 10
3.828390 271 173 10 10
3.830390 272 173 10 10
3.832390 272 173 10 10
3.834390 272 173 10 10
3.836390 272 173 10 10
3.838390 272 173 10 10
3.840390 272 173 10 10
3.842390 272 173 10 10
3.844390 272 173 10 10
3.846390 273 173 10 10
3.848390 273 173 10 10
3.850390 273 173 10 10
3.852390 273 173 10 10
3.854390 273 173 10 10
3.856390 273 173 10 10
3.858390 273 173 10 10
3.860390 273 173 10 10
3.862390 274 173 10 10
3.864390 274 173 10 10
3.866390 274 173 10 10
3.868390 274 173 10 10
3.870390 274 173 10 10
3.872390 274 173 10 10
3.874390 274 173 10 10
3.876390 274 173 10 10
3.878390 275 173 10 10
3.880390 275 173 10 10
3.882390 275 173 10 10
3.884390 275 173 10 10
3.886390 275 173 10 10
3.888390 275 173 10 10
3.890390 275 173 10 10
3.892390 275 173 10 10
3.894390 276 173 10 10
3.896390 276 173 10 10
3.898390 276 173 10 10
3.900390 276 173 10 10
3.902390 276 173 10 10
3.904390 276 173 10 10
3.906390 276 173 10 10
3.908390 276 173 10 10
3.910390 277 174 10 10
3.912390 277 174 10 10
3.914390 277 174 10 10
3.916390 277 174 10 10
3.918390 277 174 10 10
3.920390 277 174 10 10
3.922390 277 174 10 10
3.924390 277 174 10 10
3.926390 277 174 10 10
3.928390 277 174 10 10
3.930390 277 174 10 10
3.932390 278 174 10 10
3.934390 278 174 10 10
3.936390 278 174 10 10
3.938390 278 174 10 10
3.940390 278 174 10 10
3.942390 278 174 10 10
3.944390 278 174 10 10
3.946390 278 174 10 10
3.948390 278 174 10 10
3.950390 278 174 10 10
3.952390 278 174 10 10
3.954390 279 174 10 10
3.956390 279 174 10 10
3.958390 279 174 10 10
3.960390 279 174 10 10
3.962390 279 174 10 10
3.964390 279 174 10 10
3.966390 279 174 10 10
3.968390 279 174 10 10
3.970390 279 174 10 10
3.972390 279 174 10 10
3.974390 280 174 10 10
3.976390 280 174 10 10
3.978390 280 174 10 10
3.980390 280 174 10 10
3.982390 280 174 10 10
3.984390 280 174 10 10
3.986390 280 174 10 10
3.988390 280 174 10 10
3.990390 280 174 10 10
3.992390 280 174 10 10
3.994390 280 174 10 10
3.996390 281 174 10 10
3.998390 281 174 10 10
4.000390 281 174 10 10
4.002390 281 174 10 10
4.004390 281 174 10 10
4.006390 281 174 10 10
4.008390 281 174 10 10
4.010390 281 174 10 10
4.012390 281 174 10 10
4.014390 281 174 10 10
4.016390 281 174 10 10
4.018390 282 174 10 10
4.020390 282 174 10 10
4.022390 282 174 10 10
4.024390 282 174 10 10
4.026390 282 174 10 10
4.028390 282 174 10 10
4.030390 282 174 10 10
4.032390 282 174 10 10
4.034390 282 174 10 10
4.036390 282 174 10 10
4.038390 283 174 9 9
4.040390 283 174 9 9
4.042390 283 174 9 9
4.044390 283 174 9 9
4.046390 283 174 9 9
4.048390 283 174 9 9
4.050390 283 174 9 9
4.052390 283 174 9 9
4.054390 284 174 9 9
4.056390 284 174 9 9
4.058390 284 174 9 9
4.060390 284 174 9 8
4.062390 284 174 9 8
4.064390 284 174 9 8
4.066390 284 174 9 8
4.068390 284 174 9 8
4.070390 285 174 8 8
4.072390 285 174 8 8
4.074390 285 174 8 8
4.076390 285 174 8 8
4.078390 285 174 8 8
4.080390 285 174 8 8
4.082390 285 174 8 7
4.084390 285 174 8 7
4.086390 286 174 8 7
4.088390 286 174 8 7
4.090390 286 174 8 7
4.092390 286 174 8 7
4.094390 286 174 8 7
4.096390 286 174 8 7
4.098390 286 174 8 7
4.100390 286 174 8 7
