0.050013 265 159 7 8
0.052013 264 159 7 8
0.054013 264 159 7 8
0.056013 264 159 7 8
0.058013 264 159 7 8
0.060013 264 159 7 8
0.062013 264 159 7 8
0.064013 264 159 7 8
0.066013 264 159 7 8
0.068013 264 160 7 8
0.070013 264 160 7 8
0.072013 264 160 8 8
0.074013 264 160 8 8
0.076013 264 160 8 8
0.078013 264 160 8 8
0.080013 264 160 8 8
0.082013 264 160 8 8
0.084013 264 161 8 9
0.086013 264 161 8 9
0.088013 264 161 8 9
0.090013 264 161 8 9
0.092013 264 161 8 9
0.094013 264 161 9 9
0.096013 264 161 9 9
0.098013 264 161 9 9
0.100013 264 162 9 9
0.102013 264 162 9 9
0.104013 264 162 9 9
0.106013 264 162 9 9
0.108013 264 162 9 9
0.110013 264 162 9 9
0.112013 264 162 9 9
0.114013 264 162 9 9
0.116013 264 163 10 10
0.118013 264 163 10 10
0.120013 264 163 10 10
0.122013 264 163 10 10
0.124013 264 163 10 10
0.126013 264 163 10 10
0.128013 264 164 10 10
0.130013 264 164 10 10
0.132013 264 164 10 10
0.134013 264 164 10 10
0.136013 265 164 10 10
0.138013 265 164 10 10
0.140013 265 165 10 10
0.142013 265 165 10 10
0.144013 265 165 10 10
0.146013 265 165 10 10
0.148013 265 165 10 10
0.150013 265 165 10 10
0.152013 265 165 10 10
0.154013 265 166 10 10
0.156013 265 166 10 10
0.158013 266 166 10 10
0.160013 266 166 10 10
0.162013 266 166 10 10
0.164013 266 166 10 10
0.166013 266 167 10 10
0.168013 266 167 10 10
0.170013 266 167 10 10
0.172013 266 167 10 10
0.174013 266 167 10 10
0.176013 266 167 10 10
0.178013 266 167 10 10
0.180013 267 167 10 10
0.182013 267 167 10 10
0.184013 267 167 10 10
0.186013 267 167 10 10
0.188013 267 167 10 10
0.190013 267 167 10 10
0.192013 267 167 10 10
0.194013 267 167 10 10
0.196013 267 166 10 10
0.198013 267 166 10 10
0.200013 267 166 10 10
0.202013 267 166 10 10
0.204013 267 166 10 10
0.206013 267 166 10 10
0.208013 267 166 10 10
0.210013 267 166 10 10
0.212013 267 165 10 10
0.214013 267 165 10 10
0.216013 267 165 10 10
0.218013 267 165 10 10
0.220013 267 165 10 10
0.222013 267 165 10 10
0.224013 267 165 10 10
0.226013 267 165 10 10
0.228013 267 164 10 10
0.230013 267 164 10 10
0.232013 267 164 10 10
0.234013 267 164 10 10
0.236013 267 164 10 10
0.238013 267 164 10 10
0.240013 267 164 10 10
0.242013 267 164 10 10
0.244013 267 163 9 9
0.246013 267 163 9 9
0.248013 267 163 9 9
0.250013 267 163 9 9
0.252013 267 163 9 9
0.254013 267 163 9 9
0.256013 267 163 9 9
0.258013 267 163 9 9
0.260013 267 163 9 8
0.262013 267 163 9 8
0.264013 267 163 8 8
0.266013 267 163 8 8
0.268013 267 163 8 8
0.270013 267 163 8 8
0.272013 267 163 8 8
0.274013 267 163 8 8
0.276013 268 162 8 7
0.278013 268 162 8 7
0.280013 268 162 8 7
0.282013 268 162 8 7
0.284013 268 162 8 7
0.286013 268 162 7 7
0.288013 268 162 7 7
0.290013 268 162 7 7
0.292013 268 162 7 6
0.294013 268 162 7 6
0.296013 268 162 7 6
0.298013 268 162 7 6
0.300013 268 162 7 6
0.302013 268 162 7 6
0.304013 268 162 7 6
0.306013 268 162 7 6
0.308013 269 161 7 6
0.310013 269 161 7 6
0.312013 269 161 7 6
0.314013 269 161 7 6
0.316013 269 161 7 6
0.318013 269 161 7 6
0.320013 269 161 7 6
0.322013 269 161 7 6
0.324013 269 161 7 7
0.326013 269 161 7 7
0.328013 269 160 8 7
0.330013 269 160 8 7
0.332013 269 160 8 7
0.334013 269 160 8 7
0.336013 269 160 8 7
0.338013 269 160 8 7
0.340013 269 160 8 8
0.342013 269 160 8 8
0.344013 269 160 8 8
0.346013 269 160 8 8
0.348013 269 160 8 8
0.350013 269 159 9 8
0.352013 269 159 9 8
0.354013 269 159 9 8
0.356013 269 159 9 9
0.358013 269 159 9 9
0.360013 269 159 9 9
0.362013 269 159 9 9
0.364013 269 159 9 9
0.366013 269 159 9 9
0.368013 269 159 9 9
0.370013 269 159 9 9
0.372013 270 159 9 9
0.374013 270 159 9 9
0.376013 270 159 9 9
0.378013 270 159 9 9
0.380013 270 159 9 9
0.382013 270 159 9 9
0.384013 270 159 9 9
0.386013 270 159 9 9
0.388013 271 159 9 9
0.390013 271 159 9 9
0.392013 271 159 9 9
0.394013 271 159 9 9
0.396013 271 159 9 9
0.398013 271 159 9 9
0.400013 271 159 9 9
0.402013 271 159 9 9
0.404013 272 160 8 8
0.406013 272 160 8 8
0.408013 272 160 8 8
0.410013 272 160 8 8
0.412013 272 160 8 8
0.414013 272 160 8 8
0.416013 272 160 8 8
0.418013 272 160 8 8
0.420013 273 160 8 8
0.422013 273 160 8 8
0.424013 273 160 8 8
0.426013 273 160 8 8
0.428013 273 160 8 8
0.430013 273 160 8 8
0.432013 273 160 8 8
0.434013 273 160 8 8
0.436013 274 160 8 8
0.438013 274 160 8 8
0.440013 274 160 8 8
0.442013 274 160 8 8
0.444013 274 160 8 8
0.446013 274 160 8 8
0.448013 274 160 8 8
0.450013 274 160 8 8
0.452013 274 160 8 8
0.454013 274 160 8 8
0.456013 274 160 8 8
0.458013 274 160 8 8
0.460013 274 160 8 8
0.462013 274 160 8 8
0.464013 274 160 8 8
0.466013 274 160 8 8
0.468013 274 160 9 9
0.470013 274 160 9 9
0.472013 274 160 9 9
0.474013 274 160 9 9
0.476013 274 160 9 9
0.478013 274 160 9 9
0.480013 274 160 9 9
0.482013 274 160 9 9
0.484013 274 160 9 9
0.486013 274 160 9 9
0.488013 274 160 9 9
0.490013 274 160 9 9
0.492013 274 160 9 9
0.494013 274 160 9 9
0.496013 274 160 9 9
0.498013 274 160 9 9
0.500013 274 160 10 10
0.502013 274 160 10 10
0.504013 274 160 10 10
0.506013 274 160 10 10
0.508013 274 161 10 10
0.510013 274 161 10 10
0.512013 274 161 10 10
0.514013 274 161 10 10
0.516013 275 162 10 10
0.518013 275 162 10 10
0.520013 275 162 10 10
0.522013 275 162 10 10
0.524013 275 163 10 10
0.526013 275 163 10 10
0.528013 275 163 10 10
0.530013 275 163 10 10
0.532013 276 164 10 10
0.534013 276 164 10 10
0.536013 276 164 10 10
0.538013 276 164 10 10
0.540013 276 165 10 10
0.542013 276 165 10 10
0.544013 276 165 10 10
0.546013 276 165 10 10
0.548013 277 166 10 10
0.550013 277 166 10 10
0.552013 277 166 10 10
0.554013 277 166 10 10
0.556013 277 167 10 10
0.558013 277 167 10 10
0.560013 277 167 10 10
0.562013 277 167 10 10
0.564013 277 168 10 10
0.566013 277 168 10 10
0.568013 277 168 10 10
0.570013 277 168 10 10
0.572013 277 168 10 10
0.574013 277 168 10 10
0.576013 277 168 10 10
0.578013 277 168 10 10
0.580013 277 168 10 10
0.582013 277 168 10 10
0.584013 277 168 10 10
0.586013 277 168 10 10
0.588013 277 168 10 10
0.590013 277 168 10 10
0.592013 277 168 10 10
0.594013 277 168 10 10
0.596013 276 168 10 10
0.598013 276 168 10 10
0.600013 276 168 10 10
0.602013 276 168 10 10
0.604013 276 168 10 10
0.606013 276 168 10 10
0.608013 276 168 10 10
0.610013 276 168 10 10
0.612013 276 168 10 10
0.614013 276 168 10 10
0.616013 276 168 10 10
0.618013 276 168 10 10
0.620013 276 168 10 10
0.622013 276 168 10 10
0.624013 276 168 10 10
0.626013 276 168 10 10
0.628013 276 168 10 10
0.630013 276 168 10 10
0.632013 276 168 10 10
0.634013 276 168 10 10
0.636013 276 168 10 10
0.638013 276 168 10 10
0.640013 276 168 10 10
0.642013 276 168 10 10
0.644013 276 168 10 10
0.646013 276 168 10 10
0.648013 276 168 10 10
0.650013 276 168 10 10
0.652013 276 168 10 10
0.654013 276 168 10 10
0.656013 276 168 10 10
0.658013 276 168 10 10
0.660013 276 168 11 10
0.662013 276 168 11 10
0.664013 276 168 11 10
0.666013 276 168 11 10
0.668013 276 168 11 10
0.670013 276 168 11 10
0.672013 276 168 11 10
0.674013 276 168 11 10
0.676013 276 168 11 10
0.678013 276 168 11 10
0.680013 276 168 11 10
0.682013 276 168 11 10
0.684013 276 168 11 10
0.686013 276 168 11 10
0.688013 276 168 11 10
0.690013 276 168 11 10
0.692013 277 168 11 10
0.694013 277 168 11 10
0.696013 277 168 11 10
0.698013 277 168 11 10
0.700013 277 168 11 10
0.702013 277 168 11 10
0.704013 277 168 11 10
0.706013 277 168 11 10
0.708013 277 168 11 10
0.710013 277 168 11 10
0.712013 277 168 11 10
0.714013 277 168 11 10
0.716013 277 168 11 10
0.718013 277 168 11 10
0.720013 277 168 11 10
0.722013 277 168 11 10
0.724013 277 168 11 10
0.726013 277 168 11 10
0.728013 277 168 11 10
0.730013 277 168 11 10
0.732013 277 168 11 10
0.734013 277 168 11 10
0.736013 277 168 11 10
0.738013 277 168 11 10
0.740013 277 168 11 10
0.742013 277 168 11 10
0.744013 277 168 11 10
0.746013 277 168 11 10
0.748013 277 168 11 10
0.750013 277 168 11 10
0.752013 277 168 11 10
0.754013 277 168 11 10
0.756013 278 168 10 10
0.758013 278 168 10 10
0.760013 278 168 10 10
0.762013 278 168 10 10
0.764013 278 168 10 10
0.766013 278 168 10 10
0.768013 278 168 10 10
0.770013 278 168 10 10
0.772013 278 168 10 10
0.774013 278 168 10 10
0.776013 278 168 10 10
0.778013 278 168 10 10
0.780013 278 168 10 10
0.782013 278 168 10 10
0.784013 278 168 10 10
0.786013 278 168 10 10
0.788013 278 168 10 10
0.790013 278 168 10 10
0.792013 278 168 10 10
0.794013 278 168 10 10
0.796013 278 168 10 10
0.798013 278 168 10 10
0.800013 278 168 10 10
0.802013 278 168 10 10
0.804013 278 168 10 10
0.806013 278 168 10 10
0.808013 278 168 10 10
0.810013 278 168 10 10
0.812013 278 168 10 10
0.814013 278 168 10 10
0.816013 278 168 10 10
0.818013 278 168 10 10
0.820013 278 168 9 9
0.822013 278 168 9 9
0.824013 278 168 9 9
0.826013 278 168 9 9
0.828013 278 168 9 9
0.830013 278 168 9 9
0.832013 278 168 9 9
0.834013 278 168 9 9
0.836013 278 168 9 9
0.838013 278 168 9 9
0.840013 277 168 9 9
0.842013 277 168 9 9
0.844013 277 168 9 9
0.846013 277 168 9 9
0.848013 277 168 9 9
0.850013 277 168 9 9
0.852013 277 168 9 9
0.854013 277 168 9 9
0.856013 277 168 9 9
0.858013 277 168 9 9
0.860013 277 168 9 9
0.862013 276 168 9 9
0.864013 276 168 9 9
0.866013 276 168 9 9
0.868013 276 168 9 9
0.870013 276 168 9 9
0.872013 276 168 9 9
0.874013 276 168 9 9
0.876013 276 168 9 9
0.878013 276 168 9 9
0.880013 276 168 9 9
0.882013 276 168 9 9
0.884013 276 168 9 9
0.886013 276 168 9 9
0.888013 276 168 9 9
0.890013 276 168 9 9
0.892013 276 168 9 9
0.894013 276 168 9 9
0.896013 276 168 9 9
0.898013 276 168 9 9
0.900013 276 168 9 9
0.902013 276 168 9 9
0.904013 276 168 9 9
0.906013 276 168 9 9
0.908013 276 168 9 9
0.910013 276 168 9 9
0.912013 276 168 9 9
0.914013 276 168 9 9
0.916013 277 168 9 9
0.918013 277 168 9 9
0.920013 277 168 9 9
0.922013 277 168 9 9
0.924013 277 168 9 9
0.926013 277 168 9 9
0.928013 277 168 9 9
0.930013 277 168 9 9
0.932013 277 168 9 9
0.934013 277 168 9 9
0.936013 277 168 9 9
0.938013 277 168 9 9
0.940013 277 168 9 9
0.942013 277 168 9 9
0.944013 277 168 9 9
0.946013 277 168 9 9
0.948013 278 169 10 10
0.950013 278 169 10 10
0.952013 278 169 10 10
0.954013 278 169 10 10
0.956013 278 169 10 10
0.958013 278 169 10 10
0.960013 278 169 10 10
0.962013 278 169 10 10
0.964013 278 169 10 10
0.966013 278 169 10 10
0.968013 278 169 10 10
0.970013 278 169 10 10
0.972013 278 169 10 10
0.974013 278 169 10 10
0.976013 278 169 10 10
0.978013 278 169 10 10
0.980013 278 169 10 10
0.982013 278 169 10 10
0.984013 278 169 10 10
0.986013 278 169 10 10
0.988013 278 169 10 10
0.990013 278 169 10 10
0.992013 278 169 10 10
0.994013 278 169 10 10
0.996013 278 169 10 10
0.998013 278 169 10 10
1.000013 278 169 10 10
1.002013 278 169 10 10
1.004013 278 169 10 10
1.006013 278 169 10 10
1.008013 278 169 10 10
1.010013 278 169 10 10
1.012013 278 169 10 10
1.014013 278 169 10 10
1.016013 278 169 10 10
1.018013 278 169 10 10
1.020013 278 169 10 10
1.022013 278 169 10 10
1.024013 278 169 10 10
1.026013 278 169 10 10
1.028013 278 169 10 10
1.030013 278 169 10 10
1.032013 278 169 10 10
1.034013 278 169 10 10
1.036013 278 169 10 10
1.038013 278 169 10 10
1.040013 278 169 10 10
1.042013 278 169 10 10
1.044013 279 169 10 10
1.046013 279 169 10 10
1.048013 279 169 10 10
1.050013 279 169 10 10
1.052013 279 169 10 10
1.054013 279 169 10 10
1.056013 279 169 10 10
1.058013 279 169 10 10
1.060013 279 169 10 10
1.062013 279 169 10 10
1.064013 279 169 10 10
1.066013 279 169 10 10
1.068013 279 169 10 10
1.070013 279 169 10 10
1.072013 279 169 10 10
1.074013 279 169 10 10
1.076013 280 168 9 10
1.078013 280 168 9 10
1.080013 280 168 9 10
1.082013 280 168 9 10
1.084013 280 168 9 10
1.086013 280 168 9 10
1.088013 280 168 9 10
1.090013 280 168 9 10
1.092013 280 168 9 10
1.094013 280 168 9 10
1.096013 280 168 9 10
1.098013 280 168 9 10
1.100013 280 168 9 10
1.102013 280 168 9 10
1.104013 280 168 9 10
1.106013 280 168 9 10
1.108013 281 167 9 10
1.110013 281 167 9 10
1.112013 281 167 9 10
1.114013 281 167 9 10
1.116013 281 167 9 10
1.118013 281 167 9 10
1.120013 281 167 9 10
1.122013 281 167 9 10
1.124013 281 167 9 10
1.126013 281 167 9 10
1.128013 281 167 9 10
1.130013 281 167 9 10
1.132013 281 167 9 10
1.134013 281 167 9 10
1.136013 281 167 9 10
1.138013 281 167 9 10
1.140013 282 166 9 10
1.142013 282 166 9 10
1.144013 282 166 9 10
1.146013 282 166 9 10
1.148013 282 166 9 10
1.150013 282 166 9 10
1.152013 283 166 9 10
1.154013 283 166 9 10
1.156013 283 166 9 10
1.158013 283 166 9 10
1.160013 283 165 10 10
1.162013 283 165 10 10
1.164013 283 165 10 10
1.166013 284 165 10 10
1.168013 284 165 10 10
1.170013 284 165 10 10
1.172013 284 165 10 10
1.174013 284 165 10 10
1.176013 284 165 10 10
1.178013 285 165 10 10
1.180013 285 165 10 10
1.182013 285 164 11 10
1.184013 285 164 11 10
1.186013 285 164 11 10
1.188013 285 164 11 10
1.190013 286 164 11 10
1.192013 286 164 11 10
1.194013 286 164 11 10
1.196013 286 164 11 10
1.198013 286 164 11 10
1.200013 286 164 11 10
1.202013 286 164 11 10
1.204013 287 164 11 10
1.206013 287 164 11 10
1.208013 287 164 11 10
1.210013 287 164 11 10
1.212013 287 164 11 10
1.214013 287 164 11 10
1.216013 287 164 11 10
1.218013 287 164 11 10
1.220013 288 164 11 10
1.222013 288 164 11 10
1.224013 288 165 11 10
1.226013 288 165 11 10
1.228013 288 165 11 10
1.230013 288 165 11 10
1.232013 288 165 11 10
1.234013 288 165 11 10
1.236013 289 165 10 10
1.238013 289 165 10 10
1.240013 289 165 10 10
1.242013 289 165 10 10
1.244013 289 165 10 10
1.246013 289 166 10 10
1.248013 289 166 10 10
1.250013 289 166 10 10
1.252013 290 166 10 10
1.254013 290 166 10 10
1.256013 290 166 10 10
1.258013 290 166 10 10
1.260013 290 166 10 10
1.262013 290 166 10 10
1.264013 290 166 10 10
1.266013 290 166 10 10
1.268013 291 166 10 10
1.270013 291 166 10 10
1.272013 291 166 10 10
1.274013 291 166 10 10
1.276013 291 166 10 10
1.278013 291 166 10 10
1.280013 291 166 10 10
1.282013 291 166 10 10
1.284013 291 166 10 10
1.286013 291 166 10 10
1.288013 291 166 10 10
1.290013 291 166 10 10
1.292013 291 166 10 10
1.294013 291 166 10 10
1.296013 291 166 10 10
1.298013 291 166 10 10
1.300013 291 166 10 10
1.302013 291 166 10 10
1.304013 291 166 10 10
1.306013 291 166 10 10
1.308013 291 166 10 10
1.310013 291 166 10 10
1.312013 291 166 10 10
1.314013 291 166 10 10
1.316013 291 166 10 10
1.318013 291 166 10 10
1.320013 291 166 10 10
1.322013 291 166 10 10
1.324013 291 166 10 10
1.326013 291 166 10 10
1.328013 291 166 10 10
1.330013 291 166 10 10
1.332013 291 165 10 10
1.334013 291 165 10 10
1.336013 291 165 10 10
1.338013 291 165 10 10
1.340013 291 165 10 10
1.342013 291 165 10 10
1.344013 291 165 10 10
1.346013 291 165 10 10
1.348013 291 165 10 10
1.350013 291 165 10 10
1.352013 291 165 10 10
1.354013 291 165 10 10
1.356013 291 165 10 10
1.358013 291 165 10 10
1.360013 291 165 10 10
1.362013 291 165 10 10
1.364013 292 165 10 10
1.366013 292 165 10 10
1.368013 292 165 10 10
1.370013 292 165 10 10
1.372013 292 165 10 10
1.374013 292 165 10 10
1.376013 292 165 10 10
1.378013 292 165 10 10
1.380013 292 165 10 10
1.382013 292 165 10 10
1.384013 292 165 10 10
1.386013 292 165 10 10
1.388013 292 165 10 10
1.390013 292 165 10 10
1.392013 292 165 10 10
1.394013 292 165 10 10
1.396013 293 165 10 10
1.398013 293 165 10 10
1.400013 293 165 10 10
1.402013 293 165 10 10
1.404013 293 165 10 10
1.406013 293 165 10 10
1.408013 293 165 10 10
1.410013 293 165 10 10
1.412013 293 165 10 10
1.414013 293 165 10 10
1.416013 293 165 10 10
1.418013 293 165 10 10
1.420013 293 165 10 10
1.422013 293 165 10 10
1.424013 293 165 10 10
1.426013 293 165 10 10
1.428013 294 165 10 10
1.430013 294 165 10 10
1.432013 294 165 10 10
1.434013 294 165 10 10
1.436013 294 165 10 10
1.438013 294 165 10 10
1.440013 294 165 10 10
1.442013 294 165 10 10
1.444013 294 165 10 10
1.446013 294 165 10 10
1.448013 294 165 10 10
1.450013 294 165 10 10
1.452013 294 165 10 10
1.454013 294 165 10 10
1.456013 294 165 10 10
1.458013 294 165 10 10
1.460013 295 166 9 9
1.462013 295 166 9 9
1.464013 295 166 9 9
1.466013 295 166 9 9
1.468013 295 166 9 9
1.470013 295 166 9 9
1.472013 295 166 9 9
1.474013 295 166 9 9
1.476013 295 166 9 9
1.478013 295 166 9 9
1.480013 295 166 9 9
1.482013 295 166 9 9
1.484013 295 166 9 9
1.486013 295 166 9 9
1.488013 295 166 9 9
1.490013 295 166 9 9
1.492013 295 166 9 9
1.494013 295 166 9 9
1.496013 295 166 9 9
1.498013 295 166 9 9
1.500013 295 166 9 9
1.502013 295 166 9 9
1.504013 295 166 9 9
1.506013 295 166 9 9
1.508013 295 166 9 9
1.510013 295 166 9 9
1.512013 295 166 9 9
1.514013 295 166 9 9
1.516013 295 166 9 9
1.518013 295 166 9 9
1.520013 295 166 9 9
1.522013 295 166 9 9
1.524013 295 166 8 9
1.526013 295 166 8 9
1.528013 295 166 8 9
1.530013 295 166 8 9
1.532013 295 166 8 9
1.534013 295 166 8 9
1.536013 295 166 8 9
1.538013 295 166 8 9
1.540013 295 166 8 9
1.542013 295 166 8 9
1.544013 295 166 8 9
1.546013 295 166 8 9
1.548013 295 166 8 9
1.550013 295 166 8 9
1.552013 295 166 8 9
1.554013 295 166 8 9
1.556013 296 166 8 9
1.558013 296 166 8 9
1.560013 296 166 8 9
1.562013 296 166 8 9
1.564013 296 166 8 9
1.566013 296 166 8 9
1.568013 296 166 8 9
1.570013 296 166 8 9
1.572013 296 166 8 9
1.574013 296 166 8 9
1.576013 296 166 8 9
1.578013 296 166 8 9
1.580013 296 166 8 9
1.582013 296 166 8 9
1.584013 296 166 8 9
1.586013 296 166 8 9
1.588013 297 166 8 9
1.590013 297 166 8 9
1.592013 297 166 8 9
1.594013 297 166 8 9
1.596013 297 166 8 9
1.598013 297 166 8 9
1.600013 297 166 8 9
1.602013 297 166 8 9
1.604013 298 166 8 9
1.606013 298 166 8 9
1.608013 298 166 8 9
1.610013 298 167 8 9
1.612013 298 167 8 9
1.614013 298 167 8 9
1.616013 298 167 8 9
1.618013 298 167 8 9
1.620013 299 167 9 9
1.622013 299 167 9 9
1.624013 299 167 9 9
1.626013 299 167 9 9
1.628013 299 167 9 9
1.630013 299 168 9 9
1.632013 299 168 9 9
1.634013 299 168 9 9
1.636013 300 168 9 9
1.638013 300 168 9 9
1.640013 300 168 9 9
1.642013 300 168 9 9
1.644013 300 168 9 9
1.646013 300 168 9 9
1.648013 300 168 9 9
1.650013 300 168 9 9
1.652013 301 169 10 10
1.654013 301 169 10 10
1.656013 301 169 10 10
1.658013 301 169 10 10
1.660013 301 169 10 10
1.662013 301 169 10 10
1.664013 301 169 10 10
1.666013 301 169 10 10
1.668013 301 169 10 10
1.670013 301 169 10 10
1.672013 301 169 10 10
1.674013 301 169 10 10
1.676013 301 169 10 10
1.678013 301 169 10 10
1.680013 301 169 10 10
1.682013 301 169 10 10
1.684013 301 169 10 10
1.686013 301 169 10 10
1.688013 301 169 10 10
1.690013 301 169 10 10
1.692013 301 169 10 10
1.694013 301 169 10 10
1.696013 301 169 10 10
1.698013 301 169 10 10
1.700013 301 169 10 10
1.702013 301 169 10 10
1.704013 301 169 10 10
1.706013 301 169 10 10
1.708013 301 169 10 10
1.710013 301 169 10 10
1.712013 301 169 10 10
1.714013 301 169 10 10
1.716013 300 168 10 10
1.718013 300 168 10 10
1.720013 300 168 10 10
1.722013 300 168 10 10
1.724013 300 168 10 10
1.726013 299 168 10 10
1.728013 299 168 10 10
1.730013 299 168 10 10
1.732013 299 168 10 10
1.734013 299 168 10 10
1.736013 299 168 10 10
1.738013 298 167 10 10
1.740013 298 167 10 10
1.742013 298 167 10 10
1.744013 298 167 10 10
1.746013 298 167 10 10
1.748013 297 167 10 10
1.750013 297 167 10 10
1.752013 297 167 10 10
1.754013 297 167 10 10
1.756013 297 167 10 10
1.758013 296 166 10 10
1.760013 296 166 10 10
1.762013 296 166 10 10
1.764013 296 166 10 10
1.766013 296 166 10 10
1.768013 296 166 10 10
1.770013 295 166 10 10
1.772013 295 166 10 10
1.774013 295 166 10 10
1.776013 295 166 10 10
1.778013 295 166 10 10
1.780013 295 166 10 10
1.782013 295 166 10 10
1.784013 295 166 10 10
1.786013 295 166 10 10
1.788013 295 166 10 10
1.790013 295 166 10 10
1.792013 295 166 10 10
1.794013 295 166 10 10
1.796013 295 166 10 10
1.798013 295 166 10 10
1.800013 295 166 10 10
1.802013 295 166 10 10
1.804013 295 166 10 10
1.806013 295 166 10 10
1.808013 295 166 10 10
1.810013 295 166 10 10
1.812013 295 166 10 10
1.814013 295 166 10 10
1.816013 295 166 10 10
1.818013 295 166 10 10
1.820013 295 166 10 10
1.822013 295 166 10 10
1.824013 295 166 10 10
1.826013 295 166 10 10
1.828013 295 166 10 10
1.830013 295 166 10 10
1.832013 295 166 10 10
1.834013 295 166 10 10
1.836013 295 166 10 10
1.838013 295 166 10 10
1.840013 295 166 10 10
1.842013 295 166 10 10
1.844013 294 165 10 10
1.846013 294 165 10 10
1.848013 294 165 10 10
1.850013 294 165 10 10
1.852013 294 165 10 10
1.854013 294 165 10 10
1.856013 294 165 10 10
1.858013 294 165 10 10
1.860013 294 165 10 10
1.862013 294 165 10 10
1.864013 294 165 10 10
1.866013 294 165 10 10
1.868013 294 165 10 10
1.870013 294 165 10 10
1.872013 294 165 10 10
1.874013 294 165 10 10
1.876013 293 165 10 10
1.878013 293 165 10 10
1.880013 293 165 10 10
1.882013 293 165 10 10
1.884013 293 165 10 10
1.886013 293 165 10 10
1.888013 293 165 10 10
1.890013 293 165 10 10
1.892013 293 165 10 10
1.894013 293 165 10 10
1.896013 293 165 10 10
1.898013 293 165 10 10
1.900013 293 165 10 10
1.902013 293 165 10 10
1.904013 293 165 10 10
1.906013 293 165 10 10
1.908013 292 165 9 9
1.910013 292 165 9 9
1.912013 292 165 9 9
1.914013 292 165 9 9
1.916013 292 165 9 9
1.918013 292 165 9 9
1.920013 292 165 9 9
1.922013 292 165 9 9
1.924013 292 165 9 9
1.926013 292 165 9 9
1.928013 292 165 9 9
1.930013 292 165 9 9
1.932013 292 165 9 9
1.934013 292 165 9 9
1.936013 292 165 9 9
1.938013 292 165 9 9
1.940013 292 166 8 8
1.942013 292 166 8 8
1.944013 292 166 8 8
1.946013 292 166 8 8
1.948013 292 166 8 8
1.950013 292 166 8 8
1.952013 292 166 8 8
1.954013 292 166 8 8
1.956013 292 166 8 8
1.958013 292 166 8 8
1.960013 292 166 8 8
1.962013 292 166 8 8
1.964013 292 166 8 8
1.966013 292 166 8 8
1.968013 292 166 8 8
1.970013 292 166 8 8
1.972013 291 167 8 8
1.974013 291 167 8 8
1.976013 291 167 8 8
1.978013 291 167 8 8
1.980013 291 167 8 8
1.982013 291 167 8 8
1.984013 291 167 8 8
1.986013 291 167 8 8
1.988013 291 167 8 8
1.990013 291 167 8 8
1.992013 291 167 8 8
1.994013 291 167 8 8
1.996013 291 167 8 8
1.998013 291 167 8 8
2.000013 291 167 8 8
2.002013 291 167 8 8
2.004013 291 167 9 9
2.006013 291 167 9 9
2.008013 291 167 9 9
2.010013 291 167 9 9
2.012013 291 167 9 9
2.014013 291 167 9 9
2.016013 291 167 9 9
2.018013 291 167 9 9
2.020013 291 167 9 9
2.022013 291 167 9 9
2.024013 291 167 9 9
2.026013 291 167 9 9
2.028013 291 167 9 9
2.030013 291 167 9 9
2.032013 291 167 9 9
2.034013 291 167 9 9
2.036013 290 167 10 10
2.038013 290 167 10 10
2.040013 290 167 10 10
2.042013 290 167 10 10
2.044013 290 167 10 10
2.046013 290 167 10 10
2.048013 290 167 10 10
2.050013 290 167 10 10
2.052013 290 167 10 10
2.054013 290 167 10 10
2.056013 290 167 10 10
2.058013 290 167 10 10
2.060013 290 167 10 10
2.062013 290 167 10 10
2.064013 290 167 10 10
2.066013 290 167 10 10
2.068013 290 167 10 10
2.070013 290 167 10 10
2.072013 290 167 10 10
2.074013 290 167 10 10
2.076013 290 167 10 10
2.078013 290 167 10 10
2.080013 290 167 10 10
2.082013 290 167 10 10
2.084013 290 167 10 10
2.086013 290 167 10 10
2.088013 290 167 10 10
2.090013 290 167 10 10
2.092013 290 167 10 10
2.094013 290 167 10 10
2.096013 290 167 10 10
2.098013 290 167 10 10
2.100013 289 166 10 10
2.102013 289 166 10 10
2.104013 289 166 10 10
2.106013 289 166 10 10
2.108013 289 166 10 10
2.110013 289 166 10 10
2.112013 289 166 10 10
2.114013 289 166 10 10
2.116013 289 166 10 10
2.118013 289 166 10 10
2.120013 289 166 10 10
2.122013 289 166 10 10
2.124013 289 166 10 10
2.126013 289 166 10 10
2.128013 289 166 10 10
2.130013 289 166 10 10
2.132013 289 166 10 10
2.134013 289 166 10 10
2.136013 289 166 10 10
2.138013 289 166 10 10
2.140013 289 166 10 10
2.142013 289 166 10 10
2.144013 289 166 10 10
2.146013 289 166 10 10
2.148013 289 166 10 10
2.150013 289 166 10 10
2.152013 289 166 10 10
2.154013 289 166 10 10
2.156013 289 166 10 10
2.158013 289 166 10 10
2.160013 289 166 10 10
2.162013 289 166 10 10
2.164013 288 166 10 10
2.166013 288 166 10 10
2.168013 288 166 10 10
2.170013 288 166 10 10
2.172013 288 166 10 10
2.174013 288 166 10 10
2.176013 288 166 10 10
2.178013 288 166 10 10
2.180013 288 166 10 10
2.182013 288 166 10 10
2.184013 288 166 10 10
2.186013 288 166 10 10
2.188013 288 166 10 10
2.190013 288 166 10 10
2.192013 288 166 10 10
2.194013 288 166 10 10
2.196013 287 166 10 10
2.198013 287 166 10 10
2.200013 287 166 10 10
2.202013 287 166 10 10
2.204013 287 166 10 10
2.206013 287 166 10 10
2.208013 287 166 10 10
2.210013 287 166 10 10
2.212013 287 166 10 10
2.214013 287 166 10 10
2.216013 287 166 10 10
2.218013 287 166 10 10
2.220013 287 166 10 10
2.222013 287 166 10 10
2.224013 287 166 10 10
2.226013 287 166 10 10
2.228013 287 166 10 10
2.230013 287 166 10 10
2.232013 287 166 10 10
2.234013 287 166 10 10
2.236013 287 166 10 10
2.238013 287 166 10 10
2.240013 287 166 10 10
2.242013 287 166 10 10
2.244013 287 166 10 10
2.246013 287 166 10 10
2.248013 287 166 10 10
2.250013 287 166 10 10
2.252013 287 166 10 10
2.254013 287 166 10 10
2.256013 287 166 10 10
2.258013 287 166 10 10
2.260013 287 165 10 10
2.262013 287 165 10 10
2.264013 287 165 10 10
2.266013 287 165 10 10
2.268013 287 165 10 10
2.270013 287 165 10 10
2.272013 287 165 10 10
2.274013 287 165 10 10
2.276013 287 165 10 10
2.278013 287 165 10 10
2.280013 287 165 10 10
2.282013 287 165 10 10
2.284013 287 165 10 10
2.286013 287 165 10 10
2.288013 287 165 10 10
2.290013 287 165 10 10
2.292013 286 165 10 10
2.294013 286 165 10 10
2.296013 286 165 10 10
2.298013 286 165 10 10
2.300013 286 165 10 10
2.302013 286 165 10 10
2.304013 286 165 10 10
2.306013 286 165 10 10
2.308013 286 165 10 10
2.310013 286 165 10 10
2.312013 286 165 10 10
2.314013 286 165 10 10
2.316013 286 165 10 10
2.318013 286 165 10 10
2.320013 286 165 10 10
2.322013 286 165 10 10
2.324013 286 165 10 10
2.326013 286 165 10 10
2.328013 286 165 10 10
2.330013 286 165 10 10
2.332013 286 165 10 10
2.334013 286 165 10 10
2.336013 286 165 10 10
2.338013 286 165 10 10
2.340013 286 165 10 10
2.342013 286 165 10 10
2.344013 286 165 10 10
2.346013 286 165 10 10
2.348013 286 165 10 10
2.350013 286 165 10 10
2.352013 286 165 10 10
2.354013 286 165 10 10
2.356013 285 165 10 10
2.358013 285 165 10 10
2.360013 285 165 10 10
2.362013 285 165 10 10
2.364013 285 165 10 10
2.366013 285 165 10 10
2.368013 285 165 10 10
2.370013 285 165 10 10
2.372013 285 165 10 10
2.374013 285 165 10 10
2.376013 285 165 10 10
2.378013 285 165 10 10
2.380013 285 165 10 10
2.382013 285 165 10 10
2.384013 285 165 10 10
2.386013 285 165 10 10
2.388013 285 165 10 10
2.390013 285 165 10 10
2.392013 285 165 10 10
2.394013 285 165 10 10
2.396013 285 165 10 10
2.398013 285 165 10 10
2.400013 285 165 10 10
2.402013 285 165 10 10
2.404013 285 165 10 10
2.406013 285 165 10 10
2.408013 285 165 10 10
2.410013 285 165 10 10
2.412013 285 165 10 10
2.414013 285 165 10 10
2.416013 285 165 10 10
2.418013 285 165 10 10
2.420013 284 165 10 10
2.422013 284 165 10 10
2.424013 284 165 10 10
2.426013 284 165 10 10
2.428013 284 165 10 10
2.430013 284 165 10 10
2.432013 284 165 10 10
2.434013 284 165 10 10
2.436013 284 165 10 10
2.438013 284 165 10 10
2.440013 284 165 10 10
2.442013 284 165 10 10
2.444013 284 165 10 10
2.446013 284 165 10 10
2.448013 284 165 10 10
2.450013 284 165 10 10
2.452013 284 165 10 10
2.454013 284 165 10 10
2.456013 284 165 10 10
2.458013 284 165 10 10
2.460013 284 165 10 10
2.462013 284 165 10 10
2.464013 284 165 10 10
2.466013 284 165 10 10
2.468013 284 165 10 10
2.470013 284 165 10 10
2.472013 284 165 10 10
2.474013 284 165 10 10
2.476013 284 165 10 10
2.478013 284 165 10 10
2.480013 284 165 10 10
2.482013 284 165 10 10
2.484013 283 165 10 10
2.486013 283 165 10 10
2.488013 283 165 10 10
2.490013 283 165 10 10
2.492013 283 165 10 10
2.494013 283 165 10 10
2.496013 283 165 10 10
2.498013 283 165 10 10
2.500013 283 165 10 10
2.502013 283 165 10 10
2.504013 283 165 10 10
2.506013 283 165 10 10
2.508013 283 165 10 10
2.510013 283 165 10 10
2.512013 283 165 10 10
2.514013 283 165 10 10
2.516013 283 165 10 10
2.518013 283 165 10 10
2.520013 283 165 10 10
2.522013 283 165 10 10
2.524013 283 165 10 10
2.526013 283 165 10 10
2.528013 283 165 10 10
2.530013 283 165 10 10
2.532013 283 165 10 10
2.534013 283 165 10 10
2.536013 283 165 10 10
2.538013 283 165 10 10
2.540013 283 165 10 10
2.542013 283 165 10 10
2.544013 283 165 10 10
2.546013 283 165 10 10
2.548013 283 166 10 10
2.550013 283 166 10 10
2.552013 283 166 10 10
2.554013 283 166 10 10
2.556013 283 166 10 10
2.558013 283 166 10 10
2.560013 283 166 10 10
2.562013 283 166 10 10
2.564013 283 166 10 10
2.566013 283 166 10 10
2.568013 283 166 10 10
2.570013 283 166 10 10
2.572013 283 166 10 10
2.574013 283 166 10 10
2.576013 283 166 10 10
2.578013 283 166 10 10
2.580013 283 166 10 10
2.582013 283 166 10 10
2.584013 283 166 10 10
2.586013 283 166 10 10
2.588013 283 166 10 10
2.590013 283 166 10 10
2.592013 283 166 10 10
2.594013 283 166 10 10
2.596013 283 166 10 10
2.598013 283 166 10 10
2.600013 283 166 10 10
2.602013 283 166 10 10
2.604013 283 166 10 10
2.606013 283 166 10 10
2.608013 283 166 10 10
2.610013 283 166 10 10
2.612013 283 167 10 10
2.614013 283 167 10 10
2.616013 283 167 10 10
2.618013 283 167 10 10
2.620013 283 167 10 10
2.622013 283 167 10 10
2.624013 283 167 10 10
2.626013 283 167 10 10
2.628013 283 167 10 10
2.630013 283 167 10 10
2.632013 283 167 10 10
2.634013 283 167 10 10
2.636013 283 167 10 10
2.638013 283 167 10 10
2.640013 283 167 10 10
2.642013 283 167 10 10
2.644013 283 167 10 10
2.646013 283 167 10 10
2.648013 283 167 10 10
2.650013 283 167 10 10
2.652013 283 167 10 10
2.654013 283 167 10 10
2.656013 283 167 10 10
2.658013 283 167 10 10
2.660013 283 167 10 10
2.662013 283 167 10 10
2.664013 283 167 10 10
2.666013 283 167 10 10
2.668013 283 167 10 10
2.670013 283 167 10 10
2.672013 283 167 10 10
2.674013 283 167 10 10
2.676013 282 167 10 10
2.678013 282 167 10 10
2.680013 282 167 10 10
2.682013 282 167 10 10
2.684013 282 167 10 10
2.686013 282 167 10 10
2.688013 282 167 10 10
2.690013 282 167 10 10
2.692013 282 167 10 10
2.694013 282 167 10 10
2.696013 282 167 10 10
2.698013 282 167 10 10
2.700013 282 167 10 10
2.702013 282 167 10 10
2.704013 282 167 10 10
2.706013 282 167 10 10
2.708013 281 167 10 10
2.710013 281 167 10 10
2.712013 281 167 10 10
2.714013 281 167 10 10
2.716013 281 167 10 10
2.718013 281 167 10 10
2.720013 281 167 10 10
2.722013 281 167 10 10
2.724013 281 167 10 10
2.726013 281 167 10 10
2.728013 281 167 10 10
2.730013 281 167 10 10
2.732013 281 167 10 10
2.734013 281 167 10 10
2.736013 281 167 10 10
2.738013 281 167 10 10
2.740013 281 167 10 10
2.742013 281 167 10 10
2.744013 281 167 10 10
2.746013 281 167 10 10
2.748013 281 167 10 10
2.750013 281 167 10 10
2.752013 281 167 10 10
2.754013 281 167 10 10
2.756013 281 167 10 10
2.758013 281 167 10 10
2.760013 281 167 10 10
2.762013 281 167 10 10
2.764013 281 167 10 10
2.766013 281 167 10 10
2.768013 281 167 10 10
2.770013 281 167 10 10
2.772013 281 167 10 10
2.774013 281 167 10 10
2.776013 281 167 10 10
2.778013 281 167 10 10
2.780013 281 167 10 10
2.782013 281 167 10 10
2.784013 281 167 10 10
2.786013 281 167 10 10
2.788013 281 167 10 10
2.790013 281 167 10 10
2.792013 281 167 10 10
2.794013 281 167 10 10
2.796013 281 167 10 10
2.798013 281 167 10 10
2.800013 281 167 10 10
2.802013 281 167 10 10
2.804013 280 166 10 10
2.806013 280 166 10 10
2.808013 280 166 10 10
2.810013 280 166 10 10
2.812013 280 166 10 10
2.814013 280 166 10 10
2.816013 280 166 10 10
2.818013 280 166 10 10
2.820013 280 166 10 10
2.822013 280 166 10 10
2.824013 280 166 10 10
2.826013 280 166 10 10
2.828013 280 166 10 10
2.830013 280 166 10 10
2.832013 280 166 10 10
2.834013 280 166 10 10
2.836013 280 166 10 10
2.838013 280 166 10 10
2.840013 280 166 10 10
2.842013 280 166 10 10
2.844013 280 166 10 10
2.846013 280 166 10 10
2.848013 280 166 10 10
2.850013 280 166 10 10
2.852013 280 166 10 10
2.854013 280 166 10 10
2.856013 280 166 10 10
2.858013 280 166 10 10
2.860013 280 166 10 10
2.862013 280 166 10 10
2.864013 280 166 10 10
2.866013 280 166 10 10
2.868013 279 166 10 10
2.870013 279 166 10 10
2.872013 279 166 10 10
2.874013 279 166 10 10
2.876013 279 166 10 10
2.878013 279 166 10 10
2.880013 279 166 10 10
2.882013 279 166 10 10
2.884013 279 166 10 10
2.886013 279 166 10 10
2.888013 279 166 10 10
2.890013 279 166 10 10
2.892013 279 166 10 10
2.894013 279 166 10 10
2.896013 279 166 10 10
2.898013 279 166 10 10
2.900013 279 166 10 10
2.902013 279 166 10 10
2.904013 279 166 10 10
2.906013 279 166 10 10
2.908013 279 166 10 10
2.910013 279 166 10 10
2.912013 279 166 10 10
2.914013 279 166 10 10
2.916013 279 166 10 10
2.918013 279 166 10 10
2.920013 279 166 10 10
2.922013 279 166 10 10
2.924013 279 166 10 10
2.926013 279 166 10 10
2.928013 279 166 10 10
2.930013 279 166 10 10
2.932013 278 165 10 10
2.934013 278 165 10 10
2.936013 278 165 10 10
2.938013 278 165 10 10
2.940013 278 165 10 10
2.942013 278 165 10 10
2.944013 278 165 10 10
2.946013 278 165 10 10
2.948013 278 165 10 10
2.950013 278 165 10 10
2.952013 278 165 10 10
2.954013 278 165 10 10
2.956013 278 165 10 10
2.958013 278 165 10 10
2.960013 278 165 10 10
2.962013 278 165 10 10
2.964013 278 164 10 10
2.966013 278 164 10 10
2.968013 278 164 10 10
2.970013 278 164 10 10
2.972013 278 164 10 10
2.974013 278 164 10 10
2.976013 278 164 10 10
2.978013 278 164 10 10
2.980013 278 164 10 10
2.982013 278 164 10 10
2.984013 278 164 10 10
2.986013 278 164 10 10
2.988013 278 164 10 10
2.990013 278 164 10 10
2.992013 278 164 10 10
2.994013 278 164 10 10
2.996013 277 163 10 9
2.998013 277 163 10 9
3.000013 276 163 10 9
3.002013 276 163 10 9
3.004013 275 163 10 9
3.006013 274 163 10 9
3.008013 274 163 10 9
3.010013 273 163 10 9
3.012013 273 162 10 9
3.014013 272 162 10 9
3.016013 272 162 10 9
3.018013 271 162 10 8
3.020013 271 162 10 8
3.022013 270 162 10 8
3.024013 269 162 10 8
3.026013 269 162 10 8
3.028013 268 161 10 8
3.030013 268 161 10 8
3.032013 267 161 10 8
3.034013 267 161 10 8
3.036013 266 161 10 8
3.038013 265 161 10 7
3.040013 265 161 10 7
3.042013 264 161 10 7
3.044013 264 160 10 7
3.046013 263 160 10 7
3.048013 263 160 10 7
3.050013 262 160 10 7
3.052013 262 160 10 7
3.054013 261 160 10 7
3.056013 260 160 10 7
3.058013 260 160 10 7
3.060013 259 159 11 7
3.062013 259 159 11 7
3.064013 258 159 11 7
3.066013 258 159 11 7
3.068013 257 159 11 7
3.070013 257 159 11 7
3.072013 256 159 11 7
3.074013 256 159 11 7
3.076013 255 159 12 7
3.078013 255 159 12 7
3.080013 254 159 12 7
3.082013 254 159 12 8
3.084013 253 159 12 8
3.086013 253 159 12 8
3.088013 252 159 12 8
3.090013 252 159 12 8
3.092013 251 159 13 8
3.094013 251 159 13 8
3.096013 250 159 13 8
3.098013 250 159 13 8
3.100013 249 159 13 8
3.102013 249 159 13 8
3.104013 248 159 13 9
3.106013 248 159 13 9
3.108013 247 159 14 9
3.110013 247 159 14 9
3.112013 246 159 14 9
3.114013 246 159 14 9
3.116013 245 159 14 9
3.118013 245 159 14 9
3.120013 244 159 14 9
3.122013 244 159 14 9
3.124013 243 159 15 10
3.126013 243 159 15 10
3.128013 242 159 15 10
3.130013 242 159 15 10
3.132013 241 159 15 10
3.134013 240 159 15 10
3.136013 240 159 15 10
3.138013 239 159 15 10
3.140013 239 159 15 10
3.142013 238 159 15 10
3.144013 237 159 15 10
3.146013 237 159 15 10
3.148013 236 159 15 10
3.150013 236 159 15 10
3.152013 235 159 15 10
3.154013 234 159 15 10
3.156013 234 159 15 10
3.158013 233 159 15 10
3.160013 233 159 15 10
3.162013 232 159 15 10
3.164013 231 159 15 10
3.166013 231 159 15 10
3.168013 230 159 15 10
3.170013 230 159 15 10
3.172013 229 159 15 10
3.174013 228 159 15 10
3.176013 228 159 15 10
3.178013 227 159 15 10
3.180013 227 159 15 10
3.182013 226 159 15 10
3.184013 226 159 15 10
3.186013 225 159 15 10
3.188013 224 158 15 10
3.190013 224 158 15 10
3.192013 223 158 15 10
3.194013 223 158 15 10
3.196013 222 158 15 10
3.198013 222 158 15 10
3.200013 222 158 15 10
3.202013 221 158 15 10
3.204013 221 158 15 10
3.206013 220 158 15 10
3.208013 220 158 15 10
3.210013 219 158 15 10
3.212013 219 158 15 10
3.214013 218 158 15 10
3.216013 218 158 15 10
3.218013 217 158 15 10
3.220013 217 158 15 10
3.222013 216 158 15 10
3.224013 216 158 15 10
3.226013 215 158 15 10
3.228013 215 158 15 10
3.230013 215 158 15 10
3.232013 214 158 15 10
3.234013 214 158 15 10
3.236013 213 158 15 10
3.238013 213 158 15 10
3.240013 212 158 15 10
3.242013 212 158 15 10
3.244013 211 158 15 10
3.246013 211 158 15 10
3.248013 210 158 15 10
3.250013 210 158 15 10
3.252013 209 157 15 10
3.254013 209 157 15 10
3.256013 208 157 15 10
3.258013 208 157 15 10
3.260013 207 157 15 10
3.262013 207 157 15 10
3.264013 206 157 15 10
3.266013 205 157 15 10
3.268013 205 157 15 10
3.270013 204 157 15 10
3.272013 204 157 15 10
3.274013 203 157 15 10
3.276013 203 157 15 10
3.278013 202 157 15 10
3.280013 201 157 15 10
3.282013 201 157 15 10
3.284013 200 157 15 10
3.286013 200 157 15 10
3.288013 199 157 15 10
3.290013 199 157 15 10
3.292013 198 157 15 10
3.294013 198 157 15 10
3.296013 197 157 15 10
3.298013 196 157 15 10
3.300013 196 157 15 10
3.302013 195 157 15 10
3.304013 195 157 15 10
3.306013 194 157 15 10
3.308013 194 157 15 10
3.310013 193 157 15 10
3.312013 192 157 15 10
3.314013 192 157 15 10
3.316013 191 157 15 10
3.318013 191 157 15 10
3.320013 190 157 15 10
3.322013 190 157 15 10
3.324013 189 157 15 10
3.326013 189 157 15 10
3.328013 188 157 15 10
3.330013 187 157 15 10
3.332013 187 158 15 10
3.334013 186 158 15 10
3.336013 186 158 15 10
3.338013 185 158 15 10
3.340013 185 158 15 10
3.342013 184 158 15 10
3.344013 183 158 15 10
3.346013 183 158 15 10
3.348013 182 159 15 10
3.350013 182 159 15 10
3.352013 181 159 15 10
3.354013 181 159 15 10
3.356013 180 159 15 10
3.358013 180 159 15 10
3.360013 179 159 15 10
3.362013 178 159 15 10
3.364013 178 160 15 10
3.366013 177 160 15 10
3.368013 177 160 15 10
3.370013 176 160 15 10
3.372013 176 160 15 10
3.374013 175 160 15 10
3.376013 174 160 15 10
3.378013 174 160 15 10
3.380013 173 161 14 9
3.382013 173 161 14 9
3.384013 173 161 14 9
3.386013 172 161 14 9
3.388013 172 161 14 9
3.390013 171 161 14 9
3.392013 171 161 14 9
3.394013 171 161 14 9
3.396013 170 161 14 9
3.398013 170 161 14 9
3.400013 169 161 14 9
3.402013 169 161 14 9
3.404013 169 161 14 9
3.406013 168 161 14 9
3.408013 168 161 14 9
3.410013 167 161 14 9
3.412013 167 161 13 9
3.414013 166 161 13 9
3.416013 166 161 13 9
3.418013 166 161 13 9
3.420013 165 161 13 9
3.422013 165 161 13 9
3.424013 164 161 13 9
3.426013 164 161 13 9
3.428013 164 161 13 9
3.430013 163 161 13 9
3.432013 163 161 13 9
3.434013 162 161 13 9
3.436013 162 161 13 9
3.438013 162 161 13 9
3.440013 161 161 13 9
3.442013 161 161 13 9
3.444013 160 160 13 9
3.446013 160 160 13 9
3.448013 159 160 13 9
3.450013 159 160 13 9
3.452013 159 160 13 9
3.454013 158 160 13 9
3.456013 158 160 13 9
3.458013 157 160 13 9
3.460013 157 160 13 9
3.462013 156 160 13 9
3.464013 156 160 13 9
3.466013 155 160 14 9
3.468013 155 160 14 9
3.470013 154 160 14 9
3.472013 154 160 14 9
3.474013 153 160 14 9
3.476013 153 159 14 9
3.478013 152 159 14 9
3.480013 152 159 14 9
3.482013 151 159 14 9
3.484013 151 159 14 9
3.486013 151 159 14 9
3.488013 150 159 15 9
3.490013 150 159 15 9
3.492013 149 159 15 9
3.494013 149 159 15 9
3.496013 148 159 15 9
3.498013 148 159 15 9
3.500013 147 159 15 9
3.502013 147 159 15 9
3.504013 146 159 15 9
3.506013 146 159 15 9
3.508013 145 158 15 10
3.510013 145 158 15 10
3.512013 145 158 15 10
3.514013 144 158 15 10
3.516013 144 158 15 10
3.518013 144 158 15 10
3.520013 143 158 15 10
3.522013 143 158 15 10
3.524013 143 158 15 10
3.526013 142 158 15 10
3.528013 142 158 15 10
3.530013 142 158 15 10
3.532013 141 158 15 10
3.534013 141 158 15 10
3.536013 141 158 15 10
3.538013 140 158 15 10
3.540013 140 157 15 10
3.542013 140 157 15 10
3.544013 139 157 15 10
3.546013 139 157 15 10
3.548013 139 157 15 10
3.550013 138 157 15 10
3.552013 138 157 15 10
3.554013 138 157 15 10
3.556013 137 157 15 10
3.558013 137 157 15 10
3.560013 136 157 15 10
3.562013 136 157 15 10
3.564013 136 157 15 10
3.566013 135 157 15 10
3.568013 135 157 15 10
3.570013 135 157 15 10
3.572013 134 156 14 9
3.574013 134 156 14 9
3.576013 134 156 14 9
3.578013 133 156 14 9
3.580013 133 156 14 9
3.582013 133 156 14 9
3.584013 133 156 14 9
3.586013 132 156 14 9
3.588013 132 156 14 9
3.590013 132 156 14 9
3.592013 131 156 14 9
3.594013 131 156 14 8
3.596013 131 156 14 8
3.598013 130 156 14 8
3.600013 130 156 14 8
3.602013 130 156 14 8
3.604013 129 156 13 8
3.606013 129 156 13 8
3.608013 129 156 13 8
3.610013 128 156 13 8
3.612013 128 156 13 8
3.614013 128 156 13 8
3.616013 128 156 13 7
3.618013 127 156 13 7
3.620013 127 156 13 7
3.622013 127 156 13 7
3.624013 126 156 13 7
3.626013 126 156 13 7
3.628013 126 156 13 7
3.630013 125 156 13 7
3.632013 125 156 13 7
3.634013 125 156 13 7
3.636013 124 156 13 7
3.638013 124 156 13 7
3.640013 124 156 13 7
3.642013 123 156 13 7
3.644013 123 156 13 7
3.646013 123 156 13 7
3.648013 122 156 13 7
3.650013 122 156 13 7
3.652013 121 156 13 7
3.654013 121 156 13 7
3.656013 121 156 13 7
3.658013 120 156 13 8
3.660013 120 156 13 8
3.662013 120 156 13 8
3.664013 119 156 13 8
3.666013 119 156 13 8
3.668013 118 156 13 8
3.670013 118 156 13 8
3.672013 118 156 13 8
3.674013 117 156 13 8
3.676013 117 156 13 8
3.678013 117 156 13 8
3.680013 116 156 13 9
3.682013 116 156 13 9
3.684013 115 156 13 9
3.686013 115 156 13 9
3.688013 115 156 13 9
3.690013 114 156 13 9
3.692013 114 156 13 9
3.694013 114 156 13 9
3.696013 113 156 13 9
3.698013 113 156 13 9
3.700013 112 157 12 10
3.702013 112 157 12 10
3.704013 112 157 12 10
3.706013 111 157 12 10
3.708013 111 157 12 10
3.710013 111 157 12 10
3.712013 110 157 12 10
3.714013 110 157 12 10
3.716013 110 157 12 10
3.718013 109 157 12 10
3.720013 109 157 12 10
3.722013 109 157 12 10
3.724013 108 157 12 10
3.726013 108 157 12 10
3.728013 108 157 12 10
3.730013 107 157 12 10
3.732013 107 158 12 10
3.734013 107 158 12 10
3.736013 106 158 12 10
3.738013 106 158 12 10
3.740013 106 158 12 10
3.742013 105 158 12 10
3.744013 105 158 12 10
3.746013 105 158 12 10
3.748013 104 158 12 10
3.750013 104 158 12 10
3.752013 104 158 12 10
3.754013 103 158 12 10
3.756013 103 158 12 10
3.758013 102 158 12 10
3.760013 102 158 12 10
3.762013 102 158 12 10
3.764013 101 158 11 9
3.766013 101 158 11 9
3.768013 101 158 11 9
3.770013 101 158 11 9
3.772013 100 158 11 9
3.774013 100 158 11 9
3.776013 100 158 11 9
3.778013 99 158 11 9
3.780013 99 158 11 9
3.782013 99 158 11 9
3.784013 99 158 11 9
3.786013 98 158 11 8
3.788013 98 158 11 8
3.790013 98 158 11 8
3.792013 98 158 11 8
3.794013 97 158 11 8
3.796013 97 158 10 8
3.798013 97 158 10 8
3.800013 96 158 10 8
3.802013 96 158 10 8
3.804013 96 158 10 8
3.806013 96 158 10 8
3.808013 95 158 10 7
3.810013 95 158 10 7
3.812013 95 158 10 7
3.814013 94 158 10 7
3.816013 94 158 10 7
3.818013 94 158 10 7
3.820013 94 158 10 7
3.822013 93 158 10 7
3.824013 93 158 10 7
3.826013 93 158 10 7
3.828013 92 158 10 7
3.830013 92 158 10 7
3.832013 92 158 10 7
3.834013 92 158 10 7
3.836013 91 158 10 7
3.838013 91 158 10 7
3.840013 91 158 10 7
3.842013 90 158 10 7
3.844013 90 158 10 7
3.846013 90 158 10 7
3.848013 90 158 10 7
3.850013 89 158 10 8
3.852013 89 158 10 8
3.854013 89 158 10 8
3.856013 89 158 10 8
3.858013 88 158 10 8
3.860013 88 158 10 8
3.862013 88 158 10 8
3.864013 87 158 10 8
3.866013 87 158 10 8
3.868013 87 158 10 8
3.870013 87 158 10 8
3.872013 86 158 10 9
3.874013 86 158 10 9
3.876013 86 158 10 9
3.878013 85 158 10 9
3.880013 85 158 10 9
3.882013 85 158 10 9
3.884013 85 158 10 9
3.886013 84 158 10 9
3.888013 84 158 10 9
3.890013 84 158 10 9
3.892013 83 158 10 10
3.894013 83 158 10 10
3.896013 83 158 10 10
3.898013 83 158 10 10
3.900013 82 158 10 10
3.902013 82 158 10 10
3.904013 82 158 10 10
3.906013 81 158 10 10
3.908013 81 158 10 10
3.910013 81 158 10 10
3.912013 81 158 10 10
3.914013 80 158 10 10
3.916013 80 158 10 10
3.918013 80 158 10 10
3.920013 80 158 10 10
3.922013 79 158 10 10
3.924013 79 158 10 10
3.926013 79 158 10 10
3.928013 78 158 10 10
3.930013 78 158 10 10
3.932013 78 158 10 10
3.934013 78 158 10 10
3.936013 77 158 10 10
3.938013 77 158 10 10
3.940013 77 158 10 10
3.942013 76 158 10 10
3.944013 76 158 10 10
3.946013 76 158 10 10
3.948013 76 158 10 10
3.950013 75 158 10 10
3.952013 75 158 10 10
3.954013 75 158 10 10
3.956013 74 158 10 10
3.958013 74 158 10 10
3.960013 74 158 10 10
3.962013 74 158 10 10
3.964013 73 158 10 10
3.966013 73 158 10 10
3.968013 73 158 10 10
3.970013 72 158 10 10
3.972013 72 158 10 10
3.974013 72 158 10 10
3.976013 71 158 10 10
3.978013 71 158 10 10
3.980013 71 158 10 10
3.982013 70 158 10 10
3.984013 70 158 10 10
3.986013 70 158 10 10
3.988013 69 158 10 10
3.990013 69 158 10 10
3.992013 69 158 10 10
3.994013 69 158 10 10
3.996013 68 158 10 10
3.998013 68 158 10 10
4.000013 68 158 10 10
4.002013 67 158 10 10
4.004013 67 158 10 10
4.006013 67 158 10 10
4.008013 66 158 10 10
4.010013 66 158 10 10
4.012013 66 158 10 10
4.014013 65 158 10 10
4.016013 65 158 10 10
4.018013 65 158 10 10
4.020013 64 158 10 10
4.022013 64 158 10 10
4.024013 64 158 10 10
4.026013 64 158 10 10
4.028013 63 158 10 10
4.030013 63 158 10 10
4.032013 63 158 10 10
4.034013 62 158 10 10
4.036013 62 158 10 10
4.038013 62 158 10 10
4.040013 62 158 10 10
4.042013 61 158 10 10
4.044013 61 158 10 10
4.046013 61 158 10 10
4.048013 61 158 10 10
4.050013 60 158 10 10
4.052013 60 157 10 10
4.054013 60 157 10 10
4.056013 59 157 10 10
4.058013 59 157 10 10
4.060013 59 157 10 10
4.062013 59 157 10 10
4.064013 58 157 10 10
4.066013 58 157 10 10
4.068013 58 157 10 10
4.070013 57 157 10 10
4.072013 57 157 10 10
4.074013 57 157 10 10
4.076013 57 157 10 10
4.078013 56 157 10 10
4.080013 56 157 10 10
4.082013 56 157 10 10
4.084013 55 157 10 9
4.086013 55 157 10 9
4.088013 55 157 10 9
4.090013 55 157 10 9
4.092013 54 157 10 9
4.094013 54 157 10 9
4.096013 54 157 10 9
4.098013 54 157 10 9
4.100013 53 157 10 9
4.102013 53 157 10 9
4.104013 53 157 10 9
4.106013 52 157 10 9
4.108013 52 157 10 9
4.110013 52 157 10 9
4.112013 52 157 10 9
4.114013 51 157 10 9
4.116013 51 157 10 8
4.118013 51 157 10 8
4.120013 50 157 10 8
4.122013 50 157 10 8
4.124013 50 157 10 8
4.126013 50 157 10 8
4.128013 49 157 10 8
4.130013 49 157 10 8
4.132013 49 157 10 8
4.134013 48 157 10 8
4.136013 48 157 10 8
4.138013 48 157 10 8
4.140013 48 157 10 8
4.142013 47 157 10 8
4.144013 47 157 10 8
4.146013 47 157 10 8
4.148013 46 157 9 7
4.150013 46 157 9 7
4.152013 46 157 9 7
4.154013 46 157 9 7
4.156013 46 157 9 7
4.158013 46 157 9 7
4.160013 46 157 9 7
4.162013 45 157 8 7
4.164013 45 157 8 7
4.166013 45 157 8 7
4.168013 45 157 8 7
4.170013 45 157 8 7
4.172013 45 157 8 7
4.174013 44 157 7 7
4.176013 44 157 7 7
4.178013 44 157 7 7
4.180013 44 157 7 7
4.182013 44 157 7 7
4.184013 44 157 7 7
4.186013 44 157 7 7
4.188013 43 157 6 7
4.190013 43 157 6 7
4.192013 43 157 6 7
4.194013 43 157 6 7
4.196013 43 157 6 7
4.198013 43 157 6 7
4.200013 42 157 5 7
4.202013 42 157 5 7
4.204013 42 157 5 7
4.206013 42 157 5 7
4.208013 42 157 5 7
4.210013 42 157 5 7
4.212013 42 156 5 7
4.214013 42 156 5 7
4.216013 42 156 5 7
4.218013 42 156 5 7
4.220013 42 156 5 7
4.222013 42 156 5 7
4.224013 42 156 5 7
4.226013 42 156 5 7
4.228013 42 156 5 7
4.230013 42 156 5 7
4.232013 42 156 5 7
4.234013 42 156 5 7
4.236013 42 156 5 7
4.238013 42 156 5 7
4.240013 42 156 5 7
4.242013 42 156 5 7
4.244013 42 155 5 7
4.246013 42 155 5 7
4.248013 42 155 5 7
4.250013 42 155 5 7
4.252013 42 155 5 7
4.254013 42 155 5 7
4.256013 42 155 5 7
4.258013 42 155 5 7
4.260013 42 155 5 7
4.262013 42 155 5 7
4.264013 42 155 5 7
4.266013 42 155 5 7
4.268013 42 155 5 7
4.270013 42 155 5 7
4.272013 42 155 5 7
4.274013 42 155 5 7
4.276013 42 155 6 7
4.278013 42 155 6 7
4.280013 42 155 6 7
4.282013 42 155 6 7
4.284013 42 155 6 7
4.286013 42 155 6 7
4.288013 42 155 6 7
4.290013 42 155 6 7
4.292013 42 155 6 7
4.294013 42 155 6 7
4.296013 42 155 6 7
4.298013 42 155 6 7
4.300013 42 155 6 7
4.302013 42 155 6 7
4.304013 42 155 6 7
4.306013 42 155 6 7
4.308013 42 155 6 7
4.310013 42 155 6 7
4.312013 42 155 6 7
4.314013 42 155 6 7
4.316013 42 155 6 7
4.318013 42 155 6 7
4.320013 42 155 6 7
4.322013 42 155 6 7
4.324013 42 155 6 7
4.326013 42 155 6 7
4.328013 42 155 6 7
4.330013 42 155 6 7
4.332013 42 155 6 7
4.334013 42 155 6 7
4.336013 42 155 6 7
4.338013 42 155 6 7
4.340013 42 155 7 7
4.342013 42 155 7 7
4.344013 42 155 7 7
4.346013 42 155 7 7
4.348013 42 155 7 7
4.350013 42 155 7 7
4.352013 42 155 7 7
4.354013 42 155 7 7
4.356013 42 155 7 7
4.358013 42 155 7 7
4.360013 42 155 7 7
4.362013 42 155 8 8
4.364013 42 155 8 8
4.366013 42 155 8 8
4.368013 42 155 8 8
4.370013 42 155 8 8
4.372013 42 155 8 8
4.374013 42 155 8 8
4.376013 42 155 8 8
4.378013 42 155 8 8
4.380013 42 155 8 8
4.382013 42 155 8 8
4.384013 42 155 9 9
4.386013 42 155 9 9
4.388013 42 155 9 9
4.390013 42 155 9 9
4.392013 42 155 9 9
4.394013 42 155 9 9
4.396013 42 155 9 9
4.398013 42 155 9 9
4.400013 42 155 9 9
4.402013 42 155 9 9
4.404013 43 156 10 10
4.406013 43 156 10 10
4.408013 43 156 10 10
4.410013 43 156 10 10
4.412013 43 156 10 10
4.414013 43 156 10 10
4.416013 43 156 10 10
4.418013 43 156 10 10
4.420013 43 156 10 10
4.422013 43 156 10 10
4.424013 43 156 10 10
4.426013 43 156 10 10
4.428013 43 156 10 10
4.430013 43 156 10 10
4.432013 43 156 10 10
4.434013 43 156 10 10
4.436013 43 156 10 10
4.438013 43 156 10 10
4.440013 43 156 10 10
4.442013 43 156 10 10
4.444013 43 156 10 10
4.446013 43 156 10 10
4.448013 43 156 10 10
4.450013 43 156 10 10
4.452013 43 156 10 10
4.454013 43 156 10 10
4.456013 43 156 10 10
4.458013 43 156 10 10
4.460013 43 156 10 10
4.462013 43 156 10 10
4.464013 43 156 10 10
4.466013 43 156 10 10
4.468013 44 156 9 9
4.470013 44 156 9 9
4.472013 44 156 9 9
4.474013 44 156 9 9
4.476013 44 156 9 9
4.478013 44 156 9 9
4.480013 44 156 9 9
4.482013 44 156 9 9
4.484013 44 156 9 9
4.486013 44 156 9 9
4.488013 44 156 9 9
4.490013 44 156 8 9
4.492013 44 156 8 9
4.494013 44 156 8 9
4.496013 44 156 8 9
4.498013 44 156 8 9
4.500013 44 155 8 8
4.502013 44 155 8 8
4.504013 44 155 8 8
4.506013 44 155 8 8
4.508013 44 155 8 8
4.510013 44 155 8 8
4.512013 44 155 7 8
4.514013 44 155 7 8
4.516013 44 155 7 8
4.518013 44 155 7 8
4.520013 44 155 7 8
4.522013 44 155 7 8
4.524013 44 155 7 8
4.526013 44 155 7 8
4.528013 44 155 7 8
4.530013 44 155 7 8
4.532013 44 154 7 8
4.534013 44 154 7 8
4.536013 44 154 7 8
4.538013 44 154 7 8
4.540013 44 154 7 8
4.542013 44 154 7 8
4.544013 44 154 7 8
4.546013 44 154 7 8
4.548013 44 154 7 8
4.550013 44 154 7 8
4.552013 44 154 7 8
4.554013 44 154 8 8
4.556013 44 154 8 8
4.558013 44 154 8 8
4.560013 44 154 8 8
4.562013 44 154 8 8
4.564013 44 154 8 8
4.566013 44 153 8 9
4.568013 44 153 8 9
4.570013 44 153 8 9
4.572013 44 153 8 9
4.574013 44 153 8 9
4.576013 44 153 9 9
4.578013 44 153 9 9
4.580013 44 153 9 9
4.582013 44 153 9 9
4.584013 44 153 9 9
4.586013 44 153 9 9
4.588013 44 153 9 9
4.590013 44 153 9 9
4.592013 44 153 9 9
4.594013 44 153 9 9
4.596013 44 153 9 9
4.598013 44 153 10 10
4.600013 44 153 10 10
4.602013 44 153 10 10
4.604013 44 153 10 10
4.606013 44 153 10 10
4.608013 44 153 10 10
4.610013 44 153 10 10
4.612013 44 153 10 10
4.614013 44 153 10 10
4.616013 44 153 10 10
4.618013 44 153 10 10
4.620013 44 153 10 10
4.622013 44 153 10 10
4.624013 44 153 10 10
4.626013 44 153 10 10
4.628013 44 153 10 10
4.630013 44 154 10 10
4.632013 44 154 10 10
4.634013 44 154 10 10
4.636013 44 154 10 10
4.638013 44 154 10 10
4.640013 44 154 10 10
4.642013 44 154 10 10
4.644013 44 154 10 10
4.646013 44 154 10 10
4.648013 44 154 10 10
4.650013 44 154 10 10
4.652013 44 154 10 10
4.654013 44 154 10 10
4.656013 44 154 10 10
4.658013 44 154 10 10
4.660013 44 154 10 10
4.662013 44 155 10 10
4.664013 44 155 10 10
4.666013 44 155 10 10
4.668013 44 155 10 10
4.670013 44 155 10 10
4.672013 44 155 10 10
4.674013 44 155 10 10
4.676013 44 155 10 10
4.678013 44 155 10 10
4.680013 44 155 10 10
4.682013 44 155 10 10
4.684013 44 155 10 10
4.686013 44 155 10 10
4.688013 44 155 10 10
4.690013 44 155 10 10
4.692013 44 155 10 10
4.694013 44 155 10 10
4.696013 44 155 10 10
4.698013 44 155 10 10
4.700013 44 155 10 10
4.702013 44 155 10 10
4.704013 44 155 10 10
4.706013 44 155 10 10
4.708013 44 155 10 10
4.710013 44 155 10 10
4.712013 44 155 10 10
4.714013 44 155 10 10
4.716013 44 155 10 10
4.718013 44 155 10 10
4.720013 44 155 10 10
4.722013 44 155 10 10
4.724013 44 155 10 10
4.726013 43 156 10 10
4.728013 43 156 10 10
4.730013 43 156 10 10
4.732013 43 156 10 10
4.734013 43 156 10 10
4.736013 43 156 10 10
4.738013 43 156 10 10
4.740013 43 156 10 10
4.742013 43 156 10 10
4.744013 43 156 10 10
4.746013 43 156 10 10
4.748013 43 156 10 10
4.750013 43 156 10 10
4.752013 43 156 10 10
4.754013 43 156 10 10
4.756013 43 156 10 10
4.758013 43 156 10 10
4.760013 43 156 10 10
4.762013 43 156 10 10
4.764013 43 156 10 10
4.766013 43 156 10 10
4.768013 43 156 10 10
4.770013 43 156 10 10
4.772013 43 156 10 10
4.774013 43 156 10 10
4.776013 43 156 10 10
4.778013 43 156 10 10
4.780013 43 156 10 10
4.782013 43 156 10 10
4.784013 43 156 10 10
4.786013 43 156 10 10
4.788013 43 156 10 10
4.790013 42 155 10 10
4.792013 42 155 10 10
4.794013 42 155 10 10
4.796013 42 155 10 10
4.798013 42 155 10 10
4.800013 42 155 10 10
4.802013 42 155 10 10
4.804013 42 155 10 10
4.806013 42 155 10 10
4.808013 42 155 10 10
4.810013 41 155 10 10
4.812013 41 155 10 10
4.814013 41 155 10 10
4.816013 41 155 10 10
4.818013 41 155 10 10
4.820013 41 155 10 10
4.822013 41 155 10 10
4.824013 41 155 10 10
4.826013 41 155 10 10
4.828013 41 155 10 10
4.830013 41 155 10 10
4.832013 40 155 10 10
4.834013 40 155 10 10
4.836013 40 155 10 10
4.838013 40 155 10 10
4.840013 40 155 10 10
4.842013 40 155 10 10
4.844013 40 155 10 10
4.846013 40 155 10 10
4.848013 40 155 10 10
4.850013 40 155 10 10
4.852013 40 155 10 10
4.854013 40 155 10 10
4.856013 40 155 10 10
4.858013 40 155 10 10
4.860013 40 155 10 10
4.862013 40 155 10 10
4.864013 40 155 10 10
4.866013 40 155 10 10
4.868013 40 155 10 10
4.870013 40 155 10 10
4.872013 40 155 10 10
4.874013 40 155 10 10
4.876013 40 155 10 10
4.878013 40 155 10 10
4.880013 40 155 10 10
4.882013 40 155 10 10
4.884013 40 155 10 10
4.886013 40 156 10 10
4.888013 40 156 10 10
4.890013 40 156 10 10
4.892013 40 156 10 10
4.894013 40 156 10 10
4.896013 40 156 10 10
4.898013 40 156 10 10
4.900013 40 156 10 10
4.902013 40 156 10 10
4.904013 40 156 10 10
4.906013 40 156 10 10
4.908013 40 156 10 10
4.910013 40 156 10 10
4.912013 40 156 10 10
4.914013 40 156 10 10
4.916013 40 156 10 10
4.918013 40 156 9 9
4.920013 40 156 9 9
4.922013 40 156 9 9
4.924013 40 156 9 9
4.926013 40 156 9 9
4.928013 40 156 9 9
4.930013 40 156 8 9
4.932013 40 156 8 9
4.934013 40 156 8 9
4.936013 40 156 8 9
4.938013 40 156 8 9
4.940013 40 156 8 9
4.942013 40 156 7 9
4.944013 40 156 7 9
4.946013 40 156 7 9
4.948013 40 156 7 9
4.950013 40 156 7 8
4.952013 40 156 7 8
4.954013 40 156 7 8
4.956013 40 156 6 8
4.958013 40 156 6 8
4.960013 40 156 6 8
4.962013 40 156 6 8
4.964013 40 156 6 8
4.966013 40 156 6 8
4.968013 40 156 5 8
4.970013 40 156 5 8
4.972013 40 156 5 8
4.974013 40 156 5 8
4.976013 40 156 5 8
4.978013 40 156 5 8
4.980013 40 156 5 8
