0.015648 141 171 7 5
0.017648 141 170 7 5
0.019648 141 170 7 5
0.021648 141 170 7 5
0.023648 141 170 7 5
0.025648 142 170 7 5
0.027648 142 170 7 5
0.029648 142 170 7 5
0.031648 142 170 7 5
0.033648 142 170 7 5
0.035648 143 170 7 5
0.037648 143 170 7 6
0.039648 143 170 7 6
0.041648 143 170 7 6
0.043648 144 170 7 6
0.045648 144 170 7 6
0.047648 144 170 7 6
0.049648 144 169 8 6
0.051648 144 169 8 6
0.053648 145 169 8 6
0.055648 145 169 8 6
0.057648 145 169 8 6
0.059648 145 169 8 7
0.061648 146 169 8 7
0.063648 146 169 8 7
0.065648 146 169 8 7
0.067648 146 169 8 7
0.069648 146 169 8 7
0.071648 147 169 8 7
0.073648 147 169 8 7
0.075648 147 169 8 7
0.077648 147 169 8 7
0.079648 147 169 8 7
0.081648 148 169 9 7
0.083648 148 169 9 7
0.085648 148 169 9 7
0.087648 148 169 9 7
0.089648 149 169 9 7
0.091648 149 169 9 7
0.093648 149 169 9 7
0.095648 149 169 9 7
0.097648 149 169 9 7
0.099648 150 169 9 7
0.101648 150 169 9 7
0.103648 150 169 9 7
0.105648 150 169 9 7
0.107648 151 169 9 7
0.109648 151 169 9 7
0.111648 151 169 9 7
0.113648 151 170 9 6
0.115648 151 170 9 6
0.117648 152 170 9 6
0.119648 152 170 9 6
0.121648 152 170 9 6
0.123648 152 170 9 6
0.125648 153 170 9 6
0.127648 153 170 9 6
0.129648 153 170 9 6
0.131648 153 170 9 6
0.133648 153 170 9 6
0.135648 154 170 9 6
0.137648 154 170 9 6
0.139648 154 170 9 6
0.141648 154 170 9 6
0.143648 154 170 9 6
0.145648 155 171 10 6
0.147648 155 171 10 6
0.149648 155 171 10 6
0.151648 155 171 10 6
0.153648 156 171 10 6
0.155648 156 171 10 6
0.157648 156 171 10 6
0.159648 156 171 10 6
0.161648 157 171 10 7
0.163648 157 171 10 7
0.165648 157 171 10 7
0.167648 157 171 10 7
0.169648 158 171 10 7
0.171648 158 171 10 7
0.173648 158 171 10 7
0.175648 158 171 10 7
0.177648 159 171 10 8
0.179648 159 171 10 8
0.181648 159 171 10 8
0.183648 159 171 10 8
0.185648 160 171 10 8
0.187648 160 171 10 8
0.189648 160 171 10 8
0.191648 160 171 10 8
0.193648 161 171 10 9
0.195648 161 171 10 9
0.197648 161 171 10 9
0.199648 161 171 10 9
0.201648 162 171 10 9
0.203648 162 171 10 9
0.205648 162 171 10 9
0.207648 162 171 10 9
0.209648 163 171 10 10
0.211648 163 171 10 10
0.213648 163 171 10 10
0.215648 163 171 10 10
0.217648 164 171 10 10
0.219648 164 171 10 10
0.221648 164 171 10 10
0.223648 164 171 10 10
0.225648 164 171 10 10
0.227648 165 171 10 10
0.229648 165 171 10 10
0.231648 165 171 10 10
0.233648 165 171 10 10
0.235648 166 171 10 10
0.237648 166 171 10 10
0.239648 166 171 10 10
0.241648 166 171 10 10
0.243648 166 171 10 10
0.245648 167 171 10 10
0.247648 167 171 10 10
0.249648 167 171 10 10
0.251648 167 171 10 10
0.253648 168 171 10 10
0.255648 168 171 10 10
0.257648 168 171 10 10
0.259648 168 171 10 10
0.261648 168 171 10 10
0.263648 169 171 10 10
0.265648 169 171 10 10
0.267648 169 171 10 10
0.269648 169 171 10 10
0.271648 169 171 10 10
0.273648 170 171 10 10
0.275648 170 171 10 10
0.277648 170 171 10 10
0.279648 170 171 10 10
0.281648 170 171 10 10
0.283648 170 171 10 10
0.285648 171 171 10 10
0.287648 171 171 10 10
0.289648 171 171 10 10
0.291648 171 171 10 10
0.293648 171 171 10 10
0.295648 171 171 10 10
0.297648 172 171 10 10
0.299648 172 171 10 10
0.301648 172 171 10 10
0.303648 172 171 10 10
0.305648 172 171 10 10
0.307648 172 171 10 10
0.309648 172 171 10 10
0.311648 173 171 10 10
0.313648 173 171 10 10
0.315648 173 171 10 10
0.317648 173 171 10 10
0.319648 173 171 10 10
0.321648 173 171 10 10
0.323648 174 171 10 10
0.325648 174 171 10 10
0.327648 174 171 10 10
0.329648 174 171 10 10
0.331648 174 171 10 10
0.333648 174 171 10 10
0.335648 174 171 10 10
0.337648 175 170 10 10
0.339648 175 170 10 10
0.341648 175 170 10 10
0.343648 175 170 10 10
0.345648 175 170 10 10
0.347648 176 170 10 10
0.349648 176 170 10 10
0.351648 176 170 10 10
0.353648 176 170 10 10
0.355648 176 170 10 10
0.357648 177 170 10 10
0.359648 177 170 10 10
0.361648 177 170 10 10
0.363648 177 170 10 10
0.365648 177 170 10 10
0.367648 177 170 10 10
0.369648 178 170 10 10
0.371648 178 170 10 10
0.373648 178 170 10 10
0.375648 178 170 10 10
0.377648 178 170 10 10
0.379648 179 170 10 10
0.381648 179 170 10 10
0.383648 179 170 10 10
0.385648 179 170 10 10
0.387648 179 170 10 10
0.389648 180 170 10 10
0.391648 180 170 10 10
0.393648 180 170 10 10
0.395648 180 170 10 10
0.397648 180 170 10 10
0.399648 180 170 10 10
0.401648 181 170 10 10
0.403648 181 170 10 10
0.405648 181 170 10 10
0.407648 181 170 10 10
0.409648 181 170 10 10
0.411648 182 170 10 10
0.413648 182 170 10 10
0.415648 182 170 10 10
0.417648 182 170 10 10
0.419648 182 170 10 10
0.421648 183 170 10 10
0.423648 183 170 10 10
0.425648 183 170 10 10
0.427648 183 170 10 10
0.429648 183 170 10 10
0.431648 183 170 10 10
0.433648 184 171 10 10
0.435648 184 171 10 10
0.437648 184 171 10 10
0.439648 184 171 10 10
0.441648 184 171 10 10
0.443648 185 171 10 10
0.445648 185 171 10 10
0.447648 185 171 10 10
0.449648 185 171 10 10
0.451648 185 171 10 10
0.453648 186 171 10 10
0.455648 186 171 10 10
0.457648 186 171 10 10
0.459648 186 171 10 10
0.461648 186 171 10 10
0.463648 186 171 10 10
0.465648 187 172 9 9
0.467648 187 172 9 9
0.469648 187 172 9 9
0.471648 187 172 9 9
0.473648 187 172 9 9
0.475648 188 172 9 8
0.477648 188 172 9 8
0.479648 188 172 9 8
0.481648 188 172 9 8
0.483648 188 172 9 8
0.485648 189 172 8 7
0.487648 189 172 8 7
0.489648 189 172 8 7
0.491648 189 172 8 7
0.493648 189 172 8 7
0.495648 189 172 8 7
0.497648 190 172 8 6
0.499648 190 172 8 6
0.501648 190 172 8 6
0.503648 190 172 8 6
0.505648 190 172 8 6
0.507648 191 172 7 5
0.509648 191 172 7 5
0.511648 191 172 7 5
0.513648 191 172 7 5
0.515648 191 172 7 5
0.517648 192 172 7 4
0.519648 192 172 7 4
0.521648 192 172 7 4
0.523648 192 172 7 4
0.525648 192 172 7 4
0.527648 192 172 7 4
0.529648 193 172 7 4
0.531648 193 172 7 4
0.533648 193 172 7 4
0.535648 193 172 7 4
0.537648 193 172 7 4
0.539648 194 172 7 4
0.541648 194 172 7 4
0.543648 194 172 7 4
0.545648 194 172 7 4
0.547648 194 172 7 4
0.549648 195 172 7 4
0.551648 195 172 7 4
0.553648 195 172 7 4
0.555648 195 172 7 4
0.557648 195 172 7 4
0.559648 195 172 7 4
0.561648 196 172 7 4
0.563648 196 172 7 4
0.565648 196 172 7 4
0.567648 196 172 7 4
0.569648 196 172 7 4
0.571648 197 172 7 4
0.573648 197 172 7 4
0.575648 197 172 7 4
0.577648 197 172 7 4
0.579648 197 172 7 4
0.581648 198 172 7 4
0.583648 198 172 7 4
0.585648 198 172 7 4
0.587648 198 172 7 4
0.589648 198 172 7 4
0.591648 198 172 7 4
0.593648 199 172 7 4
0.595648 199 172 7 4
0.597648 199 172 7 4
0.599648 199 172 7 4
0.601648 199 172 7 4
0.603648 200 172 7 4
0.605648 200 172 7 4
0.607648 200 172 7 4
0.609648 200 172 6 4
0.611648 200 172 6 4
0.613648 201 173 6 4
0.615648 201 173 6 4
0.617648 201 173 6 4
0.619648 201 173 6 4
0.621648 201 173 6 4
0.623648 201 173 6 4
0.625648 202 173 5 4
0.627648 202 173 5 4
0.629648 202 173 5 4
0.631648 202 173 5 4
0.633648 202 173 5 4
0.635648 203 174 5 4
0.637648 203 174 5 4
0.639648 203 174 5 4
0.641648 203 174 4 4
0.643648 203 174 4 4
0.645648 204 174 4 4
0.647648 204 174 4 4
0.649648 204 174 4 4
0.651648 204 174 4 4
0.653648 204 174 4 4
0.655648 204 174 4 4
0.657648 205 175 4 4
0.659648 205 175 4 4
0.661648 205 175 4 4
0.663648 205 175 4 4
0.665648 205 175 4 4
0.667648 205 175 5 5
0.669648 205 175 5 5
0.671648 205 175 5 5
0.673648 205 175 5 5
0.675648 205 175 5 5
0.677648 205 175 6 6
0.679648 205 175 6 6
0.681648 205 175 6 6
0.683648 205 175 6 6
0.685648 205 175 6 6
0.687648 205 175 6 6
0.689648 205 175 7 7
0.691648 205 175 7 7
0.693648 205 175 7 7
0.695648 205 175 7 7
0.697648 205 175 7 7
0.699648 205 175 8 8
0.701648 205 175 8 8
0.703648 205 175 8 8
0.705648 205 175 8 8
0.707648 205 175 8 8
0.709648 205 175 9 9
0.711648 205 175 9 9
0.713648 205 175 9 9
0.715648 205 175 9 9
0.717648 205 175 9 9
0.719648 205 175 9 9
0.721648 206 175 10 10
0.723648 206 175 10 10
0.725648 206 175 10 10
0.727648 206 175 10 10
0.729648 206 175 10 10
0.731648 206 175 10 10
0.733648 206 175 10 10
0.735648 206 175 10 10
0.737648 206 175 10 10
0.739648 206 175 10 10
0.741648 206 175 10 10
0.743648 206 175 10 10
0.745648 206 175 10 10
0.747648 206 175 10 10
0.749648 206 175 10 10
0.751648 206 175 10 10
0.753648 206 175 10 10
0.755648 206 175 10 10
0.757648 206 175 10 10
0.759648 206 175 10 10
0.761648 206 175 10 10
0.763648 206 175 10 10
0.765648 206 175 10 10
0.767648 206 175 10 10
0.769648 206 175 10 10
0.771648 206 175 10 10
0.773648 206 175 10 10
0.775648 206 175 10 10
0.777648 206 175 10 10
0.779648 206 175 10 10
0.781648 206 175 10 10
0.783648 206 175 10 10
0.785648 206 174 10 10
0.787648 206 174 10 10
0.789648 206 174 10 10
0.791648 206 174 10 10
0.793648 206 174 10 10
0.795648 206 174 10 10
0.797648 206 174 10 10
0.799648 206 174 10 10
0.801648 206 174 10 10
0.803648 206 174 10 10
0.805648 206 174 10 10
0.807648 206 174 10 10
0.809648 206 174 10 10
0.811648 206 174 10 10
0.813648 206 174 10 10
0.815648 206 174 10 10
0.817648 206 174 10 10
0.819648 206 174 10 10
0.821648 206 174 10 10
0.823648 206 174 10 10
0.825648 206 174 10 10
0.827648 206 174 10 10
0.829648 206 174 10 10
0.831648 206 174 10 10
0.833648 206 174 10 10
0.835648 206 174 10 10
0.837648 206 174 10 10
0.839648 206 174 10 10
0.841648 206 174 10 10
0.843648 206 174 10 10
0.845648 206 174 10 10
0.847648 206 174 10 10
0.849648 206 173 10 10
0.851648 206 173 10 10
0.853648 206 173 10 10
0.855648 206 173 10 10
0.857648 206 173 10 10
0.859648 206 173 10 10
0.861648 206 173 10 10
0.863648 206 173 10 10
0.865648 206 173 10 10
0.867648 206 173 10 10
0.869648 206 173 10 10
0.871648 206 173 10 10
0.873648 206 173 10 10
0.875648 206 173 10 10
0.877648 206 173 10 10
0.879648 206 173 10 10
0.881648 206 173 10 10
0.883648 206 173 10 10
0.885648 206 173 10 10
0.887648 206 173 10 10
0.889648 206 173 10 10
0.891648 206 173 10 10
0.893648 206 173 10 10
0.895648 206 173 10 10
0.897648 206 173 10 10
0.899648 206 173 10 10
0.901648 206 173 10 10
0.903648 206 173 10 10
0.905648 206 173 10 10
0.907648 206 173 10 10
0.909648 206 173 10 10
0.911648 206 173 10 10
0.913648 206 173 10 10
0.915648 206 173 10 10
0.917648 206 173 10 10
0.919648 206 173 10 10
0.921648 206 173 10 10
0.923648 206 173 10 10
0.925648 206 173 10 10
0.927648 206 173 10 10
0.929648 206 173 10 10
0.931648 206 173 10 10
0.933648 206 173 10 10
0.935648 206 173 10 10
0.937648 206 173 10 10
0.939648 206 173 10 10
0.941648 206 173 10 10
0.943648 206 173 10 10
0.945648 206 173 10 10
0.947648 206 173 10 10
0.949648 206 173 10 10
0.951648 206 173 10 10
0.953648 206 173 10 10
0.955648 206 173 10 10
0.957648 206 173 10 10
0.959648 206 173 10 10
0.961648 206 173 10 10
0.963648 206 173 10 10
0.965648 206 173 10 10
0.967648 206 173 10 10
0.969648 206 173 10 10
0.971648 206 173 10 10
0.973648 206 173 10 10
0.975648 206 173 10 10
0.977648 206 172 10 10
0.979648 206 172 10 10
0.981648 206 172 10 10
0.983648 206 172 10 10
0.985648 206 172 10 10
0.987648 206 172 10 10
0.989648 206 172 10 10
0.991648 206 172 10 10
0.993648 206 172 10 10
0.995648 206 172 10 10
0.997648 206 172 10 10
0.999648 206 172 10 10
1.001648 206 172 10 10
1.003648 206 172 10 10
1.005648 206 172 10 10
1.007648 206 172 10 10
1.009648 207 171 10 10
1.011648 207 171 10 10
1.013648 207 171 10 10
1.015648 207 171 10 10
1.017648 207 171 10 10
1.019648 207 171 10 10
1.021648 207 171 10 10
1.023648 207 171 10 10
1.025648 207 171 10 10
1.027648 207 171 10 10
1.029648 207 171 10 10
1.031648 207 171 10 10
1.033648 207 171 10 10
1.035648 207 171 10 10
1.037648 207 171 10 10
1.039648 207 171 10 10
1.041648 208 171 10 10
1.043648 208 171 10 10
1.045648 208 171 10 10
1.047648 208 171 10 10
1.049648 208 171 10 10
1.051648 208 171 10 10
1.053648 208 171 10 10
1.055648 208 171 10 10
1.057648 208 171 10 10
1.059648 208 171 10 10
1.061648 208 171 10 10
1.063648 208 171 10 10
1.065648 208 171 10 10
1.067648 208 171 10 10
1.069648 208 171 10 10
1.071648 208 171 10 10
1.073648 208 171 10 10
1.075648 208 171 10 10
1.077648 208 171 10 10
1.079648 208 171 10 10
1.081648 208 171 10 10
1.083648 208 171 10 10
1.085648 208 171 10 10
1.087648 208 171 10 10
1.089648 208 171 10 10
1.091648 208 171 10 10
1.093648 208 171 10 10
1.095648 208 171 10 10
1.097648 208 171 10 10
1.099648 208 171 10 10
1.101648 208 171 10 10
1.103648 208 171 10 10
1.105648 208 171 10 10
1.107648 208 171 10 10
1.109648 208 171 10 10
1.111648 208 171 10 10
1.113648 208 171 10 10
1.115648 208 171 10 10
1.117648 208 171 10 10
1.119648 208 171 10 10
1.121648 208 171 10 10
1.123648 208 171 10 10
1.125648 208 171 10 10
1.127648 208 171 10 10
1.129648 208 171 10 10
1.131648 208 171 10 10
1.133648 208 171 10 10
1.135648 208 171 10 10
1.137648 208 171 10 10
1.139648 208 171 10 10
1.141648 208 171 10 10
1.143648 208 171 10 10
1.145648 208 171 10 10
1.147648 208 171 10 10
1.149648 208 171 10 10
1.151648 208 171 10 10
1.153648 208 171 10 10
1.155648 208 171 10 10
1.157648 208 171 10 10
1.159648 208 171 10 10
1.161648 208 171 10 10
1.163648 208 171 10 10
1.165648 208 171 10 10
1.167648 208 171 10 10
1.169648 208 171 10 10
1.171648 208 171 10 10
1.173648 208 171 10 10
1.175648 208 171 10 10
1.177648 208 171 10 10
1.179648 208 171 10 10
1.181648 208 171 10 10
1.183648 208 171 10 10
1.185648 208 171 10 10
1.187648 208 171 10 10
1.189648 208 171 10 10
1.191648 208 171 10 10
1.193648 208 171 10 10
1.195648 208 171 10 10
1.197648 208 171 10 10
1.199648 208 171 10 10
1.201648 208 171 10 10
1.203648 208 171 10 10
1.205648 208 171 10 10
1.207648 208 171 10 10
1.209648 208 171 10 10
1.211648 208 171 10 10
1.213648 208 171 10 10
1.215648 208 171 10 10
1.217648 208 171 10 10
1.219648 208 171 10 10
1.221648 208 171 10 10
1.223648 208 171 10 10
1.225648 208 171 10 10
1.227648 208 171 10 10
1.229648 208 171 10 10
1.231648 208 171 10 10
1.233648 208 171 10 10
1.235648 208 171 10 10
1.237648 208 171 10 10
1.239648 208 171 10 10
1.241648 208 171 10 10
1.243648 208 171 10 10
1.245648 208 171 10 10
1.247648 208 171 10 10
1.249648 208 171 10 10
1.251648 208 171 10 10
1.253648 208 171 10 10
1.255648 208 171 10 10
1.257648 208 171 10 10
1.259648 208 171 10 10
1.261648 208 171 10 10
1.263648 208 171 10 10
1.265648 208 171 10 10
1.267648 208 171 10 10
1.269648 208 171 10 10
1.271648 208 171 10 10
1.273648 208 171 10 10
1.275648 208 171 10 10
1.277648 208 171 10 10
1.279648 208 171 10 10
1.281648 208 171 10 10
1.283648 208 171 10 10
1.285648 208 171 10 10
1.287648 208 171 10 10
1.289648 208 171 10 10
1.291648 208 171 10 10
1.293648 208 171 10 10
1.295648 208 171 10 10
1.297648 208 171 10 10
1.299648 208 171 10 10
1.301648 208 171 10 10
1.303648 208 171 10 10
1.305648 208 171 10 10
1.307648 208 171 10 10
1.309648 208 171 10 10
1.311648 208 171 10 10
1.313648 208 171 10 10
1.315648 208 171 10 10
1.317648 208 171 10 10
1.319648 208 171 10 10
1.321648 208 171 10 10
1.323648 208 171 10 10
1.325648 208 171 10 10
1.327648 208 171 10 10
1.329648 208 171 10 10
1.331648 208 171 10 10
1.333648 208 171 10 10
1.335648 208 171 10 10
1.337648 208 171 10 10
1.339648 208 171 10 10
1.341648 208 171 10 10
1.343648 208 171 10 10
1.345648 208 171 10 10
1.347648 208 171 10 10
1.349648 208 171 10 10
1.351648 208 171 10 10
1.353648 208 171 10 10
1.355648 208 171 10 10
1.357648 208 171 10 10
1.359648 208 171 10 10
1.361648 209 172 10 10
1.363648 209 172 10 10
1.365648 209 172 10 10
1.367648 209 172 10 10
1.369648 209 172 10 10
1.371648 209 172 10 10
1.373648 209 172 10 10
1.375648 209 172 10 10
1.377648 209 172 10 10
1.379648 209 172 10 10
1.381648 209 172 10 10
1.383648 209 172 10 10
1.385648 209 172 10 10
1.387648 209 172 10 10
1.389648 209 172 10 10
1.391648 209 172 10 10
1.393648 209 172 10 10
1.395648 209 172 10 10
1.397648 209 172 10 10
1.399648 209 172 10 10
1.401648 209 172 10 10
1.403648 209 172 10 10
1.405648 209 172 10 10
1.407648 209 172 10 10
1.409648 209 172 10 10
1.411648 209 172 10 10
1.413648 209 172 10 10
1.415648 209 172 10 10
1.417648 209 172 10 10
1.419648 209 172 10 10
1.421648 209 172 10 10
1.423648 209 172 10 10
1.425648 209 172 10 10
1.427648 209 172 10 10
1.429648 209 172 10 10
1.431648 209 172 10 10
1.433648 209 172 10 10
1.435648 209 172 10 10
1.437648 209 172 10 10
1.439648 209 172 10 10
1.441648 209 172 10 10
1.443648 209 172 10 10
1.445648 209 172 10 10
1.447648 209 172 10 10
1.449648 209 172 10 10
1.451648 209 172 10 10
1.453648 209 172 10 10
1.455648 209 172 10 10
1.457648 209 172 10 10
1.459648 209 172 10 10
1.461648 209 172 10 10
1.463648 209 172 10 10
1.465648 209 172 10 10
1.467648 209 172 10 10
1.469648 209 172 10 10
1.471648 209 172 10 10
1.473648 209 172 10 10
1.475648 209 172 10 10
1.477648 209 172 10 10
1.479648 209 172 10 10
1.481648 209 172 10 10
1.483648 209 172 10 10
1.485648 209 172 10 10
1.487648 209 172 10 10
1.489648 209 171 10 10
1.491648 209 171 10 10
1.493648 209 171 10 10
1.495648 209 171 10 10
1.497648 209 171 10 10
1.499648 209 171 10 10
1.501648 209 171 10 10
1.503648 209 171 10 10
1.505648 210 171 10 10
1.507648 210 171 10 10
1.509648 210 171 10 10
1.511648 210 171 10 10
1.513648 210 171 10 10
1.515648 210 171 10 10
1.517648 210 171 10 10
1.519648 210 171 10 10
1.521648 211 171 10 10
1.523648 211 171 10 10
1.525648 211 171 10 10
1.527648 211 171 10 10
1.529648 211 171 10 10
1.531648 211 171 10 10
1.533648 211 171 10 10
1.535648 211 171 10 10
1.537648 212 171 10 10
1.539648 212 171 10 10
1.541648 212 171 10 10
1.543648 212 171 10 10
1.545648 212 171 10 10
1.547648 212 171 10 10
1.549648 212 171 10 10
1.551648 212 171 10 10
1.553648 212 171 10 10
1.555648 212 171 10 10
1.557648 212 171 10 10
1.559648 212 171 10 10
1.561648 212 171 10 10
1.563648 212 171 10 10
1.565648 212 171 10 10
1.567648 212 171 10 10
1.569648 212 171 10 10
1.571648 212 171 10 10
1.573648 212 171 10 10
1.575648 212 171 10 10
1.577648 212 171 10 10
1.579648 212 171 10 10
1.581648 212 171 10 10
1.583648 212 171 10 10
1.585648 211 171 10 10
1.587648 211 171 10 10
1.589648 211 171 10 10
1.591648 211 171 10 10
1.593648 211 171 10 10
1.595648 211 171 10 10
1.597648 211 171 10 10
1.599648 211 171 10 10
1.601648 211 171 10 10
1.603648 211 171 10 10
1.605648 211 171 10 10
1.607648 211 171 10 10
1.609648 211 171 10 10
1.611648 211 171 10 10
1.613648 211 171 10 10
1.615648 211 171 10 10
1.617648 211 171 10 10
1.619648 211 171 10 10
1.621648 211 171 10 10
1.623648 211 171 10 10
1.625648 211 171 10 10
1.627648 211 171 10 10
1.629648 211 171 10 10
1.631648 211 171 10 10
1.633648 211 171 10 10
1.635648 211 171 10 10
1.637648 211 171 10 10
1.639648 211 171 10 10
1.641648 211 171 10 10
1.643648 211 171 10 10
1.645648 211 171 10 10
1.647648 211 171 10 10
1.649648 211 171 10 10
1.651648 211 171 10 10
1.653648 211 171 10 10
1.655648 211 171 10 10
1.657648 211 171 10 10
1.659648 211 171 10 10
1.661648 211 171 10 10
1.663648 211 171 10 10
1.665648 211 171 10 10
1.667648 211 171 10 10
1.669648 211 171 10 10
1.671648 211 171 10 10
1.673648 211 171 10 10
1.675648 211 171 10 10
1.677648 211 171 10 10
1.679648 211 171 10 10
1.681648 212 171 10 10
1.683648 212 171 10 10
1.685648 212 171 10 10
1.687648 212 171 10 10
1.689648 212 171 10 10
1.691648 212 171 10 10
1.693648 212 171 10 10
1.695648 212 171 10 10
1.697648 212 171 10 10
1.699648 212 171 10 10
1.701648 212 171 10 10
1.703648 212 171 10 10
1.705648 212 171 10 10
1.707648 212 171 10 10
1.709648 212 171 10 10
1.711648 212 171 10 10
1.713648 212 172 10 10
1.715648 212 172 10 10
1.717648 212 172 10 10
1.719648 212 172 10 10
1.721648 212 172 10 10
1.723648 212 172 10 10
1.725648 212 172 10 10
1.727648 212 172 10 10
1.729648 212 172 10 10
1.731648 212 172 10 10
1.733648 212 172 10 10
1.735648 212 172 10 10
1.737648 212 172 10 10
1.739648 212 172 10 10
1.741648 212 172 10 10
1.743648 212 172 10 10
1.745648 212 172 10 10
1.747648 212 172 10 10
1.749648 212 172 10 10
1.751648 212 172 10 10
1.753648 212 172 10 10
1.755648 212 172 10 10
1.757648 212 172 10 10
1.759648 212 172 10 10
1.761648 212 172 10 10
1.763648 212 172 10 10
1.765648 212 172 10 10
1.767648 212 172 10 10
1.769648 212 172 10 10
1.771648 212 172 10 10
1.773648 212 172 10 10
1.775648 212 172 10 10
1.777648 212 172 10 10
1.779648 212 172 10 10
1.781648 212 172 10 10
1.783648 212 172 10 10
1.785648 212 172 10 10
1.787648 212 172 10 10
1.789648 212 172 10 10
1.791648 212 172 10 10
1.793648 212 172 10 10
1.795648 212 172 10 10
1.797648 212 172 10 10
1.799648 212 172 10 10
1.801648 212 172 10 10
1.803648 212 172 10 10
1.805648 212 172 10 10
1.807648 212 172 10 10
1.809648 212 172 10 10
1.811648 212 172 10 10
1.813648 212 172 10 10
1.815648 212 172 10 10
1.817648 212 172 10 10
1.819648 212 172 10 10
1.821648 212 172 10 10
1.823648 212 172 10 10
1.825648 212 172 10 10
1.827648 212 172 10 10
1.829648 212 172 10 10
1.831648 212 172 10 10
1.833648 212 172 10 10
1.835648 212 172 10 10
1.837648 212 172 10 10
1.839648 212 172 10 10
1.841648 213 172 10 10
1.843648 213 172 10 10
1.845648 213 172 10 10
1.847648 213 172 10 10
1.849648 213 172 10 10
1.851648 213 172 10 10
1.853648 213 172 10 10
1.855648 213 172 10 10
1.857648 213 172 10 10
1.859648 213 172 10 10
1.861648 213 172 10 10
1.863648 213 172 10 10
1.865648 213 172 10 10
1.867648 213 172 10 10
1.869648 213 172 10 10
1.871648 213 172 10 10
1.873648 213 172 10 10
1.875648 213 172 10 10
1.877648 213 172 10 10
1.879648 213 172 10 10
1.881648 213 172 10 10
1.883648 213 172 10 10
1.885648 213 172 10 10
1.887648 213 172 10 10
1.889648 213 172 10 10
1.891648 213 172 10 10
1.893648 213 172 10 10
1.895648 213 172 10 10
1.897648 213 172 10 10
1.899648 213 172 10 10
1.901648 213 172 10 10
1.903648 213 172 10 10
1.905648 212 172 10 10
1.907648 212 172 10 10
1.909648 212 172 10 10
1.911648 212 172 10 10
1.913648 212 172 10 10
1.915648 212 172 10 10
1.917648 212 172 10 10
1.919648 212 172 10 10
1.921648 212 172 10 10
1.923648 212 172 10 10
1.925648 212 172 10 10
1.927648 212 172 10 10
1.929648 212 172 10 10
1.931648 212 172 10 10
1.933648 212 172 10 10
1.935648 212 172 10 10
1.937648 212 172 10 10
1.939648 212 172 10 10
1.941648 212 172 10 10
1.943648 212 172 10 10
1.945648 212 172 10 10
1.947648 212 172 10 10
1.949648 212 172 10 10
1.951648 212 172 10 10
1.953648 212 172 10 10
1.955648 212 172 10 10
1.957648 212 172 10 10
1.959648 212 172 10 10
1.961648 212 172 10 10
1.963648 212 172 10 10
1.965648 212 172 10 10
1.967648 212 172 10 10
1.969648 212 172 10 10
1.971648 212 172 10 10
1.973648 212 172 10 10
1.975648 212 172 10 10
1.977648 212 172 10 10
1.979648 212 172 10 10
1.981648 212 172 10 10
1.983648 212 172 10 10
1.985648 212 172 10 10
1.987648 212 172 10 10
1.989648 212 172 10 10
1.991648 212 172 10 10
1.993648 212 172 10 10
1.995648 212 172 10 10
1.997648 212 172 10 10
1.999648 212 172 10 10
2.001648 211 172 10 10
2.003648 211 172 10 10
2.005648 211 172 10 10
2.007648 211 172 10 10
2.009648 211 172 10 10
2.011648 211 172 10 10
2.013648 211 172 10 10
2.015648 211 172 10 10
2.017648 211 172 10 10
2.019648 211 172 10 10
2.021648 211 172 10 10
2.023648 211 172 10 10
2.025648 211 172 10 10
2.027648 211 172 10 10
2.029648 211 172 10 10
2.031648 211 172 10 10
2.033648 211 172 10 10
2.035648 211 172 10 10
2.037648 211 172 10 10
2.039648 211 172 10 10
2.041648 211 172 10 10
2.043648 211 172 10 10
2.045648 211 172 10 10
2.047648 211 172 10 10
2.049648 211 172 10 10
2.051648 211 172 10 10
2.053648 211 172 10 10
2.055648 211 172 10 10
2.057648 211 172 10 10
2.059648 211 172 10 10
2.061648 211 172 10 10
2.063648 211 172 10 10
2.065648 211 172 10 10
2.067648 211 172 10 10
2.069648 211 172 10 10
2.071648 211 172 10 10
2.073648 211 172 10 10
2.075648 211 172 10 10
2.077648 211 172 10 10
2.079648 211 172 10 10
2.081648 211 172 10 10
2.083648 211 172 10 10
2.085648 211 172 10 10
2.087648 211 172 10 10
2.089648 211 172 10 10
2.091648 211 172 10 10
2.093648 211 172 10 10
2.095648 211 172 10 10
2.097648 211 172 10 10
2.099648 211 172 10 10
2.101648 211 172 10 10
2.103648 211 172 10 10
2.105648 211 172 10 10
2.107648 211 172 10 10
2.109648 211 172 10 10
2.111648 211 172 10 10
2.113648 211 172 10 10
2.115648 211 172 10 10
2.117648 211 172 10 10
2.119648 211 172 10 10
2.121648 211 172 10 10
2.123648 211 172 10 10
2.125648 211 172 10 10
2.127648 211 172 10 10
2.129648 211 172 10 10
2.131648 211 172 10 10
2.133648 211 172 10 10
2.135648 211 172 10 10
2.137648 211 172 10 10
2.139648 211 172 10 10
2.141648 211 172 10 10
2.143648 211 172 10 10
2.145648 211 172 10 10
2.147648 211 172 10 10
2.149648 211 172 10 10
2.151648 211 172 10 10
2.153648 211 172 10 10
2.155648 211 172 10 10
2.157648 211 172 10 10
2.159648 211 172 10 10
2.161648 211 172 10 10
2.163648 211 172 10 10
2.165648 211 172 10 10
2.167648 211 172 10 10
2.169648 211 172 10 10
2.171648 211 172 10 10
2.173648 211 172 10 10
2.175648 211 172 10 10
2.177648 211 172 10 10
2.179648 211 172 10 10
2.181648 211 172 10 10
2.183648 211 172 10 10
2.185648 211 172 10 10
2.187648 211 172 10 10
2.189648 211 172 10 10
2.191648 211 172 10 10
2.193648 211 172 10 10
2.195648 211 172 10 10
2.197648 211 172 10 10
2.199648 211 172 10 10
2.201648 211 172 10 10
2.203648 211 172 10 10
2.205648 211 172 10 10
2.207648 211 172 10 10
2.209648 211 172 10 10
2.211648 211 172 10 10
2.213648 211 172 10 10
2.215648 211 172 10 10
2.217648 211 172 10 10
2.219648 211 172 10 10
2.221648 211 172 10 10
2.223648 211 172 10 10
2.225648 211 172 10 10
2.227648 211 172 10 10
2.229648 211 172 10 10
2.231648 211 172 10 10
2.233648 211 172 10 10
2.235648 211 172 10 10
2.237648 211 172 10 10
2.239648 211 172 10 10
2.241648 211 172 10 10
2.243648 211 172 10 10
2.245648 211 172 10 10
2.247648 211 172 10 10
2.249648 211 172 10 10
2.251648 211 172 10 10
2.253648 211 172 10 10
2.255648 211 172 10 10
2.257648 211 172 10 10
2.259648 211 172 10 10
2.261648 211 172 10 10
2.263648 211 172 10 10
2.265648 211 172 10 10
2.267648 211 172 10 10
2.269648 211 172 10 10
2.271648 211 172 10 10
2.273648 211 172 10 10
2.275648 211 172 10 10
2.277648 211 172 10 10
2.279648 211 172 10 10
2.281648 211 172 10 10
2.283648 211 172 10 10
2.285648 211 172 10 10
2.287648 211 172 10 10
2.289648 211 172 10 10
2.291648 211 172 10 10
2.293648 211 172 10 10
2.295648 211 172 10 10
2.297648 211 172 10 10
2.299648 211 172 10 10
2.301648 211 172 10 10
2.303648 211 172 10 10
2.305648 211 172 10 10
2.307648 211 172 10 10
2.309648 211 172 10 10
2.311648 211 172 10 10
2.313648 211 172 10 10
2.315648 211 172 10 10
2.317648 211 172 10 10
2.319648 211 172 10 10
2.321648 211 172 10 10
2.323648 211 172 10 10
2.325648 211 172 10 10
2.327648 211 172 10 10
2.329648 211 172 10 10
2.331648 211 172 10 10
2.333648 211 172 10 10
2.335648 211 172 10 10
2.337648 211 172 10 10
2.339648 211 172 10 10
2.341648 211 172 10 10
2.343648 211 172 10 10
2.345648 211 172 10 10
2.347648 211 172 10 10
2.349648 211 172 10 10
2.351648 211 172 10 10
2.353648 211 172 10 10
2.355648 211 172 10 10
2.357648 211 172 10 10
2.359648 211 172 10 10
2.361648 211 172 10 10
2.363648 211 172 10 10
2.365648 211 172 10 10
2.367648 211 172 10 10
2.369648 211 172 10 10
2.371648 211 172 10 10
2.373648 211 172 10 10
2.375648 211 172 10 10
2.377648 211 172 10 10
2.379648 211 172 10 10
2.381648 211 172 10 10
2.383648 211 172 10 10
2.385648 211 172 10 10
2.387648 211 172 10 10
2.389648 211 172 10 10
2.391648 211 172 10 10
2.393648 211 172 10 10
2.395648 211 172 10 10
2.397648 211 172 10 10
2.399648 211 172 10 10
2.401648 211 172 10 10
2.403648 211 172 10 10
2.405648 211 172 10 10
2.407648 211 172 10 10
2.409648 211 172 10 10
2.411648 211 172 10 10
2.413648 211 172 10 10
2.415648 211 172 10 10
2.417648 211 172 10 10
2.419648 211 172 10 10
2.421648 211 172 10 10
2.423648 211 172 10 10
2.425648 211 172 10 10
2.427648 211 172 10 10
2.429648 211 172 10 10
2.431648 211 172 10 10
2.433648 211 172 10 10
2.435648 211 172 10 10
2.437648 211 172 10 10
2.439648 211 172 10 10
2.441648 211 172 10 10
2.443648 211 172 10 10
2.445648 211 172 10 10
2.447648 211 172 10 10
2.449648 211 172 10 10
2.451648 211 172 10 10
2.453648 211 172 10 10
2.455648 211 172 10 10
2.457648 211 172 10 10
2.459648 211 172 10 10
2.461648 211 172 10 10
2.463648 211 172 10 10
2.465648 211 172 10 10
2.467648 211 172 10 10
2.469648 211 172 10 10
2.471648 211 172 10 10
2.473648 211 172 10 10
2.475648 211 172 10 10
2.477648 211 172 10 10
2.479648 211 172 10 10
2.481648 211 172 10 10
2.483648 211 172 10 10
2.485648 211 172 10 10
2.487648 211 172 10 10
2.489648 211 172 10 10
2.491648 211 172 10 10
2.493648 211 172 10 10
2.495648 211 172 10 10
2.497648 211 172 10 10
2.499648 211 172 10 10
2.501648 211 172 10 10
2.503648 211 172 10 10
2.505648 211 172 10 10
2.507648 211 172 10 10
2.509648 211 172 10 10
2.511648 211 172 10 10
2.513648 211 172 10 10
2.515648 211 172 10 10
2.517648 211 172 10 10
2.519648 211 172 10 10
2.521648 211 172 10 10
2.523648 211 172 10 10
2.525648 211 172 10 10
2.527648 211 172 10 10
2.529648 211 172 10 10
2.531648 211 172 10 10
2.533648 211 172 10 10
2.535648 211 172 10 10
2.537648 211 172 10 10
2.539648 211 172 10 10
2.541648 211 172 10 10
2.543648 211 172 10 10
2.545648 211 172 10 10
2.547648 211 172 10 10
2.549648 211 172 10 10
2.551648 211 172 10 10
2.553648 211 172 10 10
2.555648 211 172 10 10
2.557648 211 172 10 10
2.559648 211 172 10 10
2.561648 211 172 10 10
2.563648 211 172 10 10
2.565648 211 172 10 10
2.567648 211 172 10 10
2.569648 211 172 10 10
2.571648 211 172 10 10
2.573648 211 172 10 10
2.575648 211 172 10 10
2.577648 211 172 9 9
2.579648 211 172 9 9
2.581648 211 172 9 9
2.583648 211 172 9 9
2.585648 211 172 9 9
2.587648 211 172 9 9
2.589648 211 172 8 8
2.591648 211 172 8 8
2.593648 211 172 8 8
2.595648 211 172 8 8
2.597648 211 172 8 8
2.599648 211 173 8 8
2.601648 211 173 8 8
2.603648 211 173 7 7
2.605648 211 173 7 7
2.607648 211 173 7 7
2.609648 212 173 7 7
2.611648 212 173 7 7
2.613648 212 173 7 7
2.615648 212 173 6 6
2.617648 212 173 6 6
2.619648 212 174 6 6
2.621648 212 174 6 6
2.623648 212 174 6 6
2.625648 212 174 6 6
2.627648 212 174 6 6
2.629648 212 174 5 5
2.631648 212 174 5 5
2.633648 212 174 5 5
2.635648 212 174 5 5
2.637648 212 174 5 5
2.639648 212 174 5 5
2.641648 212 174 5 5
2.643648 212 174 5 5
2.645648 212 174 5 5
2.647648 212 174 5 5
2.649648 212 174 5 5
2.651648 212 174 5 5
2.653648 212 174 5 5
2.655648 212 174 5 5
2.657648 212 174 5 5
2.659648 212 174 5 5
2.661648 212 174 5 5
2.663648 212 174 5 5
2.665648 212 174 5 5
2.667648 212 174 5 5
2.669648 212 174 5 5
2.671648 212 174 5 5
2.673648 212 174 6 5
2.675648 212 174 6 5
2.677648 212 174 6 5
2.679648 212 174 6 5
2.681648 212 174 6 5
2.683648 212 174 6 5
2.685648 212 174 6 5
2.687648 212 174 6 5
2.689648 212 174 6 5
2.691648 212 174 6 5
2.693648 212 174 6 5
2.695648 212 174 6 5
2.697648 212 174 6 5
2.699648 212 174 6 5
2.701648 212 174 6 5
2.703648 212 174 6 5
2.705648 212 174 7 6
2.707648 212 174 7 6
2.709648 212 174 7 6
2.711648 212 174 7 6
2.713648 212 174 7 6
2.715648 212 174 7 6
2.717648 212 174 7 6
2.719648 212 174 7 6
2.721648 212 174 7 6
2.723648 212 174 7 6
2.725648 212 174 7 6
2.727648 212 174 7 6
2.729648 212 174 7 6
2.731648 212 174 7 6
2.733648 212 174 7 6
2.735648 212 174 7 6
2.737648 212 174 7 6
2.739648 212 174 7 6
2.741648 212 174 7 6
2.743648 212 174 7 6
2.745648 212 174 7 6
2.747648 212 174 7 6
2.749648 212 174 7 6
2.751648 212 174 7 6
2.753648 212 174 7 6
2.755648 212 174 7 6
2.757648 212 174 7 6
2.759648 212 174 7 6
2.761648 212 174 7 6
2.763648 212 174 7 6
2.765648 212 174 7 6
2.767648 212 174 7 6
2.769648 211 174 8 7
2.771648 211 174 8 7
2.773648 211 174 8 7
2.775648 211 174 8 7
2.777648 211 174 8 7
2.779648 211 174 8 7
2.781648 211 174 8 7
2.783648 211 174 8 7
2.785648 211 174 8 7
2.787648 211 174 8 7
2.789648 211 174 8 7
2.791648 211 174 8 7
2.793648 211 174 8 7
2.795648 211 174 8 7
2.797648 211 174 8 7
2.799648 211 174 8 7
2.801648 211 174 8 7
2.803648 211 174 8 7
2.805648 211 174 8 7
2.807648 211 174 8 7
2.809648 211 174 8 7
2.811648 211 174 8 7
2.813648 211 174 8 7
2.815648 211 174 8 7
2.817648 211 174 8 7
2.819648 211 174 8 7
2.821648 211 174 8 7
2.823648 211 174 8 7
2.825648 211 174 8 7
2.827648 211 174 8 7
2.829648 211 174 8 7
2.831648 211 174 8 7
2.833648 210 174 7 6
2.835648 210 174 7 6
2.837648 210 174 7 6
2.839648 210 174 7 6
2.841648 210 174 7 6
2.843648 209 174 7 6
2.845648 209 174 7 6
2.847648 209 174 7 6
2.849648 209 174 7 6
2.851648 208 174 7 6
2.853648 208 174 7 6
2.855648 208 174 7 5
2.857648 208 174 7 5
2.859648 208 174 7 5
2.861648 207 174 7 5
2.863648 207 174 7 5
2.865648 207 174 7 5
2.867648 207 174 7 5
2.869648 206 174 7 5
2.871648 206 174 7 5
2.873648 206 174 7 5
2.875648 206 174 7 4
2.877648 206 174 7 4
2.879648 205 174 7 4
2.881648 205 174 7 4
2.883648 205 174 7 4
2.885648 205 174 7 4
2.887648 205 174 7 4
2.889648 204 174 7 4
2.891648 204 174 7 4
2.893648 204 174 7 4
2.895648 204 174 7 4
2.897648 203 174 7 4
2.899648 203 174 7 4
2.901648 203 174 7 4
2.903648 203 174 7 4
2.905648 202 174 7 4
2.907648 202 174 7 5
2.909648 202 174 7 5
2.911648 202 174 7 5
2.913648 201 174 7 5
2.915648 201 174 7 5
2.917648 201 174 7 5
2.919648 201 174 8 6
2.921648 200 174 8 6
2.923648 200 174 8 6
2.925648 200 174 8 6
2.927648 200 174 8 6
2.929648 199 173 8 7
2.931648 199 173 8 7
2.933648 199 173 8 7
2.935648 199 173 8 7
2.937648 198 173 8 7
2.939648 198 173 9 8
2.941648 198 173 9 8
2.943648 198 173 9 8
2.945648 197 173 9 8
2.947648 197 173 9 8
2.949648 197 173 9 8
2.951648 197 173 9 9
2.953648 196 173 9 9
2.955648 196 173 9 9
2.957648 196 173 9 9
2.959648 196 173 9 9
2.961648 195 173 10 10
2.963648 195 173 10 10
2.965648 195 173 10 10
2.967648 195 173 10 10
2.969648 195 173 10 10
2.971648 195 173 10 10
2.973648 195 173 10 10
2.975648 194 173 10 10
2.977648 194 173 10 10
2.979648 194 173 10 10
2.981648 194 173 10 10
2.983648 194 173 10 10
2.985648 194 173 10 10
2.987648 193 173 10 10
2.989648 193 173 10 10
2.991648 193 173 10 10
2.993648 193 173 10 10
2.995648 193 173 10 10
2.997648 193 173 10 10
2.999648 192 173 10 10
3.001648 192 173 10 10
3.003648 192 173 10 10
3.005648 192 173 10 10
3.007648 192 173 10 10
3.009648 192 173 10 10
3.011648 192 173 10 10
3.013648 191 173 10 10
3.015648 191 173 10 10
3.017648 191 173 10 10
3.019648 191 173 10 10
3.021648 191 173 10 10
3.023648 191 173 10 10
3.025648 190 172 10 10
3.027648 190 172 10 10
3.029648 190 172 10 10
3.031648 190 172 10 10
3.033648 190 172 10 10
3.035648 189 172 10 10
3.037648 189 172 10 10
3.039648 189 172 10 10
3.041648 189 172 10 10
3.043648 188 172 10 10
3.045648 188 172 10 10
3.047648 188 172 10 10
3.049648 188 172 10 10
3.051648 188 172 10 10
3.053648 187 172 10 10
3.055648 187 172 10 10
3.057648 187 172 10 10
3.059648 187 172 10 10
3.061648 186 172 10 10
3.063648 186 172 10 10
3.065648 186 172 10 10
3.067648 186 172 10 10
3.069648 186 172 10 10
3.071648 185 172 10 10
3.073648 185 172 10 10
3.075648 185 172 10 10
3.077648 185 172 10 10
3.079648 185 172 10 10
3.081648 184 172 10 10
3.083648 184 172 10 10
3.085648 184 172 10 10
3.087648 184 172 10 10
3.089648 183 172 10 10
3.091648 183 172 10 10
3.093648 183 172 10 10
3.095648 183 172 10 10
3.097648 183 172 10 10
3.099648 183 172 10 10
3.101648 182 172 10 10
3.103648 182 172 10 10
3.105648 182 172 10 10
3.107648 182 172 10 10
3.109648 182 172 10 10
3.111648 181 172 10 10
3.113648 181 172 10 10
3.115648 181 172 10 10
3.117648 181 172 10 10
3.119648 181 172 10 10
3.121648 180 172 10 10
3.123648 180 172 10 10
3.125648 180 172 10 10
3.127648 180 172 10 10
3.129648 180 172 10 10
3.131648 180 172 10 10
3.133648 179 172 10 10
3.135648 179 172 10 10
3.137648 179 172 10 10
3.139648 179 172 10 10
3.141648 179 172 10 10
3.143648 178 172 10 10
3.145648 178 172 10 10
3.147648 178 172 10 10
3.149648 178 172 10 10
3.151648 178 172 10 10
3.153648 177 172 9 9
3.155648 177 172 9 9
3.157648 177 172 9 9
3.159648 177 172 9 9
3.161648 177 172 9 9
3.163648 177 172 9 9
3.165648 177 172 9 9
3.167648 176 172 9 8
3.169648 176 172 9 8
3.171648 176 172 9 8
3.173648 176 172 9 8
3.175648 176 172 8 8
3.177648 176 172 8 8
3.179648 175 172 8 7
3.181648 175 172 8 7
3.183648 175 172 8 7
3.185648 175 173 8 7
3.187648 175 173 8 7
3.189648 175 173 8 7
3.191648 174 173 8 6
3.193648 174 173 8 6
3.195648 174 173 8 6
3.197648 174 173 7 6
3.199648 174 173 7 6
3.201648 174 173 7 6
3.203648 174 173 7 6
3.205648 173 173 7 5
3.207648 173 173 7 5
3.209648 173 173 7 5
3.211648 173 173 7 5
3.213648 173 173 7 5
3.215648 173 173 7 5
3.217648 172 173 7 5
3.219648 172 173 7 5
3.221648 172 173 7 5
3.223648 172 173 7 5
3.225648 172 173 7 5
3.227648 171 173 7 5
3.229648 171 173 7 5
3.231648 171 173 7 6
3.233648 171 173 7 6
3.235648 170 173 7 6
3.237648 170 173 7 6
3.239648 170 173 8 6
3.241648 170 173 8 6
3.243648 170 173 8 7
3.245648 169 173 8 7
3.247648 169 173 8 7
3.249648 169 173 8 7
3.251648 169 173 8 7
3.253648 169 173 8 7
3.255648 168 173 8 8
3.257648 168 173 8 8
3.259648 168 173 8 8
3.261648 168 173 9 8
3.263648 167 173 9 8
3.265648 167 173 9 8
3.267648 167 173 9 8
3.269648 167 173 9 9
3.271648 167 173 9 9
3.273648 166 173 9 9
3.275648 166 173 9 9
3.277648 166 173 9 9
3.279648 166 173 9 9
3.281648 165 173 10 10
3.283648 165 173 10 10
3.285648 165 173 10 10
3.287648 165 173 10 10
3.289648 165 173 10 10
3.291648 165 173 10 10
3.293648 165 173 10 10
3.295648 164 173 10 10
3.297648 164 173 10 10
3.299648 164 173 10 10
3.301648 164 173 10 10
3.303648 164 173 10 10
3.305648 164 173 10 10
3.307648 163 173 10 10
3.309648 163 173 10 10
3.311648 163 173 10 10
3.313648 163 173 10 10
3.315648 163 173 10 10
3.317648 163 173 10 10
3.319648 162 173 10 10
3.321648 162 173 10 10
3.323648 162 173 10 10
3.325648 162 173 10 10
3.327648 162 173 10 10
3.329648 162 173 10 10
3.331648 162 173 10 10
3.333648 161 173 10 10
3.335648 161 173 10 10
3.337648 161 173 10 10
3.339648 161 173 10 10
3.341648 161 173 10 10
3.343648 161 173 10 10
3.345648 160 172 10 10
3.347648 160 172 10 10
3.349648 160 172 10 10
3.351648 160 172 10 10
3.353648 160 172 10 10
3.355648 160 172 10 10
3.357648 160 172 10 10
3.359648 159 172 10 10
3.361648 159 172 10 10
3.363648 159 172 10 10
3.365648 159 172 10 10
3.367648 159 172 10 10
3.369648 159 172 10 10
3.371648 158 172 10 10
3.373648 158 172 10 10
3.375648 158 172 10 10
3.377648 158 171 10 10
3.379648 158 171 10 10
3.381648 158 171 10 10
3.383648 157 171 10 10
3.385648 157 171 10 10
3.387648 157 171 10 10
3.389648 157 171 10 10
3.391648 157 171 10 10
3.393648 157 171 10 10
3.395648 157 171 10 10
3.397648 156 171 10 10
3.399648 156 171 10 10
3.401648 156 171 10 10
3.403648 156 171 10 10
3.405648 156 171 10 10
3.407648 156 171 10 10
3.409648 155 171 10 10
3.411648 155 171 10 10
3.413648 155 171 10 10
3.415648 155 171 10 10
3.417648 155 171 10 10
3.419648 155 171 10 10
3.421648 154 171 10 10
3.423648 154 171 10 10
3.425648 154 171 10 10
3.427648 154 171 10 10
3.429648 154 171 10 10
3.431648 153 171 10 10
3.433648 153 171 10 10
3.435648 153 171 10 10
3.437648 153 171 10 10
3.439648 153 171 10 10
3.441648 152 171 10 10
3.443648 152 171 10 10
3.445648 152 171 10 10
3.447648 152 171 10 10
3.449648 152 171 10 10
3.451648 152 171 10 10
3.453648 151 171 10 10
3.455648 151 171 10 10
3.457648 151 171 10 10
3.459648 151 171 10 10
3.461648 151 171 10 10
3.463648 150 171 10 10
3.465648 150 171 10 10
3.467648 150 171 10 10
3.469648 150 171 10 10
3.471648 150 171 10 10
3.473648 149 171 10 10
3.475648 149 171 10 10
3.477648 149 171 10 10
3.479648 149 171 10 10
3.481648 149 171 10 10
3.483648 149 171 10 10
3.485648 149 171 10 10
3.487648 148 171 10 10
3.489648 148 171 10 10
3.491648 148 171 10 10
3.493648 148 171 10 10
3.495648 148 171 10 10
3.497648 148 171 10 10
3.499648 147 171 10 10
3.501648 147 171 10 10
3.503648 147 171 10 10
3.505648 147 171 10 10
3.507648 147 171 10 10
3.509648 147 171 10 10
3.511648 146 171 10 10
3.513648 146 171 10 10
3.515648 146 171 10 10
3.517648 146 171 10 10
3.519648 146 171 10 10
3.521648 146 171 10 10
3.523648 146 171 10 10
3.525648 145 171 10 10
3.527648 145 171 10 10
3.529648 145 171 10 10
3.531648 145 171 10 10
3.533648 145 171 10 10
3.535648 145 171 10 10
3.537648 144 171 10 10
3.539648 144 171 10 10
3.541648 144 171 10 10
3.543648 144 171 10 10
3.545648 144 171 10 10
3.547648 144 171 10 10
3.549648 143 171 10 10
3.551648 143 171 10 10
3.553648 143 171 10 10
3.555648 143 171 10 10
3.557648 143 171 10 10
3.559648 142 171 10 10
3.561648 142 171 10 10
3.563648 142 171 10 10
3.565648 142 171 10 10
3.567648 142 171 10 10
3.569648 141 171 10 10
3.571648 141 171 10 10
3.573648 141 171 10 10
3.575648 141 171 10 10
3.577648 141 171 10 10
3.579648 141 171 10 10
3.581648 140 171 10 10
3.583648 140 171 10 10
3.585648 140 171 10 10
3.587648 140 171 10 10
3.589648 140 171 10 10
3.591648 139 171 10 10
3.593648 139 171 10 10
3.595648 139 171 10 10
3.597648 139 171 10 10
3.599648 139 171 10 10
3.601648 138 170 10 10
3.603648 138 170 10 10
3.605648 138 170 10 10
3.607648 138 170 10 10
3.609648 138 170 10 10
3.611648 138 170 10 10
3.613648 138 170 10 10
3.615648 137 170 10 10
3.617648 137 170 10 10
3.619648 137 170 10 10
3.621648 137 170 10 10
3.623648 137 170 10 10
3.625648 137 170 10 10
3.627648 136 170 10 10
3.629648 136 170 10 10
3.631648 136 170 10 10
3.633648 136 169 10 10
3.635648 136 169 10 10
3.637648 136 169 10 10
3.639648 136 169 10 10
3.641648 135 169 10 10
3.643648 135 169 10 10
3.645648 135 169 10 10
3.647648 135 169 10 10
3.649648 135 169 10 10
3.651648 135 169 10 10
3.653648 134 169 10 10
3.655648 134 169 10 10
3.657648 134 169 10 10
3.659648 134 169 10 10
3.661648 134 169 10 10
3.663648 134 169 10 10
3.665648 133 169 9 9
3.667648 133 169 9 9
3.669648 133 169 9 9
3.671648 133 169 9 9
3.673648 133 169 9 9
3.675648 133 169 9 9
3.677648 133 169 9 9
3.679648 132 169 9 9
3.681648 132 169 8 8
3.683648 132 169 8 8
3.685648 132 169 8 8
3.687648 132 169 8 8
3.689648 132 169 8 8
3.691648 131 169 8 8
3.693648 131 169 8 8
3.695648 131 169 8 8
3.697648 131 170 7 7
3.699648 131 170 7 7
3.701648 131 170 7 7
3.703648 131 170 7 7
3.705648 130 170 7 7
3.707648 130 170 7 7
3.709648 130 170 7 7
3.711648 130 170 7 7
3.713648 130 170 6 6
3.715648 130 170 6 6
3.717648 129 170 6 6
3.719648 129 170 6 6
3.721648 129 170 6 6
3.723648 129 170 6 6
3.725648 129 170 6 6
3.727648 129 170 6 6
3.729648 128 171 6 5
3.731648 128 171 6 5
3.733648 128 171 6 5
3.735648 128 171 6 5
3.737648 128 171 6 5
3.739648 128 171 6 5
3.741648 127 171 6 5
3.743648 127 171 6 5
3.745648 127 171 6 5
3.747648 127 171 6 5
3.749648 127 171 6 5
3.751648 126 171 6 5
3.753648 126 171 6 5
3.755648 126 171 6 5
3.757648 126 171 6 5
3.759648 126 171 6 5
3.761648 125 171 6 5
3.763648 125 171 6 5
3.765648 125 171 6 5
3.767648 125 171 6 5
3.769648 125 171 6 5
3.771648 125 171 6 5
3.773648 124 171 6 5
3.775648 124 171 6 5
3.777648 124 171 6 5
3.779648 124 171 6 5
3.781648 124 171 6 5
3.783648 123 171 6 5
3.785648 123 171 6 5
3.787648 123 171 6 5
3.789648 123 171 6 5
3.791648 123 171 6 5
3.793648 122 172 6 5
3.795648 122 172 6 5
3.797648 122 172 6 5
3.799648 122 172 6 5
3.801648 122 172 6 5
3.803648 122 172 6 5
3.805648 122 172 7 5
3.807648 122 172 7 5
3.809648 122 172 7 5
3.811648 122 172 7 5
3.813648 122 172 7 5
3.815648 122 172 8 5
3.817648 122 172 8 5
3.819648 122 172 8 5
3.821648 122 172 8 5
3.823648 122 172 8 5
3.825648 122 172 9 6
3.827648 122 172 9 6
3.829648 122 172 9 6
3.831648 122 172 9 6
3.833648 122 172 9 6
3.835648 122 172 9 6
3.837648 122 172 10 6
3.839648 122 172 10 6
3.841648 122 172 10 6
3.843648 122 172 10 6
3.845648 122 172 10 6
3.847648 122 172 11 6
3.849648 122 172 11 6
3.851648 122 172 11 6
3.853648 122 172 11 6
3.855648 122 172 11 6
3.857648 122 172 12 7
3.859648 122 172 12 7
3.861648 122 172 12 7
3.863648 123 172 12 7
3.865648 123 172 12 7
3.867648 123 172 12 7
3.869648 124 172 12 7
3.871648 124 172 12 7
3.873648 124 172 12 7
3.875648 125 172 12 7
3.877648 125 172 12 7
3.879648 125 172 12 7
3.881648 126 172 12 7
3.883648 126 172 12 7
3.885648 126 172 12 7
3.887648 127 172 12 7
3.889648 127 172 12 7
3.891648 127 172 12 7
3.893648 128 172 12 7
3.895648 128 172 12 7
3.897648 128 172 12 7
3.899648 129 172 12 7
3.901648 129 172 12 7
3.903648 129 172 12 7
3.905648 130 172 12 7
3.907648 130 172 12 7
3.909648 130 172 12 7
3.911648 131 172 12 7
3.913648 131 172 12 7
3.915648 132 172 12 7
3.917648 132 172 12 7
3.919648 132 172 12 7
3.921648 133 172 12 7
3.923648 133 172 12 7
3.925648 133 172 12 7
3.927648 134 172 12 7
3.929648 134 172 12 7
3.931648 134 172 12 7
3.933648 135 172 12 7
3.935648 135 172 12 7
3.937648 136 172 12 7
3.939648 136 172 12 7
3.941648 136 172 12 7
3.943648 137 172 12 7
3.945648 137 172 12 7
3.947648 137 172 12 7
3.949648 138 172 12 7
3.951648 138 172 12 7
3.953648 139 172 12 7
3.955648 139 172 12 7
3.957648 139 172 12 7
3.959648 140 172 12 7
3.961648 140 172 12 7
3.963648 140 172 12 7
3.965648 141 172 12 7
3.967648 141 172 12 7
3.969648 142 172 12 7
3.971648 142 172 12 7
3.973648 142 172 12 7
3.975648 143 172 12 7
3.977648 143 172 12 7
3.979648 143 172 12 7
3.981648 144 172 12 7
3.983648 144 172 12 7
3.985648 145 173 11 6
3.987648 145 173 11 6
3.989648 145 173 11 6
3.991648 145 173 11 6
3.993648 146 173 11 6
3.995648 146 173 11 6
3.997648 146 173 11 6
3.999648 147 173 11 6
4.001648 147 173 11 6
4.003648 147 173 11 6
4.005648 148 173 11 6
4.007648 148 173 11 6
4.009648 148 173 11 6
4.011648 149 173 11 6
4.013648 149 173 11 6
4.015648 149 173 11 6
4.017648 150 173 10 6
4.019648 150 173 10 6
4.021648 150 173 10 6
4.023648 150 173 10 6
4.025648 151 173 10 6
4.027648 151 173 10 6
4.029648 151 173 10 6
4.031648 152 173 10 6
4.033648 152 173 10 6
4.035648 152 173 10 6
4.037648 153 173 10 6
4.039648 153 173 10 6
4.041648 153 173 10 6
4.043648 154 173 10 6
4.045648 154 173 10 6
4.047648 154 173 10 6
4.049648 155 173 10 6
4.051648 155 173 10 6
4.053648 155 173 10 6
4.055648 155 173 10 6
4.057648 156 173 10 6
4.059648 156 173 10 6
4.061648 156 173 10 6
4.063648 156 173 10 6
4.065648 157 173 10 7
4.067648 157 173 10 7
4.069648 157 173 10 7
4.071648 158 173 10 7
4.073648 158 173 10 7
4.075648 158 173 10 7
4.077648 158 173 10 7
4.079648 159 173 10 7
4.081648 159 173 10 8
4.083648 159 173 10 8
4.085648 160 173 10 8
4.087648 160 173 10 8
4.089648 160 173 10 8
4.091648 160 173 10 8
4.093648 161 173 10 8
4.095648 161 173 10 8
4.097648 161 173 10 9
4.099648 162 173 10 9
4.101648 162 173 10 9
4.103648 162 173 10 9
4.105648 162 173 10 9
4.107648 163 173 10 9
4.109648 163 173 10 9
4.111648 163 173 10 9
4.113648 164 173 10 10
4.115648 164 173 10 10
4.117648 164 173 10 10
4.119648 164 173 10 10
4.121648 165 173 10 10
4.123648 165 173 10 10
4.125648 165 173 10 10
4.127648 165 173 10 10
4.129648 166 173 10 10
4.131648 166 173 10 10
4.133648 166 173 10 10
4.135648 167 173 10 10
4.137648 167 173 10 10
4.139648 167 173 10 10
4.141648 167 173 10 10
4.143648 168 173 10 10
4.145648 168 173 10 10
4.147648 168 173 10 10
4.149648 169 173 10 10
4.151648 169 173 10 10
4.153648 169 173 10 10
4.155648 169 173 10 10
4.157648 170 173 10 10
4.159648 170 173 10 10
4.161648 170 173 10 10
4.163648 171 173 10 10
4.165648 171 173 10 10
4.167648 171 173 10 10
4.169648 171 173 10 10
4.171648 172 173 10 10
4.173648 172 173 10 10
4.175648 172 173 10 10
4.177648 173 173 10 10
4.179648 173 173 10 10
4.181648 173 173 10 10
4.183648 173 173 10 10
4.185648 173 173 10 10
4.187648 174 173 10 10
4.189648 174 173 10 10
4.191648 174 173 10 10
4.193648 174 173 10 10
4.195648 174 173 10 10
4.197648 175 173 10 10
4.199648 175 173 10 10
4.201648 175 173 10 10
4.203648 175 173 10 10
4.205648 176 173 10 10
4.207648 176 173 10 10
4.209648 176 173 10 10
4.211648 176 173 10 10
4.213648 176 173 10 10
4.215648 177 173 10 10
4.217648 177 173 10 10
4.219648 177 173 10 10
4.221648 177 173 10 10
4.223648 178 173 10 10
4.225648 178 173 10 10
4.227648 178 173 10 10
4.229648 178 173 10 10
4.231648 178 173 10 10
4.233648 179 173 10 10
4.235648 179 173 10 10
4.237648 179 173 10 10
4.239648 179 173 10 10
4.241648 180 173 11 10
4.243648 180 173 11 10
4.245648 180 173 11 10
4.247648 180 173 11 10
4.249648 180 173 11 10
4.251648 181 173 11 10
4.253648 181 173 11 10
4.255648 181 173 11 10
4.257648 181 173 11 10
4.259648 181 173 11 10
4.261648 182 173 11 10
4.263648 182 173 11 10
4.265648 182 173 11 10
4.267648 182 173 11 10
4.269648 183 173 11 10
4.271648 183 173 11 10
4.273648 183 173 11 10
4.275648 183 173 11 10
4.277648 183 173 11 10
4.279648 184 173 11 10
4.281648 184 173 11 10
4.283648 184 173 11 10
4.285648 184 173 11 10
4.287648 185 173 11 10
4.289648 185 173 11 10
4.291648 185 173 11 10
4.293648 185 173 11 10
4.295648 185 173 11 10
4.297648 186 173 11 10
4.299648 186 173 11 10
4.301648 186 173 11 10
4.303648 186 173 11 10
4.305648 187 173 10 10
4.307648 187 173 10 10
4.309648 187 173 10 10
4.311648 187 173 10 10
4.313648 188 173 10 10
4.315648 188 173 10 10
4.317648 188 173 10 10
4.319648 188 173 10 10
4.321648 189 173 10 10
4.323648 189 173 10 10
4.325648 189 173 10 10
4.327648 189 173 10 10
4.329648 190 173 10 10
4.331648 190 173 10 10
4.333648 190 173 10 10
4.335648 190 173 10 10
4.337648 191 173 10 10
4.339648 191 173 10 10
4.341648 191 173 10 10
4.343648 191 173 10 10
4.345648 192 173 10 10
4.347648 192 173 10 10
4.349648 192 173 10 10
4.351648 192 173 10 10
4.353648 193 173 10 10
4.355648 193 173 10 10
4.357648 193 173 10 10
4.359648 193 173 10 10
4.361648 194 173 10 10
4.363648 194 173 10 10
4.365648 194 173 10 10
4.367648 194 173 10 10
4.369648 195 174 9 9
4.371648 195 174 9 9
4.373648 195 174 9 9
4.375648 195 174 9 9
4.377648 195 174 9 9
4.379648 195 174 9 9
4.381648 196 174 9 9
4.383648 196 174 9 8
4.385648 196 174 9 8
4.387648 196 174 9 8
4.389648 196 174 9 8
4.391648 197 174 8 8
4.393648 197 174 8 8
4.395648 197 174 8 7
4.397648 197 174 8 7
4.399648 197 174 8 7
4.401648 198 174 8 7
4.403648 198 174 8 7
4.405648 198 174 8 7
4.407648 198 174 8 7
4.409648 198 174 8 6
4.411648 198 174 8 6
4.413648 199 174 7 6
4.415648 199 174 7 6
4.417648 199 174 7 6
4.419648 199 174 7 6
4.421648 199 174 7 5
4.423648 200 174 7 5
4.425648 200 174 7 5
4.427648 200 174 7 5
4.429648 200 174 7 5
4.431648 200 174 7 5
4.433648 201 174 7 5
4.435648 201 174 7 5
4.437648 201 174 7 5
4.439648 201 174 7 5
4.441648 201 174 7 5
4.443648 201 174 7 5
4.445648 201 174 7 5
4.447648 202 174 7 6
4.449648 202 174 7 6
4.451648 202 174 7 6
4.453648 202 174 7 6
4.455648 202 174 8 6
4.457648 202 174 8 6
4.459648 203 174 8 7
4.461648 203 174 8 7
4.463648 203 174 8 7
4.465648 203 174 8 7
4.467648 203 174 8 7
4.469648 203 174 8 7
4.471648 203 174 8 7
4.473648 204 174 8 8
4.475648 204 174 8 8
4.477648 204 174 9 8
4.479648 204 174 9 8
4.481648 204 174 9 8
4.483648 204 174 9 8
4.485648 205 174 9 9
4.487648 205 174 9 9
4.489648 205 174 9 9
4.491648 205 174 9 9
4.493648 205 174 9 9
4.495648 205 174 9 9
4.497648 205 174 9 9
4.499648 206 174 10 10
4.501648 206 174 10 10
4.503648 206 174 10 10
4.505648 206 174 10 10
4.507648 206 174 10 10
4.509648 206 174 10 10
4.511648 207 174 10 10
4.513648 207 174 10 10
4.515648 207 174 10 10
4.517648 207 174 10 10
4.519648 207 174 10 10
4.521648 207 174 10 10
4.523648 208 174 10 10
4.525648 208 174 10 10
4.527648 208 174 10 10
4.529648 208 174 10 10
4.531648 208 174 10 10
4.533648 208 174 10 10
4.535648 208 174 10 10
4.537648 209 174 10 10
4.539648 209 174 10 10
4.541648 209 174 10 10
4.543648 209 174 10 10
4.545648 209 174 10 10
4.547648 209 174 10 10
4.549648 210 174 10 10
4.551648 210 174 10 10
4.553648 210 174 10 10
4.555648 210 174 10 10
4.557648 210 174 10 10
4.559648 210 174 10 10
4.561648 210 174 10 10
4.563648 211 174 9 9
4.565648 211 174 9 9
4.567648 211 174 9 9
4.569648 211 174 9 9
4.571648 211 174 9 9
4.573648 212 174 9 8
4.575648 212 174 9 8
4.577648 212 174 9 8
4.579648 212 174 9 8
4.581648 212 174 9 8
4.583648 213 174 8 7
4.585648 213 174 8 7
4.587648 213 174 8 7
4.589648 213 174 8 7
4.591648 213 174 8 7
4.593648 213 174 8 7
4.595648 214 175 8 6
4.597648 214 175 8 6
4.599648 214 175 8 6
4.601648 214 175 8 6
4.603648 214 175 8 6
4.605648 215 175 7 5
4.607648 215 175 7 5
4.609648 215 175 7 5
4.611648 215 175 7 5
4.613648 215 175 7 5
4.615648 216 175 7 4
4.617648 216 175 7 4
4.619648 216 175 7 4
4.621648 216 175 7 4
4.623648 216 175 7 4
4.625648 216 175 7 4
4.627648 217 175 7 4
4.629648 217 175 7 4
4.631648 217 175 7 4
4.633648 217 175 7 4
4.635648 217 175 7 4
4.637648 217 175 7 4
4.639648 217 175 7 4
4.641648 217 175 7 4
4.643648 217 175 7 4
4.645648 217 175 7 4
4.647648 217 175 8 5
4.649648 217 175 8 5
4.651648 217 175 8 5
4.653648 217 175 8 5
4.655648 217 175 8 5
4.657648 217 175 8 5
4.659648 218 174 8 5
4.661648 218 174 8 5
4.663648 218 174 8 5
4.665648 218 174 8 5
4.667648 218 174 8 5
4.669648 218 174 9 6
4.671648 218 174 9 6
4.673648 218 174 9 6
4.675648 218 174 9 6
4.677648 218 174 9 6
4.679648 218 174 9 6
4.681648 218 174 9 6
4.683648 218 174 9 6
4.685648 218 174 9 6
4.687648 218 174 9 6
4.689648 218 174 9 6
4.691648 219 174 9 6
4.693648 219 174 9 6
4.695648 219 174 9 6
4.697648 219 174 9 6
4.699648 219 174 9 6
4.701648 220 174 9 6
4.703648 220 174 9 6
4.705648 220 174 9 6
4.707648 220 174 9 6
4.709648 220 174 9 6
4.711648 221 174 8 6
4.713648 221 174 8 6
4.715648 221 174 8 6
4.717648 221 174 8 6
4.719648 221 174 8 6
4.721648 221 174 8 6
4.723648 222 174 8 5
4.725648 222 174 8 5
4.727648 222 174 8 5
4.729648 222 174 8 5
4.731648 222 174 8 5
4.733648 223 174 7 5
4.735648 223 174 7 5
4.737648 223 174 7 5
4.739648 223 174 7 5
4.741648 223 174 7 5
4.743648 224 174 7 5
4.745648 224 174 7 5
4.747648 224 174 7 5
4.749648 224 174 7 5
4.751648 224 174 7 5
4.753648 224 174 7 5
4.755648 225 174 7 5
4.757648 225 174 7 5
4.759648 225 174 7 5
4.761648 225 174 7 5
4.763648 225 174 7 5
4.765648 225 174 7 5
4.767648 225 174 7 6
4.769648 225 174 7 6
4.771648 226 174 7 6
4.773648 226 174 7 6
4.775648 226 174 8 6
4.777648 226 174 8 6
4.779648 226 174 8 7
4.781648 226 174 8 7
4.783648 226 174 8 7
4.785648 226 174 8 7
4.787648 227 174 8 7
4.789648 227 174 8 7
4.791648 227 174 8 7
4.793648 227 174 8 8
4.795648 227 174 8 8
4.797648 227 174 9 8
4.799648 227 174 9 8
4.801648 227 174 9 8
4.803648 228 174 9 8
4.805648 228 174 9 9
4.807648 228 174 9 9
4.809648 228 174 9 9
4.811648 228 174 9 9
4.813648 228 174 9 9
4.815648 228 174 9 9
4.817648 228 174 9 9
4.819648 229 174 9 9
4.821648 229 174 9 9
4.823648 229 174 9 9
4.825648 229 174 9 9
4.827648 229 174 9 9
4.829648 229 174 9 9
4.831648 230 174 9 8
4.833648 230 174 9 8
4.835648 230 174 8 8
4.837648 230 174 8 8
4.839648 230 174 8 8
4.841648 230 174 8 8
4.843648 231 174 8 7
4.845648 231 174 8 7
4.847648 231 174 8 7
4.849648 231 174 8 7
4.851648 231 174 7 7
4.853648 231 174 7 7
4.855648 231 174 7 7
4.857648 232 174 7 6
4.859648 232 174 7 6
4.861648 232 174 7 6
4.863648 232 174 7 6
4.865648 232 174 7 6
4.867648 232 174 6 6
4.869648 233 174 6 5
4.871648 233 174 6 5
4.873648 233 174 6 5
4.875648 233 174 6 5
4.877648 233 174 6 5
4.879648 233 174 6 5
4.881648 233 174 6 5
4.883648 234 174 6 5
4.885648 234 174 6 5
4.887648 234 174 6 5
4.889648 234 174 6 5
4.891648 234 174 6 5
4.893648 234 174 6 5
4.895648 234 174 6 6
4.897648 234 174 6 6
4.899648 234 174 7 6
4.901648 234 174 7 6
4.903648 234 174 7 6
4.905648 234 174 7 6
4.907648 234 174 7 7
4.909648 234 174 7 7
4.911648 234 174 7 7
4.913648 234 174 7 7
4.915648 234 174 8 7
4.917648 234 174 8 7
4.919648 234 174 8 7
4.921648 234 174 8 8
4.923648 234 174 8 8
4.925648 234 174 8 8
4.927648 234 174 8 8
4.929648 234 174 8 8
4.931648 234 174 9 8
4.933648 234 174 9 9
4.935648 234 174 9 9
4.937648 234 174 9 9
4.939648 234 174 9 9
4.941648 234 174 9 9
4.943648 234 174 9 9
4.945648 234 174 9 9
4.947648 234 174 10 10
4.949648 234 174 10 10
4.951648 234 174 10 10
4.953648 234 174 10 10
4.955648 234 174 10 10
4.957648 234 174 10 10
4.959648 234 174 10 10
4.961648 234 174 10 10
4.963648 234 174 10 10
4.965648 234 174 10 10
4.967648 233 174 10 10
4.969648 233 174 10 10
4.971648 233 174 10 10
4.973648 233 174 10 10
4.975648 233 174 10 10
4.977648 233 174 10 10
4.979648 233 174 10 10
4.981648 233 174 10 10
4.983648 233 174 10 10
4.985648 233 174 10 10
4.987648 233 174 10 10
4.989648 232 174 10 10
4.991648 232 174 10 10
4.993648 232 174 10 10
4.995648 232 174 10 10
4.997648 232 174 10 10
4.999648 232 174 10 10
5.001648 232 174 10 10
5.003648 232 174 10 10
5.005648 232 174 10 10
5.007648 232 174 10 10
5.009648 232 174 10 10
5.011648 232 174 10 10
5.013648 232 174 10 10
5.015648 232 174 10 10
5.017648 232 174 10 10
5.019648 232 174 10 10
5.021648 232 174 10 10
5.023648 232 174 10 10
5.025648 232 174 10 10
5.027648 232 174 10 10
5.029648 232 174 10 10
5.031648 232 174 10 10
5.033648 232 174 10 10
5.035648 232 174 10 10
5.037648 232 174 10 10
5.039648 232 174 10 10
5.041648 232 174 10 10
5.043648 232 174 10 10
5.045648 232 174 10 10
5.047648 232 174 10 10
5.049648 232 174 10 10
5.051648 232 174 10 10
5.053648 232 174 10 10
5.055648 232 174 10 10
5.057648 232 174 10 10
5.059648 232 174 10 10
5.061648 232 174 10 10
5.063648 232 174 10 10
5.065648 232 174 10 10
5.067648 232 174 10 10
5.069648 232 174 10 10
5.071648 232 174 10 10
5.073648 232 174 10 10
5.075648 232 174 10 10
5.077648 232 174 10 10
5.079648 232 174 10 10
5.081648 232 174 10 10
5.083648 232 174 10 10
5.085648 232 174 10 10
5.087648 232 174 10 10
5.089648 232 174 10 10
5.091648 232 174 10 10
5.093648 232 174 10 10
5.095648 232 174 10 10
5.097648 232 174 10 10
5.099648 232 174 10 10
5.101648 232 174 10 10
5.103648 232 174 10 10
5.105648 232 174 10 10
5.107648 232 174 10 10
5.109648 232 174 10 10
5.111648 232 174 10 10
5.113648 232 174 10 10
5.115648 232 174 10 10
5.117648 232 174 10 10
5.119648 232 174 10 10
5.121648 232 174 10 10
5.123648 232 174 10 10
5.125648 232 174 10 10
5.127648 232 174 10 10
5.129648 232 174 10 10
5.131648 232 174 10 10
5.133648 232 174 10 10
5.135648 232 174 10 10
5.137648 232 174 10 10
5.139648 232 174 9 9
5.141648 232 174 9 9
5.143648 232 174 9 9
5.145648 232 174 9 9
5.147648 232 174 9 9
5.149648 232 174 9 9
5.151648 232 174 8 8
5.153648 232 174 8 8
5.155648 232 174 8 8
5.157648 232 174 8 8
5.159648 232 174 8 8
5.161648 232 174 8 8
5.163648 232 174 7 7
5.165648 232 174 7 7
5.167648 232 174 7 7
5.169648 232 174 7 7
5.171648 232 174 7 7
5.173648 232 174 7 7
5.175648 232 174 7 7
5.177648 232 174 6 6
5.179648 232 174 6 6
5.181648 232 174 6 6
5.183648 232 174 6 6
5.185648 232 174 6 6
5.187648 232 174 6 6
5.189648 232 174 5 5
5.191648 232 174 5 5
5.193648 232 174 5 5
5.195648 232 174 5 5
5.197648 232 174 5 5
5.199648 232 174 5 5
5.201648 232 174 5 5
5.203648 232 174 5 5
5.205648 232 174 5 5
5.207648 232 174 5 5
5.209648 232 174 5 5
5.211648 232 174 5 5
5.213648 232 174 5 5
5.215648 232 174 6 6
5.217648 232 174 6 6
5.219648 232 174 6 6
5.221648 232 174 6 6
5.223648 232 174 6 6
5.225648 232 174 6 6
5.227648 232 174 7 7
5.229648 232 174 7 7
5.231648 232 174 7 7
5.233648 232 174 7 7
5.235648 232 173 7 7
5.237648 232 173 7 7
5.239648 232 173 7 7
5.241648 232 173 8 8
5.243648 232 173 8 8
5.245648 232 173 8 8
5.247648 232 173 8 8
5.249648 232 173 8 8
5.251648 232 173 8 8
5.253648 232 173 9 9
5.255648 232 173 9 9
5.257648 232 173 9 9
5.259648 232 173 9 9
5.261648 232 173 9 9
5.263648 232 173 9 9
5.265648 232 173 9 9
5.267648 231 173 10 10
5.269648 231 173 10 10
5.271648 231 173 10 10
5.273648 231 173 10 10
5.275648 231 173 10 10
5.277648 231 173 10 10
5.279648 231 173 10 10
5.281648 231 173 10 10
5.283648 231 173 10 10
5.285648 231 173 10 10
5.287648 231 173 10 10
5.289648 231 173 10 10
5.291648 231 173 10 10
5.293648 231 173 10 10
5.295648 231 173 10 10
5.297648 231 173 10 10
5.299648 231 173 10 10
5.301648 231 173 10 10
5.303648 231 173 10 10
5.305648 231 173 10 10
5.307648 231 173 10 10
5.309648 231 173 10 10
5.311648 231 173 10 10
5.313648 231 173 10 10
5.315648 231 173 10 10
5.317648 231 173 10 10
5.319648 231 173 10 10
5.321648 231 173 10 10
5.323648 231 173 10 10
5.325648 231 173 10 10
5.327648 231 173 10 10
5.329648 231 173 10 10
5.331648 230 173 10 10
5.333648 230 173 10 10
5.335648 230 173 10 10
5.337648 230 173 10 10
5.339648 230 173 10 10
5.341648 230 173 10 10
5.343648 230 173 10 10
5.345648 230 173 10 10
5.347648 230 173 10 10
5.349648 230 173 10 10
5.351648 230 173 10 10
5.353648 230 173 10 10
5.355648 230 173 10 10
5.357648 230 173 10 10
5.359648 230 173 10 10
5.361648 230 173 10 10
5.363648 230 173 10 10
5.365648 230 173 10 10
5.367648 230 173 10 10
5.369648 230 173 10 10
5.371648 230 173 10 10
5.373648 230 173 10 10
5.375648 230 173 10 10
5.377648 230 173 10 10
5.379648 230 173 10 10
5.381648 230 173 10 10
5.383648 230 173 10 10
5.385648 230 173 10 10
5.387648 230 173 10 10
5.389648 230 173 10 10
5.391648 230 173 10 10
5.393648 230 173 10 10
5.395648 230 173 10 10
5.397648 230 173 10 10
5.399648 230 173 10 10
5.401648 230 173 10 10
5.403648 230 173 10 10
5.405648 230 173 10 10
5.407648 230 173 10 10
5.409648 230 173 10 10
5.411648 230 173 10 10
5.413648 230 173 10 10
5.415648 230 173 10 10
5.417648 230 173 10 10
5.419648 230 173 10 10
5.421648 230 173 10 10
5.423648 230 173 10 10
5.425648 230 173 10 10
5.427648 230 173 10 10
5.429648 230 173 10 10
5.431648 230 173 10 10
5.433648 230 173 10 10
5.435648 230 173 10 10
5.437648 230 173 10 10
5.439648 230 173 10 10
5.441648 230 173 10 10
5.443648 230 173 10 10
5.445648 230 173 10 10
5.447648 230 173 10 10
5.449648 230 173 10 10
5.451648 230 173 10 10
5.453648 230 173 10 10
5.455648 230 173 10 10
5.457648 230 173 10 10
5.459648 230 174 9 9
5.461648 230 174 9 9
5.463648 230 174 9 9
5.465648 230 174 9 9
5.467648 230 174 9 9
5.469648 230 174 9 9
5.471648 230 174 8 8
5.473648 230 174 8 8
5.475648 230 174 8 8
5.477648 230 174 8 8
5.479648 230 174 8 8
5.481648 230 174 8 8
5.483648 230 174 8 8
5.485648 230 174 7 7
5.487648 230 174 7 7
5.489648 230 174 7 7
5.491648 230 174 7 7
5.493648 230 174 7 7
5.495648 230 174 7 7
5.497648 230 174 6 6
5.499648 230 174 6 6
5.501648 230 174 6 6
5.503648 230 174 6 6
5.505648 230 174 6 6
5.507648 230 174 6 6
5.509648 230 174 5 5
5.511648 230 174 5 5
5.513648 230 174 5 5
5.515648 230 174 5 5
5.517648 230 174 5 5
5.519648 230 174 5 5
5.521648 230 174 5 5
5.523648 230 174 5 5
5.525648 230 174 5 5
5.527648 230 174 5 5
5.529648 230 174 5 5
5.531648 230 174 5 5
5.533648 230 174 5 5
5.535648 230 174 5 5
5.537648 230 174 5 5
5.539648 230 174 5 5
5.541648 230 174 5 5
5.543648 230 174 6 5
5.545648 230 174 6 5
5.547648 230 174 6 5
5.549648 230 174 6 5
5.551648 230 174 6 5
5.553648 230 174 6 5
5.555648 229 174 6 6
5.557648 229 174 6 6
5.559648 229 174 6 6
5.561648 229 174 6 6
5.563648 229 174 6 6
5.565648 229 174 7 6
5.567648 229 174 7 6
5.569648 229 174 7 6
5.571648 229 174 7 6
5.573648 229 174 7 6
5.575648 229 174 7 6
5.577648 229 174 7 6
5.579648 229 174 7 6
5.581648 229 174 7 6
5.583648 229 174 7 6
5.585648 229 174 7 6
5.587648 229 174 8 7
5.589648 229 174 8 7
5.591648 229 174 8 7
5.593648 229 174 8 7
5.595648 229 174 8 7
5.597648 229 174 8 7
5.599648 229 174 8 7
5.601648 229 174 8 7
5.603648 229 174 8 7
5.605648 229 174 8 7
5.607648 229 174 8 7
5.609648 229 174 8 7
5.611648 229 174 8 7
5.613648 229 174 8 7
5.615648 229 174 8 7
5.617648 229 174 8 7
5.619648 229 174 8 7
5.621648 229 174 8 7
5.623648 229 174 8 7
5.625648 229 174 8 7
5.627648 229 174 8 7
5.629648 229 174 8 7
5.631648 229 174 8 7
5.633648 229 174 8 7
5.635648 229 174 8 7
5.637648 229 174 8 7
5.639648 229 174 8 7
5.641648 229 174 8 7
5.643648 229 174 8 7
5.645648 229 174 8 7
5.647648 229 174 8 7
5.649648 229 174 8 7
5.651648 230 174 8 7
5.653648 230 174 8 7
5.655648 230 174 8 7
5.657648 230 174 8 7
5.659648 230 174 8 7
5.661648 230 174 8 7
5.663648 230 174 8 7
5.665648 230 174 8 7
5.667648 230 174 8 7
5.669648 230 174 8 7
5.671648 230 174 8 7
5.673648 230 174 8 7
5.675648 230 174 8 7
5.677648 230 174 8 7
5.679648 230 174 8 7
5.681648 230 174 8 7
5.683648 230 174 8 7
5.685648 230 174 8 7
5.687648 230 174 8 7
5.689648 230 174 8 7
5.691648 230 174 8 7
5.693648 230 174 8 7
5.695648 230 174 8 7
5.697648 230 174 8 7
5.699648 230 174 8 7
5.701648 230 174 8 7
5.703648 230 174 8 7
5.705648 230 174 8 7
5.707648 230 174 8 7
5.709648 230 174 8 7
5.711648 230 174 8 7
5.713648 230 174 8 7
5.715648 230 174 8 7
5.717648 230 174 8 7
5.719648 230 174 8 7
5.721648 230 174 8 7
5.723648 230 174 8 7
5.725648 230 174 8 7
5.727648 230 174 8 7
5.729648 230 174 8 7
5.731648 230 174 8 7
5.733648 230 174 8 7
5.735648 230 174 8 7
5.737648 230 174 8 7
5.739648 230 174 8 7
5.741648 230 174 8 7
5.743648 230 174 8 7
5.745648 230 174 8 7
5.747648 230 174 8 7
5.749648 230 174 8 7
5.751648 230 174 8 7
5.753648 230 174 8 7
5.755648 230 174 8 7
5.757648 230 174 8 7
5.759648 230 174 8 7
5.761648 230 174 8 7
5.763648 230 174 8 7
5.765648 230 174 8 7
5.767648 230 174 8 7
5.769648 230 174 8 7
5.771648 230 174 8 7
5.773648 230 174 8 7
5.775648 230 174 8 7
5.777648 230 174 8 7
5.779648 230 174 8 7
5.781648 230 174 8 7
5.783648 230 174 8 7
5.785648 230 174 8 7
5.787648 230 174 8 7
5.789648 230 174 8 7
5.791648 230 174 8 7
5.793648 230 174 8 7
5.795648 230 174 8 7
5.797648 230 174 8 7
5.799648 230 174 8 7
5.801648 230 174 8 7
5.803648 230 174 8 7
5.805648 230 174 8 7
5.807648 230 174 8 7
5.809648 230 174 8 7
5.811648 230 174 8 7
5.813648 230 174 8 7
5.815648 230 174 8 7
5.817648 230 174 8 7
5.819648 230 174 8 7
5.821648 230 174 8 7
5.823648 230 174 8 7
5.825648 230 174 8 7
5.827648 230 174 8 7
5.829648 230 174 8 7
5.831648 230 174 8 7
5.833648 230 174 8 7
5.835648 230 174 8 7
5.837648 230 174 8 7
5.839648 230 174 8 7
5.841648 230 174 8 7
5.843648 229 174 8 7
5.845648 229 174 8 7
5.847648 229 174 8 7
5.849648 229 174 8 7
5.851648 229 174 8 7
5.853648 229 174 8 7
5.855648 229 174 8 7
5.857648 229 174 8 7
5.859648 229 174 8 7
5.861648 229 174 8 7
5.863648 228 174 8 7
5.865648 228 174 8 7
5.867648 228 174 8 7
5.869648 228 174 8 7
5.871648 228 174 8 7
5.873648 228 174 8 7
5.875648 228 174 8 7
5.877648 228 174 8 7
5.879648 228 174 8 7
5.881648 228 174 8 7
5.883648 228 174 8 7
5.885648 227 174 8 7
5.887648 227 174 8 7
5.889648 227 174 8 7
5.891648 227 174 8 7
5.893648 227 174 8 7
5.895648 227 174 8 7
5.897648 227 174 8 7
5.899648 227 174 8 7
5.901648 227 174 8 7
5.903648 227 174 8 7
5.905648 227 174 8 7
5.907648 226 174 8 7
5.909648 226 174 8 7
5.911648 226 174 8 7
5.913648 226 174 8 7
5.915648 226 174 8 7
5.917648 226 174 8 7
5.919648 226 174 8 7
5.921648 226 174 8 7
5.923648 226 174 8 7
5.925648 226 174 8 7
5.927648 226 174 8 7
5.929648 226 174 8 7
5.931648 226 174 8 7
5.933648 226 174 8 7
5.935648 226 174 8 7
5.937648 226 174 8 7
5.939648 225 174 8 7
5.941648 225 174 8 7
5.943648 225 174 8 7
5.945648 225 174 8 7
5.947648 225 174 8 7
5.949648 225 174 8 7
5.951648 225 174 8 7
5.953648 225 174 8 7
5.955648 225 174 8 7
5.957648 225 174 8 7
5.959648 225 174 8 7
5.961648 225 174 8 7
5.963648 225 174 8 7
5.965648 225 174 8 7
5.967648 225 174 8 7
5.969648 225 174 8 7
5.971648 224 173 8 6
5.973648 224 173 8 6
5.975648 224 173 8 6
5.977648 223 173 8 6
5.979648 223 173 8 6
5.981648 223 173 8 6
5.983648 222 173 8 6
5.985648 222 173 8 6
5.987648 222 173 9 6
5.989648 221 173 9 6
5.991648 221 173 9 6
5.993648 221 173 9 6
5.995648 221 173 9 6
5.997648 220 173 9 6
5.999648 220 173 9 6
6.001648 220 173 9 6
6.003648 219 173 10 5
6.005648 219 173 10 5
6.007648 219 173 10 5
6.009648 218 173 10 5
6.011648 218 173 10 5
6.013648 218 173 10 5
6.015648 217 173 10 5
6.017648 217 173 10 5
6.019648 217 173 11 5
6.021648 216 173 11 5
6.023648 216 173 11 5
6.025648 216 173 11 5
6.027648 216 173 11 5
6.029648 215 173 11 5
6.031648 215 173 11 5
6.033648 215 173 11 5
