0.005750 256 119 34 93
0.007750 255 119 34 93
0.009750 255 119 34 93
0.011750 255 119 34 93
0.013750 255 119 34 93
0.015750 255 119 34 93
0.017750 255 119 34 93
0.019750 255 119 34 93
0.021750 255 119 34 93
0.023750 255 119 34 93
0.025750 255 119 34 93
0.027750 255 119 34 93
0.029750 254 119 34 93
0.031750 254 119 34 93
0.033750 254 119 34 93
0.035750 254 119 34 93
0.037750 254 119 34 93
0.039750 254 119 34 93
0.041750 254 119 34 93
0.043750 254 119 34 93
0.045750 254 119 34 93
0.047750 254 119 34 93
0.049750 254 119 34 93
0.051750 254 119 34 93
0.053750 254 118 34 92
0.055750 254 118 34 92
0.057750 254 118 34 92
0.059750 254 118 34 92
0.061750 254 118 34 92
0.063750 254 118 34 92
0.065750 254 118 34 92
0.067750 254 118 34 92
0.069750 254 118 34 92
0.071750 254 118 34 92
0.073750 254 118 34 92
0.075750 254 118 34 92
0.077750 254 118 34 92
0.079750 254 118 34 92
0.081750 254 118 34 92
0.083750 254 118 34 92
0.085750 254 118 34 92
0.087750 254 118 34 92
0.089750 254 118 34 92
0.091750 254 118 34 92
0.093750 254 118 34 92
0.095750 254 118 34 92
0.097750 254 118 34 92
0.099750 254 118 34 92
0.101750 253 118 34 92
0.103750 253 118 34 92
0.105750 253 118 34 92
0.107750 253 118 34 92
0.109750 253 118 34 92
0.111750 253 118 34 92
0.113750 253 118 34 92
0.115750 253 118 34 92
0.117750 253 118 34 92
0.119750 253 118 34 92
0.121750 253 118 34 92
0.123750 253 118 34 92
0.125750 253 118 34 92
0.127750 253 118 34 92
0.129750 253 118 34 92
0.131750 253 118 34 92
0.133750 253 118 34 92
0.135750 253 118 34 92
0.137750 253 118 34 92
0.139750 253 118 34 92
0.141750 253 118 34 92
0.143750 253 118 34 92
0.145750 253 118 34 92
0.147750 253 119 34 91
0.149750 253 119 34 91
0.151750 253 119 34 91
0.153750 253 119 34 91
0.155750 253 119 34 91
0.157750 253 119 34 91
0.159750 253 119 34 91
0.161750 253 119 34 91
0.163750 253 119 34 91
0.165750 253 119 34 91
0.167750 253 119 34 91
0.169750 253 119 34 91
0.171750 253 119 34 90
0.173750 253 119 34 90
0.175750 253 119 34 90
0.177750 253 119 34 90
0.179750 253 119 34 90
0.181750 253 119 34 90
0.183750 253 119 34 90
0.185750 253 119 34 90
0.187750 253 119 34 90
0.189750 253 119 34 90
0.191750 253 119 34 90
0.193750 253 119 34 90
0.195750 253 120 33 90
0.197750 253 120 33 90
0.199750 253 120 33 90
0.201750 253 120 33 90
0.203750 253 120 33 90
0.205750 253 120 33 90
0.207750 253 120 33 90
0.209750 253 120 33 90
0.211750 253 120 33 90
0.213750 253 120 33 90
0.215750 253 120 33 90
0.217750 253 120 33 90
0.219750 253 120 33 91
0.221750 253 120 33 91
0.223750 253 120 33 91
0.225750 253 120 33 91
0.227750 253 120 33 91
0.229750 253 120 33 91
0.231750 253 120 33 91
0.233750 253 120 33 91
0.235750 253 120 33 91
0.237750 253 120 33 91
0.239750 253 120 33 91
0.241750 253 120 33 91
0.243750 253 120 32 91
0.245750 253 120 32 91
0.247750 253 120 32 91
0.249750 253 120 32 91
0.251750 253 120 32 91
0.253750 253 120 32 91
0.255750 253 120 32 91
0.257750 253 120 32 91
0.259750 253 120 32 91
0.261750 253 120 32 91
0.263750 253 120 32 91
0.265750 253 120 32 91
0.267750 253 120 32 91
0.269750 253 120 32 91
0.271750 253 120 32 91
0.273750 253 120 32 91
0.275750 253 120 32 91
0.277750 253 120 32 91
0.279750 253 120 32 91
0.281750 253 120 32 91
0.283750 253 120 32 91
0.285750 253 120 32 91
0.287750 253 120 32 91
0.289750 253 119 31 91
0.291750 253 119 31 91
0.293750 253 119 31 91
0.295750 253 119 31 91
0.297750 253 119 31 91
0.299750 253 119 31 91
0.301750 253 119 31 91
0.303750 253 119 31 91
0.305750 253 119 31 91
0.307750 253 119 31 91
0.309750 253 119 31 91
0.311750 253 119 31 91
0.313750 253 119 30 92
0.315750 253 119 30 92
0.317750 253 119 30 92
0.319750 253 119 30 92
0.321750 253 119 30 92
0.323750 253 119 30 92
0.325750 253 119 30 92
0.327750 253 119 30 92
0.329750 253 119 30 92
0.331750 253 119 30 92
0.333750 253 119 30 92
0.335750 253 119 30 92
0.337750 253 119 30 92
0.339750 253 119 30 92
0.341750 253 119 30 92
0.343750 253 119 30 92
0.345750 253 119 30 92
0.347750 253 119 30 92
0.349750 253 119 30 92
0.351750 253 119 30 92
0.353750 253 119 30 92
0.355750 253 119 30 92
0.357750 253 119 30 92
0.359750 253 119 30 92
0.361750 253 120 30 91
0.363750 253 120 30 91
0.365750 253 120 30 91
0.367750 253 120 30 91
0.369750 253 120 30 91
0.371750 253 120 30 91
0.373750 253 120 30 91
0.375750 253 120 30 91
0.377750 253 120 30 91
0.379750 253 120 30 91
0.381750 253 120 30 91
0.383750 252 120 29 91
0.385750 252 120 29 91
0.387750 252 120 29 91
0.389750 252 120 29 91
0.391750 252 120 29 91
0.393750 252 120 29 91
0.395750 252 120 29 91
0.397750 252 120 29 91
0.399750 252 120 29 91
0.401750 252 120 29 91
0.403750 252 120 29 91
0.405750 252 120 29 91
0.407750 252 120 29 91
0.409750 252 120 29 91
0.411750 252 120 29 91
0.413750 252 120 29 91
0.415750 252 120 29 91
0.417750 252 120 29 91
0.419750 252 120 29 91
0.421750 252 120 29 91
0.423750 252 120 29 91
0.425750 252 120 29 91
0.427750 252 120 29 91
0.429750 252 120 29 91
0.431750 252 119 28 91
0.433750 252 119 28 91
0.435750 252 119 28 91
0.437750 252 119 28 91
0.439750 252 119 28 91
0.441750 252 119 28 91
0.443750 252 119 28 91
0.445750 252 119 28 91
0.447750 252 119 28 91
0.449750 252 119 28 91
0.451750 252 119 28 91
0.453750 252 119 28 91
0.455750 252 119 28 91
0.457750 252 119 28 91
0.459750 252 119 28 91
0.461750 252 119 28 91
0.463750 252 119 28 91
0.465750 252 119 28 91
0.467750 252 119 28 91
0.469750 252 119 28 91
0.471750 252 119 28 91
0.473750 252 119 28 91
0.475750 252 119 28 91
0.477750 252 119 28 91
0.479750 252 119 28 91
0.481750 252 119 28 91
0.483750 252 119 28 91
0.485750 252 119 28 91
0.487750 252 119 28 91
0.489750 252 119 28 91
0.491750 252 119 28 91
0.493750 252 119 28 91
0.495750 252 119 28 91
0.497750 252 119 28 91
0.499750 252 119 28 91
0.501750 252 119 28 91
0.503750 252 119 28 91
0.505750 252 119 28 91
0.507750 252 119 28 91
0.509750 252 119 28 91
0.511750 252 119 28 91
0.513750 252 119 28 91
0.515750 252 119 28 91
0.517750 252 119 28 91
0.519750 252 119 28 91
0.521750 252 119 28 91
0.523750 252 119 28 91
0.525750 252 120 28 91
0.527750 252 120 28 91
0.529750 252 120 28 91
0.531750 252 120 28 91
0.533750 252 120 28 91
0.535750 252 120 28 91
0.537750 252 120 28 91
0.539750 252 120 28 91
0.541750 252 120 28 91
0.543750 252 120 28 91
0.545750 252 120 28 91
0.547750 252 120 28 91
0.549750 252 120 28 91
0.551750 252 120 28 91
0.553750 252 120 28 91
0.555750 252 120 28 91
0.557750 252 120 28 91
0.559750 252 120 28 91
0.561750 252 120 28 91
0.563750 252 120 28 91
0.565750 252 120 28 91
0.567750 252 120 28 91
0.569750 252 120 28 91
0.571750 252 120 28 91
0.573750 252 120 28 90
0.575750 252 120 28 90
0.577750 252 120 28 90
0.579750 252 120 28 90
0.581750 252 120 28 90
0.583750 252 120 28 90
0.585750 252 120 28 90
0.587750 252 120 28 90
0.589750 252 120 27 90
0.591750 252 120 27 90
0.593750 252 120 27 90
0.595750 252 120 27 90
0.597750 252 120 27 90
0.599750 252 120 27 90
0.601750 252 120 27 90
0.603750 252 120 27 90
0.605750 252 120 26 90
0.607750 252 120 26 90
0.609750 252 120 26 90
0.611750 252 120 26 90
0.613750 252 120 26 90
0.615750 252 120 26 90
0.617750 252 120 26 90
0.619750 253 119 26 90
0.621750 253 119 26 90
0.623750 253 119 26 90
0.625750 253 119 26 90
0.627750 253 119 26 90
0.629750 253 119 26 90
0.631750 253 119 26 90
0.633750 253 119 26 90
0.635750 253 119 26 90
0.637750 253 119 26 90
0.639750 253 119 26 90
0.641750 253 119 26 90
0.643750 253 119 26 90
0.645750 253 119 26 90
0.647750 253 119 26 90
0.649750 253 119 26 90
0.651750 253 119 26 90
0.653750 253 119 26 90
0.655750 253 119 26 90
0.657750 253 119 26 90
0.659750 253 119 26 90
0.661750 253 119 26 90
0.663750 253 119 26 90
0.665750 253 119 26 90
0.667750 253 119 26 90
0.669750 253 119 26 90
0.671750 253 119 26 90
0.673750 253 119 26 90
0.675750 253 119 26 90
0.677750 253 119 26 90
0.679750 253 119 26 90
0.681750 253 119 26 90
0.683750 253 119 26 90
0.685750 253 119 26 90
0.687750 253 119 26 90
0.689750 253 119 26 90
0.691750 253 119 27 90
0.693750 253 119 27 90
0.695750 253 119 27 90
0.697750 253 119 27 90
0.699750 253 119 27 90
0.701750 253 119 27 90
0.703750 253 119 27 90
0.705750 253 119 27 90
0.707750 253 119 27 90
0.709750 253 119 27 90
0.711750 253 119 27 90
0.713750 253 119 27 90
0.715750 253 120 28 89
0.717750 253 120 28 89
0.719750 253 120 28 89
0.721750 253 120 28 89
0.723750 253 120 28 89
0.725750 253 120 28 89
0.727750 253 120 28 89
0.729750 253 120 28 89
0.731750 253 120 28 89
0.733750 253 120 28 89
0.735750 253 120 28 89
0.737750 253 120 29 89
0.739750 253 120 29 89
0.741750 253 120 29 89
0.743750 253 120 29 89
0.745750 253 120 29 89
0.747750 253 120 29 89
0.749750 253 120 29 89
0.751750 253 120 29 89
0.753750 253 120 29 89
0.755750 253 120 29 89
0.757750 253 120 29 89
0.759750 253 120 29 89
0.761750 253 120 30 89
0.763750 253 120 30 89
0.765750 253 120 30 89
0.767750 253 120 30 89
0.769750 253 120 30 89
0.771750 253 120 30 89
0.773750 253 120 30 89
0.775750 253 120 30 89
0.777750 253 120 30 89
0.779750 253 120 30 89
0.781750 253 120 30 89
0.783750 253 120 30 89
0.785750 253 120 30 89
0.787750 253 120 30 89
0.789750 253 120 30 89
0.791750 253 120 30 89
0.793750 253 120 30 89
0.795750 253 120 30 89
0.797750 253 120 30 89
0.799750 253 120 30 89
0.801750 253 120 30 89
0.803750 253 120 30 89
0.805750 253 120 30 89
0.807750 253 120 30 89
0.809750 253 120 30 89
0.811750 253 120 30 89
0.813750 253 120 30 89
0.815750 253 120 30 89
0.817750 253 120 30 89
0.819750 253 120 30 89
0.821750 253 120 30 89
0.823750 253 120 30 89
0.825750 253 120 30 89
0.827750 253 120 30 89
0.829750 253 120 30 89
0.831750 253 120 30 89
0.833750 253 120 30 89
0.835750 253 120 30 89
0.837750 253 120 30 89
0.839750 253 120 30 89
0.841750 253 120 30 89
0.843750 253 120 30 89
0.845750 253 120 30 89
0.847750 253 120 30 89
0.849750 253 120 30 89
0.851750 253 120 30 89
0.853750 253 120 30 89
0.855750 254 119 31 89
0.857750 254 119 31 89
0.859750 254 119 31 89
0.861750 254 119 31 89
0.863750 254 119 31 89
0.865750 254 119 31 89
0.867750 254 119 31 89
0.869750 254 119 31 89
0.871750 254 119 31 89
0.873750 254 119 31 89
0.875750 254 119 31 89
0.877750 254 119 31 89
0.879750 254 119 31 89
0.881750 254 119 31 89
0.883750 254 119 31 89
0.885750 254 119 31 89
0.887750 254 119 31 89
0.889750 254 119 31 89
0.891750 254 119 31 89
0.893750 254 119 31 89
0.895750 254 119 31 89
0.897750 254 119 31 89
0.899750 254 119 31 89
0.901750 254 119 31 89
0.903750 255 118 32 89
0.905750 255 118 32 89
0.907750 255 118 32 89
0.909750 255 118 32 89
0.911750 255 118 32 89
0.913750 255 118 32 89
0.915750 255 118 33 89
0.917750 255 118 33 89
0.919750 255 118 33 89
0.921750 255 118 33 89
0.923750 255 118 33 89
0.925750 255 118 33 89
0.927750 255 117 34 90
0.929750 255 117 34 90
0.931750 255 117 34 90
0.933750 255 117 34 90
0.935750 255 117 34 90
0.937750 255 117 34 90
0.939750 255 117 35 90
0.941750 255 117 35 90
0.943750 255 117 35 90
0.945750 255 117 35 90
0.947750 255 117 35 90
0.949750 255 117 35 90
0.951750 256 116 36 91
0.953750 256 116 36 91
0.955750 256 116 36 91
0.957750 256 116 36 91
0.959750 256 116 37 92
0.961750 256 116 37 92
0.963750 256 115 37 92
0.965750 256 115 37 92
0.967750 256 115 37 92
0.969750 256 115 38 93
0.971750 256 115 38 93
0.973750 256 114 38 93
0.975750 256 114 38 93
0.977750 256 114 38 93
0.979750 256 114 39 94
0.981750 256 114 39 94
0.983750 256 114 39 94
0.985750 256 113 39 94
0.987750 256 113 39 94
0.989750 256 113 40 95
0.991750 256 113 40 95
0.993750 256 113 40 95
0.995750 256 113 40 95
0.997750 256 112 41 96
0.999750 256 112 41 96
1.001750 256 112 41 96
1.003750 256 111 41 97
1.005750 256 111 41 97
1.007750 256 110 41 97
1.009750 256 110 41 98
1.011750 256 109 41 98
1.013750 256 109 41 98
1.015750 256 109 41 99
1.017750 256 108 41 99
1.019750 256 108 41 99
1.021750 256 107 42 100
1.023750 256 107 42 100
1.025750 256 106 42 100
1.027750 256 106 42 101
1.029750 256 106 42 101
1.031750 256 105 42 101
1.033750 256 105 42 102
1.035750 256 104 42 102
1.037750 256 104 42 102
1.039750 256 104 42 103
1.041750 256 103 42 103
1.043750 256 103 42 103
1.045750 256 103 43 104
1.047750 256 103 43 104
1.049750 256 103 44 104
1.051750 256 103 44 104
1.053750 256 103 44 104
1.055750 256 103 45 104
1.057750 256 103 45 105
1.059750 256 103 45 105
1.061750 255 103 46 105
1.063750 255 103 46 105
1.065750 255 103 47 105
1.067750 255 103 47 105
1.069750 255 103 47 106
1.071750 255 103 48 106
1.073750 255 103 48 106
1.075750 255 103 48 106
1.077750 254 103 49 106
1.079750 254 103 49 106
1.081750 254 103 50 107
1.083750 254 103 50 107
1.085750 254 103 50 107
1.087750 254 103 51 107
1.089750 254 103 51 107
1.091750 254 104 51 107
1.093750 254 104 51 107
1.095750 254 104 51 107
1.097750 254 104 51 107
1.099750 254 104 51 107
1.101750 254 104 51 107
1.103750 254 104 51 107
1.105750 254 104 51 107
1.107750 255 104 51 107
1.109750 255 104 51 107
1.111750 255 104 51 107
1.113750 255 104 51 107
1.115750 255 104 50 107
1.117750 255 104 50 107
1.119750 255 104 50 107
1.121750 255 104 50 107
1.123750 256 104 50 107
1.125750 256 104 50 107
1.127750 256 104 50 107
1.129750 256 104 50 107
1.131750 256 104 50 107
1.133750 256 104 50 107
1.135750 256 104 50 107
1.137750 256 104 50 107
1.139750 257 105 49 107
1.141750 257 105 49 107
1.143750 257 105 49 107
1.145750 257 105 49 107
1.147750 257 105 49 107
1.149750 257 105 49 107
1.151750 257 105 49 107
1.153750 257 105 49 107
1.155750 257 105 48 107
1.157750 257 105 48 107
1.159750 257 105 48 107
1.161750 257 105 48 107
1.163750 257 105 48 107
1.165750 257 105 48 107
1.167750 257 105 48 107
1.169750 257 105 48 107
1.171750 257 105 47 107
1.173750 257 105 47 107
1.175750 257 105 47 107
1.177750 257 105 47 107
1.179750 257 105 47 107
1.181750 257 105 47 107
1.183750 257 105 47 107
1.185750 257 105 47 107
1.187750 256 105 47 107
1.189750 256 105 47 107
1.191750 256 105 47 107
1.193750 256 105 47 107
1.195750 256 105 47 107
1.197750 256 105 47 107
1.199750 256 105 47 107
1.201750 256 105 47 107
1.203750 256 105 47 107
1.205750 256 105 47 107
1.207750 256 105 47 107
1.209750 256 105 48 107
1.211750 256 105 48 107
1.213750 256 105 48 107
1.215750 256 105 48 107
1.217750 256 105 48 107
1.219750 256 105 48 107
1.221750 256 105 48 107
1.223750 256 105 48 107
1.225750 256 105 48 107
1.227750 256 105 48 107
1.229750 256 105 48 107
1.231750 256 105 48 107
1.233750 256 106 48 107
1.235750 256 106 48 107
1.237750 256 106 48 107
1.239750 256 106 48 107
1.241750 256 106 48 106
1.243750 256 107 47 106
1.245750 256 107 47 106
1.247750 256 107 47 105
1.249750 256 107 47 105
1.251750 256 107 47 105
1.253750 256 108 46 104
1.255750 256 108 46 104
1.257750 256 108 46 104
1.259750 256 108 46 104
1.261750 256 109 45 103
1.263750 256 109 45 103
1.265750 256 109 45 103
1.267750 256 109 45 102
1.269750 256 109 45 102
1.271750 256 110 44 102
1.273750 256 110 44 102
1.275750 256 110 44 101
1.277750 256 110 44 101
1.279750 256 110 44 101
1.281750 257 111 43 100
1.283750 257 111 43 100
1.285750 257 111 43 100
1.287750 257 111 43 100
1.289750 257 111 43 100
1.291750 258 111 43 100
1.293750 258 111 43 100
1.295750 258 111 43 100
1.297750 258 111 42 99
1.299750 259 111 42 99
1.301750 259 111 42 99
1.303750 259 111 42 99
1.305750 259 112 42 99
1.307750 259 112 42 99
1.309750 260 112 42 99
1.311750 260 112 42 99
1.313750 260 112 41 98
1.315750 260 112 41 98
1.317750 260 112 41 98
1.319750 261 112 41 98
1.321750 261 112 41 98
1.323750 261 112 41 98
1.325750 261 112 41 98
1.327750 261 112 41 98
1.329750 262 113 40 97
1.331750 262 113 40 97
1.333750 262 113 40 97
1.335750 263 113 40 97
1.337750 263 113 40 96
1.339750 263 113 39 96
1.341750 263 113 39 96
1.343750 264 113 39 96
1.345750 264 113 39 96
1.347750 264 113 39 95
1.349750 264 113 39 95
1.351750 265 113 38 95
1.353750 265 113 38 95
1.355750 265 113 38 95
1.357750 265 113 38 94
1.359750 266 113 38 94
1.361750 266 113 38 94
1.363750 266 113 37 94
1.365750 266 113 37 93
1.367750 267 113 37 93
1.369750 267 113 37 93
1.371750 267 113 37 93
1.373750 267 113 37 93
1.375750 268 114 36 93
1.377750 268 114 36 93
1.379750 269 114 36 93
1.381750 269 114 35 93
1.383750 270 114 35 93
1.385750 270 114 34 93
1.387750 271 114 34 93
1.389750 271 114 34 93
1.391750 272 114 33 93
1.393750 272 114 33 93
1.395750 273 114 33 93
1.397750 273 114 32 93
1.399750 274 114 32 93
1.401750 274 114 31 93
1.403750 275 114 31 93
1.405750 275 114 31 93
1.407750 276 114 30 93
1.409750 276 114 30 93
1.411750 277 114 29 93
1.413750 277 114 29 93
1.415750 278 114 29 93
1.417750 278 114 28 93
1.419750 279 114 28 93
1.421750 279 114 28 93
1.423750 280 115 27 93
1.425750 280 115 27 93
1.427750 280 115 27 93
1.429750 281 115 27 93
1.431750 281 115 26 93
1.433750 281 115 26 93
1.435750 282 115 26 93
1.437750 282 115 26 93
1.439750 282 115 26 93
1.441750 283 115 25 93
1.443750 283 115 25 93
1.445750 283 115 25 93
1.447750 284 115 25 93
1.449750 284 115 25 93
1.451750 285 115 24 93
1.453750 285 115 24 93
1.455750 285 115 24 93
1.457750 286 115 24 93
1.459750 286 115 24 93
1.461750 286 115 23 93
1.463750 287 115 23 93
1.465750 287 115 23 93
1.467750 287 115 23 93
