0.030429 213 28 133 231
0.032429 212 28 131 230
0.034429 212 28 129 230
0.036429 212 28 128 230
0.038429 212 28 126 230
0.040429 211 28 124 230
0.042429 211 28 123 230
0.044429 211 28 121 230
0.046429 211 28 120 230
0.048429 211 28 118 229
0.050429 211 28 118 229
0.052429 211 28 117 229
0.054429 211 28 117 229
0.056429 211 29 116 228
0.058429 211 29 116 228
0.060429 211 29 115 228
0.062429 211 30 114 227
0.064429 211 30 114 227
0.066429 211 30 113 227
0.068429 212 31 113 227
0.070429 212 31 112 226
0.072429 212 31 112 226
0.074429 212 32 111 226
0.076429 212 32 110 225
0.078429 212 32 110 225
0.080429 212 32 109 225
0.082429 212 33 109 225
0.084429 212 33 108 224
0.086429 212 33 108 224
0.088429 213 34 107 224
0.090429 213 34 107 224
0.092429 213 34 106 223
0.094429 213 35 105 223
0.096429 213 35 105 223
0.098429 213 35 104 222
0.100429 213 36 104 222
0.102429 213 36 103 222
0.104429 213 36 103 222
0.106429 213 36 102 221
0.108429 214 37 102 221
0.110429 214 37 101 221
0.112429 214 37 100 220
0.114429 214 38 100 220
0.116429 214 38 99 220
0.118429 214 38 99 220
0.120429 214 39 98 219
0.122429 214 39 98 219
0.124429 214 39 97 219
0.126429 215 40 96 218
0.128429 215 40 96 218
0.130429 215 40 96 218
0.132429 215 41 95 217
0.134429 215 41 95 217
0.136429 215 41 94 217
0.138429 215 42 94 216
0.140429 215 42 94 216
0.142429 215 42 93 216
0.144429 215 43 93 215
0.146429 215 43 92 215
0.148429 215 43 92 215
0.150429 215 44 92 214
0.152429 216 44 91 214
0.154429 216 45 91 214
0.156429 216 45 90 213
0.158429 216 45 90 213
0.160429 216 46 90 213
0.162429 216 46 89 213
0.164429 216 46 89 212
0.166429 216 47 88 212
0.168429 216 47 88 212
0.170429 216 47 87 211
0.172429 216 48 87 211
0.174429 216 48 87 211
0.176429 216 48 86 210
0.178429 216 49 86 210
0.180429 217 49 85 210
0.182429 217 50 85 209
0.184429 217 50 85 209
0.186429 217 50 84 209
0.188429 217 51 84 208
0.190429 217 51 83 208
0.192429 217 51 83 208
0.194429 217 52 83 207
0.196429 217 52 82 207
0.198429 217 52 82 207
0.200429 217 53 81 206
0.202429 217 53 81 206
0.204429 217 53 81 206
0.206429 217 54 81 205
0.208429 217 54 81 205
0.210429 217 54 81 205
0.212429 216 54 81 205
0.214429 216 54 81 204
0.216429 216 55 81 204
0.218429 215 55 81 204
0.220429 215 55 81 204
0.222429 215 55 81 203
0.224429 214 56 81 203
0.226429 214 56 81 203
0.228429 214 56 81 203
0.230429 213 56 81 203
0.232429 213 56 81 202
0.234429 213 57 81 202
0.236429 212 57 81 202
0.238429 212 57 81 202
0.240429 212 57 81 201
0.242429 211 57 81 201
0.244429 211 58 81 201
0.246429 211 58 81 201
0.248429 210 58 81 200
0.250429 210 58 81 200
0.252429 210 58 81 200
0.254429 209 59 81 200
0.256429 209 59 81 200
0.258429 209 59 81 199
0.260429 208 59 81 199
0.262429 208 59 81 199
0.264429 208 60 81 199
0.266429 207 60 81 198
0.268429 207 60 81 198
0.270429 207 60 81 198
0.272429 206 60 81 198
0.274429 206 61 81 197
0.276429 206 61 81 197
0.278429 205 61 81 197
0.280429 205 61 81 197
0.282429 205 61 81 197
0.284429 204 62 81 196
0.286429 204 62 81 196
0.288429 204 62 81 196
0.290429 204 62 81 196
0.292429 204 62 81 196
0.294429 203 62 81 196
0.296429 203 62 81 196
0.298429 203 62 81 196
0.300429 203 62 81 196
0.302429 203 62 81 196
0.304429 203 63 81 196
0.306429 202 63 81 196
0.308429 202 63 81 196
0.310429 202 63 80 195
0.312429 202 63 80 195
0.314429 202 63 80 195
0.316429 202 63 80 195
0.318429 201 63 80 195
0.320429 201 63 80 195
0.322429 201 64 80 195
0.324429 201 64 80 195
0.326429 201 64 80 195
0.328429 200 64 80 195
0.330429 200 64 80 195
0.332429 200 64 80 195
0.334429 200 64 80 195
0.336429 200 64 79 194
0.338429 200 64 79 194
0.340429 199 64 79 194
0.342429 199 65 79 194
0.344429 199 65 79 194
0.346429 199 65 79 194
0.348429 199 65 79 194
0.350429 198 65 79 194
0.352429 198 65 79 194
0.354429 198 65 79 194
0.356429 198 65 79 194
0.358429 198 65 79 194
0.360429 198 65 79 194
0.362429 198 66 78 193
0.364429 198 66 78 193
0.366429 198 66 78 193
0.368429 198 66 77 193
0.370429 198 66 77 193
0.372429 198 66 77 193
0.374429 198 66 76 193
0.376429 198 66 76 193
0.378429 198 67 75 192
0.380429 198 67 75 192
0.382429 198 67 75 192
0.384429 198 67 74 192
0.386429 198 67 74 192
0.388429 198 67 74 192
0.390429 198 67 73 192
0.392429 198 67 73 192
0.394429 198 68 73 191
0.396429 198 68 72 191
0.398429 198 68 72 191
0.400429 198 68 72 191
0.402429 199 68 71 191
0.404429 199 68 71 191
0.406429 199 68 70 191
0.408429 199 69 70 190
0.410429 199 69 70 190
0.412429 199 69 69 190
0.414429 199 69 69 190
0.416429 199 69 69 190
0.418429 199 69 68 190
0.420429 199 69 68 190
0.422429 199 69 68 190
0.424429 199 70 67 189
0.426429 199 70 67 189
0.428429 199 70 67 189
0.430429 199 70 66 189
0.432429 199 70 66 189
0.434429 199 70 65 189
0.436429 199 70 65 189
0.438429 199 70 65 189
0.440429 199 71 65 189
0.442429 199 71 65 189
0.444429 199 71 65 189
0.446429 199 71 65 189
0.448429 199 71 65 189
0.450429 199 71 65 189
0.452429 199 71 65 189
0.454429 199 71 65 189
0.456429 199 71 65 189
0.458429 199 71 65 189
0.460429 199 71 65 189
0.462429 199 71 65 189
0.464429 199 71 65 189
0.466429 199 71 65 189
0.468429 199 71 65 189
0.470429 199 71 65 189
0.472429 199 71 65 189
0.474429 199 71 65 189
0.476429 199 71 65 189
0.478429 199 71 65 189
0.480429 198 71 65 189
0.482429 198 71 65 189
0.484429 198 71 65 189
0.486429 198 71 65 189
0.488429 198 71 65 189
0.490429 198 71 65 189
0.492429 198 71 65 189
0.494429 198 71 65 189
0.496429 198 71 65 189
0.498429 198 71 65 189
0.500429 198 71 65 189
0.502429 198 71 65 189
0.504429 198 71 65 189
0.506429 198 71 65 189
0.508429 198 71 65 189
0.510429 198 71 65 189
0.512429 198 71 65 189
0.514429 198 71 65 189
0.516429 198 71 65 189
0.518429 197 70 65 189
0.520429 197 70 65 189
0.522429 197 70 65 189
0.524429 196 70 65 189
0.526429 196 70 66 189
0.528429 196 70 66 189
0.530429 195 70 66 189
0.532429 195 70 67 189
0.534429 195 70 67 189
0.536429 194 70 67 189
0.538429 194 70 68 189
0.540429 194 70 68 189
0.542429 193 70 68 189
0.544429 193 70 69 189
0.546429 192 70 69 189
0.548429 192 70 69 189
0.550429 192 70 69 189
0.552429 191 70 70 189
0.554429 191 70 70 189
0.556429 191 70 70 189
0.558429 190 70 71 189
0.560429 190 70 71 189
0.562429 190 70 71 189
0.564429 189 70 72 189
0.566429 189 70 72 189
0.568429 189 70 72 189
0.570429 188 70 73 189
0.572429 188 70 73 189
0.574429 187 70 73 189
0.576429 187 70 73 189
0.578429 187 70 74 189
0.580429 186 70 74 189
0.582429 186 70 74 189
0.584429 186 70 75 189
0.586429 185 70 75 189
0.588429 185 70 75 189
0.590429 185 70 76 189
0.592429 184 70 76 189
0.594429 184 70 76 189
0.596429 183 69 76 190
0.598429 183 69 76 190
0.600429 183 69 76 190
0.602429 183 69 76 190
0.604429 183 69 76 190
0.606429 183 69 75 190
0.608429 183 69 75 190
0.610429 183 69 75 190
0.612429 183 69 75 190
0.614429 183 69 75 190
0.616429 183 69 74 190
0.618429 183 69 74 190
0.620429 183 69 74 190
0.622429 183 69 74 190
0.624429 183 69 74 190
0.626429 183 69 73 190
0.628429 183 69 73 190
0.630429 183 69 73 190
0.632429 183 69 73 190
0.634429 183 69 73 190
0.636429 183 69 72 190
0.638429 183 69 72 190
0.640429 183 69 72 190
0.642429 183 69 72 190
0.644429 183 69 72 190
0.646429 183 69 71 190
0.648429 183 69 71 190
0.650429 183 69 71 190
0.652429 183 69 71 190
0.654429 183 69 71 190
0.656429 183 69 70 190
0.658429 183 69 70 190
0.660429 183 69 70 190
0.662429 183 69 70 190
0.664429 183 69 70 190
0.666429 183 69 69 190
0.668429 183 69 69 190
0.670429 183 69 69 190
0.672429 183 69 69 190
0.674429 183 69 69 190
0.676429 182 69 69 190
0.678429 182 69 69 190
0.680429 182 69 69 190
0.682429 182 69 69 190
0.684429 182 69 69 190
0.686429 182 69 70 190
0.688429 182 69 70 190
0.690429 182 69 70 190
0.692429 182 69 70 190
0.694429 182 69 70 190
0.696429 182 69 70 190
0.698429 182 69 71 190
0.700429 182 69 71 190
0.702429 182 70 71 189
0.704429 182 70 71 189
0.706429 182 70 71 189
0.708429 182 70 72 189
0.710429 182 70 72 189
0.712429 182 70 72 189
0.714429 181 70 72 189
0.716429 181 70 72 189
0.718429 181 70 72 189
0.720429 181 70 73 189
0.722429 181 70 73 189
0.724429 181 70 73 189
0.726429 181 70 73 189
0.728429 181 71 73 188
0.730429 181 71 73 188
0.732429 181 71 74 188
0.734429 181 71 74 188
0.736429 181 71 74 188
0.738429 181 71 74 188
0.740429 181 71 74 188
0.742429 181 71 75 188
0.744429 181 71 75 188
0.746429 181 71 75 188
0.748429 181 71 75 188
0.750429 181 71 75 188
0.752429 181 71 75 188
0.754429 181 72 75 187
0.756429 181 72 75 187
0.758429 181 72 75 187
0.760429 181 72 75 187
0.762429 181 72 75 187
0.764429 181 72 75 187
0.766429 181 72 75 187
0.768429 181 72 75 187
0.770429 181 72 75 187
0.772429 181 72 75 187
0.774429 181 72 75 187
0.776429 181 72 75 187
0.778429 181 72 75 187
0.780429 181 72 74 187
0.782429 181 72 74 187
0.784429 181 72 74 187
0.786429 181 72 74 187
0.788429 181 72 74 187
0.790429 181 72 74 187
0.792429 181 72 74 186
0.794429 181 72 74 186
0.796429 181 72 74 186
0.798429 181 72 74 186
0.800429 181 72 74 186
0.802429 181 72 74 186
0.804429 181 72 74 186
0.806429 181 72 73 186
0.808429 181 72 73 186
0.810429 181 72 73 186
0.812429 181 72 73 186
0.814429 181 72 73 186
0.816429 181 72 73 186
0.818429 181 72 73 186
0.820429 181 72 73 186
0.822429 181 72 73 186
0.824429 181 72 73 186
0.826429 181 72 73 186
0.828429 181 72 73 186
0.830429 181 72 73 186
0.832429 181 72 73 185
0.834429 181 72 73 185
0.836429 181 72 73 185
0.838429 181 72 73 185
0.840429 181 72 73 185
0.842429 181 72 73 185
0.844429 181 72 73 185
0.846429 181 73 73 184
0.848429 181 73 73 184
0.850429 181 73 73 184
0.852429 181 73 73 184
0.854429 181 73 73 184
0.856429 181 73 73 184
0.858429 181 74 73 183
0.860429 181 74 73 183
0.862429 181 74 73 183
0.864429 181 74 73 183
0.866429 181 74 73 183
0.868429 181 74 73 183
0.870429 181 74 73 183
0.872429 181 75 73 182
0.874429 181 75 73 182
0.876429 181 75 73 182
0.878429 181 75 73 182
0.880429 181 75 73 182
0.882429 181 75 73 182
0.884429 181 76 73 181
0.886429 181 76 73 181
0.888429 181 76 73 181
0.890429 181 76 73 181
0.892429 181 76 73 181
0.894429 181 76 73 181
0.896429 181 76 73 181
0.898429 181 77 73 180
0.900429 181 77 73 180
0.902429 181 77 73 180
0.904429 181 77 73 180
0.906429 181 77 73 180
0.908429 181 77 73 180
0.910429 181 78 72 179
0.912429 181 78 72 179
0.914429 181 78 72 179
0.916429 181 78 72 179
0.918429 181 78 72 179
0.920429 181 78 72 179
0.922429 181 78 71 179
0.924429 181 78 71 178
0.926429 181 78 71 178
0.928429 181 78 71 178
0.930429 182 79 71 178
0.932429 182 79 70 178
0.934429 182 79 70 178
0.936429 182 79 70 177
0.938429 182 79 70 177
0.940429 182 79 70 177
0.942429 182 79 70 177
0.944429 182 79 69 177
0.946429 182 79 69 177
0.948429 182 79 69 177
0.950429 183 80 69 176
0.952429 183 80 69 176
0.954429 183 80 69 176
0.956429 183 80 68 176
0.958429 183 80 68 176
0.960429 183 80 68 176
0.962429 183 80 68 175
0.964429 183 80 68 175
0.966429 183 80 67 175
0.968429 183 80 67 175
0.970429 184 81 67 175
0.972429 184 81 67 175
0.974429 184 81 67 175
0.976429 184 81 67 174
0.978429 184 81 66 174
0.980429 184 81 66 174
0.982429 184 81 66 174
0.984429 184 81 66 174
0.986429 184 81 66 174
0.988429 185 81 65 173
0.990429 185 81 65 173
0.992429 185 81 65 173
0.994429 185 81 65 173
0.996429 185 81 65 172
0.998429 185 81 65 172
1.000429 185 81 65 172
1.002429 185 81 65 172
1.004429 185 81 65 171
1.006429 185 81 65 171
1.008429 185 81 65 171
1.010429 185 81 65 171
1.012429 185 81 65 170
1.014429 185 80 65 170
1.016429 185 80 65 170
1.018429 185 80 65 170
1.020429 185 80 65 169
1.022429 185 80 65 169
1.024429 185 80 65 169
1.026429 185 80 65 169
1.028429 185 80 64 168
1.030429 185 80 64 168
1.032429 185 80 64 168
1.034429 185 80 64 168
1.036429 185 80 64 167
1.038429 185 80 64 167
1.040429 185 80 64 167
1.042429 185 79 64 167
1.044429 185 79 64 166
1.046429 185 79 64 166
1.048429 185 79 64 166
1.050429 185 79 64 166
1.052429 185 79 64 165
1.054429 185 79 64 165
1.056429 185 79 64 165
1.058429 185 79 64 165
1.060429 185 79 64 164
1.062429 185 79 64 164
1.064429 185 79 64 164
1.066429 185 79 64 164
1.068429 185 79 63 163
1.070429 185 79 63 163
1.072429 185 79 63 163
1.074429 185 79 63 162
1.076429 185 79 62 162
1.078429 185 79 62 162
1.080429 185 79 62 162
1.082429 185 79 62 161
1.084429 185 79 62 161
1.086429 185 79 61 161
1.088429 185 79 61 161
1.090429 185 79 61 160
1.092429 185 79 61 160
1.094429 185 79 61 160
1.096429 185 79 60 160
1.098429 185 79 60 159
1.100429 185 79 60 159
1.102429 185 79 60 159
1.104429 185 79 60 159
1.106429 186 79 59 158
1.108429 186 79 59 158
1.110429 186 79 59 158
1.112429 186 79 59 158
1.114429 186 79 59 157
1.116429 186 79 58 157
1.118429 186 79 58 157
1.120429 186 79 58 157
1.122429 186 79 58 156
1.124429 186 79 58 156
1.126429 186 79 57 156
1.128429 186 79 57 156
1.130429 186 79 57 155
1.132429 186 79 57 155
1.134429 186 79 57 155
1.136429 186 79 56 155
1.138429 186 79 56 154
1.140429 186 79 56 154
1.142429 186 79 56 154
1.144429 186 79 56 154
1.146429 187 80 55 153
1.148429 187 80 55 153
1.150429 187 80 55 153
1.152429 187 80 55 153
1.154429 187 80 55 153
1.156429 187 80 55 152
1.158429 187 81 55 152
1.160429 187 81 55 152
1.162429 187 81 54 152
1.164429 187 81 54 152
1.166429 187 81 54 152
1.168429 187 81 54 151
1.170429 187 81 54 151
1.172429 188 82 54 151
1.174429 188 82 54 151
1.176429 188 82 53 151
1.178429 188 82 53 151
1.180429 188 82 53 150
1.182429 188 82 53 150
1.184429 188 83 53 150
1.186429 188 83 53 150
1.188429 188 83 53 150
1.190429 188 83 53 149
1.192429 188 83 52 149
1.194429 188 83 52 149
1.196429 188 83 52 149
1.198429 189 84 52 149
1.200429 189 84 52 149
1.202429 189 84 52 148
1.204429 189 84 52 148
1.206429 189 84 52 148
1.208429 189 84 51 148
1.210429 189 85 51 148
1.212429 189 85 51 147
1.214429 189 85 51 147
1.216429 189 85 51 147
1.218429 189 85 51 147
1.220429 189 85 51 147
1.222429 189 85 51 147
1.224429 190 86 50 146
1.226429 190 86 50 146
1.228429 190 86 50 146
1.230429 190 86 50 146
1.232429 190 86 50 146
1.234429 190 86 50 146
1.236429 190 86 50 146
1.238429 190 86 50 146
1.240429 190 86 49 146
1.242429 190 86 49 146
1.244429 190 86 49 146
1.246429 190 86 49 146
1.248429 190 86 49 146
1.250429 190 86 49 146
1.252429 190 86 49 146
1.254429 190 86 49 146
1.256429 190 86 48 146
1.258429 190 86 48 146
1.260429 190 86 48 146
1.262429 190 86 48 146
1.264429 190 86 48 146
1.266429 190 86 48 146
1.268429 190 86 48 146
1.270429 190 86 47 146
1.272429 190 86 47 146
1.274429 190 86 47 146
1.276429 190 86 47 146
1.278429 190 86 47 146
1.280429 190 86 47 146
1.282429 190 86 47 146
1.284429 190 86 47 146
1.286429 190 86 46 146
1.288429 190 86 46 146
1.290429 190 86 46 146
1.292429 190 86 46 146
1.294429 190 86 46 146
1.296429 190 86 46 146
1.298429 190 86 46 146
1.300429 190 86 46 146
1.302429 190 87 45 145
1.304429 190 87 45 145
1.306429 190 87 45 145
1.308429 190 87 45 145
1.310429 190 87 45 145
1.312429 190 87 45 145
1.314429 190 87 45 145
1.316429 190 87 45 145
1.318429 190 87 45 145
1.320429 190 87 45 145
1.322429 190 88 45 145
1.324429 190 88 45 145
1.326429 190 88 45 145
1.328429 190 88 44 144
1.330429 190 88 44 144
1.332429 190 88 44 144
1.334429 190 88 44 144
1.336429 190 88 44 144
1.338429 190 88 44 144
1.340429 190 88 44 144
1.342429 190 89 44 144
1.344429 190 89 44 144
1.346429 190 89 44 144
1.348429 190 89 44 144
1.350429 190 89 44 144
1.352429 190 89 44 144
1.354429 190 89 43 143
1.356429 190 89 43 143
1.358429 190 89 43 143
1.360429 190 90 43 143
1.362429 190 90 43 143
1.364429 190 90 43 143
1.366429 190 90 43 143
1.368429 190 90 43 143
1.370429 190 90 43 143
1.372429 190 90 43 143
1.374429 190 90 43 143
1.376429 190 90 43 143
1.378429 190 90 43 143
1.380429 190 91 43 142
1.382429 190 91 43 142
1.384429 190 91 43 142
1.386429 190 91 43 142
1.388429 190 91 43 142
1.390429 190 91 43 142
1.392429 190 91 43 142
1.394429 190 91 43 142
1.396429 190 91 43 142
1.398429 190 91 43 142
1.400429 190 91 43 142
1.402429 190 91 43 142
1.404429 190 91 43 142
1.406429 190 91 43 142
1.408429 190 91 43 142
1.410429 190 91 43 142
1.412429 190 91 43 142
1.414429 190 91 43 142
1.416429 190 91 43 142
1.418429 190 91 43 142
1.420429 190 91 43 142
1.422429 190 91 43 142
1.424429 190 91 43 142
1.426429 190 91 43 142
1.428429 190 91 43 142
1.430429 190 91 43 142
1.432429 190 91 43 142
1.434429 190 91 43 142
1.436429 190 91 43 142
1.438429 190 91 43 142
1.440429 190 91 43 142
1.442429 190 91 43 142
1.444429 190 91 43 142
1.446429 190 91 43 142
1.448429 190 91 43 142
1.450429 190 91 43 142
1.452429 190 91 43 142
1.454429 190 91 43 142
1.456429 190 91 43 142
1.458429 189 92 42 141
1.460429 189 92 42 141
1.462429 189 92 42 141
1.464429 189 92 42 141
1.466429 189 92 42 141
1.468429 189 92 42 141
1.470429 189 92 42 141
1.472429 189 92 42 141
1.474429 189 92 42 140
1.476429 189 92 42 140
1.478429 189 92 42 140
1.480429 189 92 42 140
1.482429 189 92 42 140
1.484429 189 92 42 140
1.486429 189 92 41 140
1.488429 189 92 41 140
1.490429 189 92 41 139
1.492429 189 92 41 139
1.494429 189 92 41 139
1.496429 189 92 41 139
1.498429 188 92 41 139
1.500429 188 92 41 139
1.502429 188 92 41 139
1.504429 188 92 41 139
1.506429 188 92 41 138
1.508429 188 92 41 138
1.510429 188 92 41 138
1.512429 188 92 40 138
1.514429 188 92 40 138
1.516429 188 92 40 138
1.518429 188 92 40 138
1.520429 188 92 40 138
1.522429 188 92 40 137
1.524429 188 92 40 137
1.526429 188 92 40 137
1.528429 188 92 40 137
1.530429 188 92 40 137
1.532429 188 92 40 137
1.534429 188 92 40 137
1.536429 188 92 40 137
1.538429 187 92 40 136
1.540429 187 92 40 136
1.542429 187 92 40 135
1.544429 187 92 40 135
1.546429 187 92 40 135
1.548429 187 93 40 134
1.550429 187 93 40 134
1.552429 187 93 40 133
1.554429 187 93 40 133
1.556429 187 94 40 132
1.558429 187 94 40 132
1.560429 187 94 40 132
1.562429 187 94 40 131
1.564429 187 94 40 131
1.566429 187 95 40 130
1.568429 187 95 40 130
1.570429 187 95 40 130
1.572429 187 95 40 129
1.574429 187 95 40 129
1.576429 187 96 41 128
1.578429 187 96 41 128
1.580429 187 96 41 128
1.582429 187 96 41 127
1.584429 187 96 41 127
1.586429 187 97 41 126
1.588429 187 97 41 126
1.590429 187 97 41 126
1.592429 187 97 41 125
1.594429 187 97 41 125
1.596429 187 98 41 124
1.598429 187 98 41 124
1.600429 187 98 41 123
1.602429 187 98 41 123
1.604429 187 98 41 123
1.606429 187 99 41 122
1.608429 187 99 41 122
1.610429 187 99 41 121
1.612429 187 99 41 121
1.614429 187 99 41 121
1.616429 186 99 42 121
1.618429 186 99 42 121
1.620429 186 99 42 121
1.622429 186 99 42 121
1.624429 186 99 42 121
1.626429 186 99 42 121
1.628429 186 99 42 121
1.630429 186 99 42 121
1.632429 186 99 42 121
1.634429 186 99 42 121
1.636429 186 99 42 121
1.638429 186 99 42 121
1.640429 186 99 42 121
1.642429 186 99 42 121
1.644429 186 99 42 121
1.646429 186 99 42 121
1.648429 186 99 42 121
1.650429 186 99 42 121
1.652429 186 99 42 121
1.654429 186 98 42 121
1.656429 186 98 42 121
1.658429 186 98 42 121
1.660429 186 98 42 121
1.662429 186 98 42 121
1.664429 186 98 42 121
1.666429 186 98 42 121
1.668429 186 98 42 121
1.670429 186 98 42 121
1.672429 186 98 42 121
1.674429 186 98 42 121
1.676429 186 98 42 121
1.678429 186 98 42 121
1.680429 186 98 42 121
1.682429 186 98 42 121
1.684429 186 98 42 121
1.686429 186 98 42 121
1.688429 186 98 42 121
1.690429 186 98 42 121
1.692429 186 98 42 121
1.694429 186 98 41 120
1.696429 186 98 41 120
1.698429 186 98 41 120
1.700429 186 98 41 120
1.702429 186 98 41 120
1.704429 186 98 41 120
1.706429 186 98 41 120
1.708429 186 98 41 120
1.710429 186 98 41 120
1.712429 186 98 41 120
1.714429 186 98 41 120
1.716429 186 98 41 120
1.718429 186 98 41 120
1.720429 186 98 41 120
1.722429 186 98 41 120
1.724429 186 98 41 120
1.726429 186 98 41 120
1.728429 186 98 41 120
1.730429 186 98 41 120
1.732429 186 98 41 120
1.734429 187 99 41 119
1.736429 187 99 41 119
1.738429 187 99 41 119
1.740429 187 99 41 119
1.742429 187 99 41 119
1.744429 187 99 41 119
1.746429 187 99 41 119
1.748429 187 99 41 119
1.750429 187 99 41 119
1.752429 187 99 41 119
1.754429 187 99 41 119
1.756429 187 99 41 119
1.758429 187 99 41 119
1.760429 187 99 41 119
1.762429 187 99 41 119
1.764429 187 99 41 119
1.766429 187 99 41 119
1.768429 187 99 41 119
1.770429 187 99 41 119
1.772429 187 100 41 119
1.774429 187 100 41 119
1.776429 187 100 41 119
1.778429 187 100 41 119
1.780429 187 100 41 119
1.782429 187 100 41 119
1.784429 187 100 41 119
1.786429 187 100 41 119
1.788429 187 100 41 119
1.790429 187 100 41 119
1.792429 187 100 41 119
1.794429 187 100 41 119
1.796429 187 100 41 119
1.798429 187 100 42 119
1.800429 187 100 42 119
1.802429 187 100 42 119
1.804429 187 100 42 119
1.806429 187 100 42 119
1.808429 187 100 42 119
1.810429 187 100 42 119
1.812429 186 100 42 120
1.814429 186 100 42 120
1.816429 186 100 42 120
1.818429 186 100 42 120
1.820429 186 100 42 120
1.822429 186 100 42 120
1.824429 186 100 43 120
1.826429 186 100 43 120
1.828429 186 100 43 120
1.830429 186 100 43 120
1.832429 186 100 43 120
1.834429 186 100 43 120
1.836429 186 100 43 120
1.838429 186 100 43 120
1.840429 186 100 43 120
1.842429 186 100 43 120
1.844429 186 100 43 120
1.846429 186 100 43 120
1.848429 186 100 43 120
1.850429 186 101 43 120
1.852429 186 101 43 120
1.854429 186 101 43 120
1.856429 186 101 43 120
1.858429 186 101 43 120
1.860429 186 101 43 120
1.862429 186 101 43 120
1.864429 186 101 43 120
1.866429 186 101 43 120
1.868429 186 101 43 120
1.870429 186 101 43 120
1.872429 186 101 43 120
1.874429 186 101 43 120
1.876429 186 101 43 120
1.878429 186 101 43 120
1.880429 186 101 43 120
1.882429 186 101 43 120
1.884429 186 101 43 120
1.886429 186 101 43 120
1.888429 186 101 43 120
1.890429 186 101 42 119
1.892429 186 101 42 119
1.894429 186 101 42 119
1.896429 186 101 42 119
1.898429 186 101 42 119
1.900429 186 101 42 119
1.902429 186 101 42 119
1.904429 186 101 42 119
1.906429 186 101 42 119
1.908429 186 101 42 119
1.910429 186 101 42 119
1.912429 186 101 42 119
1.914429 186 101 42 119
1.916429 186 101 42 119
1.918429 186 101 42 119
1.920429 186 101 42 119
1.922429 186 101 42 119
1.924429 186 101 42 119
1.926429 186 101 42 119
1.928429 186 101 42 119
1.930429 186 102 41 118
1.932429 186 102 41 118
1.934429 186 102 41 118
1.936429 186 102 41 118
1.938429 186 102 41 118
1.940429 186 102 41 118
1.942429 186 102 41 118
1.944429 186 102 41 118
1.946429 186 102 41 118
1.948429 186 102 41 118
1.950429 186 102 41 118
1.952429 186 102 41 118
1.954429 186 102 41 118
1.956429 186 102 41 118
1.958429 186 102 41 118
1.960429 186 102 41 118
1.962429 186 102 41 118
1.964429 186 102 41 118
1.966429 186 102 41 118
1.968429 186 102 40 117
1.970429 186 102 40 117
1.972429 186 102 40 117
1.974429 186 102 40 117
1.976429 186 102 40 117
1.978429 186 102 40 117
1.980429 186 102 40 117
1.982429 186 102 40 117
1.984429 186 102 40 117
1.986429 186 102 40 117
1.988429 186 102 40 117
1.990429 186 102 40 117
1.992429 186 102 40 117
1.994429 186 102 40 117
1.996429 186 102 40 117
1.998429 186 102 40 117
2.000429 186 102 40 117
2.002429 186 102 40 117
2.004429 186 102 40 117
2.006429 186 102 40 117
2.008429 186 102 40 116
2.010429 186 102 40 116
2.012429 186 102 40 116
2.014429 186 102 40 116
2.016429 186 102 40 115
2.018429 186 103 40 115
2.020429 186 103 40 115
2.022429 186 103 40 115
2.024429 186 103 40 114
2.026429 186 103 40 114
2.028429 186 103 40 114
2.030429 186 104 40 113
2.032429 186 104 40 113
2.034429 186 104 40 113
2.036429 186 104 40 113
2.038429 186 104 40 112
2.040429 186 105 40 112
2.042429 186 105 40 112
2.044429 186 105 40 112
2.046429 186 105 41 111
2.048429 186 105 41 111
2.050429 186 105 41 111
2.052429 186 106 41 111
2.054429 186 106 41 110
2.056429 186 106 41 110
2.058429 186 106 41 110
2.060429 186 106 41 110
2.062429 186 106 41 109
2.064429 186 107 41 109
2.066429 186 107 41 109
2.068429 186 107 41 109
2.070429 186 107 41 108
2.072429 186 107 41 108
2.074429 186 108 41 108
2.076429 186 108 41 108
2.078429 186 108 41 107
2.080429 186 108 41 107
2.082429 186 108 41 107
2.084429 186 108 41 107
2.086429 186 108 41 107
2.088429 186 108 41 107
2.090429 186 108 41 107
2.092429 186 108 41 107
2.094429 186 108 41 107
2.096429 186 108 41 107
2.098429 186 108 41 107
2.100429 186 108 41 107
2.102429 186 108 41 107
2.104429 186 108 41 107
2.106429 186 108 41 107
2.108429 186 108 41 107
2.110429 186 108 41 107
2.112429 186 107 41 107
2.114429 186 107 41 107
2.116429 186 107 41 107
2.118429 186 107 41 107
2.120429 186 107 41 107
2.122429 186 107 41 107
2.124429 186 107 40 107
2.126429 186 107 40 107
2.128429 186 107 40 107
2.130429 186 107 40 107
2.132429 186 107 40 107
2.134429 186 107 40 107
2.136429 186 107 40 107
2.138429 186 106 40 107
2.140429 186 106 40 107
2.142429 186 106 40 107
2.144429 186 106 40 107
2.146429 186 106 40 107
2.148429 186 106 40 107
2.150429 186 106 40 107
2.152429 186 106 40 107
2.154429 186 106 40 107
2.156429 186 106 40 107
2.158429 186 106 40 107
2.160429 186 106 40 107
2.162429 186 106 40 107
2.164429 187 106 39 106
2.166429 187 106 39 106
2.168429 187 106 39 106
2.170429 187 106 39 106
2.172429 187 106 39 106
2.174429 187 106 39 106
2.176429 187 106 39 106
2.178429 187 106 39 106
2.180429 187 106 39 106
2.182429 187 106 39 106
2.184429 187 106 39 106
2.186429 187 106 39 106
2.188429 187 106 39 106
2.190429 187 106 39 105
2.192429 187 106 39 105
2.194429 187 106 39 105
2.196429 187 106 39 105
2.198429 187 106 39 105
2.200429 187 106 39 105
2.202429 187 106 39 105
2.204429 187 106 39 105
2.206429 187 106 39 105
2.208429 187 106 39 105
2.210429 187 106 39 105
2.212429 187 106 39 105
2.214429 187 106 39 105
2.216429 187 106 39 104
2.218429 187 106 39 104
2.220429 187 106 39 104
2.222429 187 106 39 104
2.224429 187 106 39 104
2.226429 187 106 39 104
2.228429 187 106 39 104
2.230429 187 106 39 104
2.232429 187 106 39 104
2.234429 187 106 39 104
2.236429 187 106 39 104
2.238429 187 106 39 104
2.240429 187 106 39 104
2.242429 186 106 39 104
2.244429 186 106 39 104
2.246429 186 106 39 104
2.248429 186 106 39 104
2.250429 186 106 39 104
2.252429 186 106 39 104
2.254429 186 106 39 104
2.256429 186 106 39 104
2.258429 186 106 39 104
2.260429 186 106 39 104
2.262429 186 106 39 104
2.264429 186 106 39 104
2.266429 186 106 39 104
2.268429 186 106 39 104
2.270429 186 106 39 104
2.272429 186 106 39 104
2.274429 186 106 39 104
2.276429 186 106 39 104
2.278429 186 106 39 104
2.280429 186 106 39 104
2.282429 186 106 39 104
2.284429 186 106 39 104
2.286429 186 106 39 104
2.288429 186 106 39 104
2.290429 186 106 39 104
2.292429 186 106 39 104
2.294429 186 106 39 104
2.296429 186 106 39 104
2.298429 186 106 39 104
2.300429 186 106 39 104
2.302429 186 106 39 104
2.304429 186 106 39 104
2.306429 186 106 39 104
2.308429 186 106 39 104
2.310429 186 106 39 104
2.312429 186 106 39 104
2.314429 186 106 39 104
2.316429 186 106 39 104
2.318429 186 106 39 104
2.320429 186 106 38 104
2.322429 186 106 38 104
2.324429 186 106 38 104
2.326429 186 106 38 104
2.328429 186 106 37 104
2.330429 186 106 37 103
2.332429 186 106 37 103
2.334429 186 106 37 103
2.336429 187 107 36 103
2.338429 187 107 36 103
2.340429 187 107 36 102
2.342429 187 107 35 102
2.344429 187 107 35 102
2.346429 187 107 35 102
2.348429 187 107 35 102
2.350429 187 107 34 101
2.352429 188 108 34 101
2.354429 188 108 34 101
2.356429 188 108 33 101
2.358429 188 108 33 101
2.360429 188 108 33 100
2.362429 188 108 33 100
2.364429 188 108 32 100
2.366429 188 108 32 100
2.368429 189 109 32 100
2.370429 189 109 31 99
2.372429 189 109 31 99
2.374429 189 109 31 99
2.376429 189 109 31 99
2.378429 189 109 30 99
2.380429 189 109 30 98
2.382429 189 109 30 98
2.384429 190 110 29 98
2.386429 190 110 29 98
2.388429 190 110 29 98
2.390429 190 110 29 97
2.392429 190 110 28 97
2.394429 190 110 28 97
2.396429 190 110 28 97
2.398429 190 110 28 97
2.400429 190 111 28 97
2.402429 190 111 28 97
2.404429 190 111 28 97
2.406429 190 111 28 97
2.408429 190 111 28 97
2.410429 190 111 28 97
2.412429 190 111 28 97
2.414429 190 111 28 97
2.416429 190 111 28 97
2.418429 190 111 28 97
2.420429 190 111 28 97
2.422429 190 111 28 97
2.424429 190 111 28 97
2.426429 190 111 28 97
2.428429 190 111 28 97
2.430429 190 111 28 97
2.432429 190 111 28 97
2.434429 190 111 28 97
2.436429 190 111 28 97
2.438429 190 111 28 97
2.440429 190 111 28 97
2.442429 190 111 28 97
2.444429 190 111 28 97
2.446429 190 111 28 97
2.448429 190 111 28 97
2.450429 190 111 28 97
2.452429 190 111 28 97
2.454429 190 111 28 97
2.456429 190 111 28 97
2.458429 190 111 28 97
2.460429 190 111 28 97
2.462429 190 111 28 97
2.464429 190 111 28 97
2.466429 190 111 28 97
2.468429 190 111 28 97
2.470429 190 111 28 97
2.472429 190 111 28 97
2.474429 190 111 28 97
2.476429 190 111 28 97
2.478429 189 111 28 96
2.480429 189 111 28 96
2.482429 189 111 28 96
2.484429 189 111 28 96
2.486429 189 111 28 96
2.488429 189 111 28 96
2.490429 189 111 28 96
2.492429 189 111 28 96
2.494429 189 111 28 96
2.496429 189 111 28 96
2.498429 189 111 28 96
2.500429 189 111 28 96
2.502429 189 111 28 96
2.504429 189 111 28 96
2.506429 189 111 28 96
2.508429 189 111 28 96
2.510429 189 111 28 96
2.512429 189 111 28 96
2.514429 189 111 28 96
2.516429 188 111 28 95
2.518429 188 111 28 95
2.520429 188 111 28 95
2.522429 188 111 28 95
2.524429 188 111 28 95
2.526429 188 111 28 95
2.528429 188 111 28 95
2.530429 188 111 28 95
2.532429 188 111 28 95
2.534429 188 111 28 95
2.536429 188 111 28 95
2.538429 188 111 28 95
2.540429 188 111 28 95
2.542429 188 111 28 95
2.544429 188 111 28 95
2.546429 188 111 28 95
2.548429 188 111 28 95
2.550429 188 111 28 95
2.552429 188 111 28 95
2.554429 188 111 28 95
2.556429 187 110 29 95
2.558429 187 110 29 95
2.560429 187 110 29 95
2.562429 187 110 29 95
2.564429 187 110 29 95
2.566429 187 110 29 95
2.568429 187 110 30 95
2.570429 187 110 30 95
2.572429 187 110 30 95
2.574429 187 110 30 95
2.576429 187 110 30 95
2.578429 187 110 30 95
2.580429 187 110 30 95
2.582429 186 110 31 95
2.584429 186 110 31 95
2.586429 186 110 31 95
2.588429 186 110 31 95
2.590429 186 110 31 95
2.592429 186 110 31 95
2.594429 186 110 31 95
2.596429 186 109 32 95
2.598429 186 109 32 95
2.600429 186 109 32 95
2.602429 186 109 32 95
2.604429 186 109 32 95
2.606429 186 109 32 95
2.608429 185 109 33 95
2.610429 185 109 33 95
2.612429 185 109 33 95
2.614429 185 109 33 95
2.616429 185 109 33 95
2.618429 185 109 33 95
2.620429 185 109 33 95
2.622429 185 109 34 95
2.624429 185 109 34 95
2.626429 185 109 34 95
2.628429 185 109 34 95
2.630429 185 109 34 95
2.632429 185 109 34 95
2.634429 184 109 34 94
2.636429 184 109 34 94
2.638429 184 109 34 94
2.640429 184 109 34 94
2.642429 184 109 34 94
2.644429 184 109 34 94
2.646429 184 109 34 94
2.648429 184 109 34 94
2.650429 184 109 34 94
2.652429 184 109 34 94
2.654429 184 109 34 94
2.656429 184 109 34 94
2.658429 184 109 34 94
2.660429 184 109 33 94
2.662429 184 109 33 94
2.664429 184 109 33 94
2.666429 184 109 33 94
2.668429 184 109 33 94
2.670429 184 109 33 94
2.672429 184 109 33 94
2.674429 184 109 33 93
2.676429 184 109 33 93
2.678429 184 109 33 93
2.680429 184 109 33 93
2.682429 184 109 33 93
2.684429 184 109 33 93
2.686429 184 109 32 93
2.688429 184 109 32 93
2.690429 184 109 32 93
2.692429 184 109 32 93
2.694429 184 109 32 93
2.696429 184 109 32 93
2.698429 184 109 32 93
2.700429 184 109 32 93
2.702429 184 109 32 93
2.704429 184 109 32 93
2.706429 184 109 32 93
2.708429 184 109 32 93
2.710429 184 109 32 93
2.712429 183 110 32 93
2.714429 183 110 32 93
2.716429 183 110 32 93
2.718429 183 110 32 93
2.720429 183 110 32 93
2.722429 183 110 32 93
2.724429 183 110 32 93
2.726429 183 110 32 93
2.728429 183 110 32 93
2.730429 183 110 32 93
2.732429 183 110 32 93
2.734429 183 110 32 93
2.736429 183 110 32 93
2.738429 183 110 32 93
2.740429 183 110 32 93
2.742429 183 110 32 93
2.744429 183 110 32 93
2.746429 183 110 32 93
2.748429 183 110 32 93
2.750429 183 110 32 93
2.752429 182 110 33 93
2.754429 182 110 33 93
2.756429 182 110 33 93
2.758429 182 110 33 93
2.760429 182 110 33 93
2.762429 182 110 33 93
2.764429 182 110 33 93
2.766429 182 110 33 93
2.768429 182 110 33 93
2.770429 182 110 33 93
2.772429 182 110 33 93
2.774429 182 110 33 93
2.776429 182 110 33 93
2.778429 182 110 33 93
2.780429 182 110 33 93
2.782429 182 110 33 93
2.784429 182 110 33 93
2.786429 182 110 33 93
2.788429 182 110 33 93
2.790429 182 110 33 92
2.792429 182 110 33 92
2.794429 182 110 33 92
2.796429 182 110 33 92
2.798429 182 110 33 92
2.800429 182 110 33 92
2.802429 182 110 33 92
2.804429 182 110 33 92
2.806429 182 110 33 92
2.808429 182 110 33 92
2.810429 182 110 32 91
2.812429 182 110 32 91
2.814429 182 110 32 91
2.816429 182 110 32 91
2.818429 182 110 32 91
2.820429 182 110 32 91
2.822429 182 110 32 91
2.824429 182 110 32 91
2.826429 182 110 32 91
2.828429 182 110 32 91
2.830429 182 110 31 90
2.832429 182 110 31 90
2.834429 182 110 31 90
2.836429 182 110 31 90
2.838429 182 110 31 90
2.840429 182 110 31 90
2.842429 182 110 31 90
2.844429 182 110 31 90
2.846429 182 110 31 90
2.848429 182 110 31 90
2.850429 182 110 30 89
2.852429 182 110 30 89
2.854429 182 110 30 89
2.856429 182 110 30 89
2.858429 182 110 30 89
2.860429 182 110 30 89
2.862429 182 110 30 89
2.864429 182 110 30 89
2.866429 182 110 30 89
2.868429 182 110 30 89
2.870429 181 111 30 88
2.872429 181 111 30 88
2.874429 181 111 30 88
2.876429 181 111 30 88
2.878429 181 111 30 88
2.880429 181 111 30 88
2.882429 181 111 30 88
2.884429 181 111 30 88
2.886429 181 111 30 88
2.888429 181 111 30 88
2.890429 181 111 30 88
2.892429 181 111 30 88
2.894429 181 111 30 88
2.896429 181 111 30 88
2.898429 181 111 30 88
2.900429 181 111 30 88
2.902429 181 111 30 88
2.904429 181 111 30 88
2.906429 181 111 30 88
2.908429 181 112 30 88
2.910429 181 112 30 88
2.912429 181 112 30 88
2.914429 181 112 30 88
2.916429 181 112 30 88
2.918429 181 112 30 88
2.920429 181 112 30 88
2.922429 181 112 30 88
2.924429 181 112 30 88
2.926429 181 112 30 88
2.928429 181 112 30 88
2.930429 181 112 30 88
2.932429 181 112 30 88
2.934429 181 112 30 88
2.936429 181 112 30 88
2.938429 181 112 30 88
2.940429 181 112 30 88
2.942429 181 112 30 88
2.944429 181 112 30 88
2.946429 181 112 30 88
2.948429 181 113 31 87
2.950429 181 113 31 87
2.952429 181 113 31 87
2.954429 181 113 31 87
2.956429 181 113 31 87
2.958429 181 113 31 87
2.960429 181 113 31 87
2.962429 181 113 31 87
2.964429 181 113 31 87
2.966429 181 113 31 87
2.968429 181 113 31 87
2.970429 181 113 31 87
2.972429 181 113 31 87
2.974429 181 113 31 87
2.976429 181 113 31 87
2.978429 181 113 31 87
2.980429 181 113 31 87
2.982429 181 113 31 87
2.984429 181 113 31 87
2.986429 181 113 31 86
2.988429 181 113 31 86
2.990429 181 113 31 86
2.992429 181 113 31 86
2.994429 181 113 31 86
2.996429 181 113 31 86
2.998429 181 113 31 86
3.000429 181 113 31 86
3.002429 181 113 31 86
3.004429 181 113 31 86
3.006429 181 113 31 86
3.008429 181 113 31 86
3.010429 181 113 31 86
3.012429 181 113 31 86
3.014429 181 113 31 86
3.016429 181 113 31 86
3.018429 181 113 31 86
3.020429 181 113 31 86
3.022429 181 113 31 86
3.024429 181 113 31 86
3.026429 181 114 31 86
3.028429 181 114 31 86
3.030429 181 114 31 86
3.032429 181 114 31 86
3.034429 181 114 31 86
3.036429 181 114 31 86
3.038429 181 114 31 86
3.040429 181 114 31 86
3.042429 181 114 31 86
3.044429 181 114 31 86
3.046429 181 114 31 86
3.048429 181 114 31 86
3.050429 181 114 31 86
3.052429 181 114 31 86
3.054429 181 114 31 86
3.056429 181 114 31 86
3.058429 181 114 31 86
3.060429 181 114 31 86
3.062429 181 114 31 86
3.064429 181 114 31 86
3.066429 181 114 31 86
3.068429 181 114 31 86
3.070429 181 114 31 86
3.072429 181 114 31 86
3.074429 181 114 31 86
3.076429 181 114 31 86
3.078429 181 114 31 86
3.080429 181 114 31 86
3.082429 181 114 31 86
3.084429 181 114 31 86
3.086429 181 114 31 86
3.088429 181 114 31 86
3.090429 181 114 31 86
3.092429 181 114 31 86
3.094429 181 114 31 86
3.096429 181 114 31 86
3.098429 181 114 31 86
3.100429 181 114 31 86
3.102429 181 114 31 86
3.104429 180 115 30 86
3.106429 180 115 30 86
3.108429 180 115 30 86
3.110429 180 115 30 86
3.112429 180 115 30 86
3.114429 180 115 30 86
3.116429 180 115 30 86
3.118429 180 115 30 86
3.120429 180 115 30 86
3.122429 180 115 30 86
3.124429 180 115 30 86
3.126429 180 115 30 86
3.128429 180 115 30 86
3.130429 180 115 30 86
3.132429 180 115 30 86
3.134429 180 115 30 86
3.136429 180 115 30 86
3.138429 180 115 30 86
3.140429 180 115 30 86
3.142429 180 115 30 86
3.144429 180 115 29 86
3.146429 180 115 29 86
3.148429 180 115 29 86
3.150429 180 115 29 86
3.152429 180 115 29 86
3.154429 180 115 29 86
3.156429 180 115 29 86
3.158429 180 115 29 86
3.160429 180 115 29 86
3.162429 180 115 29 86
3.164429 180 115 29 86
3.166429 180 115 29 86
3.168429 180 115 29 86
3.170429 180 115 29 86
3.172429 180 115 29 86
3.174429 180 115 29 86
3.176429 180 115 29 86
3.178429 180 115 29 86
3.180429 180 115 29 86
3.182429 180 115 28 85
3.184429 180 115 28 85
3.186429 180 115 28 85
3.188429 180 115 28 85
3.190429 180 115 28 85
3.192429 180 115 28 85
3.194429 180 115 28 84
3.196429 180 115 28 84
3.198429 180 115 27 84
3.200429 180 115 27 84
3.202429 180 116 27 84
3.204429 180 116 27 84
3.206429 180 116 27 83
3.208429 180 116 27 83
3.210429 180 116 27 83
3.212429 180 116 27 83
3.214429 180 116 26 83
3.216429 180 116 26 82
3.218429 180 116 26 82
3.220429 180 116 26 82
3.222429 180 117 26 82
3.224429 180 117 26 82
3.226429 180 117 26 82
3.228429 180 117 26 81
3.230429 180 117 25 81
3.232429 180 117 25 81
3.234429 180 117 25 81
3.236429 180 117 25 81
3.238429 180 117 25 80
3.240429 180 117 25 80
3.242429 180 118 25 80
3.244429 180 118 25 80
3.246429 180 118 24 80
3.248429 180 118 24 80
3.250429 180 118 24 79
3.252429 180 118 24 79
3.254429 180 118 24 79
3.256429 180 118 24 79
3.258429 180 118 24 79
3.260429 180 118 24 79
3.262429 181 118 23 79
3.264429 181 118 23 79
3.266429 181 118 23 79
3.268429 181 118 23 79
3.270429 181 118 23 79
3.272429 181 118 23 79
3.274429 181 118 23 79
3.276429 181 118 23 79
3.278429 181 118 23 79
3.280429 181 118 23 79
3.282429 181 118 23 79
3.284429 181 118 23 79
3.286429 181 118 23 79
3.288429 181 118 23 79
3.290429 181 118 23 79
3.292429 181 118 23 79
3.294429 181 118 23 79
3.296429 181 118 23 79
3.298429 181 118 23 79
3.300429 181 118 23 79
3.302429 181 118 23 79
3.304429 181 118 23 79
3.306429 181 118 23 79
3.308429 181 118 23 79
3.310429 181 118 23 79
3.312429 181 118 23 79
3.314429 181 118 23 79
3.316429 181 118 23 79
3.318429 181 118 23 79
3.320429 181 118 23 79
3.322429 181 118 23 79
3.324429 181 118 23 79
3.326429 181 118 23 79
3.328429 181 118 23 79
3.330429 181 118 23 79
3.332429 181 118 23 79
3.334429 181 118 23 79
3.336429 181 118 23 79
3.338429 181 118 23 79
3.340429 180 118 23 78
3.342429 180 118 23 78
3.344429 180 118 23 78
3.346429 180 118 23 78
3.348429 180 118 23 78
3.350429 180 118 23 78
3.352429 180 118 23 78
3.354429 180 118 23 78
3.356429 180 118 23 78
3.358429 180 118 23 78
3.360429 180 118 23 78
3.362429 180 118 23 78
3.364429 180 118 23 78
3.366429 180 118 23 78
3.368429 180 118 23 78
3.370429 180 118 23 78
3.372429 180 118 23 78
3.374429 180 118 23 78
3.376429 180 118 23 78
3.378429 179 119 23 77
3.380429 179 119 23 77
3.382429 179 119 23 77
3.384429 179 119 23 77
3.386429 179 119 23 77
3.388429 179 119 23 77
3.390429 179 119 23 77
3.392429 179 119 23 77
3.394429 179 119 23 77
3.396429 179 119 23 77
3.398429 179 119 23 77
3.400429 179 119 23 77
3.402429 179 119 23 77
3.404429 179 119 23 77
3.406429 179 119 23 77
3.408429 179 119 23 77
3.410429 179 119 23 77
3.412429 179 119 23 77
3.414429 179 119 23 77
3.416429 179 119 23 77
3.418429 178 120 24 76
3.420429 178 120 24 76
3.422429 178 120 24 76
3.424429 178 120 24 76
3.426429 178 120 24 76
3.428429 178 120 24 76
3.430429 178 120 24 76
3.432429 178 120 24 76
3.434429 178 120 24 76
3.436429 178 120 24 76
3.438429 178 120 24 76
3.440429 178 120 24 76
3.442429 178 120 24 76
3.444429 178 120 24 76
3.446429 178 120 24 76
3.448429 178 120 24 76
3.450429 178 120 24 76
3.452429 178 120 24 76
3.454429 178 120 24 76
3.456429 178 120 24 76
3.458429 178 120 24 76
3.460429 178 120 24 76
3.462429 178 120 24 76
3.464429 178 120 24 76
3.466429 178 120 24 76
3.468429 178 120 24 76
3.470429 178 120 24 76
3.472429 178 120 24 76
3.474429 178 120 24 76
3.476429 178 120 24 76
3.478429 178 120 24 76
3.480429 178 120 24 76
3.482429 178 120 24 76
3.484429 178 120 24 76
3.486429 178 120 24 76
3.488429 178 120 24 76
3.490429 178 120 24 76
3.492429 178 120 24 76
3.494429 178 120 24 76
3.496429 177 121 24 75
3.498429 177 121 24 75
3.500429 177 121 24 75
3.502429 177 121 24 75
3.504429 177 121 24 75
3.506429 177 121 24 75
3.508429 177 121 24 75
3.510429 177 121 24 75
3.512429 177 121 24 75
3.514429 177 121 24 75
3.516429 177 121 24 74
3.518429 177 121 24 74
3.520429 177 121 24 74
3.522429 177 121 24 74
3.524429 177 121 24 74
3.526429 177 121 24 74
3.528429 177 121 24 74
3.530429 177 121 24 74
3.532429 177 121 24 74
3.534429 177 121 24 74
3.536429 176 121 24 73
3.538429 176 121 24 73
3.540429 176 121 24 73
3.542429 176 121 24 73
3.544429 176 121 24 73
3.546429 176 121 24 73
3.548429 176 121 24 73
3.550429 176 121 24 73
3.552429 176 121 24 73
3.554429 176 121 24 72
3.556429 176 121 24 72
3.558429 176 121 24 72
3.560429 176 121 24 72
3.562429 176 121 24 72
3.564429 176 121 24 72
3.566429 176 121 24 72
3.568429 176 121 24 72
3.570429 176 121 24 72
3.572429 176 121 24 72
3.574429 175 120 24 72
3.576429 175 120 24 72
3.578429 175 120 24 72
3.580429 175 120 24 72
3.582429 175 120 24 72
3.584429 175 120 24 72
3.586429 175 120 24 72
3.588429 175 120 24 72
3.590429 175 120 24 72
3.592429 175 120 24 72
3.594429 175 120 24 72
3.596429 175 120 24 72
3.598429 175 120 24 72
3.600429 175 120 24 72
3.602429 175 120 24 72
3.604429 175 120 24 72
3.606429 175 120 24 72
3.608429 175 120 24 72
3.610429 175 120 24 72
3.612429 175 120 24 72
3.614429 174 120 24 72
3.616429 174 120 24 72
3.618429 174 120 24 72
3.620429 174 120 24 72
3.622429 174 120 24 72
3.624429 174 120 24 72
3.626429 174 120 24 72
3.628429 174 120 24 72
3.630429 174 120 24 72
3.632429 174 120 24 72
3.634429 174 120 24 72
3.636429 174 120 24 72
3.638429 174 120 24 72
3.640429 174 120 24 72
3.642429 174 120 24 72
3.644429 174 120 24 72
3.646429 174 120 24 72
3.648429 174 120 24 72
3.650429 174 120 24 72
3.652429 173 120 24 71
3.654429 173 120 24 71
3.656429 173 120 24 71
3.658429 173 120 24 71
3.660429 173 120 24 71
3.662429 173 120 24 71
3.664429 173 120 24 71
3.666429 173 120 24 71
3.668429 173 120 24 71
3.670429 173 120 24 71
3.672429 173 120 24 71
3.674429 173 120 24 71
3.676429 173 120 24 71
3.678429 173 120 24 71
3.680429 173 120 24 71
3.682429 173 120 24 71
3.684429 173 120 24 71
3.686429 173 120 24 71
3.688429 173 120 24 71
3.690429 173 120 24 71
3.692429 172 120 24 71
3.694429 172 120 24 71
3.696429 172 120 24 71
3.698429 172 120 24 71
3.700429 172 120 24 71
3.702429 172 120 24 71
3.704429 172 120 24 71
3.706429 172 120 24 71
3.708429 172 120 24 71
3.710429 172 120 24 71
3.712429 172 120 24 71
3.714429 172 120 24 71
3.716429 172 120 24 71
3.718429 172 120 24 71
3.720429 172 120 24 71
3.722429 172 120 24 71
3.724429 172 120 24 71
3.726429 172 120 24 71
3.728429 172 120 24 71
3.730429 172 120 24 71
3.732429 171 120 24 70
3.734429 171 120 24 70
3.736429 171 120 24 70
3.738429 171 120 24 70
3.740429 171 120 24 70
3.742429 171 120 24 70
3.744429 171 120 24 70
3.746429 171 120 24 70
3.748429 171 120 24 70
3.750429 171 120 24 70
3.752429 171 120 24 70
3.754429 171 120 24 70
3.756429 171 120 24 70
3.758429 171 120 24 70
3.760429 171 120 24 70
3.762429 171 120 24 70
3.764429 171 120 24 70
3.766429 171 120 24 70
3.768429 171 120 24 70
3.770429 171 120 24 70
3.772429 171 120 24 70
3.774429 171 120 24 70
3.776429 171 120 24 70
3.778429 171 120 24 70
3.780429 171 120 24 70
3.782429 171 120 24 70
3.784429 171 120 24 70
3.786429 171 120 24 70
3.788429 171 120 24 70
3.790429 171 120 24 70
3.792429 171 120 24 70
3.794429 171 120 24 70
3.796429 171 120 24 70
3.798429 171 120 24 70
3.800429 171 120 24 70
3.802429 171 120 24 70
3.804429 171 120 24 70
3.806429 171 120 24 70
3.808429 171 120 24 70
3.810429 170 120 24 70
3.812429 170 120 24 70
3.814429 170 120 24 70
3.816429 170 120 24 70
3.818429 170 120 24 70
3.820429 170 120 24 70
3.822429 170 120 24 70
3.824429 170 120 24 70
3.826429 170 120 24 70
3.828429 170 120 24 70
3.830429 170 120 24 70
3.832429 170 120 24 70
3.834429 170 120 24 70
3.836429 170 120 24 70
3.838429 170 120 24 70
3.840429 170 120 24 70
3.842429 170 120 24 70
3.844429 170 120 24 70
3.846429 170 120 24 70
3.848429 170 120 24 70
3.850429 170 120 24 70
3.852429 170 120 24 70
3.854429 170 120 24 70
3.856429 170 120 24 70
3.858429 170 120 24 70
3.860429 170 120 24 70
3.862429 170 120 24 70
3.864429 170 120 24 70
3.866429 170 120 24 70
3.868429 170 120 24 70
3.870429 170 120 24 70
3.872429 170 120 24 70
3.874429 170 120 24 70
3.876429 170 120 24 70
3.878429 170 120 24 70
3.880429 170 120 24 70
3.882429 170 120 24 70
3.884429 170 120 24 70
3.886429 170 120 24 70
3.888429 170 120 24 69
3.890429 170 120 24 69
3.892429 170 120 24 69
3.894429 170 120 24 69
3.896429 170 120 24 69
3.898429 170 120 24 69
3.900429 170 120 24 69
3.902429 170 120 24 69
3.904429 170 120 24 69
3.906429 170 120 24 69
3.908429 170 120 24 69
3.910429 170 120 24 69
3.912429 170 120 24 69
3.914429 170 120 24 69
3.916429 170 120 24 69
3.918429 170 120 24 69
3.920429 170 120 24 69
3.922429 170 120 24 69
3.924429 170 120 24 69
3.926429 170 120 24 69
3.928429 170 120 23 68
3.930429 170 120 23 68
3.932429 170 120 23 68
3.934429 170 120 23 68
3.936429 170 120 23 68
3.938429 170 120 23 68
3.940429 170 120 23 68
3.942429 170 120 23 68
3.944429 170 120 23 68
3.946429 170 120 23 68
3.948429 170 120 23 68
3.950429 170 120 23 68
3.952429 170 120 23 68
3.954429 170 120 23 68
3.956429 170 120 23 68
3.958429 170 120 23 68
3.960429 170 120 23 68
3.962429 170 120 23 68
3.964429 170 120 23 68
3.966429 170 121 23 68
3.968429 170 121 23 68
3.970429 170 121 23 68
3.972429 170 121 23 68
3.974429 170 121 23 68
3.976429 170 121 23 68
3.978429 170 121 23 68
3.980429 170 121 23 68
3.982429 170 121 23 68
3.984429 170 121 23 68
3.986429 170 121 23 68
3.988429 170 121 23 68
3.990429 170 121 23 68
3.992429 170 121 23 68
3.994429 170 121 23 68
3.996429 170 121 23 68
3.998429 170 121 23 68
4.000429 170 121 23 68
4.002429 170 121 23 68
4.004429 170 121 23 68
4.006429 170 121 23 69
4.008429 170 121 23 69
4.010429 170 121 23 69
4.012429 170 121 23 69
4.014429 170 121 23 69
4.016429 170 121 23 69
4.018429 170 121 23 69
4.020429 170 121 23 69
4.022429 170 121 23 69
4.024429 170 121 23 69
4.026429 170 121 23 69
4.028429 170 121 23 69
4.030429 170 121 23 69
4.032429 170 121 23 69
4.034429 170 121 23 69
4.036429 170 121 23 69
4.038429 170 121 23 69
4.040429 170 121 23 69
4.042429 170 121 23 69
4.044429 170 121 23 69
4.046429 170 121 23 69
4.048429 170 121 23 69
4.050429 170 121 23 69
4.052429 170 121 23 69
4.054429 170 121 23 69
4.056429 170 121 23 69
4.058429 170 121 23 69
4.060429 170 121 23 69
4.062429 170 121 23 69
4.064429 170 121 23 69
4.066429 170 121 23 69
4.068429 170 121 23 69
4.070429 170 121 22 68
4.072429 170 121 22 68
4.074429 170 121 22 68
4.076429 170 121 22 68
4.078429 170 121 22 68
4.080429 170 121 22 68
4.082429 170 121 22 68
4.084429 170 121 22 68
4.086429 170 121 22 68
4.088429 170 121 22 68
4.090429 170 121 22 68
4.092429 170 121 22 68
4.094429 170 121 22 68
4.096429 170 121 21 67
4.098429 170 121 21 67
4.100429 170 121 21 67
4.102429 170 121 21 67
4.104429 170 121 21 67
4.106429 170 121 21 67
4.108429 170 121 21 67
4.110429 170 121 21 67
4.112429 170 121 21 67
4.114429 170 121 21 67
4.116429 170 121 21 67
4.118429 170 121 21 67
4.120429 170 121 21 67
4.122429 170 121 21 67
4.124429 170 121 21 67
4.126429 170 121 21 67
4.128429 170 121 21 67
4.130429 170 121 21 67
4.132429 170 121 21 67
4.134429 170 121 21 67
4.136429 170 121 21 67
4.138429 170 121 21 67
4.140429 170 121 21 67
4.142429 170 121 21 67
4.144429 170 121 21 67
4.146429 170 121 21 67
4.148429 170 121 21 67
4.150429 170 121 21 67
4.152429 170 121 21 67
4.154429 170 121 21 67
4.156429 170 121 21 67
4.158429 170 121 21 67
4.160429 170 121 21 67
4.162429 169 121 22 68
4.164429 169 121 22 68
4.166429 169 121 22 68
4.168429 169 121 22 68
4.170429 169 121 22 68
4.172429 169 121 22 68
4.174429 169 121 22 68
4.176429 169 121 22 68
4.178429 169 121 22 68
4.180429 169 121 22 68
4.182429 169 121 22 68
4.184429 169 121 22 68
4.186429 169 121 22 68
4.188429 169 121 22 68
4.190429 169 121 22 68
4.192429 169 121 22 68
4.194429 169 121 22 68
4.196429 169 121 22 68
4.198429 169 121 22 68
4.200429 169 121 22 68
4.202429 169 121 22 68
4.204429 169 121 22 68
4.206429 169 121 22 68
4.208429 169 121 22 68
4.210429 169 121 22 68
4.212429 169 121 22 68
4.214429 169 121 22 68
4.216429 169 121 22 68
4.218429 169 121 22 68
4.220429 169 121 22 68
4.222429 169 121 22 68
4.224429 169 121 22 68
4.226429 169 121 22 68
4.228429 169 121 22 68
4.230429 169 121 22 68
4.232429 169 121 22 68
4.234429 169 121 22 68
4.236429 169 121 22 68
4.238429 169 121 22 68
4.240429 170 121 22 68
4.242429 170 121 22 68
4.244429 170 121 22 68
4.246429 170 121 22 68
4.248429 170 121 22 68
4.250429 170 121 22 68
4.252429 170 121 22 68
4.254429 170 121 22 68
4.256429 170 121 22 68
4.258429 170 121 22 68
4.260429 170 121 22 68
4.262429 170 121 22 68
4.264429 170 121 22 68
4.266429 170 121 22 68
4.268429 170 121 22 68
4.270429 170 121 22 68
4.272429 170 121 22 68
4.274429 170 121 22 68
4.276429 170 121 22 68
4.278429 170 121 22 68
4.280429 170 121 22 68
4.282429 170 121 22 68
4.284429 170 121 22 68
4.286429 170 121 22 68
4.288429 170 121 22 68
4.290429 170 121 22 68
4.292429 170 121 22 68
4.294429 170 121 22 68
4.296429 170 121 22 68
4.298429 170 121 22 68
4.300429 170 121 22 68
4.302429 170 121 22 68
4.304429 170 121 22 68
4.306429 169 121 23 68
4.308429 169 121 23 68
4.310429 169 121 23 68
4.312429 169 121 23 68
4.314429 169 121 23 68
4.316429 169 121 23 68
4.318429 169 121 23 68
4.320429 169 121 23 68
4.322429 169 121 23 68
4.324429 169 121 23 68
4.326429 169 121 23 68
4.328429 169 121 23 68
4.330429 169 121 23 68
4.332429 168 121 24 68
4.334429 168 121 24 68
4.336429 168 121 24 68
4.338429 168 121 24 68
4.340429 168 121 24 68
4.342429 168 121 24 68
4.344429 168 121 24 68
4.346429 168 121 24 68
4.348429 168 121 24 68
4.350429 168 121 24 68
4.352429 168 121 24 68
4.354429 168 121 24 68
4.356429 168 121 24 68
4.358429 168 122 24 67
4.360429 168 122 24 67
4.362429 168 122 24 67
4.364429 168 122 24 67
4.366429 168 122 24 67
4.368429 168 122 24 67
4.370429 168 122 24 67
4.372429 168 122 24 67
4.374429 168 122 24 67
4.376429 168 122 24 67
4.378429 168 122 24 67
4.380429 168 122 24 67
4.382429 168 122 24 67
4.384429 168 122 24 66
4.386429 168 122 24 66
4.388429 168 122 24 66
4.390429 168 122 24 66
4.392429 168 122 24 66
4.394429 168 122 24 66
4.396429 168 122 24 66
4.398429 168 123 24 66
4.400429 168 123 24 66
4.402429 168 123 24 66
4.404429 168 123 24 66
4.406429 168 123 24 66
4.408429 168 123 24 66
4.410429 168 123 24 65
4.412429 168 123 24 65
4.414429 168 123 24 65
4.416429 168 123 24 65
4.418429 168 123 24 65
4.420429 168 123 24 65
4.422429 168 123 24 65
4.424429 168 123 24 65
4.426429 168 123 24 65
4.428429 168 123 24 65
4.430429 168 123 24 65
4.432429 168 123 24 65
4.434429 168 123 24 65
4.436429 169 124 23 64
4.438429 169 124 23 64
4.440429 169 124 23 64
4.442429 169 124 23 64
4.444429 169 124 23 64
4.446429 169 124 23 64
4.448429 169 124 23 64
4.450429 169 124 23 64
4.452429 169 124 23 63
4.454429 169 124 23 63
4.456429 169 124 22 63
4.458429 169 124 22 63
4.460429 169 124 22 63
4.462429 169 124 22 63
4.464429 169 124 22 63
4.466429 169 124 22 63
4.468429 169 124 22 62
4.470429 169 124 22 62
4.472429 169 124 22 62
4.474429 169 124 22 62
4.476429 169 125 21 62
4.478429 169 125 21 62
4.480429 169 125 21 62
4.482429 169 125 21 62
4.484429 169 125 21 61
4.486429 169 125 21 61
4.488429 169 125 21 61
4.490429 169 125 21 61
4.492429 169 125 21 61
4.494429 169 125 21 61
4.496429 169 125 20 61
4.498429 169 125 20 61
4.500429 169 125 20 60
4.502429 169 125 20 60
4.504429 169 125 20 60
4.506429 169 125 20 60
4.508429 169 125 20 60
4.510429 169 125 20 60
4.512429 169 125 20 60
4.514429 169 125 20 60
4.516429 169 125 20 60
4.518429 169 125 20 60
4.520429 169 125 20 60
4.522429 169 125 20 60
4.524429 169 125 20 60
4.526429 169 125 20 61
4.528429 169 125 20 61
4.530429 169 125 20 61
4.532429 169 125 20 61
4.534429 169 125 20 61
4.536429 169 125 20 61
4.538429 169 125 20 62
4.540429 169 125 21 62
4.542429 169 125 21 62
4.544429 169 125 21 62
4.546429 169 125 21 62
4.548429 169 125 21 63
4.550429 169 125 21 63
4.552429 169 125 21 63
4.554429 169 125 21 63
4.556429 169 125 21 63
4.558429 169 125 21 63
4.560429 169 125 21 64
4.562429 169 125 21 64
4.564429 169 125 21 64
4.566429 169 125 21 64
4.568429 169 125 22 64
4.570429 169 125 22 65
4.572429 169 125 22 65
4.574429 169 125 22 65
4.576429 169 125 22 65
4.578429 169 125 22 65
4.580429 169 125 22 65
4.582429 169 125 22 66
4.584429 169 125 22 66
4.586429 169 125 22 66
4.588429 169 125 22 66
4.590429 169 125 22 66
4.592429 169 125 22 66
4.594429 168 125 23 66
4.596429 168 125 23 66
4.598429 168 125 23 66
4.600429 168 125 23 66
4.602429 168 125 23 66
4.604429 168 125 23 66
4.606429 168 125 23 66
4.608429 168 125 23 66
4.610429 168 125 23 66
4.612429 168 125 23 66
4.614429 168 125 23 66
4.616429 168 125 23 66
4.618429 168 125 23 66
4.620429 168 125 23 66
4.622429 168 125 23 66
4.624429 168 125 23 66
4.626429 168 125 23 66
4.628429 168 125 23 66
4.630429 168 125 23 66
4.632429 168 125 23 65
4.634429 168 125 23 65
4.636429 168 125 23 65
4.638429 168 125 23 65
4.640429 168 125 23 65
4.642429 168 125 23 65
4.644429 168 125 23 65
4.646429 168 125 23 65
4.648429 168 125 23 65
4.650429 168 125 23 65
4.652429 168 125 23 65
4.654429 168 125 23 65
4.656429 168 125 23 65
4.658429 168 125 23 65
4.660429 168 125 23 65
4.662429 168 125 23 65
4.664429 168 125 23 65
4.666429 168 125 23 65
4.668429 168 125 23 65
4.670429 168 125 23 65
4.672429 168 125 22 64
4.674429 168 125 22 64
4.676429 168 125 22 64
4.678429 168 125 22 64
4.680429 168 125 22 64
4.682429 168 125 22 64
4.684429 168 125 22 64
4.686429 168 125 22 64
4.688429 168 125 21 64
4.690429 168 125 21 64
4.692429 168 125 21 63
4.694429 168 125 21 63
4.696429 168 125 21 63
4.698429 169 125 21 63
4.700429 169 125 21 63
4.702429 169 125 20 63
4.704429 169 125 20 63
4.706429 169 125 20 63
4.708429 169 125 20 63
4.710429 169 125 20 62
4.712429 169 125 20 62
4.714429 169 125 20 62
4.716429 169 125 20 62
4.718429 169 125 19 62
4.720429 169 125 19 62
4.722429 169 125 19 62
4.724429 170 125 19 62
4.726429 170 125 19 62
4.728429 170 125 19 62
4.730429 170 125 19 61
4.732429 170 125 19 61
4.734429 170 125 18 61
4.736429 170 125 18 61
4.738429 170 125 18 61
4.740429 170 125 18 61
4.742429 170 125 18 61
4.744429 170 125 18 61
4.746429 170 125 18 61
4.748429 170 125 18 61
4.750429 171 125 17 60
4.752429 171 125 17 60
4.754429 171 125 17 60
4.756429 171 125 17 60
4.758429 171 125 17 60
4.760429 171 125 17 60
4.762429 171 125 17 60
4.764429 171 125 17 60
4.766429 171 125 17 60
4.768429 171 125 17 60
4.770429 171 125 17 59
4.772429 171 125 17 59
4.774429 171 125 17 59
4.776429 171 125 17 59
4.778429 171 125 17 59
4.780429 171 125 17 59
4.782429 171 125 17 59
4.784429 171 125 17 59
4.786429 171 125 17 59
4.788429 171 125 17 59
4.790429 172 124 17 58
4.792429 172 124 17 58
4.794429 172 124 17 58
4.796429 172 124 17 58
4.798429 172 124 17 58
4.800429 172 124 17 58
4.802429 172 124 17 58
4.804429 172 124 17 58
4.806429 172 124 17 58
4.808429 172 124 17 57
4.810429 172 124 17 57
4.812429 172 124 17 57
4.814429 172 124 17 57
4.816429 172 124 17 57
4.818429 172 124 17 57
4.820429 172 124 17 57
4.822429 172 124 17 57
4.824429 172 124 17 57
4.826429 172 124 17 57
4.828429 173 124 16 56
4.830429 173 124 16 56
4.832429 173 124 16 56
4.834429 173 124 16 56
4.836429 173 124 16 56
4.838429 173 124 16 56
4.840429 173 124 16 56
4.842429 173 124 16 56
4.844429 173 124 16 56
4.846429 173 124 16 56
4.848429 173 124 16 56
4.850429 173 124 16 56
4.852429 173 124 16 56
4.854429 173 125 16 55
4.856429 173 125 16 55
4.858429 173 125 16 55
4.860429 173 125 16 55
4.862429 173 125 16 55
4.864429 173 125 16 55
4.866429 173 125 16 55
4.868429 173 125 15 55
4.870429 173 125 15 55
4.872429 173 125 15 55
4.874429 173 125 15 55
4.876429 173 125 15 55
4.878429 173 125 15 55
4.880429 173 126 15 54
4.882429 173 126 15 54
4.884429 173 126 15 54
4.886429 173 126 15 54
4.888429 173 126 15 54
4.890429 173 126 15 54
4.892429 173 126 15 54
4.894429 173 126 15 54
4.896429 173 126 15 54
4.898429 173 126 15 54
4.900429 173 126 15 54
4.902429 173 126 15 54
4.904429 173 126 15 54
4.906429 174 127 15 54
4.908429 174 127 15 54
4.910429 174 127 15 54
4.912429 174 127 15 54
4.914429 174 127 15 54
4.916429 174 127 15 54
4.918429 174 127 15 54
4.920429 174 127 15 54
4.922429 174 127 15 54
4.924429 174 127 15 54
4.926429 174 127 15 54
4.928429 174 127 15 54
4.930429 174 127 15 54
4.932429 174 127 15 54
4.934429 174 127 15 54
4.936429 174 127 15 54
4.938429 174 127 15 54
4.940429 174 127 15 54
4.942429 174 127 15 54
4.944429 174 127 15 54
4.946429 174 127 16 54
4.948429 174 127 16 54
4.950429 174 127 16 54
4.952429 174 127 16 54
4.954429 174 127 16 54
4.956429 174 127 16 54
4.958429 174 127 16 54
4.960429 174 127 16 54
4.962429 174 127 16 54
4.964429 174 127 16 54
4.966429 174 127 16 54
4.968429 174 127 16 54
4.970429 174 127 16 54
4.972429 174 127 16 54
4.974429 174 127 16 54
4.976429 174 127 16 54
4.978429 174 127 16 54
4.980429 174 127 16 54
4.982429 174 127 16 54
4.984429 174 127 16 54
4.986429 174 127 16 54
4.988429 174 127 16 54
4.990429 174 127 16 54
4.992429 174 127 16 54
4.994429 174 127 16 54
4.996429 174 127 16 54
4.998429 174 127 16 54
5.000429 174 127 16 54
5.002429 174 127 16 54
5.004429 174 127 16 54
5.006429 174 127 16 54
5.008429 174 127 16 54
5.010429 174 127 16 54
5.012429 174 127 16 54
5.014429 174 127 16 54
5.016429 174 127 16 54
5.018429 174 127 16 54
5.020429 174 127 16 54
5.022429 174 127 16 54
5.024429 175 127 15 54
5.026429 175 127 15 54
5.028429 175 127 15 54
5.030429 175 127 15 54
5.032429 175 127 15 54
5.034429 175 127 15 54
5.036429 175 127 15 54
5.038429 175 127 15 54
5.040429 175 127 15 54
5.042429 175 127 15 54
5.044429 175 127 15 54
5.046429 175 127 15 54
5.048429 175 127 15 54
5.050429 175 127 15 54
5.052429 175 127 15 54
5.054429 175 127 15 54
5.056429 175 127 15 54
5.058429 175 127 15 54
5.060429 175 127 15 54
5.062429 175 127 15 54
5.064429 176 126 15 53
5.066429 176 126 15 53
5.068429 176 126 15 53
5.070429 176 126 15 53
5.072429 176 126 15 53
5.074429 176 126 15 53
5.076429 176 126 15 53
5.078429 176 126 15 53
5.080429 176 126 15 53
5.082429 176 126 15 53
5.084429 176 126 15 53
5.086429 176 126 15 53
5.088429 176 126 15 53
5.090429 176 126 16 53
5.092429 176 126 16 53
5.094429 176 126 16 53
5.096429 176 126 16 53
5.098429 176 126 16 53
5.100429 176 126 16 53
5.102429 176 126 16 53
5.104429 176 126 16 53
5.106429 176 126 16 53
5.108429 176 126 16 53
5.110429 176 126 16 53
5.112429 176 126 16 53
5.114429 176 126 16 53
5.116429 176 126 17 53
5.118429 176 126 17 53
5.120429 176 126 17 53
5.122429 176 126 17 53
5.124429 176 126 17 53
5.126429 176 126 17 53
5.128429 176 126 17 53
5.130429 176 126 17 53
5.132429 176 126 17 53
5.134429 176 126 17 53
5.136429 176 126 17 53
5.138429 176 126 17 53
5.140429 176 126 17 53
5.142429 176 126 17 52
5.144429 176 126 17 52
5.146429 176 126 17 52
5.148429 176 126 17 52
5.150429 176 126 17 52
5.152429 176 126 17 52
5.154429 176 126 17 52
5.156429 176 126 17 52
5.158429 176 126 17 52
5.160429 176 126 17 52
5.162429 176 126 17 52
5.164429 176 126 17 52
5.166429 176 126 17 52
5.168429 177 126 17 52
5.170429 177 126 17 52
5.172429 177 126 17 52
5.174429 177 126 17 52
5.176429 177 126 17 52
5.178429 177 126 17 52
5.180429 177 126 16 52
5.182429 177 126 16 52
5.184429 177 126 16 52
5.186429 177 126 16 52
5.188429 177 126 16 52
5.190429 177 126 16 52
5.192429 177 126 16 52
5.194429 178 126 16 52
5.196429 178 126 16 52
5.198429 178 126 16 52
5.200429 178 126 16 52
5.202429 178 126 16 52
5.204429 178 126 16 52
5.206429 178 126 16 52
5.208429 178 126 16 52
5.210429 178 126 16 52
5.212429 178 126 16 52
5.214429 178 126 16 52
5.216429 178 126 16 52
5.218429 178 126 16 52
5.220429 179 126 15 51
5.222429 179 126 15 51
5.224429 179 126 15 51
5.226429 179 126 15 51
5.228429 179 126 15 50
5.230429 179 126 15 50
5.232429 179 126 15 50
5.234429 180 126 15 50
5.236429 180 126 15 49
5.238429 180 126 15 49
5.240429 180 126 15 49
5.242429 180 126 15 49
5.244429 180 126 15 48
5.246429 181 126 14 48
5.248429 181 126 14 48
5.250429 181 126 14 48
5.252429 181 126 14 47
5.254429 181 126 14 47
5.256429 181 126 14 47
5.258429 181 126 14 47
5.260429 182 126 14 46
5.262429 182 126 14 46
5.264429 182 126 14 46
5.266429 182 126 14 46
5.268429 182 126 14 45
5.270429 182 126 14 45
5.272429 183 126 13 45
5.274429 183 126 13 44
5.276429 183 126 13 44
5.278429 183 126 13 44
5.280429 183 126 13 44
5.282429 183 126 13 43
5.284429 183 126 13 43
5.286429 184 126 13 43
5.288429 184 126 13 43
5.290429 184 126 13 42
5.292429 184 126 13 42
5.294429 184 126 13 42
5.296429 184 126 13 42
5.298429 185 127 13 42
5.300429 185 127 13 42
5.302429 185 127 13 42
5.304429 185 127 13 42
5.306429 185 127 13 42
5.308429 185 127 13 42
5.310429 185 127 13 42
5.312429 185 127 13 42
5.314429 185 127 13 42
5.316429 185 127 13 42
5.318429 185 127 13 42
5.320429 185 127 13 42
5.322429 185 127 13 42
5.324429 185 127 13 42
5.326429 185 127 13 42
5.328429 185 127 13 42
5.330429 185 127 13 42
5.332429 185 127 13 42
5.334429 185 127 13 42
5.336429 185 127 13 42
5.338429 185 127 13 42
5.340429 185 127 13 42
5.342429 185 127 13 42
5.344429 185 127 13 42
5.346429 185 127 13 42
5.348429 185 127 13 42
5.350429 185 127 13 42
5.352429 185 127 13 42
5.354429 185 127 13 42
5.356429 185 127 13 42
5.358429 185 127 13 42
5.360429 185 127 13 42
5.362429 185 127 13 42
5.364429 185 127 13 42
5.366429 185 127 13 42
5.368429 185 127 13 42
5.370429 185 127 13 42
5.372429 185 127 13 42
5.374429 185 127 13 42
5.376429 185 127 14 43
5.378429 185 127 14 43
5.380429 185 127 14 43
5.382429 185 127 14 43
5.384429 185 127 14 43
5.386429 185 127 14 43
5.388429 185 127 14 43
5.390429 185 127 14 43
5.392429 185 127 14 43
5.394429 185 127 14 43
5.396429 185 127 14 44
5.398429 185 127 14 44
5.400429 185 127 14 44
5.402429 185 127 14 44
5.404429 185 127 14 44
5.406429 185 127 14 44
5.408429 185 127 14 44
5.410429 185 127 14 44
5.412429 185 127 14 44
5.414429 185 127 14 44
5.416429 185 128 14 45
5.418429 185 128 14 45
5.420429 185 128 14 45
5.422429 185 128 14 45
5.424429 185 128 14 45
5.426429 185 128 14 45
5.428429 185 128 14 45
5.430429 185 128 14 45
5.432429 185 128 14 45
5.434429 185 128 14 45
5.436429 185 128 14 46
5.438429 185 128 14 46
5.440429 185 128 14 46
5.442429 185 128 14 46
5.444429 185 128 14 46
5.446429 185 128 14 46
5.448429 185 128 14 46
5.450429 185 128 14 46
5.452429 185 128 14 46
5.454429 185 128 14 46
5.456429 186 129 14 47
5.458429 186 129 14 47
5.460429 186 129 14 47
5.462429 186 129 14 47
5.464429 186 129 14 47
5.466429 186 129 14 47
5.468429 186 129 14 47
5.470429 186 129 14 47
5.472429 186 129 14 47
5.474429 186 130 14 47
5.476429 186 130 14 47
5.478429 186 130 14 47
5.480429 186 130 14 47
5.482429 186 130 14 47
5.484429 186 130 14 47
5.486429 186 130 14 47
5.488429 186 130 14 47
5.490429 186 130 14 47
5.492429 186 130 14 47
5.494429 186 131 14 47
5.496429 186 131 14 47
5.498429 186 131 14 47
5.500429 186 131 14 47
5.502429 186 131 14 47
5.504429 186 131 14 47
5.506429 186 131 14 47
5.508429 186 131 14 47
5.510429 186 131 14 47
5.512429 186 131 14 47
5.514429 186 132 14 47
5.516429 186 132 14 47
5.518429 186 132 14 47
5.520429 186 132 14 47
5.522429 186 132 14 47
5.524429 186 132 14 47
5.526429 186 132 14 47
5.528429 186 132 14 47
5.530429 186 132 14 47
5.532429 186 132 14 47
5.534429 185 133 14 47
5.536429 185 133 14 47
5.538429 185 133 14 47
5.540429 185 133 14 47
5.542429 185 133 14 47
5.544429 185 133 14 47
5.546429 185 133 14 47
5.548429 185 133 14 47
5.550429 185 133 14 47
5.552429 185 133 14 47
5.554429 185 133 14 47
5.556429 185 133 14 47
5.558429 185 133 14 47
5.560429 185 133 14 48
5.562429 185 133 14 48
5.564429 185 133 14 48
5.566429 185 133 14 48
5.568429 185 133 14 48
5.570429 185 133 14 48
5.572429 184 133 14 48
5.574429 184 133 14 48
5.576429 184 133 14 48
5.578429 184 133 14 48
5.580429 184 133 14 48
5.582429 184 133 14 48
5.584429 184 133 14 48
5.586429 184 133 14 49
5.588429 184 133 14 49
5.590429 184 133 14 49
5.592429 184 133 14 49
5.594429 184 133 14 49
5.596429 184 133 14 49
5.598429 184 133 14 49
5.600429 184 133 14 49
5.602429 184 133 14 49
5.604429 184 133 14 49
5.606429 184 133 14 49
5.608429 184 133 14 49
5.610429 184 133 14 49
5.612429 184 134 14 49
5.614429 184 134 14 49
5.616429 184 134 14 49
5.618429 184 134 14 49
5.620429 184 134 14 49
5.622429 184 134 14 49
5.624429 184 134 14 49
5.626429 184 134 14 49
5.628429 184 134 14 49
5.630429 184 134 14 49
5.632429 184 134 14 48
5.634429 184 134 14 48
5.636429 184 134 14 48
5.638429 184 134 14 48
5.640429 184 134 14 48
5.642429 184 134 14 48
5.644429 184 134 14 48
5.646429 184 134 14 48
5.648429 184 134 14 48
5.650429 184 134 14 47
5.652429 184 134 14 47
5.654429 184 134 14 47
5.656429 184 134 14 47
5.658429 184 134 14 47
5.660429 184 134 14 47
5.662429 184 134 14 47
5.664429 184 134 14 47
5.666429 184 134 14 47
5.668429 184 134 14 47
5.670429 184 134 14 46
5.672429 184 134 14 46
5.674429 184 134 14 46
5.676429 184 134 14 46
5.678429 184 134 14 46
5.680429 184 134 14 46
5.682429 184 134 14 46
5.684429 184 134 14 46
5.686429 184 134 14 46
5.688429 184 134 14 46
5.690429 185 134 14 45
5.692429 185 134 14 45
5.694429 185 134 14 45
5.696429 185 134 14 45
5.698429 185 134 14 45
5.700429 185 134 14 45
5.702429 185 134 14 45
5.704429 185 134 14 45
5.706429 185 134 14 45
5.708429 185 134 14 45
5.710429 185 134 14 44
5.712429 185 134 14 44
5.714429 185 134 14 44
5.716429 185 134 14 44
5.718429 185 134 14 44
5.720429 185 134 14 44
5.722429 185 134 14 44
5.724429 185 134 14 44
5.726429 185 134 14 44
5.728429 185 134 14 44
5.730429 185 133 15 43
5.732429 185 133 15 43
5.734429 185 133 15 43
5.736429 185 133 15 43
5.738429 185 133 15 43
5.740429 185 133 15 43
5.742429 185 133 15 43
5.744429 185 133 15 43
5.746429 185 133 15 43
5.748429 185 133 15 42
5.750429 185 133 15 42
5.752429 185 133 15 42
5.754429 185 133 15 42
5.756429 185 133 15 42
5.758429 185 133 15 42
5.760429 185 133 15 42
5.762429 185 133 15 42
5.764429 185 133 15 42
5.766429 185 133 15 42
