0.023067 306 118 14 29
0.025067 305 117 14 28
0.027067 305 117 14 28
0.029067 305 117 14 28
0.031067 305 117 14 28
0.033067 305 117 14 28
0.035067 305 117 14 28
0.037067 305 117 14 28
0.039067 304 117 14 28
0.041067 304 117 14 28
0.043067 304 117 14 28
0.045067 304 117 14 28
0.047067 304 117 14 27
0.049067 304 117 14 27
0.051067 304 117 14 27
0.053067 304 117 14 27
0.055067 303 117 14 27
0.057067 303 117 14 27
0.059067 303 117 14 27
0.061067 303 117 14 27
0.063067 303 117 14 27
0.065067 303 117 14 27
0.067067 303 117 14 27
0.069067 303 117 14 27
0.071067 302 117 14 26
0.073067 302 117 14 26
0.075067 302 117 14 26
0.077067 302 117 14 26
0.079067 302 117 14 26
0.081067 302 117 14 26
0.083067 302 117 14 26
0.085067 302 117 14 26
0.087067 302 118 14 25
0.089067 302 118 14 25
0.091067 302 118 14 25
0.093067 302 118 14 25
0.095067 301 118 14 25
0.097067 301 118 14 25
0.099067 301 118 14 25
0.101067 301 118 14 25
0.103067 301 119 14 24
0.105067 301 119 14 24
0.107067 301 119 14 24
0.109067 301 119 14 24
0.111067 301 119 14 24
0.113067 301 119 14 24
0.115067 301 119 14 24
0.117067 301 119 14 24
0.119067 300 119 14 24
0.121067 300 119 14 24
0.123067 300 119 14 24
0.125067 300 119 14 24
0.127067 300 119 14 24
0.129067 300 119 14 24
0.131067 299 119 14 24
0.133067 299 119 14 24
0.135067 299 119 14 24
0.137067 299 119 14 24
0.139067 299 119 14 24
0.141067 299 119 14 24
0.143067 298 119 14 24
0.145067 298 119 14 24
0.147067 298 119 14 24
0.149067 298 119 14 24
0.151067 298 119 14 24
0.153067 297 119 14 24
0.155067 297 119 14 24
0.157067 297 119 14 24
0.159067 297 119 14 24
0.161067 297 119 14 24
0.163067 297 119 14 24
0.165067 296 118 14 25
0.167067 296 118 14 25
0.169067 296 118 14 25
0.171067 296 118 14 25
0.173067 296 118 14 25
0.175067 296 118 14 25
0.177067 296 118 14 25
0.179067 296 118 14 25
0.181067 296 118 14 25
0.183067 296 118 14 25
0.185067 296 118 14 25
0.187067 296 118 14 25
0.189067 295 117 14 26
0.191067 295 117 14 26
0.193067 295 117 14 26
0.195067 295 117 14 26
0.197067 295 117 14 26
0.199067 295 117 14 26
0.201067 295 117 14 26
0.203067 295 117 14 26
0.205067 295 117 14 26
0.207067 295 117 14 26
0.209067 295 117 14 26
0.211067 295 117 14 26
0.213067 294 117 15 27
0.215067 294 117 15 27
0.217067 294 117 15 27
0.219067 294 117 15 27
0.221067 294 117 15 27
0.223067 293 117 15 27
0.225067 293 117 15 27
0.227067 293 117 15 27
0.229067 293 117 15 27
0.231067 292 117 15 27
0.233067 292 117 15 27
0.235067 292 117 15 27
0.237067 292 117 15 28
0.239067 292 117 15 28
0.241067 291 117 15 28
0.243067 291 117 15 28
0.245067 291 117 15 28
0.247067 291 117 15 28
0.249067 291 117 15 28
0.251067 290 117 15 28
0.253067 290 117 15 28
0.255067 290 117 15 28
0.257067 290 117 15 28
0.259067 290 117 15 28
0.261067 289 117 16 29
0.263067 289 117 16 29
0.265067 289 117 16 29
0.267067 289 117 16 29
0.269067 289 117 16 29
0.271067 289 117 16 29
0.273067 289 117 16 29
0.275067 288 117 17 29
0.277067 288 117 17 29
0.279067 288 117 17 29
0.281067 288 117 17 29
0.283067 288 117 17 29
0.285067 288 117 17 29
0.287067 288 117 17 29
0.289067 288 117 17 29
0.291067 287 117 18 29
0.293067 287 117 18 29
0.295067 287 117 18 29
0.297067 287 117 18 29
0.299067 287 117 18 29
0.301067 287 117 18 29
0.303067 287 117 18 29
0.305067 287 117 18 29
0.307067 286 117 18 28
0.309067 286 117 18 28
0.311067 286 117 18 28
0.313067 286 117 18 28
0.315067 286 117 18 28
0.317067 286 117 18 28
0.319067 286 117 18 28
0.321067 286 117 18 28
0.323067 286 117 17 28
0.325067 286 117 17 28
0.327067 286 117 17 28
0.329067 286 117 17 28
0.331067 285 118 17 27
0.333067 285 118 17 27
0.335067 285 118 17 27
0.337067 285 118 17 27
0.339067 285 118 16 27
0.341067 285 118 16 27
0.343067 285 118 16 27
0.345067 285 118 16 27
0.347067 285 118 16 27
0.349067 285 118 16 27
0.351067 285 118 16 27
0.353067 285 118 16 27
0.355067 284 118 15 27
0.357067 284 118 15 27
0.359067 284 118 15 27
0.361067 284 118 15 27
0.363067 284 118 15 27
0.365067 284 118 15 27
0.367067 284 118 15 27
0.369067 284 118 15 27
0.371067 284 118 15 27
0.373067 284 118 15 27
0.375067 284 118 15 27
0.377067 284 118 15 27
0.379067 283 118 15 27
0.381067 283 118 15 27
0.383067 283 118 15 27
0.385067 283 118 15 27
0.387067 283 118 15 27
0.389067 283 118 15 27
0.391067 283 118 15 27
0.393067 283 118 15 27
0.395067 283 118 15 27
0.397067 283 118 15 27
0.399067 283 118 15 27
0.401067 282 118 15 26
0.403067 282 118 15 26
0.405067 282 118 15 26
0.407067 282 118 15 26
0.409067 282 118 15 26
0.411067 282 118 15 26
0.413067 282 118 15 26
0.415067 282 118 15 26
0.417067 281 118 15 26
0.419067 281 118 15 26
0.421067 281 118 15 26
0.423067 281 118 15 26
0.425067 281 118 15 25
0.427067 281 118 15 25
0.429067 281 118 15 25
0.431067 281 118 15 25
0.433067 280 118 15 25
0.435067 280 118 15 25
0.437067 280 118 15 25
0.439067 280 118 15 25
0.441067 280 118 15 25
0.443067 280 118 15 25
0.445067 280 118 15 25
0.447067 280 118 15 25
0.449067 279 118 15 25
0.451067 279 118 15 25
0.453067 279 118 15 25
0.455067 279 118 15 25
0.457067 279 118 15 25
0.459067 279 118 15 25
0.461067 278 118 15 25
0.463067 278 118 15 25
0.465067 278 118 15 25
0.467067 278 118 15 25
0.469067 278 118 15 25
0.471067 278 118 15 25
0.473067 277 118 15 25
0.475067 277 118 15 25
0.477067 277 118 15 25
0.479067 277 118 15 25
0.481067 277 118 15 25
0.483067 277 118 15 25
0.485067 276 118 15 25
0.487067 276 118 15 25
0.489067 276 118 15 25
0.491067 276 118 15 25
0.493067 276 118 15 25
0.495067 276 118 15 25
0.497067 275 117 14 25
0.499067 275 117 14 25
0.501067 275 117 14 25
0.503067 275 117 14 25
0.505067 275 117 14 25
0.507067 275 117 14 25
0.509067 275 117 14 25
0.511067 275 117 14 25
0.513067 275 117 14 25
0.515067 275 117 14 25
0.517067 275 117 14 25
0.519067 275 117 14 26
0.521067 275 117 14 26
0.523067 275 117 14 26
0.525067 275 117 14 26
0.527067 275 117 14 26
0.529067 275 117 14 26
0.531067 275 117 14 26
0.533067 275 117 14 26
0.535067 275 117 14 26
0.537067 275 117 14 26
0.539067 275 117 14 26
0.541067 275 117 14 26
0.543067 274 117 14 26
0.545067 274 117 14 26
0.547067 274 117 14 26
0.549067 274 117 14 26
0.551067 274 117 14 26
0.553067 274 117 14 26
0.555067 274 117 14 26
0.557067 274 117 14 26
0.559067 274 118 14 26
0.561067 274 118 14 26
0.563067 274 118 14 26
0.565067 274 118 14 26
0.567067 273 118 14 25
0.569067 273 118 14 25
0.571067 273 118 14 25
0.573067 273 118 14 25
0.575067 273 119 14 25
0.577067 273 119 14 25
0.579067 273 119 14 25
0.581067 273 119 14 25
0.583067 273 119 14 25
0.585067 273 119 14 25
0.587067 273 119 14 25
0.589067 273 119 14 25
0.591067 272 120 15 25
0.593067 272 120 15 25
0.595067 272 120 15 25
0.597067 272 120 15 25
0.599067 272 120 15 25
0.601067 272 120 15 25
0.603067 271 120 15 25
0.605067 271 120 15 25
0.607067 271 120 15 25
0.609067 271 120 15 25
0.611067 271 120 15 25
0.613067 271 120 15 25
0.615067 270 120 16 26
0.617067 270 120 16 26
0.619067 270 120 16 26
0.621067 270 120 16 26
0.623067 270 120 16 26
0.625067 269 120 16 26
0.627067 269 120 16 26
0.629067 269 120 16 26
0.631067 269 120 16 26
0.633067 269 120 16 26
0.635067 269 120 16 26
0.637067 268 119 16 27
0.639067 268 119 16 27
0.641067 268 119 16 27
0.643067 268 119 16 27
0.645067 268 119 16 27
0.647067 268 119 16 27
0.649067 268 119 16 27
0.651067 268 119 16 27
0.653067 268 119 15 27
0.655067 268 119 15 27
0.657067 268 119 15 27
0.659067 268 119 15 27
0.661067 268 118 15 27
0.663067 268 118 15 27
0.665067 268 118 15 27
0.667067 268 118 15 27
0.669067 268 118 14 27
0.671067 268 118 14 27
0.673067 268 118 14 27
0.675067 268 118 14 27
0.677067 268 118 14 27
0.679067 268 118 14 27
0.681067 268 118 14 27
0.683067 268 118 14 27
0.685067 267 118 14 27
0.687067 267 118 14 27
0.689067 267 118 14 27
0.691067 267 118 14 27
0.693067 267 118 14 27
0.695067 267 118 14 27
0.697067 266 118 14 27
0.699067 266 118 14 27
0.701067 266 118 14 27
0.703067 266 118 14 27
0.705067 266 118 14 27
0.707067 266 118 14 27
0.709067 265 118 14 27
0.711067 265 118 14 27
0.713067 265 118 14 27
0.715067 265 118 14 27
0.717067 265 118 14 27
0.719067 265 118 14 27
0.721067 264 118 14 27
0.723067 264 118 14 27
0.725067 264 118 14 27
0.727067 264 118 14 27
0.729067 264 118 14 27
0.731067 264 118 14 27
0.733067 263 118 15 27
0.735067 263 118 15 27
0.737067 263 118 15 27
0.739067 263 118 15 27
0.741067 263 118 15 27
0.743067 263 118 15 27
0.745067 262 118 15 27
0.747067 262 118 15 27
0.749067 262 118 15 27
0.751067 262 118 15 27
0.753067 262 118 15 27
0.755067 261 118 15 27
0.757067 261 118 15 27
0.759067 261 118 15 27
0.761067 261 118 15 27
0.763067 261 118 15 27
0.765067 261 118 15 27
0.767067 260 118 15 27
0.769067 260 118 15 27
0.771067 260 118 15 27
0.773067 260 118 15 27
0.775067 260 118 15 27
0.777067 260 118 15 27
0.779067 259 119 15 27
0.781067 259 119 15 27
0.783067 259 119 15 27
0.785067 259 119 15 27
0.787067 259 119 15 27
0.789067 259 119 15 27
0.791067 259 119 15 27
0.793067 259 119 15 27
0.795067 259 119 15 27
0.797067 259 119 15 27
0.799067 259 119 15 27
0.801067 259 119 15 27
0.803067 259 119 14 26
0.805067 259 119 14 26
0.807067 259 119 14 26
0.809067 259 119 14 26
0.811067 259 119 14 26
0.813067 259 119 14 26
0.815067 259 119 14 26
0.817067 259 119 14 26
0.819067 259 119 14 26
0.821067 259 119 14 26
0.823067 259 119 14 26
0.825067 259 119 14 26
0.827067 258 119 14 25
0.829067 258 119 14 25
0.831067 258 119 14 25
0.833067 258 119 14 25
0.835067 258 119 14 25
0.837067 258 119 14 25
0.839067 258 119 14 25
0.841067 258 119 14 25
0.843067 258 119 14 25
0.845067 258 119 14 25
0.847067 258 119 14 25
0.849067 258 119 14 25
0.851067 257 119 14 25
0.853067 257 119 14 25
0.855067 257 119 14 25
0.857067 257 119 14 25
0.859067 257 119 14 25
0.861067 257 119 14 25
0.863067 257 119 14 25
0.865067 257 119 14 25
0.867067 257 119 14 25
0.869067 257 119 14 25
0.871067 257 119 14 25
0.873067 256 119 15 25
0.875067 256 119 15 25
0.877067 256 119 15 25
0.879067 256 119 15 25
0.881067 256 119 15 25
0.883067 256 119 15 25
0.885067 256 119 15 25
0.887067 256 119 15 25
0.889067 255 119 15 25
0.891067 255 119 15 25
0.893067 255 119 15 25
0.895067 255 119 15 25
0.897067 255 119 15 25
0.899067 255 119 15 25
0.901067 255 119 15 25
0.903067 255 119 15 25
0.905067 254 119 15 25
0.907067 254 119 15 25
0.909067 254 119 15 25
0.911067 254 119 15 25
0.913067 254 119 15 25
0.915067 254 119 15 25
0.917067 254 119 15 25
0.919067 254 119 15 25
0.921067 253 119 15 26
0.923067 253 119 15 26
0.925067 253 119 15 26
0.927067 253 119 15 26
0.929067 253 119 15 26
0.931067 253 119 15 26
0.933067 253 119 15 26
0.935067 253 119 15 26
0.937067 252 119 15 27
0.939067 252 119 15 27
0.941067 252 119 15 27
0.943067 252 119 15 27
0.945067 252 118 15 27
0.947067 252 118 15 27
0.949067 252 118 15 27
0.951067 252 118 15 27
0.953067 251 118 15 28
0.955067 251 118 15 28
0.957067 251 118 15 28
0.959067 251 118 15 28
0.961067 251 118 15 28
0.963067 251 118 15 28
0.965067 251 118 15 28
0.967067 251 118 15 28
0.969067 250 117 15 29
0.971067 250 117 15 29
0.973067 250 117 15 29
0.975067 250 117 15 29
0.977067 250 117 15 29
0.979067 250 117 15 29
0.981067 249 117 15 29
0.983067 249 117 15 29
0.985067 249 117 15 29
0.987067 249 117 15 29
0.989067 249 117 15 29
0.991067 248 117 16 29
0.993067 248 117 16 29
0.995067 248 117 16 29
0.997067 248 117 16 29
0.999067 248 117 16 29
1.001067 248 117 16 29
1.003067 247 117 16 29
1.005067 247 117 16 29
1.007067 247 117 16 29
1.009067 247 117 16 29
1.011067 247 117 16 29
1.013067 247 117 16 29
1.015067 246 117 17 29
1.017067 246 117 17 29
1.019067 246 117 17 29
1.021067 246 117 17 29
1.023067 246 117 17 29
1.025067 246 117 17 29
1.027067 246 117 17 29
1.029067 246 117 17 29
1.031067 245 117 17 29
1.033067 245 117 17 29
1.035067 245 117 17 29
1.037067 245 117 17 29
1.039067 245 117 17 29
1.041067 245 117 17 29
1.043067 245 117 17 29
1.045067 245 117 17 29
1.047067 244 117 17 29
1.049067 244 117 17 29
1.051067 244 117 17 29
1.053067 244 117 17 29
1.055067 244 117 17 29
1.057067 244 117 17 29
1.059067 244 117 17 29
1.061067 244 117 17 29
1.063067 243 117 17 29
1.065067 243 117 17 29
1.067067 243 117 17 29
1.069067 243 117 17 29
1.071067 242 117 17 29
1.073067 242 117 17 29
1.075067 242 117 17 29
1.077067 242 117 17 29
1.079067 241 117 18 29
1.081067 241 117 18 29
1.083067 241 117 18 29
1.085067 241 117 18 29
1.087067 240 117 18 29
1.089067 240 117 18 29
1.091067 240 117 18 29
1.093067 240 117 18 29
1.095067 239 117 19 29
1.097067 239 117 19 29
1.099067 239 117 19 29
1.101067 239 117 19 29
1.103067 238 117 19 29
1.105067 238 117 19 29
1.107067 238 117 19 29
1.109067 238 117 19 29
1.111067 238 117 19 29
1.113067 238 117 19 29
1.115067 238 117 19 29
1.117067 238 117 19 29
1.119067 238 117 19 29
1.121067 238 117 19 29
1.123067 238 117 19 29
1.125067 238 117 19 29
1.127067 238 117 19 29
1.129067 238 117 19 29
1.131067 238 117 19 29
1.133067 239 116 18 29
1.135067 239 116 18 29
1.137067 239 116 18 29
1.139067 239 116 18 29
1.141067 239 116 18 29
1.143067 239 116 18 29
1.145067 239 116 18 29
1.147067 239 116 18 29
1.149067 239 116 18 29
1.151067 239 116 18 29
1.153067 239 116 18 29
1.155067 239 116 18 29
1.157067 239 116 17 29
1.159067 239 116 17 29
1.161067 239 116 17 29
1.163067 239 116 17 29
1.165067 239 116 17 29
1.167067 239 116 17 29
1.169067 239 116 17 29
1.171067 239 116 17 29
1.173067 239 116 16 29
1.175067 239 116 16 29
1.177067 239 116 16 29
1.179067 239 116 16 29
1.181067 238 116 16 28
1.183067 238 116 16 28
1.185067 238 116 16 28
1.187067 238 116 16 28
1.189067 238 116 15 28
1.191067 238 116 15 28
1.193067 238 116 15 28
1.195067 238 116 15 28
1.197067 238 116 15 28
1.199067 238 116 15 28
1.201067 238 116 15 28
1.203067 238 116 15 28
1.205067 237 117 15 27
1.207067 237 117 15 27
1.209067 237 117 15 27
1.211067 237 117 15 27
1.213067 236 117 15 27
1.215067 236 117 15 27
1.217067 236 117 15 27
1.219067 236 117 15 27
1.221067 236 117 15 27
1.223067 235 117 15 27
1.225067 235 117 15 27
1.227067 235 117 15 27
1.229067 235 117 15 27
1.231067 235 117 15 27
1.233067 234 117 15 27
1.235067 234 117 15 27
1.237067 234 117 15 27
1.239067 234 117 15 27
1.241067 234 117 15 27
1.243067 233 117 15 27
1.245067 233 117 15 27
1.247067 233 117 15 27
1.249067 233 117 15 27
1.251067 232 118 16 27
1.253067 232 118 16 27
1.255067 232 118 16 27
1.257067 232 118 16 27
1.259067 232 118 16 27
1.261067 231 118 16 27
1.263067 231 118 16 27
1.265067 231 118 16 27
1.267067 231 118 17 27
1.269067 231 118 17 27
1.271067 230 118 17 27
1.273067 230 118 17 27
1.275067 230 118 17 27
1.277067 230 118 17 27
1.279067 229 118 17 27
1.281067 229 118 17 27
1.283067 229 118 18 27
1.285067 229 118 18 27
1.287067 229 118 18 27
1.289067 228 118 18 27
1.291067 228 118 18 27
1.293067 228 118 18 27
1.295067 228 118 18 27
1.297067 228 118 18 27
1.299067 227 118 18 27
1.301067 227 118 18 27
1.303067 227 118 18 27
1.305067 227 118 18 27
1.307067 227 118 18 27
1.309067 227 118 18 27
1.311067 227 118 18 27
1.313067 227 118 18 27
1.315067 227 118 18 27
1.317067 227 118 18 27
1.319067 227 118 18 27
1.321067 227 118 18 27
1.323067 226 118 18 27
1.325067 226 118 18 27
1.327067 226 118 18 27
1.329067 226 118 18 27
1.331067 226 118 18 27
1.333067 226 118 18 27
1.335067 226 118 18 27
1.337067 226 118 18 27
1.339067 226 118 18 27
1.341067 226 118 18 27
1.343067 226 118 18 27
1.345067 226 118 18 27
1.347067 225 118 18 27
1.349067 225 118 18 27
1.351067 225 118 18 27
1.353067 225 118 18 27
1.355067 225 118 18 27
1.357067 225 118 18 27
1.359067 225 118 18 27
1.361067 224 118 18 27
1.363067 224 118 18 27
1.365067 224 118 18 27
1.367067 224 118 18 27
1.369067 224 118 18 27
1.371067 224 118 18 27
1.373067 224 118 18 27
1.375067 224 118 18 27
1.377067 223 118 18 27
1.379067 223 118 18 27
1.381067 223 118 18 27
1.383067 223 118 18 27
1.385067 223 118 18 27
1.387067 223 118 18 27
1.389067 223 118 18 27
1.391067 223 118 18 27
1.393067 222 119 18 27
1.395067 222 119 18 27
1.397067 222 119 18 27
1.399067 222 119 18 27
1.401067 222 119 18 27
1.403067 222 119 18 27
1.405067 222 119 18 27
1.407067 222 119 18 27
1.409067 222 119 17 27
1.411067 222 119 17 27
1.413067 222 119 17 27
1.415067 222 119 17 27
1.417067 221 119 17 27
1.419067 221 119 17 27
1.421067 221 119 17 27
1.423067 221 119 17 27
1.425067 221 119 16 27
1.427067 221 119 16 27
1.429067 221 119 16 27
1.431067 221 119 16 27
1.433067 221 119 16 27
1.435067 221 119 16 27
1.437067 221 119 16 27
1.439067 221 119 16 27
1.441067 220 118 16 27
1.443067 220 118 16 27
1.445067 220 118 16 27
1.447067 220 118 16 27
1.449067 220 117 16 28
1.451067 220 117 16 28
1.453067 220 117 16 28
1.455067 220 117 16 28
1.457067 219 117 16 28
1.459067 219 116 16 29
1.461067 219 116 16 29
1.463067 219 116 16 29
1.465067 219 116 16 29
1.467067 219 116 16 29
1.469067 219 115 16 30
1.471067 218 115 16 30
1.473067 218 115 16 30
1.475067 218 115 16 30
1.477067 218 115 16 30
1.479067 218 114 16 31
1.481067 218 114 16 31
1.483067 218 114 16 31
1.485067 218 114 16 31
1.487067 217 114 17 31
1.489067 217 114 17 31
1.491067 217 114 17 31
1.493067 217 114 17 31
1.495067 217 115 17 31
1.497067 217 115 17 30
1.499067 217 115 17 30
1.501067 217 115 17 30
1.503067 216 116 17 30
1.505067 216 116 17 30
1.507067 216 116 17 29
1.509067 216 116 17 29
1.511067 216 117 17 29
1.513067 216 117 17 29
1.515067 216 117 17 28
1.517067 216 117 17 28
1.519067 215 118 17 28
1.521067 215 118 17 28
1.523067 215 118 17 28
1.525067 215 118 17 27
1.527067 215 119 17 27
1.529067 215 119 17 27
1.531067 215 119 17 27
1.533067 215 119 17 27
1.535067 214 119 17 26
1.537067 214 119 17 26
1.539067 214 119 17 26
1.541067 214 119 17 26
1.543067 214 119 17 26
1.545067 214 119 17 26
1.547067 214 119 17 26
1.549067 214 119 17 26
1.551067 214 119 16 26
1.553067 214 119 16 26
1.555067 214 119 16 26
1.557067 214 119 16 26
1.559067 213 119 16 26
1.561067 213 119 16 26
1.563067 213 119 16 26
1.565067 213 119 16 26
1.567067 213 119 15 26
1.569067 213 119 15 26
1.571067 213 119 15 26
1.573067 213 119 15 26
1.575067 213 119 15 26
1.577067 213 119 15 26
1.579067 213 119 15 26
1.581067 213 119 15 26
1.583067 212 119 15 26
1.585067 212 119 15 26
1.587067 212 119 15 26
1.589067 212 119 15 26
1.591067 212 119 15 26
1.593067 212 119 15 26
1.595067 212 119 15 26
1.597067 212 119 15 27
1.599067 212 119 15 27
1.601067 212 119 15 27
1.603067 212 119 15 27
1.605067 211 119 15 27
1.607067 211 119 15 27
1.609067 211 119 15 27
1.611067 211 119 15 27
1.613067 211 119 15 28
1.615067 211 119 15 28
1.617067 211 119 15 28
1.619067 211 119 15 28
1.621067 211 119 15 28
1.623067 211 119 15 28
1.625067 211 119 15 28
1.627067 211 119 15 28
1.629067 210 119 15 29
1.631067 210 119 15 29
1.633067 210 119 15 29
1.635067 210 119 15 29
1.637067 210 119 15 29
1.639067 209 119 16 29
1.641067 209 119 16 29
1.643067 209 119 16 29
1.645067 209 119 16 29
1.647067 209 119 16 29
1.649067 208 119 17 29
1.651067 208 119 17 29
1.653067 208 119 17 29
1.655067 208 119 17 29
1.657067 207 119 18 29
1.659067 207 119 18 29
1.661067 207 119 18 29
1.663067 207 119 18 29
1.665067 207 119 18 29
1.667067 206 119 19 29
1.669067 206 119 19 29
1.671067 206 119 19 29
1.673067 206 119 19 29
1.675067 206 119 19 29
1.677067 205 119 19 28
1.679067 205 119 19 28
1.681067 205 119 19 28
1.683067 205 119 19 28
1.685067 205 119 19 28
1.687067 205 119 19 28
1.689067 205 119 19 28
1.691067 205 119 19 28
1.693067 205 119 19 28
1.695067 205 119 19 28
1.697067 205 119 19 28
1.699067 205 119 19 28
1.701067 204 119 18 27
1.703067 204 119 18 27
1.705067 204 119 18 27
1.707067 204 119 18 27
1.709067 204 119 18 27
1.711067 204 119 18 27
1.713067 204 119 18 27
1.715067 204 119 18 27
1.717067 204 119 18 27
1.719067 204 119 18 27
1.721067 204 119 18 27
1.723067 203 118 18 27
1.725067 203 118 18 27
1.727067 203 118 18 27
1.729067 203 118 18 27
1.731067 203 118 18 27
1.733067 203 118 18 27
1.735067 202 118 18 27
1.737067 202 118 18 27
1.739067 202 118 19 27
1.741067 202 118 19 27
1.743067 202 118 19 27
1.745067 202 118 19 27
1.747067 201 118 19 27
1.749067 201 118 19 27
1.751067 201 118 19 27
1.753067 201 118 19 27
1.755067 201 118 20 27
1.757067 201 118 20 27
1.759067 200 118 20 27
1.761067 200 118 20 27
1.763067 200 118 20 27
1.765067 200 118 20 27
1.767067 200 118 20 27
1.769067 200 118 20 27
1.771067 199 118 20 27
1.773067 199 118 20 27
1.775067 199 118 20 27
1.777067 199 118 20 27
1.779067 199 118 20 27
1.781067 199 118 20 27
1.783067 199 118 20 27
1.785067 199 118 20 27
1.787067 199 118 19 27
1.789067 199 118 19 27
1.791067 199 118 19 27
1.793067 199 118 19 27
1.795067 198 119 19 27
1.797067 198 119 19 27
1.799067 198 119 19 27
1.801067 198 119 19 27
1.803067 198 119 18 27
1.805067 198 119 18 27
1.807067 198 119 18 27
1.809067 198 119 18 27
1.811067 198 119 18 27
1.813067 198 119 18 27
1.815067 198 119 18 27
1.817067 198 119 18 27
1.819067 197 119 18 27
1.821067 197 119 18 27
1.823067 197 119 18 27
1.825067 197 119 18 27
1.827067 197 119 18 27
1.829067 197 119 18 27
1.831067 197 119 18 27
1.833067 197 119 18 28
1.835067 197 119 18 28
1.837067 197 119 18 28
1.839067 197 119 18 28
1.841067 196 119 18 28
1.843067 196 119 18 28
1.845067 196 119 18 28
1.847067 196 119 18 28
1.849067 196 119 18 29
1.851067 196 119 18 29
1.853067 196 119 18 29
1.855067 196 119 18 29
1.857067 196 119 18 29
1.859067 196 119 18 29
1.861067 196 119 18 29
1.863067 196 119 18 29
1.865067 195 119 19 29
1.867067 195 119 19 29
1.869067 195 119 19 29
1.871067 195 119 19 29
1.873067 195 119 19 29
1.875067 195 119 19 29
1.877067 194 119 19 29
1.879067 194 119 19 29
1.881067 194 119 19 29
1.883067 194 119 19 29
1.885067 194 119 19 29
1.887067 194 119 19 29
1.889067 193 119 19 28
1.891067 193 119 19 28
1.893067 193 119 19 28
1.895067 193 119 19 28
1.897067 193 119 19 28
1.899067 193 119 19 28
1.901067 192 119 19 28
1.903067 192 119 19 28
1.905067 192 119 19 28
1.907067 192 119 19 28
1.909067 192 119 19 28
1.911067 192 119 19 28
1.913067 192 119 19 27
1.915067 192 119 19 27
1.917067 192 119 19 27
1.919067 192 119 19 27
1.921067 192 119 19 27
1.923067 192 119 19 26
1.925067 192 120 19 26
1.927067 192 120 19 26
1.929067 192 120 18 26
1.931067 192 120 18 25
1.933067 192 120 18 25
1.935067 192 120 18 25
1.937067 192 121 18 25
1.939067 192 121 18 25
1.941067 192 121 18 24
1.943067 192 121 18 24
1.945067 192 121 17 24
1.947067 192 121 17 24
1.949067 192 122 17 24
1.951067 192 122 17 23
1.953067 192 122 17 23
1.955067 192 122 17 23
1.957067 192 122 17 23
1.959067 192 122 17 23
1.961067 192 122 17 23
1.963067 192 122 17 23
1.965067 192 122 17 23
1.967067 191 122 17 24
1.969067 191 122 17 24
1.971067 191 122 18 24
1.973067 191 122 18 24
1.975067 190 122 18 25
1.977067 190 122 18 25
1.979067 190 122 18 25
1.981067 190 122 18 25
1.983067 189 121 19 26
1.985067 189 121 19 26
1.987067 189 121 19 26
1.989067 189 121 19 26
1.991067 188 121 19 27
1.993067 188 121 19 27
1.995067 188 121 20 27
1.997067 188 121 20 27
1.999067 187 121 20 28
2.001067 187 121 20 28
2.003067 187 121 20 28
2.005067 187 121 20 28
2.007067 186 121 20 29
2.009067 186 121 20 29
2.011067 186 121 20 29
2.013067 186 121 20 29
2.015067 186 121 20 29
2.017067 186 121 20 29
2.019067 185 121 20 29
2.021067 185 121 20 29
2.023067 185 121 20 29
2.025067 185 121 20 29
2.027067 185 121 20 29
2.029067 185 121 20 29
2.031067 184 121 19 29
2.033067 184 121 19 29
2.035067 184 121 19 29
2.037067 184 121 19 29
2.039067 184 121 19 29
2.041067 184 121 19 29
2.043067 183 121 19 29
2.045067 183 121 19 29
2.047067 183 121 19 29
2.049067 183 121 19 29
2.051067 183 121 19 29
2.053067 183 121 19 29
2.055067 182 121 19 30
2.057067 182 121 19 30
2.059067 182 121 19 30
2.061067 182 121 19 30
2.063067 182 121 19 30
2.065067 182 121 19 30
2.067067 182 121 19 30
2.069067 181 121 19 30
2.071067 181 121 19 30
2.073067 181 121 19 30
2.075067 181 121 19 30
2.077067 181 121 19 30
2.079067 181 121 19 30
2.081067 181 121 19 30
2.083067 181 121 19 30
2.085067 180 121 19 30
2.087067 180 121 19 30
2.089067 180 121 19 30
2.091067 180 121 19 30
2.093067 180 121 19 30
2.095067 180 121 19 30
2.097067 180 121 19 30
2.099067 180 121 19 30
2.101067 179 120 20 31
2.103067 179 120 20 31
2.105067 179 120 20 31
2.107067 179 120 20 31
2.109067 179 120 20 31
2.111067 179 120 20 31
2.113067 179 120 20 31
2.115067 179 120 20 31
2.117067 178 120 20 31
2.119067 178 120 20 31
2.121067 178 120 20 31
2.123067 178 120 20 31
2.125067 178 120 20 32
2.127067 178 120 20 32
2.129067 178 120 20 32
2.131067 178 120 20 32
2.133067 177 120 20 32
2.135067 177 120 20 32
2.137067 177 120 20 32
2.139067 177 120 20 32
2.141067 177 120 20 32
2.143067 177 120 20 32
2.145067 177 120 20 32
2.147067 177 120 20 32
2.149067 176 120 21 32
2.151067 176 120 21 32
2.153067 176 120 21 32
2.155067 176 120 21 32
2.157067 176 120 21 32
2.159067 176 120 21 32
2.161067 176 120 21 32
2.163067 176 120 21 32
2.165067 176 120 21 32
2.167067 176 120 21 32
2.169067 176 120 21 32
2.171067 176 120 21 32
2.173067 175 120 21 31
2.175067 175 120 21 31
2.177067 175 120 21 31
2.179067 175 120 21 31
2.181067 175 120 21 31
2.183067 175 120 21 31
2.185067 175 120 21 31
2.187067 175 120 21 31
2.189067 175 120 21 31
2.191067 175 120 21 31
2.193067 175 120 21 31
2.195067 174 121 21 30
2.197067 174 121 21 30
2.199067 174 121 21 30
2.201067 174 121 21 30
2.203067 174 121 21 30
2.205067 174 121 21 30
2.207067 174 121 21 30
2.209067 174 121 21 30
2.211067 174 121 21 29
2.213067 174 121 21 29
2.215067 174 121 21 29
2.217067 174 121 21 29
2.219067 174 121 21 29
2.221067 174 121 21 29
2.223067 174 121 21 29
2.225067 174 121 21 29
2.227067 174 121 21 28
2.229067 174 121 21 28
2.231067 174 121 21 28
2.233067 174 121 21 28
2.235067 174 121 21 28
2.237067 174 121 21 28
2.239067 174 121 21 28
2.241067 174 121 21 28
2.243067 173 121 20 27
2.245067 173 121 20 27
2.247067 173 121 20 27
2.249067 173 121 20 27
2.251067 173 121 19 27
2.253067 173 121 19 27
2.255067 172 121 19 27
2.257067 172 121 19 27
2.259067 172 121 18 26
2.261067 172 121 18 26
2.263067 172 121 18 26
2.265067 172 121 18 26
2.267067 171 121 17 26
2.269067 171 121 17 26
2.271067 171 121 17 26
2.273067 171 121 17 26
2.275067 171 121 16 25
2.277067 171 121 16 25
2.279067 170 121 16 25
2.281067 170 121 16 25
2.283067 170 121 15 25
2.285067 170 121 15 25
2.287067 170 121 15 25
2.289067 170 121 15 25
2.291067 169 121 15 24
2.293067 169 121 15 24
2.295067 169 121 15 24
2.297067 169 121 15 24
2.299067 168 121 15 24
2.301067 168 121 15 24
2.303067 168 121 16 24
2.305067 168 121 16 24
2.307067 168 121 16 24
2.309067 167 121 16 24
2.311067 167 121 16 24
2.313067 167 121 17 24
2.315067 167 121 17 24
2.317067 167 121 17 24
2.319067 166 121 17 24
2.321067 166 121 17 24
2.323067 166 121 17 24
2.325067 166 121 18 24
2.327067 166 121 18 24
2.329067 165 121 18 24
2.331067 165 121 18 24
2.333067 165 121 18 24
2.335067 165 121 18 24
2.337067 164 121 18 23
2.339067 164 121 18 23
2.341067 164 121 18 23
2.343067 164 121 18 23
2.345067 164 121 18 23
2.347067 164 121 18 23
2.349067 164 121 17 23
2.351067 164 121 17 23
2.353067 164 121 17 23
2.355067 164 121 17 23
2.357067 164 121 17 23
2.359067 164 121 17 23
2.361067 164 121 16 23
2.363067 164 121 16 23
2.365067 164 121 16 23
2.367067 164 121 16 23
2.369067 164 121 16 23
2.371067 164 121 16 23
2.373067 164 121 15 23
2.375067 164 121 15 23
2.377067 164 121 15 23
2.379067 164 121 15 23
2.381067 164 121 15 23
2.383067 164 121 15 23
2.385067 163 121 15 23
2.387067 163 121 15 23
2.389067 163 121 15 23
2.391067 163 121 15 23
2.393067 163 121 15 23
2.395067 163 121 15 23
2.397067 163 121 15 23
2.399067 163 121 15 23
2.401067 162 121 15 23
2.403067 162 121 15 23
2.405067 162 121 15 23
2.407067 162 121 15 23
2.409067 162 121 15 24
2.411067 162 121 15 24
2.413067 162 121 15 24
2.415067 162 121 15 24
2.417067 161 121 15 24
2.419067 161 121 15 24
2.421067 161 121 15 24
2.423067 161 121 15 24
2.425067 161 121 15 24
2.427067 161 121 15 24
2.429067 161 121 15 24
2.431067 160 121 16 25
2.433067 160 121 16 25
2.435067 160 121 16 25
2.437067 160 121 16 25
2.439067 160 121 16 25
2.441067 160 121 16 25
2.443067 160 121 16 25
2.445067 160 121 16 25
2.447067 160 121 16 25
2.449067 160 121 16 25
2.451067 160 121 16 25
2.453067 160 121 16 25
2.455067 159 121 16 25
2.457067 159 121 16 25
2.459067 159 121 16 25
2.461067 159 121 16 25
2.463067 159 121 16 25
2.465067 159 121 16 25
2.467067 159 121 16 25
2.469067 159 121 16 25
2.471067 159 121 16 25
2.473067 159 121 16 25
2.475067 159 121 16 25
2.477067 159 121 16 25
2.479067 158 120 17 26
2.481067 158 120 17 26
2.483067 158 120 17 26
2.485067 158 120 17 26
2.487067 158 120 17 26
2.489067 158 120 17 26
2.491067 157 120 17 26
2.493067 157 120 17 26
2.495067 157 120 17 27
2.497067 157 120 17 27
2.499067 157 120 17 27
2.501067 157 120 17 27
2.503067 156 119 17 27
2.505067 156 119 17 27
2.507067 156 119 17 27
2.509067 156 119 17 27
2.511067 156 119 17 28
2.513067 156 119 17 28
2.515067 155 119 17 28
2.517067 155 119 17 28
2.519067 155 119 17 28
2.521067 155 119 17 28
2.523067 155 119 17 28
2.525067 155 119 17 28
2.527067 154 119 18 28
2.529067 154 119 18 28
2.531067 154 119 18 28
2.533067 154 119 18 28
2.535067 153 119 18 28
2.537067 153 119 18 28
2.539067 153 119 19 28
2.541067 153 119 19 28
2.543067 153 119 19 28
2.545067 152 119 19 28
2.547067 152 119 19 28
2.549067 152 119 19 28
2.551067 152 119 20 28
2.553067 152 119 20 28
2.555067 151 119 20 28
2.557067 151 119 20 28
2.559067 151 119 20 28
2.561067 151 119 21 28
2.563067 151 119 21 28
2.565067 150 119 21 28
2.567067 150 119 21 28
2.569067 150 119 21 28
2.571067 150 119 21 28
2.573067 149 120 21 27
2.575067 149 120 21 27
2.577067 149 120 21 27
2.579067 149 120 21 27
2.581067 149 120 21 27
2.583067 149 120 21 27
2.585067 149 120 20 27
2.587067 149 120 20 27
2.589067 149 120 20 27
2.591067 149 120 20 27
2.593067 149 120 20 27
2.595067 149 120 20 27
2.597067 149 120 19 26
2.599067 149 120 19 26
2.601067 149 120 19 26
2.603067 149 120 19 26
2.605067 149 120 19 26
2.607067 149 120 19 26
2.609067 149 120 18 26
2.611067 149 120 18 26
2.613067 149 120 18 26
2.615067 149 120 18 26
2.617067 149 120 18 26
2.619067 149 120 18 26
2.621067 148 121 17 25
2.623067 148 121 17 25
2.625067 148 121 17 25
2.627067 148 121 17 25
2.629067 148 121 17 25
2.631067 148 121 17 25
2.633067 148 121 17 25
2.635067 148 121 17 25
2.637067 147 121 17 25
2.639067 147 121 17 25
2.641067 147 121 17 25
2.643067 147 121 17 25
2.645067 147 121 17 25
2.647067 147 121 17 25
2.649067 147 121 17 25
2.651067 147 121 17 25
2.653067 146 121 17 25
2.655067 146 121 17 25
2.657067 146 121 17 25
2.659067 146 121 17 25
2.661067 146 121 17 25
2.663067 146 121 17 25
2.665067 146 121 17 25
2.667067 146 121 17 25
2.669067 145 122 17 25
2.671067 145 122 17 25
2.673067 145 122 17 25
2.675067 145 122 17 25
2.677067 145 122 17 25
2.679067 145 122 17 25
2.681067 145 122 17 25
2.683067 145 122 17 25
2.685067 145 122 17 25
2.687067 145 122 17 25
2.689067 145 122 17 25
2.691067 144 122 17 25
2.693067 144 122 17 25
2.695067 144 122 17 25
2.697067 144 122 17 25
2.699067 144 122 17 25
2.701067 144 122 17 25
2.703067 144 122 17 25
2.705067 144 122 17 25
2.707067 144 122 17 25
2.709067 144 122 17 25
2.711067 144 122 17 25
2.713067 144 122 17 25
2.715067 143 122 17 25
2.717067 143 122 17 25
2.719067 143 122 17 25
2.721067 143 122 17 25
2.723067 143 122 17 25
2.725067 143 122 17 25
2.727067 143 122 18 25
2.729067 143 122 18 25
2.731067 142 122 18 25
2.733067 142 122 18 25
2.735067 142 122 18 25
2.737067 142 122 18 25
2.739067 142 122 19 25
2.741067 142 122 19 25
2.743067 142 122 19 25
2.745067 142 122 19 25
2.747067 141 122 19 25
2.749067 141 122 19 25
2.751067 141 122 20 25
2.753067 141 122 20 25
2.755067 141 122 20 25
2.757067 141 122 20 25
2.759067 141 122 20 25
2.761067 141 122 20 25
2.763067 140 122 20 24
2.765067 140 122 20 24
2.767067 140 122 20 24
2.769067 140 122 20 24
2.771067 139 122 20 24
2.773067 139 122 20 24
2.775067 139 122 20 24
2.777067 139 122 20 24
2.779067 139 122 20 24
2.781067 138 122 20 24
2.783067 138 122 20 24
2.785067 138 122 20 24
2.787067 138 123 19 24
2.789067 138 123 19 24
2.791067 137 123 19 24
2.793067 137 123 19 24
2.795067 137 123 19 24
2.797067 137 123 19 24
2.799067 137 123 19 24
2.801067 136 123 19 24
2.803067 136 123 19 24
2.805067 136 123 19 24
2.807067 136 123 19 24
2.809067 136 123 18 24
2.811067 136 123 18 24
2.813067 136 123 18 24
2.815067 136 123 18 24
2.817067 136 123 18 24
2.819067 136 123 18 24
2.821067 136 123 18 24
2.823067 136 123 18 24
2.825067 136 122 18 25
2.827067 136 122 18 25
2.829067 136 122 18 25
2.831067 136 122 18 25
2.833067 136 122 17 25
2.835067 136 122 17 25
2.837067 136 122 17 25
2.839067 136 122 17 25
2.841067 136 121 17 26
2.843067 136 121 17 26
2.845067 136 121 17 26
2.847067 136 121 17 26
2.849067 136 121 17 26
2.851067 136 121 17 26
2.853067 136 121 17 26
2.855067 136 121 17 26
2.857067 136 121 17 26
2.859067 136 121 17 26
2.861067 136 121 17 26
2.863067 136 121 17 26
2.865067 136 121 17 26
2.867067 136 121 17 26
2.869067 135 121 17 26
2.871067 135 121 17 26
2.873067 135 121 17 25
2.875067 135 121 17 25
2.877067 135 121 17 25
2.879067 135 121 17 25
2.881067 134 121 18 25
2.883067 134 121 18 25
2.885067 134 121 18 25
2.887067 134 121 18 25
2.889067 134 121 18 24
2.891067 134 121 18 24
2.893067 133 121 18 24
2.895067 133 121 18 24
2.897067 133 121 18 24
2.899067 133 121 18 24
2.901067 133 121 18 24
2.903067 133 121 18 24
2.905067 132 122 19 24
2.907067 132 122 19 24
2.909067 132 122 19 24
2.911067 132 122 19 24
2.913067 132 122 20 24
2.915067 131 122 20 24
2.917067 131 122 20 24
2.919067 131 122 20 24
2.921067 131 122 20 24
2.923067 131 122 21 24
2.925067 131 122 21 24
2.927067 130 122 21 24
2.929067 130 122 21 24
2.931067 130 122 21 24
2.933067 130 122 22 24
2.935067 130 122 22 24
2.937067 130 122 22 24
2.939067 129 122 22 24
2.941067 129 122 23 24
2.943067 129 122 23 24
2.945067 129 122 23 24
2.947067 129 122 23 24
2.949067 129 122 23 24
2.951067 128 122 24 24
2.953067 128 122 24 24
2.955067 128 122 24 24
2.957067 128 122 24 24
2.959067 128 122 24 24
2.961067 128 122 24 24
2.963067 128 122 24 24
2.965067 128 122 24 24
2.967067 128 122 24 24
2.969067 128 122 24 24
2.971067 128 122 24 24
2.973067 128 122 24 24
2.975067 127 122 24 24
2.977067 127 122 24 24
2.979067 127 122 24 24
2.981067 127 122 24 24
2.983067 127 122 24 24
2.985067 127 122 24 24
2.987067 127 122 24 24
2.989067 127 122 24 24
2.991067 127 122 24 24
2.993067 127 122 24 24
2.995067 127 122 24 24
2.997067 127 122 24 24
2.999067 126 122 23 23
3.001067 126 122 23 23
3.003067 126 122 23 23
3.005067 126 122 23 23
3.007067 126 122 23 23
3.009067 126 122 23 23
3.011067 126 122 22 23
3.013067 126 122 22 23
3.015067 126 122 22 23
3.017067 126 122 22 23
3.019067 126 122 22 23
3.021067 126 122 22 23
3.023067 125 122 21 23
3.025067 125 122 21 23
3.027067 125 122 21 23
3.029067 125 122 21 23
3.031067 125 122 21 23
3.033067 125 122 20 23
3.035067 125 122 20 23
3.037067 125 122 20 23
3.039067 125 122 20 23
3.041067 125 122 20 23
3.043067 125 122 20 23
3.045067 124 123 19 22
3.047067 124 123 19 22
3.049067 124 123 19 22
3.051067 124 123 19 22
3.053067 124 123 19 22
3.055067 124 123 19 22
3.057067 123 123 19 22
3.059067 123 123 19 22
3.061067 123 123 18 22
3.063067 123 123 18 22
3.065067 123 123 18 22
3.067067 123 123 18 22
3.069067 122 123 18 21
3.071067 122 123 18 21
3.073067 122 123 18 21
3.075067 122 123 18 21
3.077067 122 123 17 21
3.079067 122 123 17 21
3.081067 121 123 17 21
3.083067 121 123 17 21
3.085067 121 123 17 21
3.087067 121 123 17 21
3.089067 121 123 17 21
3.091067 121 123 17 21
3.093067 120 123 16 21
3.095067 120 123 16 21
3.097067 120 123 16 21
3.099067 120 123 16 21
3.101067 120 123 16 21
3.103067 120 123 16 21
3.105067 120 123 16 22
3.107067 120 123 16 22
3.109067 119 122 16 22
3.111067 119 122 16 22
3.113067 119 122 16 22
3.115067 119 122 16 22
3.117067 119 122 16 23
3.119067 119 122 16 23
3.121067 119 122 16 23
3.123067 119 122 16 23
3.125067 118 121 16 23
3.127067 118 121 16 23
3.129067 118 121 16 24
3.131067 118 121 16 24
3.133067 118 121 16 24
3.135067 118 121 16 24
3.137067 118 121 16 24
3.139067 118 121 16 24
3.141067 117 120 16 25
3.143067 117 120 16 25
3.145067 117 120 16 25
3.147067 117 120 16 25
3.149067 117 120 16 25
3.151067 117 120 16 25
3.153067 117 120 16 25
3.155067 117 120 16 25
3.157067 117 120 16 25
3.159067 117 120 16 25
3.161067 117 120 16 25
3.163067 116 120 17 26
3.165067 116 120 17 26
3.167067 116 120 17 26
3.169067 116 120 17 26
3.171067 116 120 17 26
3.173067 116 120 17 26
3.175067 116 120 17 26
3.177067 116 120 17 26
3.179067 116 120 17 26
3.181067 116 120 17 26
3.183067 116 120 17 26
3.185067 116 120 17 26
3.187067 115 120 18 26
3.189067 115 120 18 26
3.191067 115 120 18 26
3.193067 115 120 18 26
3.195067 115 120 18 26
3.197067 115 120 18 26
3.199067 115 120 18 26
3.201067 115 120 18 26
3.203067 115 121 18 26
3.205067 115 121 18 26
3.207067 115 121 18 26
3.209067 115 121 18 26
3.211067 114 121 18 26
3.213067 114 121 18 26
3.215067 114 121 18 26
3.217067 114 121 18 26
3.219067 114 122 18 26
3.221067 114 122 18 26
3.223067 114 122 18 26
3.225067 114 122 18 26
3.227067 114 122 18 26
3.229067 114 122 18 26
3.231067 114 122 18 26
3.233067 114 122 18 26
3.235067 113 122 18 26
3.237067 113 122 18 26
3.239067 113 122 18 26
3.241067 113 122 18 26
3.243067 113 122 18 26
3.245067 112 122 18 26
3.247067 112 122 18 26
3.249067 112 122 18 26
3.251067 112 121 18 26
3.253067 111 121 18 26
3.255067 111 121 18 26
3.257067 111 121 18 26
3.259067 111 121 19 27
3.261067 111 121 19 27
3.263067 110 121 19 27
3.265067 110 121 19 27
3.267067 110 120 19 27
3.269067 110 120 19 27
3.271067 110 120 19 27
3.273067 109 120 19 27
3.275067 109 120 19 27
3.277067 109 120 19 27
3.279067 109 120 19 27
3.281067 108 120 20 28
3.283067 108 120 20 28
3.285067 108 120 20 28
3.287067 108 120 20 28
3.289067 108 120 20 28
3.291067 108 120 20 28
3.293067 108 120 20 28
3.295067 108 120 20 28
3.297067 107 120 20 28
3.299067 107 120 20 28
3.301067 107 120 20 28
3.303067 107 120 20 28
3.305067 107 121 20 28
3.307067 107 121 20 28
3.309067 107 121 20 28
3.311067 107 121 20 28
3.313067 106 121 20 28
3.315067 106 121 20 28
3.317067 106 121 20 28
3.319067 106 121 20 28
3.321067 106 121 20 28
3.323067 106 121 20 28
3.325067 106 121 20 28
3.327067 106 121 20 28
3.329067 105 121 20 27
3.331067 105 121 20 27
3.333067 105 121 20 27
3.335067 105 121 20 27
3.337067 105 121 20 27
3.339067 105 121 20 27
3.341067 105 121 20 27
3.343067 105 121 20 27
3.345067 104 121 20 26
3.347067 104 121 20 26
3.349067 104 121 20 26
3.351067 104 121 20 26
3.353067 104 121 20 26
3.355067 104 121 20 26
3.357067 104 121 20 26
3.359067 104 121 20 26
3.361067 103 121 20 25
3.363067 103 121 20 25
3.365067 103 121 20 25
3.367067 103 121 20 25
3.369067 103 121 20 25
3.371067 103 121 20 25
3.373067 103 121 20 25
3.375067 103 121 20 25
3.377067 102 121 19 25
3.379067 102 121 19 25
3.381067 102 121 19 25
3.383067 102 121 19 25
3.385067 102 121 19 25
3.387067 102 121 19 25
3.389067 102 121 19 25
3.391067 102 121 19 25
3.393067 102 121 19 25
3.395067 102 121 19 25
3.397067 102 121 19 25
3.399067 102 121 18 25
3.401067 102 121 18 25
3.403067 102 121 18 25
3.405067 102 121 18 25
3.407067 102 121 18 25
3.409067 102 121 18 25
3.411067 102 121 18 25
3.413067 102 121 18 25
3.415067 102 121 18 25
3.417067 102 121 18 25
3.419067 102 121 18 25
3.421067 102 121 18 25
3.423067 101 122 18 24
3.425067 101 122 18 24
3.427067 101 122 18 24
3.429067 101 122 18 24
3.431067 101 122 18 24
3.433067 101 122 18 24
3.435067 101 122 18 24
3.437067 101 122 18 24
3.439067 101 123 18 24
3.441067 101 123 18 24
3.443067 101 123 18 24
3.445067 101 123 18 24
3.447067 100 123 19 24
3.449067 100 123 19 24
3.451067 100 123 19 24
3.453067 100 123 19 24
3.455067 100 124 19 24
3.457067 100 124 19 24
3.459067 100 124 19 24
3.461067 100 124 19 24
3.463067 100 124 19 24
3.465067 100 124 19 24
3.467067 100 124 19 24
3.469067 100 124 19 24
3.471067 99 124 20 24
3.473067 99 124 20 24
3.475067 99 124 20 24
3.477067 98 124 20 24
3.479067 98 124 20 24
3.481067 98 124 20 24
3.483067 98 124 20 24
3.485067 97 124 20 24
3.487067 97 123 20 24
3.489067 97 123 20 24
3.491067 96 123 20 24
3.493067 96 123 20 24
3.495067 96 123 20 24
3.497067 95 123 20 24
3.499067 95 123 20 24
3.501067 95 123 20 24
3.503067 95 122 20 24
3.505067 94 122 20 24
3.507067 94 122 20 24
3.509067 94 122 20 24
3.511067 93 122 20 24
3.513067 93 122 20 24
3.515067 93 122 20 24
3.517067 93 122 20 24
3.519067 93 122 20 24
3.521067 93 122 20 24
3.523067 93 122 20 24
3.525067 93 122 20 24
3.527067 93 122 20 24
3.529067 93 122 20 24
3.531067 93 122 20 24
3.533067 93 122 20 24
3.535067 93 122 20 24
3.537067 93 122 20 24
3.539067 93 122 20 24
3.541067 93 123 19 24
3.543067 93 123 19 24
3.545067 93 123 19 24
3.547067 93 123 19 24
3.549067 93 123 19 24
3.551067 93 123 19 24
3.553067 93 123 19 24
3.555067 93 123 19 24
3.557067 93 123 19 24
3.559067 93 123 19 24
3.561067 93 123 19 24
3.563067 93 123 19 24
3.565067 93 123 19 24
3.567067 93 123 19 24
3.569067 93 123 19 24
3.571067 93 123 19 24
3.573067 93 123 19 24
3.575067 92 123 19 24
3.577067 92 123 19 24
3.579067 92 123 19 24
3.581067 92 123 19 25
3.583067 92 123 19 25
3.585067 91 123 19 25
3.587067 91 123 19 25
3.589067 91 122 19 25
3.591067 91 122 19 25
3.593067 90 122 19 25
3.595067 90 122 19 25
3.597067 90 122 19 26
3.599067 90 122 19 26
3.601067 90 122 19 26
3.603067 89 122 19 26
3.605067 89 122 19 26
3.607067 89 122 19 26
3.609067 89 122 19 26
3.611067 89 122 19 26
3.613067 88 122 20 27
3.615067 88 122 20 27
3.617067 88 122 20 27
3.619067 88 122 20 27
3.621067 88 122 20 27
3.623067 88 122 20 27
3.625067 88 122 20 27
3.627067 88 122 20 27
3.629067 87 122 21 27
3.631067 87 122 21 27
3.633067 87 122 21 27
3.635067 87 122 21 27
3.637067 87 122 21 27
3.639067 87 122 21 27
3.641067 87 122 21 27
3.643067 86 122 22 27
3.645067 86 122 22 27
3.647067 86 122 22 27
3.649067 86 122 22 27
3.651067 86 122 22 27
3.653067 86 122 22 27
3.655067 86 122 22 27
3.657067 86 122 22 27
3.659067 85 122 22 26
3.661067 85 122 22 26
3.663067 85 122 22 26
3.665067 85 122 22 26
3.667067 85 122 22 26
3.669067 85 122 22 26
3.671067 85 122 22 25
3.673067 85 122 22 25
3.675067 84 122 21 25
3.677067 84 122 21 25
3.679067 84 122 21 25
3.681067 84 122 21 25
3.683067 84 122 21 24
3.685067 84 122 21 24
3.687067 84 122 21 24
3.689067 84 122 21 24
3.691067 83 122 20 24
3.693067 83 122 20 24
3.695067 83 122 20 23
3.697067 83 122 20 23
3.699067 83 122 20 23
3.701067 83 122 20 23
3.703067 83 122 20 23
3.705067 83 122 20 23
3.707067 82 123 20 22
3.709067 82 123 20 22
3.711067 82 123 20 22
3.713067 82 123 20 22
3.715067 82 123 20 22
3.717067 82 123 20 22
3.719067 82 123 20 22
3.721067 82 123 20 22
3.723067 81 123 20 21
3.725067 81 123 20 21
3.727067 81 123 20 21
3.729067 81 123 20 21
3.731067 81 124 20 21
3.733067 81 124 20 21
3.735067 81 124 20 21
3.737067 81 124 20 21
3.739067 80 124 20 20
3.741067 80 124 20 20
3.743067 80 124 20 20
3.745067 80 124 20 20
3.747067 80 124 20 20
3.749067 80 124 20 20
3.751067 80 124 20 20
3.753067 79 124 20 20
3.755067 79 124 20 20
3.757067 79 124 20 20
3.759067 79 124 21 20
3.761067 79 124 21 20
3.763067 79 124 22 20
3.765067 79 124 22 21
3.767067 79 124 22 21
3.769067 79 124 23 21
3.771067 79 124 23 21
3.773067 79 124 24 21
3.775067 79 124 24 21
3.777067 78 124 25 22
3.779067 78 124 25 22
3.781067 78 124 25 22
3.783067 78 124 26 22
3.785067 78 124 26 22
3.787067 78 124 27 22
3.789067 78 124 27 23
3.791067 78 124 28 23
3.793067 78 124 28 23
3.795067 78 124 28 23
3.797067 78 124 29 23
3.799067 78 124 29 23
3.801067 77 124 29 24
3.803067 77 124 29 24
3.805067 77 124 28 24
3.807067 77 124 28 24
3.809067 77 124 27 24
3.811067 77 124 27 24
3.813067 77 124 27 24
3.815067 77 124 26 24
3.817067 77 124 26 24
3.819067 77 124 25 24
3.821067 77 124 25 24
3.823067 77 124 24 24
3.825067 76 124 24 24
3.827067 76 124 23 24
3.829067 76 124 23 24
3.831067 76 124 22 24
3.833067 76 124 22 24
3.835067 76 124 21 24
3.837067 76 124 21 24
3.839067 76 124 20 24
3.841067 76 124 20 24
3.843067 76 124 20 24
3.845067 76 124 19 24
3.847067 76 124 19 24
3.849067 75 125 18 23
3.851067 75 125 18 23
3.853067 75 125 18 23
3.855067 75 125 18 23
3.857067 75 125 18 23
3.859067 75 125 18 23
3.861067 75 125 18 23
3.863067 75 125 18 23
3.865067 74 125 18 23
3.867067 74 125 18 23
3.869067 74 125 18 23
3.871067 74 125 18 23
3.873067 74 125 17 22
3.875067 74 125 17 22
3.877067 74 125 17 22
3.879067 73 125 17 22
3.881067 73 125 17 22
3.883067 73 125 17 22
3.885067 73 125 17 22
3.887067 73 125 17 22
3.889067 73 125 17 22
3.891067 73 125 17 22
3.893067 73 125 17 22
3.895067 72 124 17 22
3.897067 72 124 17 22
3.899067 72 124 17 22
3.901067 72 124 17 22
3.903067 72 124 18 22
3.905067 72 124 18 23
3.907067 71 124 18 23
3.909067 71 124 18 23
3.911067 71 124 19 23
3.913067 71 124 19 23
3.915067 71 124 19 24
3.917067 71 124 19 24
3.919067 70 123 20 24
3.921067 70 123 20 24
3.923067 70 123 20 25
3.925067 70 123 20 25
3.927067 70 123 21 25
3.929067 70 123 21 25
3.931067 69 123 21 25
3.933067 69 123 21 26
3.935067 69 123 22 26
3.937067 69 123 22 26
3.939067 69 123 22 26
3.941067 69 123 22 26
3.943067 68 123 22 27
3.945067 68 123 22 27
3.947067 68 123 22 27
3.949067 68 123 22 27
3.951067 67 123 22 27
3.953067 67 123 22 27
3.955067 67 123 22 27
3.957067 67 123 22 27
3.959067 66 123 22 27
3.961067 66 123 22 27
3.963067 66 123 22 27
3.965067 66 123 22 27
3.967067 65 123 21 27
3.969067 65 123 21 27
3.971067 65 123 21 27
3.973067 65 123 21 27
3.975067 64 123 21 27
3.977067 64 123 21 27
3.979067 64 123 21 27
3.981067 64 123 21 27
3.983067 63 123 21 27
3.985067 63 123 21 27
3.987067 63 123 21 27
3.989067 63 123 21 27
3.991067 62 123 21 27
3.993067 62 123 21 27
3.995067 62 123 21 27
3.997067 62 123 21 27
3.999067 62 123 22 27
4.001067 62 123 22 26
4.003067 62 123 22 26
4.005067 62 123 22 26
4.007067 62 123 22 26
4.009067 62 123 23 26
4.011067 62 123 23 26
4.013067 62 124 23 25
4.015067 62 124 23 25
4.017067 62 124 23 25
4.019067 62 124 24 25
4.021067 62 124 24 25
4.023067 62 124 24 25
4.025067 62 124 24 24
4.027067 62 124 25 24
4.029067 62 124 25 24
4.031067 62 124 25 24
4.033067 62 124 25 24
4.035067 62 124 25 24
4.037067 62 125 25 24
4.039067 62 125 25 24
4.041067 62 125 25 24
4.043067 62 125 25 24
4.045067 62 125 25 24
4.047067 62 125 24 24
4.049067 62 125 24 24
4.051067 62 125 24 24
4.053067 62 125 24 24
4.055067 62 125 24 24
4.057067 62 125 23 24
4.059067 62 125 23 24
4.061067 62 125 23 24
4.063067 62 125 23 24
4.065067 62 125 22 24
4.067067 62 125 22 24
4.069067 62 125 22 24
4.071067 62 125 22 24
4.073067 62 125 22 24
4.075067 62 125 21 24
4.077067 62 125 21 24
4.079067 62 125 21 24
4.081067 62 125 21 24
4.083067 62 125 21 24
4.085067 61 125 20 24
4.087067 61 125 20 24
4.089067 61 125 19 24
4.091067 61 125 19 24
4.093067 61 125 19 24
4.095067 61 125 18 24
4.097067 61 125 18 24
4.099067 61 125 18 24
4.101067 61 125 17 24
4.103067 61 125 17 24
4.105067 61 125 16 24
4.107067 61 125 16 24
4.109067 60 125 16 24
4.111067 60 125 15 24
4.113067 60 125 15 24
4.115067 60 125 14 24
4.117067 60 125 14 24
4.119067 60 125 14 24
4.121067 60 125 13 24
4.123067 60 125 13 24
4.125067 60 125 13 24
4.127067 60 125 12 24
4.129067 60 125 12 24
4.131067 59 126 11 23
4.133067 59 126 11 23
4.135067 59 126 11 23
4.137067 59 126 11 23
4.139067 59 126 11 23
4.141067 59 126 11 23
4.143067 59 126 11 23
4.145067 59 126 11 23
4.147067 59 126 11 23
4.149067 59 126 11 23
4.151067 59 126 11 23
4.153067 59 126 11 23
4.155067 58 126 11 22
4.157067 58 126 11 22
4.159067 58 126 11 22
4.161067 58 126 11 22
4.163067 58 126 11 22
4.165067 58 126 11 22
4.167067 58 126 11 22
4.169067 58 126 11 22
4.171067 58 126 11 22
4.173067 58 126 11 22
4.175067 58 126 11 22
4.177067 58 126 11 22
4.179067 57 125 11 21
4.181067 57 125 11 21
4.183067 57 125 11 21
4.185067 57 125 11 21
4.187067 57 125 11 21
4.189067 57 125 11 21
4.191067 57 125 11 21
4.193067 57 125 11 21
4.195067 56 125 11 21
4.197067 56 125 11 21
4.199067 56 125 11 21
4.201067 56 125 11 21
4.203067 56 125 12 21
4.205067 56 125 12 21
4.207067 56 125 12 21
4.209067 56 125 12 21
4.211067 55 125 12 21
4.213067 55 125 12 21
4.215067 55 125 12 21
4.217067 55 125 12 21
4.219067 55 125 12 21
4.221067 55 125 12 21
4.223067 55 125 12 21
4.225067 55 125 12 21
4.227067 54 124 13 21
4.229067 54 124 13 21
4.231067 54 124 13 21
4.233067 54 124 13 21
4.235067 54 124 13 21
4.237067 54 124 13 21
4.239067 54 124 13 21
4.241067 53 124 13 21
4.243067 53 124 13 21
4.245067 53 124 13 21
4.247067 53 124 13 21
4.249067 53 124 13 22
4.251067 53 124 13 22
4.253067 53 124 13 22
4.255067 53 124 13 22
4.257067 52 124 13 22
4.259067 52 124 13 22
4.261067 52 124 13 22
4.263067 52 124 13 22
4.265067 52 124 13 22
4.267067 52 124 13 22
4.269067 52 124 13 22
4.271067 52 124 13 22
4.273067 51 124 13 22
4.275067 51 124 13 22
4.277067 51 124 13 22
4.279067 51 124 13 22
4.281067 51 124 13 22
4.283067 51 124 13 22
4.285067 51 124 13 22
4.287067 51 124 13 22
4.289067 51 124 13 22
4.291067 51 124 13 22
4.293067 51 124 13 22
4.295067 51 124 13 22
4.297067 50 125 13 21
4.299067 50 125 13 21
4.301067 50 125 13 21
4.303067 50 125 13 21
4.305067 50 125 13 21
4.307067 50 125 13 21
4.309067 50 125 13 21
4.311067 50 125 13 21
4.313067 50 125 13 21
4.315067 50 125 13 21
4.317067 50 125 13 21
4.319067 50 125 13 21
4.321067 49 125 13 21
4.323067 49 125 13 21
4.325067 49 125 13 21
4.327067 49 125 13 22
4.329067 49 125 13 22
4.331067 49 125 13 22
4.333067 48 125 13 22
4.335067 48 125 13 23
4.337067 48 124 13 23
4.339067 48 124 13 23
4.341067 48 124 13 24
4.343067 48 124 13 24
4.345067 47 124 12 24
4.347067 47 124 12 25
4.349067 47 124 12 25
4.351067 47 124 12 25
4.353067 47 123 12 25
4.355067 46 123 12 26
4.357067 46 123 12 26
4.359067 46 123 12 26
4.361067 46 123 12 27
4.363067 46 123 12 27
4.365067 46 123 12 27
4.367067 45 123 12 27
4.369067 45 123 12 27
4.371067 45 123 12 27
4.373067 45 123 12 27
4.375067 45 123 12 27
4.377067 45 123 12 26
4.379067 44 123 12 26
4.381067 44 123 12 26
4.383067 44 124 12 26
4.385067 44 124 12 26
4.387067 44 124 12 25
4.389067 44 124 12 25
4.391067 43 124 13 25
4.393067 43 124 13 25
4.395067 43 124 13 25
4.397067 43 124 13 24
4.399067 43 125 13 24
4.401067 43 125 13 24
4.403067 42 125 13 24
4.405067 42 125 13 23
4.407067 42 125 13 23
4.409067 42 125 13 23
4.411067 42 125 13 23
4.413067 42 125 13 23
4.415067 42 126 13 22
4.417067 42 126 13 22
4.419067 42 126 13 22
4.421067 42 126 13 22
4.423067 42 126 13 22
4.425067 42 126 13 22
4.427067 42 126 13 22
4.429067 42 126 13 22
4.431067 42 126 13 22
4.433067 42 126 13 22
4.435067 42 126 13 22
4.437067 42 126 13 22
4.439067 42 126 13 21
4.441067 42 126 13 21
4.443067 42 126 13 21
4.445067 42 126 13 21
4.447067 42 126 13 21
4.449067 42 126 13 21
4.451067 42 126 13 21
4.453067 42 126 13 21
4.455067 42 126 13 21
4.457067 42 126 13 21
4.459067 42 126 13 21
4.461067 42 126 13 21
4.463067 41 126 12 21
4.465067 41 126 12 21
4.467067 41 126 12 21
4.469067 41 126 12 21
4.471067 41 126 12 21
4.473067 41 126 12 21
4.475067 40 126 12 21
4.477067 40 126 12 22
4.479067 40 126 12 22
4.481067 40 126 12 22
4.483067 40 126 12 22
4.485067 39 126 12 22
4.487067 39 126 12 22
4.489067 39 126 12 22
4.491067 39 126 12 22
4.493067 39 126 12 23
4.495067 39 126 12 23
4.497067 38 126 12 23
4.499067 38 126 12 23
4.501067 38 126 12 23
4.503067 38 126 12 23
4.505067 38 126 12 23
4.507067 38 126 12 23
4.509067 37 126 12 23
4.511067 37 126 12 23
4.513067 37 126 12 23
4.515067 37 126 12 23
4.517067 37 126 12 23
4.519067 37 126 12 23
4.521067 37 126 12 23
4.523067 37 126 12 23
4.525067 37 126 12 23
4.527067 37 126 12 23
4.529067 37 126 12 23
4.531067 37 126 12 23
4.533067 36 127 12 22
4.535067 36 127 12 22
4.537067 36 127 12 22
4.539067 36 127 12 22
4.541067 36 127 12 22
4.543067 36 127 12 22
4.545067 36 127 12 22
4.547067 36 127 12 22
4.549067 36 127 12 22
4.551067 36 127 12 22
4.553067 36 127 12 22
4.555067 36 127 12 22
4.557067 35 127 12 21
4.559067 35 127 12 21
4.561067 35 127 12 21
4.563067 35 127 12 21
4.565067 35 127 12 21
4.567067 35 127 12 21
4.569067 35 127 12 21
4.571067 35 127 12 21
4.573067 34 127 12 21
4.575067 34 127 12 21
4.577067 34 127 12 21
4.579067 34 127 12 21
4.581067 34 126 13 21
4.583067 34 126 13 21
4.585067 34 126 13 21
4.587067 34 126 13 21
4.589067 33 126 13 21
4.591067 33 126 13 21
4.593067 33 126 13 21
4.595067 33 126 13 21
4.597067 33 126 13 21
4.599067 33 126 13 21
4.601067 33 126 13 21
4.603067 32 126 13 20
4.605067 32 126 13 20
4.607067 32 126 13 20
4.609067 32 126 13 20
4.611067 32 126 13 20
4.613067 32 126 13 20
4.615067 32 126 13 20
4.617067 32 126 13 20
4.619067 32 126 12 20
4.621067 32 126 12 20
4.623067 32 126 12 20
4.625067 32 126 12 20
4.627067 32 127 12 20
4.629067 32 127 12 20
4.631067 32 127 12 20
4.633067 32 127 12 20
4.635067 32 127 11 20
4.637067 32 127 11 20
4.639067 32 127 11 20
4.641067 32 127 11 20
4.643067 32 127 11 20
4.645067 32 127 11 20
4.647067 32 127 11 20
4.649067 32 127 11 20
4.651067 31 127 11 19
4.653067 31 127 11 19
4.655067 31 127 11 19
4.657067 31 127 11 19
4.659067 31 127 11 19
4.661067 30 127 11 18
4.663067 30 127 11 18
4.665067 30 127 11 18
4.667067 30 127 11 18
4.669067 29 127 11 17
4.671067 29 127 11 17
4.673067 29 127 11 17
4.675067 29 127 11 17
4.677067 29 127 11 17
4.679067 28 127 11 16
4.681067 28 127 11 16
4.683067 28 127 11 16
4.685067 28 127 11 16
4.687067 28 127 11 16
4.689067 27 127 11 15
4.691067 27 127 11 15
4.693067 27 127 11 15
4.695067 27 127 11 15
4.697067 27 127 11 15
4.699067 26 127 12 15
4.701067 26 127 12 15
4.703067 26 127 12 15
4.705067 26 127 12 15
4.707067 26 127 12 15
4.709067 26 127 12 15
4.711067 26 127 12 16
4.713067 26 127 12 16
4.715067 25 127 12 16
4.717067 25 127 12 16
4.719067 25 127 12 16
4.721067 25 127 13 17
4.723067 25 127 13 17
4.725067 25 127 13 17
4.727067 25 127 13 17
4.729067 24 127 13 17
4.731067 24 127 13 17
4.733067 24 127 13 18
4.735067 24 127 13 18
4.737067 24 127 13 18
4.739067 24 127 13 18
4.741067 24 127 13 18
4.743067 24 127 13 18
4.745067 23 126 13 18
4.747067 23 126 13 18
4.749067 23 126 13 18
4.751067 23 126 13 18
4.753067 23 126 13 18
4.755067 23 126 13 18
4.757067 23 126 13 17
4.759067 23 126 13 17
4.761067 23 126 12 17
4.763067 23 126 12 17
4.765067 23 126 12 17
4.767067 23 126 12 17
4.769067 23 125 12 16
4.771067 23 125 12 16
4.773067 23 125 12 16
4.775067 23 125 12 16
4.777067 23 125 11 16
4.779067 23 125 11 16
4.781067 23 125 11 15
4.783067 23 125 11 15
4.785067 23 125 11 15
4.787067 23 125 11 15
4.789067 23 125 11 15
4.791067 23 125 11 15
4.793067 22 125 10 14
4.795067 22 125 10 14
4.797067 22 125 10 14
4.799067 22 125 10 14
4.801067 22 125 10 14
4.803067 22 125 10 14
4.805067 22 125 10 14
4.807067 22 125 10 14
4.809067 22 125 10 14
4.811067 22 125 10 14
4.813067 22 125 10 14
4.815067 22 125 10 14
4.817067 21 125 10 13
4.819067 21 125 10 13
4.821067 21 125 10 13
4.823067 21 125 10 13
4.825067 21 125 10 13
4.827067 21 125 10 13
4.829067 21 125 10 13
4.831067 21 125 10 13
4.833067 21 125 10 13
4.835067 21 125 10 13
4.837067 21 125 10 13
4.839067 20 126 10 13
4.841067 20 126 10 13
4.843067 20 126 10 13
4.845067 20 126 10 13
4.847067 20 126 10 13
4.849067 20 126 10 13
4.851067 20 126 10 13
4.853067 20 126 10 13
4.855067 20 126 10 13
4.857067 20 126 10 13
4.859067 20 126 10 13
4.861067 20 126 10 13
4.863067 19 126 10 14
4.865067 19 126 10 14
4.867067 19 126 10 14
4.869067 19 126 10 14
4.871067 19 126 10 14
4.873067 19 126 10 14
4.875067 19 126 10 14
4.877067 19 126 10 14
4.879067 19 126 10 14
4.881067 19 126 10 14
4.883067 19 126 10 14
4.885067 19 126 10 14
4.887067 18 126 11 15
4.889067 18 126 11 15
4.891067 18 126 11 15
4.893067 18 126 11 15
4.895067 18 126 11 15
4.897067 18 126 11 15
4.899067 18 126 11 15
4.901067 18 126 11 15
4.903067 18 126 11 15
4.905067 18 126 11 15
4.907067 18 126 11 15
4.909067 18 126 11 15
4.911067 17 126 12 15
4.913067 17 126 12 15
4.915067 17 126 12 15
4.917067 17 126 12 15
4.919067 17 126 12 15
4.921067 17 126 12 15
4.923067 17 126 12 15
4.925067 17 126 12 15
4.927067 17 126 12 15
4.929067 17 126 12 15
4.931067 17 126 12 15
4.933067 17 126 12 15
4.935067 16 126 12 15
4.937067 16 126 12 15
4.939067 16 126 12 15
4.941067 16 126 12 15
4.943067 16 126 12 16
4.945067 16 126 12 16
4.947067 16 126 12 16
4.949067 16 126 12 16
4.951067 15 126 12 16
4.953067 15 126 12 17
4.955067 15 126 12 17
4.957067 15 126 11 17
4.959067 15 126 11 17
4.961067 15 126 11 17
4.963067 15 126 11 18
4.965067 14 126 11 18
4.967067 14 126 11 18
4.969067 14 126 11 18
4.971067 14 126 11 18
4.973067 14 126 11 19
4.975067 14 126 11 19
4.977067 14 126 11 19
4.979067 14 126 11 19
4.981067 13 126 11 20
4.983067 13 126 11 20
4.985067 13 126 11 20
4.987067 13 126 11 20
4.989067 13 126 11 20
4.991067 13 126 11 20
4.993067 13 126 11 20
4.995067 13 126 11 20
4.997067 12 126 11 20
4.999067 12 126 11 20
5.001067 12 126 11 20
5.003067 12 126 11 20
5.005067 12 127 11 20
5.007067 12 127 11 20
5.009067 12 127 11 20
5.011067 12 127 11 20
5.013067 11 127 11 20
5.015067 11 127 11 20
5.017067 11 127 11 20
5.019067 11 127 11 20
5.021067 11 127 11 20
5.023067 11 127 11 20
5.025067 11 127 11 20
5.027067 11 127 11 20
5.029067 10 127 11 20
5.031067 10 127 11 20
5.033067 10 127 11 20
5.035067 10 127 11 20
5.037067 10 127 11 20
5.039067 10 127 11 20
5.041067 10 127 11 20
5.043067 10 127 11 20
5.045067 10 127 11 21
5.047067 10 127 11 21
5.049067 10 127 11 21
5.051067 10 127 11 21
5.053067 9 127 12 21
5.055067 9 127 12 21
5.057067 9 127 12 21
5.059067 9 127 12 21
5.061067 9 127 12 22
5.063067 9 127 12 22
5.065067 9 127 12 22
5.067067 9 127 12 22
5.069067 9 127 12 22
5.071067 9 127 12 22
5.073067 9 127 12 22
5.075067 9 127 12 22
5.077067 8 127 13 22
5.079067 8 127 13 22
5.081067 8 127 13 22
5.083067 8 127 13 22
5.085067 8 127 13 22
5.087067 8 127 13 22
5.089067 8 127 13 22
5.091067 7 128 13 21
5.093067 7 128 13 21
5.095067 7 128 13 21
5.097067 7 128 13 21
5.099067 7 128 13 21
5.101067 7 128 13 21
5.103067 7 128 13 21
5.105067 7 128 13 21
5.107067 6 129 13 20
5.109067 6 129 13 20
5.111067 6 129 13 20
5.113067 6 129 13 20
5.115067 6 129 13 20
5.117067 6 129 13 20
5.119067 6 129 13 20
5.121067 6 129 13 20
5.123067 5 129 14 20
5.125067 5 129 14 20
5.127067 5 129 14 21
5.129067 5 128 14 21
5.131067 5 128 14 22
5.133067 5 127 14 22
5.135067 4 127 15 22
5.137067 4 127 15 23
5.139067 4 126 15 23
5.141067 4 126 15 24
5.143067 4 126 15 24
5.145067 4 125 15 25
5.147067 3 125 16 25
5.149067 3 124 16 26
5.151067 3 124 16 26
5.153067 3 124 16 27
5.155067 3 123 16 27
5.157067 3 123 16 28
5.159067 2 122 17 28
5.161067 2 122 17 29
5.163067 2 122 17 29
5.165067 2 121 17 29
5.167067 2 121 17 30
5.169067 2 121 17 30
