0.029947 290 99 20 51
0.031947 289 98 20 51
0.033947 289 98 20 51
0.035947 289 98 20 51
0.037947 289 98 20 51
0.039947 289 98 20 51
0.041947 289 98 20 51
0.043947 289 98 20 51
0.045947 289 98 20 52
0.047947 289 98 20 52
0.049947 289 97 20 52
0.051947 289 97 20 52
0.053947 289 97 20 52
0.055947 289 97 20 52
0.057947 289 97 20 52
0.059947 289 97 20 53
0.061947 289 97 20 53
0.063947 289 97 20 53
0.065947 289 97 20 53
0.067947 289 96 20 53
0.069947 289 96 20 53
0.071947 289 96 20 53
0.073947 289 96 20 54
0.075947 289 96 20 54
0.077947 289 96 20 54
0.079947 289 96 20 54
0.081947 289 96 20 54
0.083947 289 96 20 54
0.085947 289 95 20 54
0.087947 289 95 20 54
0.089947 289 95 20 55
0.091947 289 95 20 55
0.093947 289 95 20 55
0.095947 289 95 20 55
0.097947 289 95 20 55
0.099947 289 95 20 55
0.101947 289 95 20 55
0.103947 288 94 19 55
0.105947 288 94 19 55
0.107947 288 94 19 55
0.109947 288 94 19 55
0.111947 288 94 19 55
0.113947 288 94 19 55
0.115947 288 94 19 55
0.117947 288 94 19 55
0.119947 288 94 19 55
0.121947 288 94 19 55
0.123947 288 94 19 55
0.125947 288 94 19 55
0.127947 288 94 19 55
0.129947 288 94 19 55
0.131947 288 94 19 55
0.133947 288 94 19 55
0.135947 288 94 19 55
0.137947 288 94 19 55
0.139947 287 94 18 54
0.141947 287 94 18 54
0.143947 287 94 18 54
0.145947 287 94 18 54
0.147947 287 94 18 54
0.149947 287 94 18 54
0.151947 287 94 18 54
0.153947 287 94 18 54
0.155947 287 94 18 54
0.157947 287 94 18 54
0.159947 287 94 18 54
0.161947 287 94 18 54
0.163947 287 94 18 54
0.165947 287 94 18 54
0.167947 287 94 18 54
0.169947 287 94 18 54
0.171947 287 94 18 54
0.173947 287 94 18 54
0.175947 286 94 18 54
0.177947 286 94 18 54
0.179947 286 94 18 54
0.181947 286 94 18 54
0.183947 286 94 18 54
0.185947 286 94 18 54
0.187947 286 94 18 54
0.189947 286 94 18 54
0.191947 286 94 18 54
0.193947 286 94 18 54
0.195947 285 94 18 54
0.197947 285 94 18 54
0.199947 285 94 18 54
0.201947 285 94 18 54
0.203947 285 94 18 54
0.205947 285 94 18 54
0.207947 285 94 18 54
0.209947 285 94 18 54
0.211947 285 94 18 54
0.213947 284 94 19 54
0.215947 284 94 19 54
0.217947 284 94 19 54
0.219947 284 94 19 54
0.221947 284 94 19 54
0.223947 284 94 19 54
0.225947 284 94 19 54
0.227947 284 94 19 54
0.229947 284 94 19 54
0.231947 283 94 19 54
0.233947 283 94 19 54
0.235947 283 94 19 54
0.237947 283 94 19 54
0.239947 283 94 19 54
0.241947 283 94 19 54
0.243947 283 94 19 54
0.245947 283 94 19 54
0.247947 283 94 19 54
0.249947 282 93 20 54
0.251947 282 93 20 54
0.253947 282 93 20 54
0.255947 282 93 20 54
0.257947 282 93 20 54
0.259947 282 93 20 54
0.261947 282 93 20 54
0.263947 282 93 20 54
0.265947 282 93 20 54
0.267947 282 93 20 54
0.269947 282 93 20 54
0.271947 282 93 20 54
0.273947 281 93 20 54
0.275947 281 93 20 54
0.277947 281 93 20 54
0.279947 281 93 20 54
0.281947 281 93 20 54
0.283947 281 93 20 54
0.285947 281 93 20 54
0.287947 281 93 20 54
0.289947 281 93 20 54
0.291947 281 93 20 54
0.293947 281 93 20 54
0.295947 281 93 20 54
0.297947 280 93 20 54
0.299947 280 93 20 54
0.301947 280 93 20 54
0.303947 280 93 20 54
0.305947 280 93 20 54
0.307947 280 93 20 54
0.309947 280 93 20 54
0.311947 280 93 20 54
0.313947 280 93 20 54
0.315947 280 93 20 54
0.317947 280 93 20 54
0.319947 280 93 20 54
0.321947 279 93 20 53
0.323947 279 93 20 53
0.325947 279 93 20 53
0.327947 279 93 20 53
0.329947 279 93 20 53
0.331947 279 93 20 53
0.333947 279 93 20 53
0.335947 279 93 20 53
0.337947 278 93 20 53
0.339947 278 93 20 53
0.341947 278 93 21 53
0.343947 278 93 21 53
0.345947 278 93 21 53
0.347947 278 93 21 53
0.349947 278 93 21 53
0.351947 277 93 21 53
0.353947 277 93 21 53
0.355947 277 93 21 53
0.357947 277 93 21 53
0.359947 277 93 22 52
0.361947 277 93 22 52
0.363947 277 93 22 52
0.365947 276 93 22 52
0.367947 276 93 22 52
0.369947 276 93 22 52
0.371947 276 93 22 52
0.373947 276 93 22 52
0.375947 276 93 22 52
0.377947 276 93 23 52
0.379947 276 93 23 52
0.381947 275 93 23 52
0.383947 275 93 23 52
0.385947 275 93 23 52
0.387947 275 93 23 52
0.389947 275 93 23 52
0.391947 275 93 23 52
0.393947 275 93 23 52
0.395947 274 94 24 52
0.397947 274 94 24 52
0.399947 274 94 24 52
0.401947 274 94 24 52
0.403947 274 94 24 52
0.405947 274 94 24 52
0.407947 274 94 24 52
0.409947 274 94 24 52
0.411947 274 94 24 52
0.413947 274 94 24 52
0.415947 274 94 24 52
0.417947 274 94 24 52
0.419947 274 94 24 52
0.421947 274 94 24 52
0.423947 274 94 24 52
0.425947 274 94 24 52
0.427947 274 94 24 52
0.429947 274 94 24 52
0.431947 273 94 24 52
0.433947 273 94 24 52
0.435947 273 94 24 52
0.437947 273 94 24 52
0.439947 273 94 24 52
0.441947 273 94 24 52
0.443947 273 94 24 52
0.445947 273 94 24 52
0.447947 273 94 24 52
0.449947 273 94 24 52
0.451947 273 94 24 52
0.453947 273 94 24 52
0.455947 273 94 24 52
0.457947 273 94 24 52
0.459947 273 94 24 52
0.461947 273 94 24 52
0.463947 273 94 24 52
0.465947 273 94 24 52
0.467947 272 94 25 52
0.469947 272 94 25 52
0.471947 272 94 25 52
0.473947 272 94 25 52
0.475947 272 94 25 52
0.477947 272 94 25 52
0.479947 272 94 25 52
0.481947 272 94 25 52
0.483947 272 94 25 52
0.485947 272 94 25 52
0.487947 272 94 25 52
0.489947 272 94 25 52
0.491947 272 94 25 52
0.493947 272 94 25 52
0.495947 272 94 25 52
0.497947 272 94 25 52
0.499947 272 94 25 52
0.501947 272 94 25 52
0.503947 272 94 25 52
0.505947 272 93 25 52
0.507947 272 93 25 52
0.509947 272 93 25 52
0.511947 272 93 25 52
0.513947 272 93 25 52
0.515947 272 93 25 52
0.517947 272 93 25 52
0.519947 272 93 25 52
0.521947 272 93 25 52
0.523947 272 93 25 52
0.525947 272 93 25 52
0.527947 272 93 25 52
0.529947 272 93 25 52
0.531947 272 93 25 52
0.533947 272 93 25 52
0.535947 272 93 25 52
0.537947 272 93 25 52
0.539947 272 93 25 52
0.541947 271 92 25 53
0.543947 271 92 25 53
0.545947 271 92 25 53
0.547947 271 92 25 53
0.549947 271 92 25 53
0.551947 271 92 25 53
0.553947 271 92 25 53
0.555947 271 92 25 53
0.557947 271 92 25 53
0.559947 271 92 25 53
0.561947 271 92 25 53
0.563947 271 92 25 53
0.565947 271 92 25 53
0.567947 271 92 25 53
0.569947 271 92 25 53
0.571947 271 92 25 53
0.573947 271 92 25 53
0.575947 271 92 25 53
0.577947 271 92 25 54
0.579947 271 92 25 54
0.581947 271 92 25 54
0.583947 271 92 25 54
0.585947 271 92 25 54
0.587947 271 92 25 54
0.589947 271 92 25 54
0.591947 271 92 25 54
0.593947 271 92 25 54
0.595947 271 92 25 54
0.597947 271 92 25 54
0.599947 271 92 25 54
0.601947 271 92 25 54
0.603947 271 92 25 54
0.605947 271 92 25 54
0.607947 271 92 25 54
0.609947 271 92 25 54
0.611947 271 92 25 54
0.613947 270 92 24 54
0.615947 270 92 24 54
0.617947 270 92 24 54
0.619947 270 92 24 54
0.621947 270 92 24 54
0.623947 270 92 24 54
0.625947 270 92 24 54
0.627947 270 92 24 54
0.629947 270 92 23 54
0.631947 270 92 23 54
0.633947 270 92 23 54
0.635947 270 92 23 54
0.637947 270 92 23 54
0.639947 270 92 23 54
0.641947 270 92 23 54
0.643947 270 92 22 54
0.645947 270 92 22 54
0.647947 270 92 22 54
0.649947 270 92 22 54
0.651947 270 92 22 54
0.653947 270 92 22 54
0.655947 270 92 22 54
0.657947 270 92 21 54
0.659947 270 92 21 54
0.661947 270 92 21 54
0.663947 270 92 21 54
0.665947 270 92 21 54
0.667947 270 92 21 54
0.669947 270 92 21 54
0.671947 270 92 21 54
0.673947 270 92 20 54
0.675947 270 92 20 54
0.677947 270 92 20 54
0.679947 270 92 20 54
0.681947 270 92 20 54
0.683947 270 92 20 54
0.685947 270 92 20 54
0.687947 269 93 20 54
0.689947 269 93 20 54
0.691947 269 93 20 54
0.693947 269 93 20 54
0.695947 269 93 20 54
0.697947 269 93 20 54
0.699947 269 93 20 54
0.701947 269 93 20 54
0.703947 269 93 20 54
0.705947 269 93 20 54
0.707947 269 93 20 54
0.709947 269 93 20 54
0.711947 269 93 20 54
0.713947 269 93 20 54
0.715947 269 93 20 54
0.717947 269 93 20 54
0.719947 269 93 20 54
0.721947 269 93 20 54
0.723947 268 93 20 54
0.725947 268 93 20 54
0.727947 268 93 20 54
0.729947 268 93 20 54
0.731947 268 93 20 54
0.733947 268 93 20 54
0.735947 268 93 20 54
0.737947 268 93 20 54
0.739947 268 93 20 54
0.741947 268 93 20 54
0.743947 268 93 20 54
0.745947 268 93 20 54
0.747947 268 93 20 54
0.749947 268 93 20 54
0.751947 268 93 20 54
0.753947 268 93 20 54
0.755947 268 93 20 54
0.757947 268 93 20 54
0.759947 267 94 20 54
0.761947 267 94 20 54
0.763947 267 94 20 54
0.765947 267 94 20 54
0.767947 267 94 20 54
0.769947 267 94 20 54
0.771947 267 94 20 54
0.773947 267 94 20 54
0.775947 267 94 20 54
0.777947 267 94 20 54
0.779947 267 94 20 54
0.781947 267 94 20 54
0.783947 266 94 21 54
0.785947 266 94 21 54
0.787947 266 94 21 54
0.789947 266 94 21 54
0.791947 266 94 21 54
0.793947 266 94 21 54
0.795947 266 94 21 54
0.797947 266 94 21 54
0.799947 266 94 21 54
0.801947 266 94 21 54
0.803947 266 94 21 54
0.805947 266 94 21 54
0.807947 266 94 21 54
0.809947 265 94 22 54
0.811947 265 94 22 54
0.813947 265 94 22 54
0.815947 265 94 22 54
0.817947 265 94 22 54
0.819947 265 94 22 54
0.821947 265 94 22 54
0.823947 265 94 22 54
0.825947 265 94 22 54
0.827947 265 94 22 54
0.829947 265 94 22 54
0.831947 265 94 22 54
0.833947 264 94 23 53
0.835947 264 94 23 53
0.837947 264 94 23 53
0.839947 264 94 23 53
0.841947 264 94 23 53
0.843947 264 94 23 53
0.845947 264 94 23 53
0.847947 264 94 23 53
0.849947 264 94 23 53
0.851947 263 94 23 53
0.853947 263 94 23 53
0.855947 263 94 23 53
0.857947 263 94 24 53
0.859947 263 94 24 53
0.861947 263 94 24 53
0.863947 263 94 24 53
0.865947 263 94 24 53
0.867947 263 94 24 53
0.869947 262 94 24 53
0.871947 262 94 24 53
0.873947 262 94 24 53
0.875947 262 94 24 53
0.877947 262 94 24 53
0.879947 262 94 24 53
0.881947 262 94 25 53
0.883947 262 94 25 53
0.885947 262 94 25 53
0.887947 261 94 25 53
0.889947 261 94 25 53
0.891947 261 94 25 53
0.893947 261 94 25 53
0.895947 261 94 25 53
0.897947 261 94 25 53
0.899947 261 94 25 53
0.901947 261 94 25 53
0.903947 261 94 25 53
0.905947 260 94 26 53
0.907947 260 94 26 53
0.909947 260 94 26 53
0.911947 260 94 26 53
0.913947 260 94 26 53
0.915947 260 94 26 53
0.917947 260 94 26 53
0.919947 260 94 26 53
0.921947 260 94 26 53
0.923947 260 94 26 53
0.925947 260 94 26 53
0.927947 260 94 26 53
0.929947 259 94 26 53
0.931947 259 94 26 53
0.933947 259 94 26 53
0.935947 259 94 26 53
0.937947 259 94 26 53
0.939947 259 94 26 53
0.941947 259 94 26 53
0.943947 259 94 26 53
0.945947 259 94 26 53
0.947947 259 94 26 53
0.949947 259 94 26 53
0.951947 259 94 26 53
0.953947 259 94 26 53
0.955947 258 94 26 53
0.957947 258 94 26 53
0.959947 258 94 26 53
0.961947 258 94 26 53
0.963947 258 94 26 53
0.965947 258 94 26 53
0.967947 258 94 26 53
0.969947 258 94 26 53
0.971947 258 94 26 53
0.973947 258 94 26 53
0.975947 258 94 26 53
0.977947 258 94 26 53
0.979947 257 94 26 53
0.981947 257 94 26 53
0.983947 257 94 26 53
0.985947 257 94 26 53
0.987947 257 94 26 53
0.989947 257 94 26 53
0.991947 257 94 26 53
0.993947 257 94 26 53
0.995947 257 94 26 53
0.997947 257 94 26 53
0.999947 257 94 26 53
1.001947 257 94 26 53
1.003947 257 94 26 53
1.005947 257 94 26 53
1.007947 257 94 26 53
1.009947 257 94 26 53
1.011947 257 94 26 53
1.013947 257 94 26 53
1.015947 257 94 25 53
1.017947 257 94 25 53
1.019947 257 94 25 53
1.021947 257 94 25 53
1.023947 257 94 25 53
1.025947 257 94 25 53
1.027947 257 94 25 53
1.029947 257 94 25 53
1.031947 257 94 25 53
1.033947 257 94 25 53
1.035947 257 94 25 53
1.037947 257 94 25 53
1.039947 257 94 25 53
1.041947 257 94 25 53
1.043947 257 94 25 53
1.045947 257 94 25 53
1.047947 257 94 25 53
1.049947 257 94 25 53
1.051947 256 95 24 53
1.053947 256 95 24 53
1.055947 256 95 24 53
1.057947 256 95 24 53
1.059947 256 95 24 53
1.061947 256 95 24 53
1.063947 256 95 24 53
1.065947 256 95 24 53
1.067947 256 95 24 53
1.069947 256 95 24 53
1.071947 256 95 24 53
1.073947 256 95 24 53
1.075947 256 95 24 53
1.077947 256 95 24 53
1.079947 256 95 24 53
1.081947 256 95 24 53
1.083947 256 95 24 53
1.085947 256 95 24 53
1.087947 255 95 24 53
1.089947 255 95 24 53
1.091947 255 95 24 53
1.093947 255 95 24 53
1.095947 255 95 24 53
1.097947 255 95 24 53
1.099947 255 95 24 53
1.101947 255 95 24 53
1.103947 255 95 24 53
1.105947 255 95 24 53
1.107947 255 95 24 53
1.109947 255 95 24 53
1.111947 255 95 24 53
1.113947 255 95 24 53
1.115947 255 95 24 53
1.117947 255 95 24 53
1.119947 255 95 24 53
1.121947 255 95 24 53
1.123947 255 95 24 53
1.125947 254 95 23 53
1.127947 254 95 23 53
1.129947 254 95 23 53
1.131947 254 95 23 53
1.133947 254 95 23 53
1.135947 254 95 23 53
1.137947 254 95 23 53
1.139947 254 95 23 53
1.141947 254 95 23 53
1.143947 254 95 23 53
1.145947 254 95 23 53
1.147947 254 95 23 53
1.149947 254 95 22 53
1.151947 254 95 22 53
1.153947 254 95 22 53
1.155947 254 95 22 53
1.157947 254 95 22 53
1.159947 254 95 22 53
1.161947 253 95 22 53
1.163947 253 95 22 53
1.165947 253 95 22 53
1.167947 253 95 22 53
1.169947 253 95 22 53
1.171947 253 95 22 53
1.173947 253 95 21 53
1.175947 253 95 21 53
1.177947 253 95 21 53
1.179947 253 95 21 53
1.181947 253 95 21 53
1.183947 253 95 21 53
1.185947 253 95 21 53
1.187947 253 95 21 53
1.189947 253 95 21 53
1.191947 253 95 21 53
1.193947 253 95 21 53
1.195947 253 95 21 53
1.197947 252 95 20 53
1.199947 252 95 20 53
1.201947 252 95 20 53
1.203947 252 95 20 53
1.205947 252 95 20 53
1.207947 252 95 20 53
1.209947 252 95 20 53
1.211947 252 95 20 53
1.213947 252 95 20 53
1.215947 252 95 20 53
1.217947 252 95 20 53
1.219947 252 95 20 53
1.221947 251 95 20 53
1.223947 251 95 20 53
1.225947 251 95 20 53
1.227947 251 95 20 53
1.229947 251 95 20 53
1.231947 251 95 20 53
1.233947 251 95 19 53
1.235947 251 95 19 53
1.237947 251 95 19 53
1.239947 251 95 19 53
1.241947 251 95 19 53
1.243947 251 95 19 53
1.245947 250 95 19 53
1.247947 250 95 19 53
1.249947 250 95 19 53
1.251947 250 95 19 53
1.253947 250 95 19 53
1.255947 250 95 19 53
1.257947 250 95 19 53
1.259947 250 95 19 53
1.261947 250 95 19 53
1.263947 250 95 19 53
1.265947 250 95 19 53
1.267947 250 95 19 53
1.269947 250 95 19 53
1.271947 249 95 19 52
1.273947 249 95 19 52
1.275947 249 95 19 52
1.277947 249 95 19 52
1.279947 249 95 19 52
1.281947 249 95 19 52
1.283947 249 95 19 52
1.285947 249 95 19 52
1.287947 249 95 19 52
1.289947 248 95 19 52
1.291947 248 95 19 52
1.293947 248 95 19 52
1.295947 248 95 19 52
1.297947 248 95 19 52
1.299947 248 95 19 52
1.301947 248 95 19 52
1.303947 248 95 19 52
1.305947 248 95 19 52
1.307947 247 96 19 52
1.309947 247 96 19 52
1.311947 247 96 19 52
1.313947 247 96 19 52
1.315947 247 96 19 52
1.317947 247 96 19 52
1.319947 247 96 19 52
1.321947 247 96 19 52
1.323947 247 96 19 52
1.325947 246 96 19 52
1.327947 246 96 19 52
1.329947 246 96 19 52
1.331947 246 96 19 52
1.333947 246 96 19 52
1.335947 246 96 19 52
1.337947 246 96 19 52
1.339947 246 96 19 52
1.341947 246 96 19 52
1.343947 245 97 20 52
1.345947 245 97 20 52
1.347947 245 97 20 52
1.349947 245 97 20 52
1.351947 245 97 20 52
1.353947 245 97 20 52
1.355947 245 97 20 52
1.357947 245 97 20 52
1.359947 245 97 20 52
1.361947 244 97 20 52
1.363947 244 97 20 52
1.365947 244 97 20 52
1.367947 244 97 21 52
1.369947 244 97 21 52
1.371947 244 97 21 52
1.373947 244 97 21 52
1.375947 244 97 21 52
1.377947 244 97 21 52
1.379947 243 97 21 52
1.381947 243 97 21 52
1.383947 243 97 21 52
1.385947 243 97 21 52
1.387947 243 97 21 52
1.389947 243 97 21 52
1.391947 243 97 22 52
1.393947 243 97 22 52
1.395947 243 97 22 52
1.397947 242 97 22 52
1.399947 242 97 22 52
1.401947 242 97 22 52
1.403947 242 97 22 52
1.405947 242 97 22 52
1.407947 242 97 22 52
1.409947 242 97 22 52
1.411947 242 97 22 52
1.413947 242 97 22 52
1.415947 242 97 22 52
1.417947 241 97 23 52
1.419947 241 97 23 52
1.421947 241 97 23 52
1.423947 241 97 23 52
1.425947 241 97 23 52
1.427947 241 97 23 52
1.429947 241 97 23 52
1.431947 241 97 23 52
1.433947 241 97 23 52
1.435947 241 97 23 52
1.437947 241 97 23 52
1.439947 241 97 23 52
1.441947 241 97 23 52
1.443947 241 97 23 52
1.445947 241 97 23 52
1.447947 241 97 23 52
1.449947 241 97 23 52
1.451947 241 97 23 52
1.453947 240 97 23 52
1.455947 240 97 23 52
1.457947 240 97 23 52
1.459947 240 97 23 52
1.461947 240 97 23 52
1.463947 240 97 23 52
1.465947 240 97 23 52
1.467947 240 97 23 52
1.469947 240 97 23 52
1.471947 240 97 23 52
1.473947 240 97 23 52
1.475947 240 97 23 52
1.477947 240 97 23 52
1.479947 240 97 23 52
1.481947 240 97 23 52
1.483947 240 97 23 52
1.485947 240 97 23 52
1.487947 240 97 23 52
1.489947 240 97 24 52
1.491947 240 97 24 52
1.493947 240 97 24 52
1.495947 240 97 24 52
1.497947 240 97 24 52
1.499947 240 97 24 52
1.501947 240 97 24 52
1.503947 240 97 24 52
1.505947 240 97 24 52
1.507947 240 97 24 52
1.509947 240 97 24 52
1.511947 240 97 24 52
1.513947 240 97 24 52
1.515947 240 97 24 52
1.517947 240 97 24 52
1.519947 240 97 24 52
1.521947 240 97 24 52
1.523947 240 97 24 52
1.525947 240 97 24 52
1.527947 240 97 24 52
1.529947 240 97 24 52
1.531947 240 97 24 52
1.533947 240 97 24 52
1.535947 240 97 24 52
1.537947 240 97 24 52
1.539947 240 97 24 52
1.541947 240 97 24 52
1.543947 240 97 24 52
1.545947 240 97 24 52
1.547947 240 97 24 52
1.549947 240 97 24 52
1.551947 240 97 24 52
1.553947 240 97 24 52
1.555947 240 97 24 52
1.557947 240 97 24 52
1.559947 240 97 24 52
1.561947 240 97 24 52
1.563947 239 96 23 52
1.565947 239 96 23 52
1.567947 239 96 23 52
1.569947 239 96 23 52
1.571947 239 96 23 52
1.573947 239 96 23 52
1.575947 239 96 23 52
1.577947 239 96 23 53
1.579947 239 96 23 53
1.581947 239 96 23 53
1.583947 239 96 23 53
1.585947 239 96 23 53
1.587947 239 96 23 53
1.589947 239 96 23 53
1.591947 239 96 23 54
1.593947 239 96 23 54
1.595947 239 96 23 54
1.597947 239 96 23 54
1.599947 238 96 23 54
1.601947 238 96 23 54
1.603947 238 96 23 54
1.605947 238 96 23 55
1.607947 238 96 23 55
1.609947 238 96 23 55
1.611947 238 96 23 55
1.613947 238 96 23 55
1.615947 238 96 23 55
1.617947 238 96 23 55
1.619947 238 96 23 55
1.621947 238 96 23 56
1.623947 238 96 23 56
1.625947 238 96 23 56
1.627947 238 96 23 56
1.629947 238 96 23 56
1.631947 238 96 23 56
1.633947 238 96 23 56
1.635947 237 96 22 56
1.637947 237 96 22 56
1.639947 237 96 22 56
1.641947 237 96 22 56
1.643947 237 96 22 56
1.645947 237 96 22 56
1.647947 237 96 22 56
1.649947 237 96 22 55
1.651947 237 96 22 55
1.653947 237 96 22 55
1.655947 237 96 22 55
1.657947 237 96 22 55
1.659947 236 96 21 55
1.661947 236 96 21 55
1.663947 236 96 21 55
1.665947 236 96 21 54
1.667947 236 96 21 54
1.669947 236 96 21 54
1.671947 236 96 21 54
1.673947 236 96 21 54
1.675947 236 96 21 54
1.677947 236 96 21 54
1.679947 236 96 21 53
1.681947 236 96 21 53
1.683947 235 96 20 53
1.685947 235 96 20 53
1.687947 235 96 20 53
1.689947 235 96 20 53
1.691947 235 96 20 53
1.693947 235 96 20 52
1.695947 235 96 20 52
1.697947 235 96 20 52
1.699947 235 96 20 52
1.701947 235 96 20 52
1.703947 235 96 20 52
1.705947 235 96 20 52
1.707947 234 96 20 52
1.709947 234 96 20 52
1.711947 234 96 20 52
1.713947 234 96 20 52
1.715947 234 96 20 52
1.717947 234 96 20 52
1.719947 234 96 20 52
1.721947 234 96 20 53
1.723947 234 96 20 53
1.725947 234 96 20 53
1.727947 233 96 20 53
1.729947 233 96 20 53
1.731947 233 96 20 53
1.733947 233 96 20 54
1.735947 233 96 20 54
1.737947 233 96 20 54
1.739947 233 96 20 54
1.741947 233 96 20 54
1.743947 233 96 20 54
1.745947 232 96 20 55
1.747947 232 96 20 55
1.749947 232 96 20 55
1.751947 232 96 20 55
1.753947 232 96 20 55
1.755947 232 96 20 55
1.757947 232 96 20 56
1.759947 232 96 20 56
1.761947 232 96 20 56
1.763947 231 96 20 56
1.765947 231 96 20 56
1.767947 231 96 20 56
1.769947 231 96 20 57
1.771947 231 96 20 57
1.773947 231 96 20 57
1.775947 231 96 20 57
1.777947 231 96 20 57
1.779947 231 96 20 57
1.781947 230 96 21 57
1.783947 230 96 21 57
1.785947 230 96 21 57
1.787947 230 96 21 57
1.789947 230 96 21 57
1.791947 230 96 21 57
1.793947 230 96 21 57
1.795947 230 96 21 56
1.797947 230 96 21 56
1.799947 229 96 21 56
1.801947 229 96 21 56
1.803947 229 96 21 56
1.805947 229 96 21 56
1.807947 229 96 21 56
1.809947 229 96 21 56
1.811947 229 96 21 55
1.813947 229 96 21 55
1.815947 229 96 21 55
1.817947 228 97 21 55
1.819947 228 97 21 55
1.821947 228 97 21 55
1.823947 228 97 21 55
1.825947 228 97 21 54
1.827947 228 97 21 54
1.829947 228 97 21 54
1.831947 228 97 21 54
1.833947 228 97 21 54
1.835947 227 97 21 54
1.837947 227 97 21 54
1.839947 227 97 21 53
1.841947 227 97 21 53
1.843947 227 97 21 53
1.845947 227 97 21 53
1.847947 227 97 21 53
1.849947 227 97 21 53
1.851947 227 97 21 53
1.853947 226 97 22 53
1.855947 226 97 22 53
1.857947 226 97 22 53
1.859947 226 97 22 53
1.861947 226 97 22 53
1.863947 226 97 22 53
1.865947 226 97 22 53
1.867947 226 97 22 53
1.869947 226 97 22 53
1.871947 226 97 22 53
1.873947 226 97 22 53
1.875947 226 97 22 53
1.877947 226 97 22 53
1.879947 226 97 22 53
1.881947 226 97 22 53
1.883947 226 97 22 53
1.885947 226 97 22 53
1.887947 226 97 22 53
1.889947 226 97 22 53
1.891947 225 96 23 54
1.893947 225 96 23 54
1.895947 225 96 23 54
1.897947 225 96 23 54
1.899947 225 96 23 54
1.901947 225 96 23 54
1.903947 225 96 23 54
1.905947 225 96 23 54
1.907947 225 96 23 54
1.909947 225 96 23 54
1.911947 225 96 23 54
1.913947 225 96 23 54
1.915947 225 96 23 54
1.917947 225 96 23 54
1.919947 225 96 23 54
1.921947 225 96 23 54
1.923947 225 96 23 54
1.925947 225 96 23 54
1.927947 224 96 24 54
1.929947 224 96 24 54
1.931947 224 96 24 54
1.933947 224 96 24 54
1.935947 224 96 24 54
1.937947 224 96 24 54
1.939947 224 96 24 54
1.941947 224 96 24 54
1.943947 224 96 24 54
1.945947 224 96 24 54
1.947947 224 96 24 54
1.949947 224 96 24 54
1.951947 224 96 24 54
1.953947 224 96 24 54
1.955947 224 96 24 54
1.957947 224 96 24 54
1.959947 224 96 24 54
1.961947 224 96 24 54
1.963947 224 96 24 53
1.965947 224 96 24 53
1.967947 224 96 24 53
1.969947 224 96 24 53
1.971947 224 96 24 53
1.973947 224 96 24 53
1.975947 224 96 24 53
1.977947 224 96 24 53
1.979947 224 96 24 53
1.981947 224 96 24 53
1.983947 224 96 24 53
1.985947 224 96 24 53
1.987947 224 96 24 53
1.989947 224 96 24 53
1.991947 224 96 24 53
1.993947 224 96 24 53
1.995947 224 96 24 53
1.997947 224 96 24 53
1.999947 223 97 24 53
2.001947 223 97 24 53
2.003947 223 97 24 53
2.005947 223 97 24 53
2.007947 223 97 24 53
2.009947 223 97 24 53
2.011947 223 97 24 53
2.013947 223 97 24 53
2.015947 223 97 24 53
2.017947 223 97 24 53
2.019947 223 97 24 53
2.021947 223 97 24 53
2.023947 223 97 24 53
2.025947 223 97 24 53
2.027947 223 97 24 53
2.029947 223 97 24 53
2.031947 223 97 24 53
2.033947 223 97 24 53
2.035947 223 97 24 53
2.037947 223 97 24 53
2.039947 223 97 24 53
2.041947 223 97 24 53
2.043947 223 97 24 53
2.045947 223 97 24 53
2.047947 223 97 24 53
2.049947 223 97 24 53
2.051947 223 97 24 53
2.053947 223 97 24 53
2.055947 223 97 24 53
2.057947 223 97 24 53
2.059947 223 97 24 53
2.061947 223 97 24 53
2.063947 223 97 24 53
2.065947 223 97 24 53
2.067947 223 97 24 53
2.069947 223 97 24 53
2.071947 223 97 24 53
2.073947 222 98 23 53
2.075947 222 98 23 53
2.077947 222 98 23 53
2.079947 222 98 23 53
2.081947 222 98 23 53
2.083947 222 98 23 53
2.085947 222 98 23 53
2.087947 222 98 23 53
2.089947 222 98 23 53
2.091947 222 98 23 53
2.093947 222 98 23 53
2.095947 222 98 23 53
2.097947 222 98 23 53
2.099947 222 98 23 53
2.101947 222 98 23 53
2.103947 222 98 23 53
2.105947 222 98 23 53
2.107947 222 98 23 53
2.109947 222 98 23 53
2.111947 222 98 23 53
2.113947 222 98 23 53
2.115947 222 98 23 53
2.117947 222 98 23 53
2.119947 222 98 23 53
2.121947 222 98 23 53
2.123947 222 98 23 53
2.125947 222 98 23 53
2.127947 222 98 23 53
2.129947 222 98 23 53
2.131947 222 98 23 53
2.133947 222 98 23 53
2.135947 222 98 23 53
2.137947 222 98 23 53
2.139947 222 98 23 53
2.141947 222 98 23 53
2.143947 222 98 23 53
2.145947 221 98 22 53
2.147947 221 98 22 53
2.149947 221 98 22 53
2.151947 221 98 22 53
2.153947 221 98 22 53
2.155947 221 98 22 53
2.157947 221 98 22 53
2.159947 221 98 22 53
2.161947 221 98 22 53
2.163947 221 98 22 53
2.165947 221 98 22 53
2.167947 221 98 22 53
2.169947 221 98 22 53
2.171947 221 98 21 53
2.173947 221 98 21 53
2.175947 221 98 21 53
2.177947 221 98 21 53
2.179947 221 98 21 53
2.181947 221 98 21 53
2.183947 220 98 21 53
2.185947 220 98 21 53
2.187947 220 98 21 53
2.189947 220 98 21 53
2.191947 220 98 21 53
2.193947 220 98 21 53
2.195947 220 98 20 53
2.197947 220 98 20 53
2.199947 220 98 20 53
2.201947 220 98 20 53
2.203947 220 98 20 53
2.205947 220 98 20 53
2.207947 220 98 20 53
2.209947 220 98 20 53
2.211947 220 98 20 53
2.213947 220 98 20 53
2.215947 220 98 20 53
2.217947 220 98 20 53
2.219947 219 97 20 53
2.221947 219 97 20 53
2.223947 219 97 20 53
2.225947 219 97 20 53
2.227947 219 97 20 53
2.229947 219 97 20 53
2.231947 219 97 20 53
2.233947 219 97 20 53
2.235947 219 97 20 53
2.237947 219 97 20 53
2.239947 219 97 20 53
2.241947 219 97 20 53
2.243947 218 97 20 53
2.245947 218 97 20 53
2.247947 218 97 20 53
2.249947 218 97 20 53
2.251947 218 97 20 53
2.253947 218 97 20 53
2.255947 218 97 20 53
2.257947 218 97 20 53
2.259947 218 97 20 53
2.261947 218 97 20 53
2.263947 218 97 20 53
2.265947 218 97 20 53
2.267947 217 97 20 53
2.269947 217 97 20 53
2.271947 217 97 20 53
2.273947 217 97 20 53
2.275947 217 97 20 53
2.277947 217 97 20 53
2.279947 217 97 20 53
2.281947 217 97 20 53
2.283947 217 97 20 53
2.285947 217 97 20 53
2.287947 217 97 20 53
2.289947 217 97 20 53
2.291947 216 96 20 54
2.293947 216 96 20 54
2.295947 216 96 20 54
2.297947 216 96 20 54
2.299947 216 96 20 54
2.301947 216 96 20 54
2.303947 216 96 20 54
2.305947 216 96 20 54
2.307947 216 96 20 54
2.309947 216 96 20 54
2.311947 216 96 20 54
2.313947 216 96 20 54
2.315947 216 96 20 54
2.317947 216 96 20 54
2.319947 216 96 20 54
2.321947 216 96 20 54
2.323947 216 96 20 54
2.325947 216 96 20 54
2.327947 216 96 20 54
2.329947 215 96 20 55
2.331947 215 96 20 55
2.333947 215 96 20 55
2.335947 215 96 20 55
2.337947 215 96 20 55
2.339947 215 96 20 55
2.341947 215 96 20 55
2.343947 215 96 20 55
2.345947 215 96 20 55
2.347947 215 96 20 55
2.349947 215 96 20 55
2.351947 215 96 20 55
2.353947 215 96 20 55
2.355947 215 96 20 55
2.357947 215 96 20 55
2.359947 215 96 20 55
2.361947 215 96 20 55
2.363947 215 96 20 55
2.365947 214 96 20 55
2.367947 214 96 20 55
2.369947 214 96 20 55
2.371947 214 96 20 55
2.373947 214 96 20 55
2.375947 214 96 20 55
2.377947 213 96 20 55
2.379947 213 96 20 55
2.381947 213 96 20 55
2.383947 213 96 21 55
2.385947 213 96 21 55
2.387947 213 96 21 55
2.389947 212 96 21 55
2.391947 212 96 21 55
2.393947 212 96 21 55
2.395947 212 96 21 55
2.397947 212 96 21 55
2.399947 212 96 21 55
2.401947 211 96 22 55
2.403947 211 96 22 55
2.405947 211 96 22 55
2.407947 211 96 22 55
2.409947 211 96 22 55
2.411947 211 96 22 55
2.413947 210 96 22 55
2.415947 210 96 22 55
2.417947 210 96 22 55
2.419947 210 96 23 55
2.421947 210 96 23 55
2.423947 210 96 23 55
2.425947 209 96 23 55
2.427947 209 96 23 55
2.429947 209 96 23 55
2.431947 209 96 23 55
2.433947 209 96 23 55
2.435947 209 96 23 55
2.437947 208 97 24 54
2.439947 208 97 24 54
2.441947 208 97 24 54
2.443947 208 97 24 54
2.445947 208 97 24 54
2.447947 208 97 24 54
2.449947 208 97 24 54
2.451947 208 97 24 54
2.453947 208 97 24 54
2.455947 208 97 24 54
2.457947 208 97 24 54
2.459947 208 97 24 54
2.461947 208 97 24 53
2.463947 208 97 24 53
2.465947 208 97 24 53
2.467947 208 97 24 53
2.469947 208 97 24 53
2.471947 208 97 24 53
2.473947 208 97 24 53
2.475947 208 98 24 53
2.477947 208 98 24 53
2.479947 208 98 24 53
2.481947 208 98 24 53
2.483947 208 98 24 53
2.485947 208 98 24 53
2.487947 208 98 24 52
2.489947 208 98 24 52
2.491947 208 98 24 52
2.493947 208 98 24 52
2.495947 208 98 24 52
2.497947 208 98 24 52
2.499947 208 98 24 52
2.501947 208 98 24 52
2.503947 208 98 24 52
2.505947 208 98 24 52
2.507947 208 98 24 52
2.509947 208 98 24 52
2.511947 207 99 25 52
2.513947 207 99 25 52
2.515947 207 99 25 52
2.517947 207 99 25 52
2.519947 207 99 25 52
2.521947 207 99 25 52
2.523947 207 99 25 52
2.525947 207 99 25 52
2.527947 207 99 25 52
2.529947 207 99 25 52
2.531947 207 99 25 52
2.533947 207 99 25 52
2.535947 207 99 25 52
2.537947 207 99 25 52
2.539947 207 99 25 52
2.541947 207 99 25 52
2.543947 207 99 25 52
2.545947 207 99 25 52
2.547947 207 99 25 52
2.549947 207 99 25 52
2.551947 207 99 25 52
2.553947 207 99 25 52
2.555947 207 99 25 52
2.557947 207 99 25 52
2.559947 207 99 25 52
2.561947 207 99 25 52
2.563947 207 99 25 52
2.565947 207 99 25 52
2.567947 207 99 25 52
2.569947 207 99 25 52
2.571947 207 99 25 52
2.573947 207 99 25 52
2.575947 207 99 25 52
2.577947 207 99 25 52
2.579947 207 99 25 52
2.581947 207 99 25 52
2.583947 206 98 24 53
2.585947 206 98 24 53
2.587947 206 98 24 53
2.589947 206 98 24 53
2.591947 206 98 24 53
2.593947 206 98 24 53
2.595947 206 98 24 53
2.597947 206 98 24 53
2.599947 206 98 24 53
2.601947 206 98 24 53
2.603947 206 98 24 53
2.605947 206 98 24 53
2.607947 206 98 24 53
2.609947 206 98 24 53
2.611947 206 98 24 53
2.613947 206 98 24 53
2.615947 206 98 24 53
2.617947 206 98 24 53
2.619947 206 98 23 53
2.621947 206 98 23 53
2.623947 206 98 23 53
2.625947 206 98 23 53
2.627947 206 98 23 53
2.629947 206 98 23 53
2.631947 206 98 23 53
2.633947 206 98 23 53
2.635947 206 98 23 53
2.637947 206 98 23 53
2.639947 206 98 23 53
2.641947 206 98 23 53
2.643947 206 98 23 53
2.645947 206 98 23 53
2.647947 206 98 23 53
2.649947 206 98 23 53
2.651947 206 98 23 53
2.653947 206 98 23 53
2.655947 206 98 23 53
2.657947 205 98 22 52
2.659947 205 98 22 52
2.661947 205 98 22 52
2.663947 205 98 22 52
2.665947 205 98 22 52
2.667947 205 98 22 52
2.669947 205 98 22 52
2.671947 205 98 22 52
2.673947 205 98 22 52
2.675947 205 98 21 52
2.677947 205 98 21 52
2.679947 205 98 21 52
2.681947 205 98 21 52
2.683947 205 98 21 52
2.685947 205 98 21 52
2.687947 205 98 21 52
2.689947 205 98 21 52
2.691947 205 98 21 52
2.693947 205 98 20 52
2.695947 205 98 20 52
2.697947 205 98 20 52
2.699947 205 98 20 52
2.701947 205 98 20 52
2.703947 205 98 20 52
2.705947 205 98 20 52
2.707947 205 98 20 52
2.709947 205 98 20 52
2.711947 205 98 19 52
2.713947 205 98 19 52
2.715947 205 98 19 52
2.717947 205 98 19 52
2.719947 205 98 19 52
2.721947 205 98 19 52
2.723947 205 98 19 52
2.725947 205 98 19 52
2.727947 205 98 19 52
2.729947 204 97 18 52
2.731947 204 97 18 52
2.733947 204 97 18 52
2.735947 204 97 18 52
2.737947 204 97 18 52
2.739947 204 97 18 52
2.741947 204 97 18 52
2.743947 204 97 18 52
2.745947 204 97 18 52
2.747947 204 97 18 52
2.749947 204 97 18 52
2.751947 204 97 18 52
2.753947 204 97 18 53
2.755947 204 97 18 53
2.757947 204 97 18 53
2.759947 204 97 18 53
2.761947 204 97 18 53
2.763947 204 97 18 53
2.765947 203 96 17 53
2.767947 203 96 17 53
2.769947 203 96 17 53
2.771947 203 96 17 53
2.773947 203 96 17 53
2.775947 203 96 17 53
2.777947 203 96 17 53
2.779947 203 96 17 54
2.781947 203 96 17 54
2.783947 203 96 17 54
2.785947 203 96 17 54
2.787947 203 96 17 54
2.789947 203 96 17 54
2.791947 203 96 17 54
2.793947 203 96 17 54
2.795947 203 96 17 54
2.797947 203 96 17 54
2.799947 203 96 17 54
2.801947 203 96 17 54
2.803947 202 95 17 55
2.805947 202 95 17 55
2.807947 202 95 17 55
2.809947 202 95 17 55
2.811947 202 95 17 55
2.813947 202 95 17 55
2.815947 202 95 17 55
2.817947 202 95 17 55
2.819947 202 95 17 55
2.821947 202 95 17 55
2.823947 202 95 17 55
2.825947 202 95 17 55
2.827947 201 95 17 55
2.829947 201 95 17 55
2.831947 201 95 17 55
2.833947 201 95 17 55
2.835947 201 95 17 55
2.837947 201 95 17 55
2.839947 201 95 17 56
2.841947 201 95 17 56
2.843947 201 95 17 56
2.845947 201 95 17 56
2.847947 201 95 17 56
2.849947 201 95 17 56
2.851947 200 95 17 56
2.853947 200 95 17 56
2.855947 200 95 17 56
2.857947 200 95 17 56
2.859947 200 95 17 56
2.861947 200 95 17 56
2.863947 200 95 17 56
2.865947 200 95 17 56
2.867947 200 95 17 56
2.869947 200 95 17 56
2.871947 200 95 17 56
2.873947 200 95 17 56
2.875947 199 95 18 57
2.877947 199 95 18 57
2.879947 199 95 18 57
2.881947 199 95 18 57
2.883947 199 95 18 57
2.885947 199 95 18 57
2.887947 199 95 18 57
2.889947 198 95 18 57
2.891947 198 95 18 57
2.893947 198 95 19 57
2.895947 198 95 19 57
2.897947 198 95 19 57
2.899947 198 95 19 57
2.901947 198 95 19 57
2.903947 198 95 19 57
2.905947 197 95 19 57
2.907947 197 95 19 57
2.909947 197 95 19 57
2.911947 197 95 20 57
2.913947 197 95 20 57
2.915947 197 95 20 57
2.917947 197 95 20 57
2.919947 196 95 20 57
2.921947 196 95 20 57
2.923947 196 95 20 57
2.925947 196 95 20 57
2.927947 196 95 20 57
2.929947 196 95 20 57
2.931947 196 95 21 57
2.933947 195 95 21 57
2.935947 195 95 21 57
2.937947 195 95 21 57
2.939947 195 95 21 57
2.941947 195 95 21 57
2.943947 195 95 21 57
2.945947 195 95 21 57
2.947947 195 95 21 57
2.949947 194 95 22 56
2.951947 194 95 22 56
2.953947 194 95 22 56
2.955947 194 95 22 56
2.957947 194 95 22 56
2.959947 194 95 22 56
2.961947 194 95 22 56
2.963947 194 95 22 56
2.965947 194 95 22 56
2.967947 194 95 22 56
2.969947 194 95 22 56
2.971947 194 95 22 56
2.973947 194 96 22 55
2.975947 194 96 22 55
2.977947 194 96 22 55
2.979947 194 96 22 55
2.981947 194 96 22 55
2.983947 194 96 22 55
2.985947 193 96 23 55
2.987947 193 96 23 55
2.989947 193 96 23 55
2.991947 193 96 23 55
2.993947 193 96 23 55
2.995947 193 96 23 55
2.997947 193 97 23 54
2.999947 193 97 23 54
3.001947 193 97 23 54
3.003947 193 97 23 54
3.005947 193 97 23 54
3.007947 193 97 23 54
3.009947 193 97 23 54
3.011947 193 97 23 54
3.013947 193 97 23 54
3.015947 193 97 23 54
3.017947 193 97 23 54
3.019947 193 97 23 54
3.021947 192 98 24 53
3.023947 192 98 24 53
3.025947 192 98 24 53
3.027947 192 98 24 53
3.029947 192 98 24 53
3.031947 192 98 24 53
3.033947 192 98 24 53
3.035947 192 98 24 53
3.037947 192 98 24 53
3.039947 192 98 24 53
3.041947 192 98 24 53
3.043947 192 98 24 53
3.045947 192 98 24 53
3.047947 192 98 24 53
3.049947 192 98 24 53
3.051947 192 98 24 53
3.053947 192 98 24 53
3.055947 192 98 24 53
3.057947 191 98 24 53
3.059947 191 98 24 53
3.061947 191 98 24 53
3.063947 191 98 24 53
3.065947 191 98 24 53
3.067947 191 98 24 53
3.069947 191 98 24 53
3.071947 191 98 24 53
3.073947 191 98 24 53
3.075947 191 98 24 53
3.077947 191 98 24 53
3.079947 191 98 24 53
3.081947 191 98 24 53
3.083947 191 98 24 53
3.085947 191 98 24 53
3.087947 191 98 24 53
3.089947 191 98 24 53
3.091947 191 98 24 53
3.093947 191 98 24 53
3.095947 191 99 24 53
3.097947 191 99 24 53
3.099947 191 99 24 53
3.101947 191 99 24 53
3.103947 191 99 24 53
3.105947 191 99 24 53
3.107947 191 99 24 53
3.109947 191 99 24 53
3.111947 191 99 24 53
3.113947 191 99 24 53
3.115947 191 99 24 53
3.117947 191 99 24 53
3.119947 191 99 24 53
3.121947 191 99 24 53
3.123947 191 99 24 53
3.125947 191 99 24 53
3.127947 191 99 24 53
3.129947 191 99 24 53
3.131947 191 99 24 54
3.133947 191 99 24 54
3.135947 191 99 24 54
3.137947 191 99 24 54
3.139947 191 99 24 54
3.141947 191 99 24 54
3.143947 191 99 24 54
3.145947 191 99 24 54
3.147947 191 99 24 54
3.149947 191 99 24 54
3.151947 191 99 24 54
3.153947 191 99 24 54
3.155947 191 99 24 54
3.157947 191 99 24 54
3.159947 191 99 24 54
3.161947 191 99 24 54
3.163947 191 99 24 54
3.165947 191 99 24 54
3.167947 190 99 23 54
3.169947 190 99 23 54
3.171947 190 99 23 54
3.173947 190 99 23 54
3.175947 190 99 23 54
3.177947 190 99 23 54
3.179947 190 99 23 54
3.181947 190 99 23 54
3.183947 190 99 23 54
3.185947 190 99 23 54
3.187947 190 99 23 54
3.189947 190 99 23 54
3.191947 190 99 22 53
3.193947 190 99 22 53
3.195947 190 99 22 53
3.197947 190 99 22 53
3.199947 190 99 22 53
3.201947 190 99 22 53
3.203947 190 99 22 53
3.205947 190 99 22 53
3.207947 190 99 22 53
3.209947 190 99 22 53
3.211947 190 99 22 53
3.213947 190 99 22 53
3.215947 190 99 21 52
3.217947 190 99 21 52
3.219947 190 99 21 52
3.221947 190 99 21 52
3.223947 190 99 21 52
3.225947 190 99 21 52
3.227947 190 99 21 52
3.229947 190 99 21 52
3.231947 190 99 21 52
3.233947 190 99 21 52
3.235947 190 99 21 52
3.237947 190 99 21 52
3.239947 190 99 21 52
3.241947 189 99 20 52
3.243947 189 99 20 52
3.245947 189 99 20 52
3.247947 189 99 20 52
3.249947 189 99 20 52
3.251947 189 99 20 52
3.253947 189 99 20 52
3.255947 189 99 20 52
3.257947 189 99 20 52
3.259947 189 99 20 52
3.261947 189 99 20 52
3.263947 189 99 20 52
3.265947 188 99 19 52
3.267947 188 99 19 52
3.269947 188 99 19 52
3.271947 188 99 19 52
3.273947 188 99 19 52
3.275947 188 99 19 52
3.277947 188 99 19 52
3.279947 188 99 19 52
3.281947 188 99 19 52
3.283947 188 99 19 52
3.285947 188 99 19 52
3.287947 188 99 19 52
3.289947 187 99 18 52
3.291947 187 99 18 52
3.293947 187 99 18 52
3.295947 187 99 18 52
3.297947 187 99 18 52
3.299947 187 99 18 52
3.301947 187 99 18 52
3.303947 187 99 18 52
3.305947 187 99 18 52
3.307947 187 99 18 52
3.309947 187 99 18 52
3.311947 187 99 18 52
3.313947 186 100 18 52
3.315947 186 100 18 52
3.317947 186 100 18 52
3.319947 186 100 18 52
3.321947 186 100 18 52
3.323947 186 100 18 52
3.325947 186 100 18 52
3.327947 186 100 18 52
3.329947 186 100 18 52
3.331947 186 100 18 52
3.333947 186 100 18 52
3.335947 186 100 18 52
3.337947 185 100 18 52
3.339947 185 100 18 52
3.341947 185 100 18 52
3.343947 185 100 18 52
3.345947 185 100 18 52
3.347947 185 100 18 52
3.349947 185 100 18 52
3.351947 185 100 18 52
3.353947 185 100 18 52
3.355947 185 100 18 52
3.357947 185 100 18 52
3.359947 185 100 18 52
3.361947 184 100 18 52
3.363947 184 100 18 52
3.365947 184 100 18 52
3.367947 184 100 18 52
3.369947 184 100 18 52
3.371947 184 100 18 52
3.373947 184 100 18 52
3.375947 184 100 18 52
3.377947 184 100 18 52
3.379947 184 100 18 52
3.381947 184 100 18 52
3.383947 184 100 18 52
3.385947 183 100 18 53
3.387947 183 100 18 53
3.389947 183 100 18 53
3.391947 183 100 18 53
3.393947 183 100 18 53
3.395947 183 100 18 53
3.397947 183 100 18 53
3.399947 183 100 18 53
3.401947 183 100 18 53
3.403947 183 100 18 53
3.405947 182 100 19 53
3.407947 182 100 19 53
3.409947 182 100 19 53
3.411947 182 100 19 53
3.413947 182 100 19 53
3.415947 182 100 19 53
3.417947 182 100 19 53
3.419947 182 100 19 53
3.421947 182 100 19 53
3.423947 181 100 20 53
3.425947 181 100 20 53
3.427947 181 100 20 53
3.429947 181 100 20 53
3.431947 181 100 20 53
3.433947 181 100 20 53
3.435947 181 100 20 53
3.437947 181 100 20 53
3.439947 181 100 20 53
3.441947 180 100 21 53
3.443947 180 100 21 53
3.445947 180 100 21 53
3.447947 180 100 21 53
3.449947 180 100 21 53
3.451947 180 100 21 53
3.453947 180 100 21 53
3.455947 180 100 21 53
3.457947 180 100 21 53
3.459947 179 100 22 52
3.461947 179 100 22 52
3.463947 179 100 22 52
3.465947 179 100 22 52
3.467947 179 100 22 52
3.469947 179 100 22 52
3.471947 179 100 22 52
3.473947 179 100 22 52
3.475947 179 100 22 52
3.477947 178 100 22 52
3.479947 178 100 22 52
3.481947 178 100 22 52
3.483947 178 100 23 52
3.485947 178 100 23 52
3.487947 178 100 23 52
3.489947 178 100 23 52
3.491947 178 100 23 52
3.493947 178 100 23 52
3.495947 177 100 23 51
3.497947 177 100 23 51
3.499947 177 100 23 51
3.501947 177 100 23 51
3.503947 177 100 23 51
3.505947 177 100 23 51
3.507947 177 100 24 51
3.509947 177 100 24 51
3.511947 177 100 24 51
3.513947 176 100 24 51
3.515947 176 100 24 51
3.517947 176 100 24 51
3.519947 176 100 24 51
3.521947 176 100 24 51
3.523947 176 100 24 51
3.525947 176 100 24 51
3.527947 176 100 24 51
3.529947 176 100 24 51
3.531947 176 101 25 51
3.533947 176 101 25 51
3.535947 176 101 25 51
3.537947 176 101 25 51
3.539947 176 101 25 51
3.541947 176 101 25 51
3.543947 176 101 25 51
3.545947 176 101 25 51
3.547947 176 101 25 51
3.549947 176 101 25 51
3.551947 176 101 25 51
3.553947 176 101 25 51
3.555947 176 101 25 51
3.557947 176 101 25 51
3.559947 176 101 25 51
3.561947 176 101 25 51
3.563947 176 101 25 51
3.565947 176 101 25 51
3.567947 176 101 25 51
3.569947 176 101 25 51
3.571947 176 101 25 51
3.573947 176 101 25 51
3.575947 176 101 25 51
3.577947 176 101 25 51
3.579947 176 101 25 51
3.581947 176 101 25 51
3.583947 176 101 25 51
3.585947 176 101 25 51
3.587947 176 101 25 51
3.589947 176 101 25 51
3.591947 176 101 25 51
3.593947 176 101 25 51
3.595947 176 101 25 51
3.597947 176 101 25 51
3.599947 176 101 25 51
3.601947 176 101 25 51
3.603947 176 101 25 51
3.605947 175 100 25 52
3.607947 175 100 25 52
3.609947 175 100 25 52
3.611947 175 100 25 52
3.613947 175 100 25 52
3.615947 175 100 25 52
3.617947 175 100 25 52
3.619947 175 100 25 52
3.621947 175 100 25 52
3.623947 174 100 25 52
3.625947 174 100 25 52
3.627947 174 100 25 52
3.629947 174 100 25 52
3.631947 174 100 25 52
3.633947 174 100 25 52
3.635947 174 100 25 52
3.637947 174 100 25 52
3.639947 174 100 25 52
3.641947 173 100 26 52
3.643947 173 100 26 52
3.645947 173 100 26 52
3.647947 173 100 26 52
3.649947 173 100 26 52
3.651947 173 100 26 52
3.653947 173 100 26 52
3.655947 173 100 26 52
3.657947 173 100 26 52
3.659947 172 100 26 52
3.661947 172 100 26 52
3.663947 172 100 26 52
3.665947 172 100 26 52
3.667947 172 100 26 52
3.669947 172 100 26 52
3.671947 172 100 26 52
3.673947 172 100 26 52
3.675947 172 100 26 52
3.677947 171 100 26 51
3.679947 171 100 26 51
3.681947 171 100 26 51
3.683947 171 100 26 51
3.685947 171 100 26 51
3.687947 171 100 26 51
3.689947 171 100 26 51
3.691947 171 100 26 51
3.693947 171 100 26 51
3.695947 171 100 26 51
3.697947 171 100 25 51
3.699947 171 100 25 51
3.701947 171 100 25 51
3.703947 171 100 25 51
3.705947 171 100 25 51
3.707947 171 100 25 51
3.709947 171 100 25 51
3.711947 171 100 25 51
3.713947 171 100 25 51
3.715947 171 100 24 51
3.717947 171 100 24 51
3.719947 171 100 24 51
3.721947 171 100 24 51
3.723947 171 100 24 51
3.725947 171 100 24 51
3.727947 171 100 24 51
3.729947 171 100 24 51
3.731947 171 100 24 51
3.733947 171 100 23 51
3.735947 171 100 23 51
3.737947 171 100 23 51
3.739947 171 100 23 51
3.741947 171 100 23 51
3.743947 171 100 23 51
3.745947 171 100 23 51
3.747947 171 100 23 51
3.749947 171 100 23 51
3.751947 171 100 22 51
3.753947 171 100 22 51
3.755947 171 100 22 51
3.757947 171 100 22 51
3.759947 171 100 22 51
3.761947 171 100 22 51
3.763947 171 100 22 51
3.765947 171 100 22 51
3.767947 171 100 22 51
3.769947 171 100 22 51
3.771947 171 100 22 51
3.773947 171 100 22 51
3.775947 171 100 22 51
3.777947 171 100 22 51
3.779947 171 100 22 51
3.781947 171 100 22 51
3.783947 171 100 22 51
3.785947 171 100 22 51
3.787947 171 100 22 51
3.789947 171 100 22 51
3.791947 171 100 22 51
3.793947 171 100 22 51
3.795947 171 100 22 51
3.797947 171 100 22 51
3.799947 171 100 22 51
3.801947 171 100 22 51
3.803947 171 100 22 51
3.805947 171 100 22 51
3.807947 171 100 22 51
3.809947 171 100 22 51
3.811947 171 100 22 51
3.813947 171 100 22 51
3.815947 171 100 22 51
3.817947 171 100 22 51
3.819947 171 100 22 51
3.821947 171 100 22 51
3.823947 170 100 21 52
3.825947 170 100 21 52
3.827947 170 100 21 52
3.829947 170 100 21 52
3.831947 170 100 21 52
3.833947 170 100 21 52
3.835947 170 100 21 52
3.837947 170 100 21 52
3.839947 170 100 21 52
3.841947 170 100 21 52
3.843947 170 100 21 52
3.845947 170 100 21 52
3.847947 170 100 21 52
3.849947 170 100 21 52
3.851947 170 100 21 52
3.853947 170 100 21 52
3.855947 170 100 21 52
3.857947 170 100 21 52
3.859947 170 100 21 52
3.861947 169 100 20 52
3.863947 169 100 20 52
3.865947 169 100 20 52
3.867947 169 100 20 52
3.869947 169 100 20 52
3.871947 169 100 20 52
3.873947 169 100 20 52
3.875947 169 100 20 52
3.877947 169 100 20 52
3.879947 169 100 20 52
3.881947 169 100 20 52
3.883947 169 100 20 52
3.885947 169 100 20 52
3.887947 169 100 20 52
3.889947 169 100 20 52
3.891947 169 100 20 52
3.893947 169 100 20 52
3.895947 169 100 20 52
3.897947 168 100 20 52
3.899947 168 100 20 52
3.901947 168 100 20 52
3.903947 168 100 20 52
3.905947 168 100 20 52
3.907947 168 100 20 52
3.909947 168 100 20 52
3.911947 168 100 20 52
3.913947 168 100 20 52
3.915947 167 100 20 52
3.917947 167 100 20 52
3.919947 167 100 20 52
3.921947 167 100 20 52
3.923947 167 100 20 52
3.925947 167 100 20 52
3.927947 167 100 20 52
3.929947 167 100 20 52
3.931947 167 100 20 52
3.933947 166 100 20 52
3.935947 166 100 20 52
3.937947 166 100 20 52
3.939947 166 100 20 52
3.941947 166 100 20 52
3.943947 166 100 20 52
3.945947 166 100 20 52
3.947947 166 100 20 52
3.949947 166 100 20 52
3.951947 165 100 20 52
3.953947 165 100 20 52
3.955947 165 100 20 52
3.957947 165 100 20 52
3.959947 165 100 20 52
3.961947 165 100 20 52
3.963947 165 100 20 52
3.965947 165 100 20 52
3.967947 165 100 20 52
3.969947 164 100 20 53
3.971947 164 100 20 53
3.973947 164 100 20 53
3.975947 164 100 20 53
3.977947 164 100 20 53
3.979947 164 100 20 53
3.981947 164 100 20 53
3.983947 164 100 20 53
3.985947 164 100 20 53
3.987947 163 100 21 53
3.989947 163 100 21 53
3.991947 163 100 21 53
3.993947 163 100 21 53
3.995947 163 100 21 53
3.997947 163 100 21 53
3.999947 163 100 21 53
4.001947 163 100 21 53
4.003947 163 100 21 53
4.005947 163 100 21 53
4.007947 162 100 22 53
4.009947 162 100 22 53
4.011947 162 100 22 53
4.013947 162 100 22 53
4.015947 162 100 22 53
4.017947 162 100 22 53
4.019947 162 100 22 53
4.021947 162 100 22 53
4.023947 162 100 22 53
4.025947 161 100 23 53
4.027947 161 100 23 53
4.029947 161 100 23 53
4.031947 161 100 23 53
4.033947 161 100 23 53
4.035947 161 100 23 53
4.037947 161 100 23 53
4.039947 161 100 23 53
4.041947 161 100 23 53
4.043947 160 99 24 54
4.045947 160 99 24 54
4.047947 160 99 24 54
4.049947 160 99 24 54
4.051947 160 99 24 54
4.053947 160 99 24 54
4.055947 160 99 24 54
4.057947 160 99 24 54
4.059947 160 99 24 54
4.061947 160 99 24 54
4.063947 160 99 24 54
4.065947 160 99 24 54
4.067947 160 99 24 54
4.069947 160 99 24 54
4.071947 160 99 24 54
4.073947 160 99 24 54
4.075947 160 99 24 54
4.077947 160 99 24 54
4.079947 159 98 24 54
4.081947 159 98 24 54
4.083947 159 98 24 54
4.085947 159 98 24 54
4.087947 159 98 24 54
4.089947 159 98 24 54
4.091947 159 98 24 54
4.093947 159 98 24 54
4.095947 159 98 24 54
4.097947 159 98 24 54
4.099947 159 98 24 54
4.101947 159 98 24 54
4.103947 159 98 24 54
4.105947 159 98 24 54
4.107947 159 98 24 54
4.109947 159 98 24 54
4.111947 159 98 24 54
4.113947 159 98 24 54
4.115947 158 98 24 54
4.117947 158 98 24 54
4.119947 158 98 24 54
4.121947 158 98 24 54
4.123947 158 98 24 54
4.125947 158 98 24 54
4.127947 158 98 24 54
4.129947 158 98 24 54
4.131947 158 98 24 54
4.133947 158 98 24 54
4.135947 158 98 24 54
4.137947 158 98 24 54
4.139947 158 98 24 54
4.141947 158 98 24 54
4.143947 158 98 24 54
4.145947 158 98 24 54
4.147947 158 98 24 54
4.149947 158 98 24 54
4.151947 158 98 24 54
4.153947 158 98 23 54
4.155947 158 98 23 54
4.157947 158 98 23 54
4.159947 158 98 23 54
4.161947 158 98 23 54
4.163947 158 98 23 54
4.165947 158 98 23 54
4.167947 158 98 23 54
4.169947 158 98 23 54
4.171947 158 98 23 54
4.173947 158 98 23 54
4.175947 158 98 23 54
4.177947 158 98 23 54
4.179947 158 98 23 54
4.181947 158 98 23 54
4.183947 158 98 23 54
4.185947 158 98 23 54
4.187947 158 98 23 54
4.189947 157 97 22 55
4.191947 157 97 22 55
4.193947 157 97 22 55
4.195947 157 97 22 55
4.197947 157 97 22 55
4.199947 157 97 22 55
4.201947 157 97 22 55
4.203947 157 97 22 55
4.205947 157 97 22 55
4.207947 157 97 22 55
4.209947 157 97 22 55
4.211947 157 97 22 55
4.213947 157 97 22 55
4.215947 157 97 22 55
4.217947 157 97 22 55
4.219947 157 97 22 55
4.221947 157 97 22 55
4.223947 157 97 22 55
4.225947 157 97 21 55
4.227947 157 97 21 55
4.229947 157 97 21 55
4.231947 157 97 21 55
4.233947 157 97 21 55
4.235947 157 97 21 55
4.237947 157 97 21 55
4.239947 157 97 21 55
4.241947 157 97 21 55
4.243947 157 97 21 55
4.245947 157 97 21 55
4.247947 157 97 21 55
4.249947 157 97 21 55
4.251947 157 97 21 55
4.253947 157 97 21 55
4.255947 157 97 21 55
4.257947 157 97 21 55
4.259947 157 97 21 55
4.261947 156 97 21 54
4.263947 156 97 21 54
4.265947 156 97 21 54
4.267947 156 97 21 54
4.269947 156 97 21 54
4.271947 156 97 21 54
4.273947 156 97 21 54
4.275947 156 97 21 54
4.277947 156 97 21 54
4.279947 156 97 21 54
4.281947 156 97 21 54
4.283947 156 97 21 54
4.285947 155 97 21 54
4.287947 155 97 21 54
4.289947 155 97 21 54
4.291947 155 97 21 54
4.293947 155 97 21 54
4.295947 155 97 21 54
4.297947 155 98 21 53
4.299947 155 98 21 53
4.301947 155 98 21 53
4.303947 155 98 21 53
4.305947 155 98 21 53
4.307947 155 98 21 53
4.309947 155 98 21 53
4.311947 154 98 21 53
4.313947 154 98 21 53
4.315947 154 98 21 53
4.317947 154 98 21 53
4.319947 154 98 21 53
4.321947 154 98 21 53
4.323947 154 98 21 53
4.325947 154 98 21 53
4.327947 154 98 21 53
4.329947 154 98 21 53
4.331947 154 98 21 53
4.333947 154 98 21 53
4.335947 153 99 21 52
4.337947 153 99 21 52
4.339947 153 99 21 52
4.341947 153 99 21 52
4.343947 153 99 21 52
4.345947 153 99 21 52
4.347947 153 99 21 52
4.349947 153 99 21 52
4.351947 153 99 21 52
4.353947 153 99 21 52
4.355947 153 99 21 52
4.357947 153 99 21 52
4.359947 153 99 21 52
4.361947 153 99 21 52
4.363947 153 99 21 52
4.365947 153 99 21 52
4.367947 153 99 21 52
4.369947 153 99 21 52
4.371947 152 99 21 52
4.373947 152 99 21 52
4.375947 152 99 21 52
4.377947 152 99 21 52
4.379947 152 99 21 52
4.381947 152 99 21 52
4.383947 152 99 21 52
4.385947 152 99 21 52
4.387947 152 99 21 52
4.389947 152 99 21 52
4.391947 152 99 21 52
4.393947 152 99 21 52
4.395947 152 99 21 52
4.397947 152 99 21 52
4.399947 152 99 21 52
4.401947 152 99 21 52
4.403947 152 99 21 52
4.405947 152 99 21 52
4.407947 151 100 21 52
4.409947 151 100 21 52
4.411947 151 100 21 52
4.413947 151 100 21 52
4.415947 151 100 21 52
4.417947 151 100 21 52
4.419947 151 100 21 52
4.421947 151 100 21 52
4.423947 151 100 21 52
4.425947 150 100 21 52
4.427947 150 100 21 52
4.429947 150 100 21 52
4.431947 150 100 21 52
4.433947 150 100 21 52
4.435947 150 100 21 52
4.437947 150 100 21 52
4.439947 150 100 21 52
4.441947 150 100 21 52
4.443947 149 100 21 52
4.445947 149 100 21 52
4.447947 149 100 21 52
4.449947 149 100 21 52
4.451947 149 100 21 52
4.453947 149 100 21 52
4.455947 149 100 21 52
4.457947 149 100 21 52
4.459947 149 100 21 52
4.461947 149 100 21 52
4.463947 148 100 21 52
4.465947 148 100 21 52
4.467947 148 100 21 52
4.469947 148 100 21 52
4.471947 148 100 21 52
4.473947 148 100 21 52
4.475947 148 100 21 52
4.477947 148 100 21 52
4.479947 148 100 21 52
4.481947 147 101 21 51
4.483947 147 101 21 51
4.485947 147 101 21 51
4.487947 147 101 21 51
4.489947 147 101 21 51
4.491947 147 101 21 51
4.493947 147 101 21 51
4.495947 147 101 21 51
4.497947 147 101 21 51
4.499947 147 101 21 51
4.501947 147 101 21 51
4.503947 147 101 21 51
4.505947 146 101 22 51
4.507947 146 101 22 51
4.509947 146 101 22 51
4.511947 146 101 22 51
4.513947 146 101 22 51
4.515947 146 101 22 51
4.517947 146 101 22 51
4.519947 146 101 22 51
4.521947 146 101 22 51
4.523947 146 101 22 51
4.525947 146 101 22 51
4.527947 146 101 22 51
4.529947 145 101 23 51
4.531947 145 101 23 51
4.533947 145 101 23 51
4.535947 145 101 23 51
4.537947 145 101 23 51
4.539947 145 101 23 51
4.541947 145 101 23 51
4.543947 145 101 23 51
4.545947 145 101 23 51
4.547947 145 101 23 51
4.549947 145 101 23 51
4.551947 145 101 23 51
4.553947 144 100 24 51
4.555947 144 100 24 51
4.557947 144 100 24 51
4.559947 144 100 24 51
4.561947 144 100 24 51
4.563947 144 100 24 51
4.565947 144 100 24 51
4.567947 144 100 24 51
4.569947 144 100 24 51
4.571947 144 100 24 51
4.573947 144 100 24 51
4.575947 144 100 24 51
4.577947 144 100 24 51
4.579947 144 100 24 51
4.581947 144 100 24 51
4.583947 144 100 24 51
4.585947 144 100 24 51
4.587947 144 100 24 51
4.589947 143 100 24 51
4.591947 143 100 24 51
4.593947 143 100 24 51
4.595947 143 100 24 51
4.597947 143 100 24 51
4.599947 143 100 24 51
4.601947 143 100 24 51
4.603947 143 100 24 51
4.605947 143 100 24 51
4.607947 143 100 24 51
4.609947 143 100 24 51
4.611947 143 100 24 51
4.613947 143 100 24 51
4.615947 143 100 24 51
4.617947 143 100 24 51
4.619947 143 100 24 51
4.621947 143 100 24 51
4.623947 143 100 24 51
4.625947 143 100 24 51
4.627947 142 100 25 52
4.629947 142 100 25 52
4.631947 142 100 25 52
4.633947 142 100 25 52
4.635947 142 100 25 52
4.637947 142 100 25 52
4.639947 142 100 25 52
4.641947 142 100 25 52
4.643947 142 100 25 52
4.645947 142 100 25 52
4.647947 142 100 25 52
4.649947 142 100 25 52
4.651947 142 100 25 52
4.653947 142 100 25 52
4.655947 142 100 25 52
4.657947 142 100 25 52
4.659947 142 100 25 52
4.661947 142 100 25 52
4.663947 142 100 25 52
4.665947 142 100 25 52
4.667947 142 100 25 52
4.669947 142 100 25 52
4.671947 142 100 25 52
4.673947 142 100 25 52
4.675947 142 100 25 52
4.677947 142 100 25 52
4.679947 142 100 25 52
4.681947 142 100 25 52
4.683947 142 100 25 52
4.685947 142 100 25 52
4.687947 142 100 25 52
4.689947 142 100 25 52
4.691947 142 100 25 52
4.693947 142 100 25 52
4.695947 142 100 25 52
4.697947 142 100 25 52
4.699947 142 100 24 51
4.701947 142 100 24 51
4.703947 142 100 24 51
4.705947 142 100 24 51
4.707947 142 100 24 51
4.709947 142 100 24 51
4.711947 142 100 24 51
4.713947 142 100 23 51
4.715947 142 100 23 51
4.717947 142 100 23 51
4.719947 142 100 23 51
4.721947 142 100 23 51
4.723947 142 100 23 51
4.725947 142 100 23 51
4.727947 142 100 23 51
4.729947 142 100 22 51
4.731947 142 100 22 51
4.733947 142 100 22 51
4.735947 142 100 22 51
4.737947 142 100 22 51
4.739947 142 100 22 51
4.741947 142 100 22 51
4.743947 142 100 21 51
4.745947 142 100 21 51
4.747947 142 100 21 51
4.749947 142 100 21 51
4.751947 142 100 21 51
4.753947 142 100 21 51
4.755947 142 100 21 51
4.757947 142 100 20 51
4.759947 142 100 20 51
4.761947 142 100 20 51
4.763947 142 100 20 51
4.765947 142 100 20 51
4.767947 142 100 20 51
4.769947 142 100 20 51
4.771947 142 100 20 51
4.773947 141 100 19 51
4.775947 141 100 19 51
4.777947 141 100 19 51
4.779947 141 100 19 51
4.781947 141 100 19 51
4.783947 141 100 19 51
4.785947 141 100 19 51
4.787947 141 100 19 51
4.789947 141 100 19 51
4.791947 141 100 18 51
4.793947 141 100 18 51
4.795947 141 100 18 51
4.797947 140 100 18 51
4.799947 140 100 18 51
4.801947 140 100 18 51
4.803947 140 100 18 51
4.805947 140 100 18 51
4.807947 140 100 18 51
4.809947 140 100 17 51
4.811947 140 100 17 51
4.813947 140 100 17 51
4.815947 140 100 17 51
4.817947 140 100 17 51
4.819947 140 100 17 51
4.821947 139 100 17 51
4.823947 139 100 17 51
4.825947 139 100 17 51
4.827947 139 100 16 51
4.829947 139 100 16 51
4.831947 139 100 16 51
4.833947 139 100 16 51
4.835947 139 100 16 51
4.837947 139 100 16 51
4.839947 139 100 16 51
4.841947 139 100 16 51
4.843947 139 100 16 51
4.845947 138 100 16 51
4.847947 138 100 16 51
4.849947 138 100 16 51
4.851947 138 100 16 51
4.853947 138 100 16 51
4.855947 138 100 16 51
4.857947 138 100 16 51
4.859947 138 100 16 51
4.861947 138 100 16 51
4.863947 138 100 16 51
4.865947 138 100 16 51
4.867947 138 100 16 51
4.869947 137 100 16 51
4.871947 137 100 16 51
4.873947 137 100 16 51
4.875947 137 100 16 51
4.877947 137 100 16 51
4.879947 137 100 16 51
4.881947 137 100 16 51
4.883947 137 100 16 51
4.885947 137 100 16 51
4.887947 137 100 16 51
4.889947 137 100 16 51
4.891947 137 100 16 51
4.893947 136 100 16 51
4.895947 136 100 16 51
4.897947 136 100 16 51
4.899947 136 100 16 51
4.901947 136 100 16 51
4.903947 136 100 16 51
4.905947 136 100 16 51
4.907947 136 100 16 51
4.909947 136 100 16 51
4.911947 136 100 16 51
4.913947 136 100 16 51
4.915947 136 100 16 51
4.917947 136 100 16 51
4.919947 135 100 17 51
4.921947 135 100 17 51
4.923947 135 100 17 51
4.925947 135 100 17 51
4.927947 135 100 17 51
4.929947 135 100 17 51
4.931947 135 100 17 51
4.933947 135 100 17 51
4.935947 135 100 17 51
4.937947 135 100 17 51
4.939947 135 100 17 51
4.941947 135 100 17 51
4.943947 134 100 17 52
4.945947 134 100 17 52
4.947947 134 100 17 52
4.949947 134 100 17 52
4.951947 134 100 17 52
4.953947 134 100 17 52
4.955947 134 100 18 52
4.957947 134 100 18 52
4.959947 134 100 18 52
4.961947 134 100 18 52
4.963947 134 100 18 52
4.965947 134 100 18 52
4.967947 133 100 18 53
4.969947 133 100 18 53
4.971947 133 100 18 53
4.973947 133 100 18 53
4.975947 133 100 18 53
4.977947 133 100 18 53
4.979947 133 100 18 53
4.981947 133 100 18 53
4.983947 133 100 18 53
4.985947 133 100 18 53
4.987947 133 100 18 53
4.989947 133 100 18 53
4.991947 132 100 19 53
4.993947 132 100 19 53
4.995947 132 100 19 53
4.997947 132 100 19 53
4.999947 132 100 19 53
5.001947 132 100 19 53
5.003947 131 100 19 53
5.005947 131 100 20 53
5.007947 131 100 20 53
5.009947 131 100 20 53
5.011947 131 100 20 53
5.013947 131 100 20 53
5.015947 130 100 20 52
5.017947 130 100 20 52
5.019947 130 100 20 52
5.021947 130 100 21 52
5.023947 130 100 21 52
5.025947 130 100 21 52
5.027947 129 101 21 52
5.029947 129 101 21 52
5.031947 129 101 21 52
5.033947 129 101 21 52
5.035947 129 101 22 52
5.037947 129 101 22 52
5.039947 128 101 22 51
5.041947 128 101 22 51
5.043947 128 101 22 51
5.045947 128 101 22 51
5.047947 128 101 22 51
5.049947 128 101 23 51
5.051947 127 101 23 51
5.053947 127 101 23 51
5.055947 127 101 23 51
5.057947 127 101 23 51
5.059947 127 101 23 51
5.061947 127 101 23 51
5.063947 126 102 24 51
5.065947 126 102 24 51
5.067947 126 102 24 51
5.069947 126 102 24 51
5.071947 126 102 24 51
5.073947 126 102 24 51
5.075947 126 102 24 51
5.077947 126 102 24 51
5.079947 126 102 24 51
5.081947 126 102 24 51
5.083947 126 102 24 51
5.085947 126 102 24 51
5.087947 126 102 24 51
5.089947 126 102 24 51
5.091947 126 102 24 51
5.093947 126 102 24 51
5.095947 126 102 24 51
5.097947 126 102 24 51
5.099947 126 102 24 51
5.101947 125 102 24 51
5.103947 125 102 24 51
5.105947 125 102 24 51
5.107947 125 102 24 51
5.109947 125 102 24 51
5.111947 125 102 24 51
5.113947 125 102 24 51
5.115947 125 102 24 51
5.117947 125 102 24 51
5.119947 125 102 24 51
5.121947 125 102 24 51
5.123947 125 102 24 51
5.125947 125 102 24 51
5.127947 125 102 24 51
5.129947 125 102 24 51
5.131947 125 102 24 51
5.133947 125 102 24 51
5.135947 125 102 24 51
5.137947 124 102 24 52
5.139947 124 102 24 52
5.141947 124 102 24 52
5.143947 124 102 24 52
5.145947 124 102 24 52
5.147947 124 102 24 52
5.149947 124 102 24 52
5.151947 124 102 24 52
5.153947 124 102 24 52
5.155947 124 102 24 52
5.157947 124 102 24 52
5.159947 124 102 24 52
5.161947 124 102 24 52
5.163947 124 102 24 52
5.165947 124 102 24 52
5.167947 124 102 24 52
5.169947 124 102 24 52
5.171947 124 102 24 52
5.173947 124 102 24 53
5.175947 124 102 24 53
5.177947 124 102 24 53
5.179947 124 102 24 53
5.181947 124 102 24 53
5.183947 124 102 24 53
5.185947 124 102 24 53
5.187947 124 102 24 53
5.189947 124 102 24 53
5.191947 124 102 24 53
5.193947 124 102 24 53
5.195947 124 102 24 53
5.197947 124 102 24 53
5.199947 124 102 24 53
5.201947 124 102 24 53
5.203947 124 102 24 53
5.205947 124 102 24 53
5.207947 124 102 24 53
5.209947 123 101 23 53
5.211947 123 101 23 53
5.213947 123 101 23 53
5.215947 123 101 23 53
5.217947 123 101 23 53
5.219947 123 101 23 53
5.221947 123 101 23 53
5.223947 123 101 23 53
5.225947 123 101 23 53
5.227947 123 101 23 53
5.229947 123 101 23 53
5.231947 123 101 23 53
5.233947 123 101 23 53
5.235947 123 101 23 53
5.237947 123 101 23 53
5.239947 123 101 23 53
5.241947 123 101 23 53
5.243947 123 101 23 53
5.245947 123 101 23 53
5.247947 122 101 22 52
5.249947 122 101 22 52
5.251947 122 101 22 52
5.253947 122 101 22 52
5.255947 122 101 22 52
5.257947 122 101 22 52
5.259947 122 101 22 52
5.261947 122 101 22 52
5.263947 122 101 22 52
5.265947 122 101 22 52
5.267947 122 101 22 52
5.269947 122 101 22 52
5.271947 122 101 22 52
5.273947 122 101 22 52
5.275947 122 101 22 52
5.277947 122 101 22 52
5.279947 122 101 22 52
5.281947 122 101 22 52
5.283947 121 101 21 52
5.285947 121 101 21 52
5.287947 121 101 21 52
5.289947 121 101 21 52
5.291947 121 101 21 52
5.293947 121 101 21 52
5.295947 121 101 21 52
5.297947 121 101 21 52
5.299947 121 101 21 52
5.301947 121 101 21 52
5.303947 121 101 21 52
5.305947 121 101 21 52
5.307947 121 101 21 52
5.309947 121 101 21 52
5.311947 121 101 21 52
5.313947 121 101 21 52
5.315947 121 101 21 52
5.317947 121 101 21 52
5.319947 120 101 20 52
5.321947 120 101 20 52
5.323947 120 101 20 52
5.325947 120 101 20 52
5.327947 120 101 20 52
5.329947 120 101 20 52
5.331947 120 101 20 52
5.333947 120 101 20 52
5.335947 120 101 20 52
5.337947 120 101 20 52
5.339947 120 101 20 52
5.341947 120 101 20 52
5.343947 120 101 20 52
5.345947 120 101 20 52
5.347947 120 101 20 52
5.349947 120 101 20 52
5.351947 120 101 20 52
5.353947 120 101 20 52
5.355947 119 101 19 51
5.357947 119 101 19 51
5.359947 119 101 19 51
5.361947 119 101 19 51
5.363947 119 101 19 51
5.365947 119 101 19 51
5.367947 119 101 19 51
5.369947 119 101 19 51
5.371947 119 101 19 51
5.373947 119 101 19 51
5.375947 119 101 19 51
5.377947 119 101 19 51
5.379947 119 101 19 51
5.381947 118 101 19 51
5.383947 118 101 19 51
5.385947 118 101 19 51
5.387947 118 101 19 51
5.389947 118 101 19 51
5.391947 118 101 19 51
5.393947 118 101 19 51
5.395947 118 101 19 51
5.397947 118 101 19 51
5.399947 118 101 19 51
5.401947 118 101 19 51
5.403947 118 101 19 51
5.405947 117 101 19 51
5.407947 117 101 19 51
5.409947 117 101 19 51
5.411947 117 101 19 51
5.413947 117 101 19 51
5.415947 117 101 19 51
5.417947 117 101 19 51
5.419947 117 101 19 51
5.421947 117 101 19 51
5.423947 117 101 19 51
5.425947 117 101 19 51
5.427947 117 101 19 51
5.429947 116 102 19 51
5.431947 116 102 19 51
5.433947 116 102 19 51
5.435947 116 102 19 51
5.437947 116 102 19 51
5.439947 116 102 19 51
5.441947 116 102 19 51
5.443947 116 102 19 51
5.445947 116 102 19 51
5.447947 116 102 19 51
5.449947 116 102 19 51
5.451947 116 102 19 51
5.453947 115 102 20 51
5.455947 115 102 20 51
5.457947 115 102 20 51
5.459947 115 102 20 51
5.461947 115 102 20 51
5.463947 115 102 20 51
5.465947 115 102 20 51
5.467947 115 102 20 51
5.469947 115 102 20 51
5.471947 115 102 20 51
5.473947 115 102 20 51
5.475947 115 102 20 51
5.477947 114 102 21 51
5.479947 114 102 21 51
5.481947 114 102 21 51
5.483947 114 102 21 51
5.485947 114 102 21 51
5.487947 114 102 21 51
5.489947 114 102 21 51
5.491947 114 102 21 51
5.493947 114 102 21 51
5.495947 114 102 21 51
5.497947 114 102 21 51
5.499947 114 102 21 51
5.501947 113 102 22 51
5.503947 113 102 22 51
5.505947 113 102 22 51
5.507947 113 102 22 51
5.509947 113 102 22 51
5.511947 113 102 22 51
5.513947 113 102 22 51
5.515947 113 102 22 51
5.517947 113 102 22 51
5.519947 113 102 22 51
5.521947 113 102 22 51
5.523947 113 102 22 51
5.525947 113 102 22 51
5.527947 113 102 22 51
5.529947 113 102 22 51
5.531947 113 102 22 51
5.533947 113 102 22 51
5.535947 113 102 22 51
5.537947 113 102 22 51
5.539947 112 102 22 51
5.541947 112 102 22 51
5.543947 112 102 22 51
5.545947 112 102 22 51
5.547947 112 102 22 51
5.549947 112 102 22 51
5.551947 112 102 22 51
5.553947 112 102 22 51
5.555947 112 102 22 51
5.557947 112 102 22 51
5.559947 112 102 22 51
5.561947 112 102 22 51
5.563947 112 102 22 51
5.565947 112 102 22 51
5.567947 112 102 22 51
5.569947 112 102 22 51
5.571947 112 102 22 51
5.573947 112 102 22 51
5.575947 111 102 22 50
5.577947 111 102 22 50
5.579947 111 102 22 50
5.581947 111 102 22 50
5.583947 111 102 22 50
5.585947 111 102 22 50
5.587947 111 102 22 50
5.589947 111 102 22 50
5.591947 111 102 22 50
5.593947 111 102 22 50
5.595947 111 102 22 50
5.597947 111 102 22 50
5.599947 111 102 22 50
5.601947 111 102 22 50
5.603947 111 102 22 50
5.605947 111 102 22 50
5.607947 111 102 22 50
5.609947 111 102 22 50
5.611947 111 102 23 50
5.613947 111 102 23 50
5.615947 111 102 23 50
5.617947 111 102 23 50
5.619947 111 102 23 50
5.621947 111 102 23 50
5.623947 111 102 23 50
5.625947 111 102 23 50
5.627947 111 102 23 50
5.629947 111 102 23 50
5.631947 111 102 23 50
5.633947 111 102 23 50
5.635947 111 102 23 50
5.637947 111 102 23 50
5.639947 111 102 23 50
5.641947 111 102 23 50
5.643947 111 102 23 50
5.645947 111 102 23 50
5.647947 110 103 24 49
5.649947 110 103 24 49
5.651947 110 103 24 49
5.653947 110 103 24 49
5.655947 110 103 24 49
5.657947 110 103 24 49
5.659947 110 103 24 49
5.661947 110 103 24 49
5.663947 110 103 24 49
5.665947 109 103 24 49
5.667947 109 103 24 49
5.669947 109 103 24 49
5.671947 109 103 24 49
5.673947 109 103 24 49
5.675947 109 103 24 49
5.677947 109 103 24 49
5.679947 109 103 24 49
5.681947 109 103 24 49
5.683947 109 103 24 49
5.685947 108 103 24 48
5.687947 108 103 24 48
5.689947 108 103 24 48
5.691947 108 103 24 48
5.693947 108 103 24 48
5.695947 108 103 24 48
5.697947 108 103 24 48
5.699947 108 103 24 48
5.701947 108 103 24 48
5.703947 107 103 24 48
5.705947 107 103 24 48
5.707947 107 103 24 48
5.709947 107 103 24 48
5.711947 107 103 24 48
5.713947 107 103 24 48
5.715947 107 103 24 48
5.717947 107 103 24 48
5.719947 107 103 24 48
5.721947 106 103 24 48
5.723947 106 103 24 48
5.725947 106 103 24 48
5.727947 106 103 24 48
5.729947 106 103 24 48
5.731947 106 103 24 48
5.733947 106 103 24 48
5.735947 106 103 24 48
5.737947 106 103 24 48
5.739947 106 103 24 48
5.741947 106 103 24 48
5.743947 106 103 24 48
5.745947 106 103 23 48
5.747947 106 103 23 48
5.749947 106 103 23 48
5.751947 106 103 23 48
5.753947 106 103 23 48
5.755947 106 103 23 48
5.757947 106 102 23 49
5.759947 106 102 23 49
5.761947 106 102 23 49
5.763947 106 102 23 49
5.765947 106 102 23 49
5.767947 106 102 23 49
5.769947 106 102 22 49
5.771947 106 102 22 49
5.773947 106 102 22 49
5.775947 106 102 22 49
5.777947 106 102 22 49
5.779947 106 102 22 49
5.781947 106 102 22 49
5.783947 106 102 22 49
5.785947 106 102 22 49
5.787947 106 102 22 49
5.789947 106 102 22 49
5.791947 106 102 22 49
5.793947 105 102 21 50
5.795947 105 102 21 50
5.797947 105 102 21 50
5.799947 105 102 21 50
5.801947 105 102 21 50
5.803947 105 102 21 50
5.805947 105 102 21 50
5.807947 105 102 21 50
5.809947 105 102 21 50
5.811947 105 102 21 50
5.813947 105 102 21 50
5.815947 105 102 21 50
5.817947 105 102 21 50
5.819947 105 102 21 50
5.821947 105 102 21 50
5.823947 105 102 21 50
5.825947 105 102 21 50
5.827947 105 102 21 50
5.829947 105 102 21 50
5.831947 104 102 21 50
5.833947 104 102 21 50
5.835947 104 102 21 50
5.837947 104 102 21 50
5.839947 104 102 21 50
5.841947 104 102 21 50
5.843947 104 102 21 50
5.845947 104 102 21 50
5.847947 104 102 21 50
5.849947 104 102 21 50
5.851947 104 102 21 50
5.853947 104 102 21 50
5.855947 104 102 21 50
5.857947 104 102 21 50
5.859947 104 102 21 50
5.861947 104 102 21 50
5.863947 104 102 21 50
5.865947 104 102 21 50
5.867947 103 102 20 51
5.869947 103 102 20 51
5.871947 103 102 20 51
5.873947 103 102 20 51
5.875947 103 102 20 51
5.877947 103 102 20 51
5.879947 103 102 20 51
5.881947 103 102 20 51
5.883947 103 102 20 51
5.885947 103 102 20 51
5.887947 103 102 20 51
5.889947 103 102 20 51
5.891947 103 102 20 51
5.893947 103 102 20 51
5.895947 103 102 20 51
5.897947 103 102 20 51
5.899947 103 102 20 51
5.901947 103 102 20 51
5.903947 102 102 20 51
5.905947 102 102 20 51
5.907947 102 102 20 51
5.909947 102 102 20 51
5.911947 102 102 20 51
5.913947 102 102 20 51
5.915947 102 102 20 51
5.917947 102 102 20 51
5.919947 102 102 20 51
5.921947 102 102 20 51
5.923947 102 102 20 51
5.925947 102 102 20 51
5.927947 102 102 20 51
5.929947 102 102 20 51
5.931947 102 102 20 51
5.933947 102 102 20 51
5.935947 102 102 20 51
5.937947 102 102 20 51
5.939947 101 102 20 51
5.941947 101 102 20 51
5.943947 101 102 20 51
5.945947 101 102 20 51
5.947947 101 102 20 51
5.949947 101 102 20 51
5.951947 101 102 20 51
5.953947 101 102 20 51
5.955947 101 102 20 51
5.957947 101 102 20 51
5.959947 101 102 20 51
5.961947 101 102 20 51
5.963947 100 102 20 51
5.965947 100 102 20 51
5.967947 100 102 20 51
5.969947 100 102 20 51
5.971947 100 102 20 51
5.973947 100 102 20 51
5.975947 100 102 20 51
5.977947 100 102 20 51
5.979947 100 102 20 51
5.981947 100 102 20 51
5.983947 100 102 20 51
5.985947 100 102 20 51
5.987947 100 102 20 51
5.989947 99 102 20 51
5.991947 99 102 20 51
5.993947 99 102 20 51
5.995947 99 102 20 51
5.997947 99 102 20 51
5.999947 99 102 20 51
6.001947 99 102 20 51
6.003947 99 102 20 51
6.005947 99 102 20 51
6.007947 99 102 20 51
6.009947 99 102 20 51
6.011947 99 102 20 51
6.013947 98 102 20 50
6.015947 98 102 20 50
6.017947 98 102 20 50
6.019947 98 102 20 50
6.021947 98 102 20 50
6.023947 98 102 20 50
6.025947 97 102 20 50
6.027947 97 102 21 50
6.029947 97 102 21 50
6.031947 97 102 21 50
6.033947 97 102 21 50
6.035947 97 102 21 50
6.037947 96 102 21 50
6.039947 96 102 21 50
6.041947 96 102 22 50
6.043947 96 102 22 50
6.045947 96 102 22 50
6.047947 96 102 22 50
6.049947 95 102 22 50
6.051947 95 102 22 50
6.053947 95 102 22 50
6.055947 95 102 22 50
6.057947 95 102 23 50
6.059947 95 102 23 50
6.061947 94 102 23 50
6.063947 94 102 23 50
6.065947 94 102 23 50
6.067947 94 102 23 50
6.069947 94 102 23 50
6.071947 94 102 24 50
6.073947 93 102 24 50
6.075947 93 102 24 50
6.077947 93 102 24 50
6.079947 93 102 24 50
6.081947 93 102 24 50
6.083947 93 102 24 50
6.085947 92 103 25 50
6.087947 92 103 25 50
6.089947 92 103 25 50
6.091947 92 103 25 50
6.093947 92 103 25 50
6.095947 92 103 25 50
6.097947 92 103 25 50
6.099947 92 103 25 50
6.101947 92 103 25 50
6.103947 92 103 25 50
6.105947 92 103 25 50
6.107947 92 103 25 50
6.109947 92 103 25 50
6.111947 92 103 25 50
6.113947 92 103 25 50
6.115947 92 103 25 50
6.117947 92 103 25 50
6.119947 92 103 25 50
6.121947 92 103 25 50
6.123947 92 103 25 50
6.125947 92 103 25 50
6.127947 92 103 25 50
6.129947 92 103 25 50
6.131947 92 103 25 50
6.133947 92 103 25 50
6.135947 92 103 25 50
6.137947 92 103 25 50
6.139947 92 103 25 50
6.141947 92 103 25 50
6.143947 92 103 25 50
6.145947 92 103 25 50
6.147947 92 103 25 50
6.149947 92 103 25 50
6.151947 92 103 25 50
6.153947 92 103 25 50
6.155947 92 103 25 50
6.157947 92 103 25 50
6.159947 92 103 26 50
6.161947 92 103 26 50
6.163947 92 103 26 50
6.165947 92 103 26 50
6.167947 92 103 26 50
6.169947 92 103 26 50
6.171947 92 103 26 50
6.173947 92 103 26 50
6.175947 92 103 26 50
6.177947 92 103 26 50
6.179947 92 103 26 50
6.181947 92 103 26 50
6.183947 92 103 26 50
6.185947 92 103 26 50
6.187947 92 103 26 50
6.189947 92 103 26 50
6.191947 92 103 26 50
6.193947 92 103 26 50
6.195947 92 103 26 50
6.197947 92 103 26 50
6.199947 92 103 26 50
6.201947 92 103 26 50
6.203947 92 103 26 50
6.205947 92 103 26 50
6.207947 92 103 26 50
6.209947 92 103 26 50
6.211947 92 103 26 50
6.213947 92 103 26 50
6.215947 92 103 26 50
6.217947 92 103 26 50
6.219947 92 103 26 50
6.221947 92 103 26 50
6.223947 92 103 26 50
6.225947 92 103 26 50
6.227947 92 103 26 50
6.229947 92 103 26 50
6.231947 91 102 26 51
6.233947 91 102 26 51
6.235947 91 102 26 51
6.237947 91 102 26 51
6.239947 91 102 26 51
6.241947 91 102 26 51
6.243947 91 102 26 51
6.245947 91 102 25 51
6.247947 91 102 25 51
6.249947 91 102 25 51
6.251947 91 102 25 51
6.253947 91 102 25 51
6.255947 90 102 25 51
6.257947 90 102 25 51
6.259947 90 102 25 51
6.261947 90 102 24 51
6.263947 90 102 24 51
6.265947 90 102 24 51
6.267947 90 102 24 51
6.269947 90 102 24 51
6.271947 90 102 24 51
6.273947 90 102 24 51
6.275947 90 102 23 51
6.277947 90 102 23 51
6.279947 89 102 23 51
6.281947 89 102 23 51
6.283947 89 102 23 51
6.285947 89 102 23 51
6.287947 89 102 23 51
6.289947 89 102 22 51
6.291947 89 102 22 51
6.293947 89 102 22 51
6.295947 89 102 22 51
6.297947 89 102 22 51
6.299947 89 102 22 51
6.301947 89 102 22 51
6.303947 89 102 22 51
6.305947 88 102 21 51
6.307947 88 102 21 51
6.309947 88 102 21 51
6.311947 88 102 21 51
6.313947 88 102 21 51
6.315947 88 102 21 51
6.317947 88 102 21 51
6.319947 88 102 21 51
6.321947 88 102 21 51
6.323947 88 102 21 51
6.325947 88 102 21 51
6.327947 88 102 21 51
6.329947 88 102 20 51
6.331947 88 102 20 51
6.333947 88 102 20 51
6.335947 88 102 20 51
6.337947 88 102 20 51
6.339947 88 102 20 51
6.341947 88 103 20 50
6.343947 88 103 20 50
6.345947 88 103 20 50
6.347947 88 103 20 50
6.349947 88 103 20 50
6.351947 88 103 20 50
6.353947 88 103 19 50
6.355947 88 103 19 50
6.357947 88 103 19 50
6.359947 88 103 19 50
6.361947 88 103 19 50
6.363947 88 103 19 50
6.365947 88 103 19 50
6.367947 88 103 19 50
6.369947 88 103 19 50
6.371947 88 103 19 50
6.373947 88 103 19 50
6.375947 88 103 19 50
6.377947 87 103 19 50
6.379947 87 103 19 50
6.381947 87 103 19 50
6.383947 87 103 19 50
6.385947 87 103 19 50
6.387947 87 103 19 50
6.389947 87 103 19 50
6.391947 86 103 19 50
6.393947 86 103 19 50
6.395947 86 103 19 50
6.397947 86 103 19 50
6.399947 86 103 19 50
6.401947 86 103 20 50
6.403947 86 103 20 50
6.405947 86 103 20 50
6.407947 85 103 20 50
6.409947 85 103 20 50
6.411947 85 103 20 50
6.413947 85 103 20 50
6.415947 85 103 20 50
6.417947 85 103 20 50
6.419947 85 103 20 50
6.421947 84 103 20 50
6.423947 84 103 20 50
6.425947 84 103 21 50
6.427947 84 103 21 50
6.429947 84 103 21 50
6.431947 84 103 21 50
6.433947 84 103 21 50
6.435947 83 103 21 50
6.437947 83 103 21 50
6.439947 83 103 21 50
6.441947 83 103 21 50
6.443947 83 103 21 50
6.445947 83 103 21 50
6.447947 83 103 21 50
6.449947 83 103 21 50
6.451947 82 103 22 50
6.453947 82 103 22 50
6.455947 82 103 22 50
6.457947 82 103 22 50
6.459947 82 103 22 50
6.461947 82 103 22 50
6.463947 82 103 22 50
6.465947 82 103 22 50
6.467947 82 103 22 50
6.469947 82 103 22 50
6.471947 82 103 22 50
6.473947 82 103 22 50
6.475947 82 103 22 50
6.477947 82 103 22 50
6.479947 82 103 22 50
6.481947 82 103 22 50
6.483947 82 103 22 50
6.485947 82 103 22 50
6.487947 81 103 22 50
6.489947 81 103 22 50
6.491947 81 103 22 50
6.493947 81 103 22 50
6.495947 81 103 22 50
6.497947 81 103 22 50
6.499947 81 103 22 50
6.501947 81 103 22 50
6.503947 81 103 22 50
6.505947 81 103 22 50
6.507947 81 103 22 50
6.509947 81 103 22 50
6.511947 81 103 22 50
6.513947 81 103 22 50
6.515947 81 103 22 50
6.517947 81 103 22 50
6.519947 81 103 22 50
6.521947 81 103 22 50
6.523947 80 104 21 49
6.525947 80 104 21 49
6.527947 80 104 21 49
6.529947 80 104 21 49
6.531947 80 104 21 49
6.533947 80 104 21 49
6.535947 80 104 21 49
6.537947 80 104 21 49
6.539947 80 104 21 49
6.541947 80 104 21 49
6.543947 80 104 21 49
6.545947 80 104 21 49
6.547947 80 104 21 49
6.549947 80 104 21 49
6.551947 80 104 21 49
6.553947 80 104 21 49
6.555947 80 104 21 49
6.557947 80 104 21 49
6.559947 80 104 21 49
6.561947 80 104 21 49
6.563947 80 104 21 49
6.565947 80 104 21 49
6.567947 80 104 21 49
6.569947 80 104 21 49
6.571947 80 104 21 49
6.573947 80 104 21 49
6.575947 80 104 21 49
6.577947 80 104 21 49
6.579947 80 104 21 49
6.581947 80 104 21 49
6.583947 80 104 21 49
6.585947 80 104 21 49
6.587947 80 104 21 49
6.589947 80 104 21 49
6.591947 80 104 21 49
6.593947 80 104 21 49
6.595947 80 104 21 49
6.597947 79 104 21 48
6.599947 79 104 21 48
6.601947 79 104 21 48
6.603947 79 104 21 48
6.605947 79 104 21 48
6.607947 79 104 21 48
6.609947 79 104 21 48
6.611947 79 104 21 48
6.613947 79 104 21 48
6.615947 79 104 21 48
6.617947 79 104 21 48
6.619947 79 104 21 48
6.621947 79 104 21 48
6.623947 79 104 21 48
6.625947 79 104 21 48
6.627947 79 104 21 48
6.629947 79 104 21 48
6.631947 79 104 21 48
6.633947 78 105 22 48
6.635947 78 105 22 48
6.637947 78 105 22 48
6.639947 78 105 22 48
6.641947 78 105 22 48
6.643947 78 105 22 48
6.645947 78 105 22 48
6.647947 78 105 22 48
6.649947 78 105 22 48
6.651947 78 105 22 48
6.653947 78 105 22 48
6.655947 78 105 22 48
6.657947 78 105 22 48
6.659947 78 105 22 48
6.661947 78 105 22 48
6.663947 78 105 22 48
6.665947 78 105 22 48
6.667947 78 105 22 48
6.669947 77 105 22 47
6.671947 77 105 22 47
6.673947 77 105 22 47
6.675947 77 105 22 47
6.677947 77 105 22 47
6.679947 77 105 22 47
6.681947 77 105 22 47
6.683947 77 105 21 47
6.685947 77 105 21 47
6.687947 77 105 21 47
6.689947 77 105 21 47
6.691947 77 105 21 47
6.693947 77 105 21 47
6.695947 77 105 21 47
6.697947 77 105 21 47
6.699947 77 105 20 47
6.701947 77 105 20 47
6.703947 77 105 20 47
6.705947 77 105 20 47
6.707947 77 105 20 47
6.709947 77 105 20 47
6.711947 77 105 20 47
6.713947 77 105 19 47
6.715947 77 105 19 47
6.717947 77 105 19 47
6.719947 77 105 19 47
6.721947 77 105 19 47
6.723947 77 105 19 47
6.725947 77 105 19 47
6.727947 77 105 18 47
6.729947 77 105 18 47
6.731947 77 105 18 47
6.733947 77 105 18 47
6.735947 77 105 18 47
6.737947 77 105 18 47
6.739947 77 105 18 47
6.741947 76 104 18 47
6.743947 76 104 18 47
6.745947 76 104 18 47
6.747947 76 104 18 47
6.749947 76 104 18 47
6.751947 76 104 18 47
6.753947 76 104 18 47
6.755947 76 104 18 47
6.757947 76 104 18 47
6.759947 76 104 18 47
6.761947 76 104 18 47
6.763947 76 104 18 47
6.765947 76 104 18 47
6.767947 75 104 18 47
6.769947 75 104 18 47
6.771947 75 104 18 47
6.773947 75 104 18 47
6.775947 75 104 18 47
6.777947 75 104 18 47
6.779947 75 104 18 47
6.781947 75 104 18 47
6.783947 75 104 18 47
6.785947 75 104 18 47
6.787947 75 104 18 47
6.789947 75 104 18 47
6.791947 74 104 18 47
6.793947 74 104 18 47
6.795947 74 104 18 47
6.797947 74 104 18 47
6.799947 74 104 18 47
6.801947 74 104 18 47
6.803947 74 104 18 47
6.805947 74 104 18 47
6.807947 74 104 18 47
6.809947 74 104 18 47
6.811947 74 104 18 47
6.813947 74 104 18 47
6.815947 73 104 17 47
6.817947 73 104 17 47
6.819947 73 104 17 47
6.821947 73 104 17 47
6.823947 73 104 17 47
6.825947 73 104 17 47
6.827947 73 104 17 47
6.829947 73 104 17 47
6.831947 73 104 17 47
6.833947 73 104 17 47
6.835947 73 104 17 47
6.837947 73 104 17 47
6.839947 73 104 17 47
6.841947 73 104 17 47
6.843947 73 104 17 47
6.845947 73 104 17 47
6.847947 73 104 17 47
6.849947 73 104 17 47
6.851947 73 104 17 47
6.853947 73 104 17 47
6.855947 73 104 17 47
6.857947 73 104 17 47
6.859947 73 104 17 47
6.861947 73 104 17 47
6.863947 73 104 17 47
6.865947 73 104 17 47
6.867947 73 104 17 47
6.869947 73 104 17 47
6.871947 73 104 17 47
6.873947 73 104 17 47
6.875947 73 104 17 47
6.877947 73 104 17 47
6.879947 73 104 17 47
6.881947 73 104 17 47
6.883947 73 104 17 47
6.885947 73 104 17 47
6.887947 72 104 17 47
6.889947 72 104 17 47
6.891947 72 104 17 47
6.893947 72 104 17 47
6.895947 72 104 17 47
6.897947 72 104 17 47
6.899947 72 104 17 47
6.901947 72 104 17 47
6.903947 72 104 17 47
6.905947 72 104 17 47
6.907947 72 104 17 47
6.909947 72 104 17 47
6.911947 72 104 17 47
6.913947 71 104 17 47
6.915947 71 104 17 47
6.917947 71 104 17 47
6.919947 71 104 17 47
6.921947 71 104 17 47
6.923947 71 104 17 47
6.925947 71 104 18 47
6.927947 71 104 18 47
6.929947 71 104 18 47
6.931947 71 104 18 47
6.933947 71 104 18 47
6.935947 71 104 18 47
6.937947 70 104 18 47
6.939947 70 104 18 47
6.941947 70 104 18 47
6.943947 70 104 18 47
6.945947 70 104 18 47
6.947947 70 104 18 47
6.949947 70 104 18 47
6.951947 70 104 18 47
6.953947 70 104 18 47
6.955947 70 104 18 47
6.957947 70 104 18 47
6.959947 70 104 18 47
6.961947 69 105 19 47
6.963947 69 105 19 47
6.965947 69 105 19 47
6.967947 69 105 19 47
6.969947 69 105 19 47
6.971947 69 105 19 47
6.973947 69 105 19 47
6.975947 69 105 19 47
6.977947 69 105 19 47
6.979947 69 105 19 47
6.981947 69 105 19 47
6.983947 69 105 19 47
6.985947 69 105 19 47
6.987947 69 105 19 47
6.989947 69 105 19 47
6.991947 69 105 19 47
6.993947 69 105 19 47
6.995947 69 105 19 47
6.997947 69 105 19 47
6.999947 69 105 19 47
7.001947 69 105 19 47
7.003947 69 105 19 47
7.005947 69 105 19 47
7.007947 69 105 19 47
7.009947 69 105 19 47
7.011947 69 105 19 47
7.013947 69 105 19 47
7.015947 69 105 19 47
7.017947 69 105 19 47
7.019947 69 105 19 47
7.021947 69 105 19 47
7.023947 69 105 19 47
7.025947 69 105 19 47
7.027947 69 105 19 47
7.029947 69 105 19 47
7.031947 69 105 19 47
7.033947 68 104 19 47
7.035947 68 104 19 47
7.037947 68 104 19 47
7.039947 68 104 19 47
7.041947 68 104 19 47
7.043947 68 104 19 47
7.045947 68 104 19 47
7.047947 68 104 19 47
7.049947 68 104 19 47
7.051947 68 104 19 47
7.053947 67 104 19 47
7.055947 67 104 19 47
7.057947 67 104 19 47
7.059947 67 104 19 47
7.061947 67 104 19 47
7.063947 67 104 19 47
7.065947 67 104 19 47
7.067947 67 104 19 47
7.069947 67 104 19 47
7.071947 66 104 20 48
7.073947 66 104 20 48
7.075947 66 104 20 48
7.077947 66 104 20 48
7.079947 66 104 20 48
7.081947 66 104 20 48
7.083947 66 104 20 48
7.085947 66 104 20 48
7.087947 66 104 20 48
7.089947 65 104 20 48
7.091947 65 104 20 48
7.093947 65 104 20 48
7.095947 65 104 20 48
7.097947 65 104 20 48
7.099947 65 104 20 48
7.101947 65 104 20 48
7.103947 65 104 20 48
7.105947 65 104 20 48
7.107947 64 104 21 48
7.109947 64 104 21 48
7.111947 64 104 21 48
7.113947 64 104 21 48
7.115947 64 104 21 48
7.117947 64 104 21 48
7.119947 64 104 21 48
7.121947 64 104 21 48
7.123947 64 104 21 48
7.125947 64 104 21 48
7.127947 64 104 21 48
7.129947 64 104 21 48
7.131947 64 104 21 48
7.133947 64 104 21 48
7.135947 64 104 21 48
7.137947 64 104 21 48
7.139947 64 104 21 48
7.141947 64 104 21 48
7.143947 63 104 21 48
7.145947 63 104 21 48
7.147947 63 104 21 48
7.149947 63 104 21 48
7.151947 63 104 21 48
7.153947 63 104 21 48
7.155947 63 104 21 48
7.157947 63 104 21 48
7.159947 63 104 21 48
7.161947 63 104 21 48
7.163947 63 104 21 48
7.165947 63 104 21 48
7.167947 63 104 21 48
7.169947 63 104 21 48
7.171947 63 104 21 48
7.173947 63 104 21 48
7.175947 63 104 21 48
7.177947 63 104 21 48
7.179947 62 105 21 48
7.181947 62 105 21 48
7.183947 62 105 21 48
7.185947 62 105 21 48
7.187947 62 105 21 48
7.189947 62 105 21 48
7.191947 62 105 21 48
7.193947 62 105 21 48
7.195947 62 105 21 48
7.197947 62 105 21 48
7.199947 62 105 21 48
7.201947 62 105 21 48
7.203947 62 105 21 48
7.205947 62 105 21 48
7.207947 62 105 21 48
7.209947 62 105 21 48
7.211947 62 105 21 48
7.213947 62 105 21 48
7.215947 62 105 21 48
7.217947 61 105 21 48
7.219947 61 105 21 48
7.221947 61 105 21 48
7.223947 61 105 21 48
7.225947 61 105 21 48
7.227947 61 105 21 48
7.229947 61 105 21 48
7.231947 61 105 21 48
7.233947 61 105 21 48
7.235947 61 105 21 48
7.237947 61 105 21 48
7.239947 61 105 21 48
7.241947 61 105 21 48
7.243947 61 105 21 48
7.245947 61 105 21 48
7.247947 61 105 21 48
7.249947 61 105 21 48
7.251947 61 105 21 48
7.253947 60 104 22 48
7.255947 60 104 22 48
7.257947 60 104 22 48
7.259947 60 104 22 48
7.261947 60 104 22 48
7.263947 60 104 22 48
7.265947 60 104 22 48
7.267947 60 104 22 48
7.269947 60 104 22 48
7.271947 60 104 22 48
7.273947 60 104 22 48
7.275947 60 104 22 48
7.277947 60 104 22 48
7.279947 60 104 22 48
7.281947 60 104 22 48
7.283947 60 104 22 48
7.285947 60 104 22 48
7.287947 60 104 22 48
7.289947 59 104 23 48
7.291947 59 104 23 48
7.293947 59 104 23 48
7.295947 59 104 23 48
7.297947 59 104 23 48
7.299947 59 104 23 48
7.301947 59 104 23 48
7.303947 59 104 23 48
7.305947 59 104 23 48
7.307947 59 104 23 48
7.309947 59 104 23 48
7.311947 59 104 23 48
7.313947 59 104 23 48
7.315947 59 104 23 48
7.317947 59 104 23 48
7.319947 59 104 23 48
7.321947 59 104 23 48
7.323947 59 104 23 48
7.325947 59 103 23 49
7.327947 59 103 23 49
7.329947 59 103 23 49
7.331947 59 103 23 49
7.333947 59 103 23 49
7.335947 59 103 22 49
7.337947 59 103 22 49
7.339947 59 103 22 49
7.341947 59 103 22 49
7.343947 59 103 21 49
7.345947 59 103 21 49
7.347947 59 103 21 49
7.349947 59 103 21 49
7.351947 59 103 21 49
7.353947 59 103 20 49
7.355947 59 103 20 49
7.357947 59 103 20 49
7.359947 59 103 20 49
7.361947 59 103 20 49
7.363947 59 103 19 49
7.365947 59 103 19 49
7.367947 59 103 19 49
7.369947 59 103 19 49
7.371947 59 103 18 49
7.373947 59 103 18 49
7.375947 59 103 18 49
7.377947 59 103 18 49
7.379947 59 103 18 49
7.381947 59 103 17 49
7.383947 59 103 17 49
7.385947 59 103 17 49
7.387947 59 103 17 49
7.389947 59 103 16 49
7.391947 59 103 16 49
7.393947 59 103 16 49
7.395947 59 103 16 49
7.397947 59 103 16 49
7.399947 59 103 16 49
7.401947 59 103 16 49
7.403947 59 103 16 49
7.405947 59 103 16 49
7.407947 59 103 16 49
7.409947 59 103 16 49
7.411947 59 103 16 49
7.413947 59 103 16 49
7.415947 59 103 16 49
7.417947 59 103 16 49
7.419947 59 103 16 49
7.421947 59 103 16 49
7.423947 59 103 16 49
7.425947 59 103 16 49
7.427947 59 103 16 49
7.429947 59 103 16 49
7.431947 59 103 16 49
7.433947 59 103 16 49
7.435947 58 104 16 49
7.437947 58 104 16 49
7.439947 58 104 16 49
7.441947 58 104 16 49
7.443947 58 104 16 49
7.445947 58 104 16 49
7.447947 58 104 16 49
7.449947 58 104 16 49
7.451947 58 104 16 49
7.453947 58 104 16 49
7.455947 58 104 16 49
7.457947 58 104 16 49
7.459947 58 104 16 49
7.461947 58 104 16 49
7.463947 58 104 16 49
7.465947 58 104 16 49
7.467947 58 104 16 49
7.469947 58 104 16 49
7.471947 58 105 17 49
7.473947 58 105 17 49
7.475947 58 105 17 49
7.477947 58 105 17 49
7.479947 58 105 17 49
7.481947 58 105 17 49
7.483947 58 105 17 49
7.485947 58 105 17 49
7.487947 58 105 17 49
7.489947 58 105 17 49
7.491947 58 105 17 49
7.493947 58 105 17 49
7.495947 58 105 17 49
7.497947 58 105 17 49
7.499947 58 105 17 49
7.501947 58 105 17 49
7.503947 58 105 17 49
7.505947 58 105 17 49
7.507947 58 105 17 49
7.509947 58 105 17 49
7.511947 58 105 17 49
7.513947 58 105 17 49
7.515947 58 105 17 49
7.517947 58 105 17 49
7.519947 58 105 17 49
7.521947 58 105 17 49
7.523947 58 105 17 49
7.525947 58 105 17 49
7.527947 58 105 17 49
7.529947 58 105 17 49
7.531947 58 105 17 49
7.533947 58 105 17 49
7.535947 58 105 17 49
7.537947 58 105 17 49
7.539947 58 105 17 49
7.541947 58 105 17 49
7.543947 58 105 17 49
7.545947 57 105 17 49
7.547947 57 105 17 49
7.549947 57 105 17 49
7.551947 57 105 17 49
7.553947 57 105 17 49
7.555947 57 105 17 49
7.557947 57 105 17 49
7.559947 57 105 17 49
7.561947 57 105 17 49
7.563947 57 105 17 49
7.565947 57 105 17 49
7.567947 57 105 17 49
7.569947 56 105 17 49
7.571947 56 105 17 49
7.573947 56 105 17 49
7.575947 56 105 17 49
7.577947 56 105 17 49
7.579947 56 105 17 49
7.581947 56 105 17 49
7.583947 56 105 17 49
7.585947 56 105 17 49
7.587947 56 105 17 49
7.589947 56 105 17 49
7.591947 56 105 17 49
7.593947 55 105 17 49
7.595947 55 105 17 49
7.597947 55 105 17 49
7.599947 55 105 17 49
7.601947 55 105 17 49
7.603947 55 105 17 49
7.605947 55 105 17 49
7.607947 55 105 17 49
7.609947 55 105 17 49
7.611947 55 105 17 49
7.613947 55 105 17 49
7.615947 55 105 17 49
7.617947 55 105 16 48
7.619947 55 105 16 48
7.621947 55 105 16 48
7.623947 55 105 16 48
7.625947 55 105 16 48
7.627947 55 105 16 48
7.629947 55 105 16 48
7.631947 55 105 16 48
7.633947 55 105 16 48
7.635947 55 105 16 48
7.637947 55 105 16 48
7.639947 55 105 16 48
7.641947 55 105 16 48
7.643947 55 105 16 48
7.645947 55 105 16 48
7.647947 55 105 16 48
7.649947 55 105 16 48
7.651947 55 105 16 48
7.653947 55 105 15 47
7.655947 55 105 15 47
7.657947 55 105 15 47
7.659947 55 105 15 47
7.661947 55 105 15 47
7.663947 55 105 15 47
7.665947 55 105 15 47
7.667947 55 105 15 47
7.669947 55 105 15 47
7.671947 55 105 15 47
7.673947 55 105 15 47
7.675947 55 105 15 47
7.677947 55 105 15 47
7.679947 55 105 15 47
7.681947 55 105 15 47
7.683947 55 105 15 47
7.685947 55 105 15 47
7.687947 55 105 15 47
7.689947 55 105 15 47
