0.019481 33 106 23 62
0.021481 33 105 22 62
0.023481 33 105 22 62
0.025481 33 105 22 62
0.027481 33 105 22 62
0.029481 33 105 22 62
0.031481 33 105 22 62
0.033481 33 105 22 62
0.035481 33 105 22 62
0.037481 33 105 22 62
0.039481 33 105 22 62
0.041481 33 105 22 62
0.043481 33 105 22 62
0.045481 33 105 22 62
0.047481 33 105 22 62
0.049481 33 105 22 62
0.051481 33 105 22 62
0.053481 33 105 22 62
0.055481 33 105 22 62
0.057481 33 105 22 62
0.059481 33 105 22 62
0.061481 33 105 22 62
0.063481 33 105 22 62
0.065481 33 105 22 62
0.067481 33 105 22 62
0.069481 33 105 22 62
0.071481 33 105 22 62
0.073481 33 105 22 62
0.075481 33 105 22 62
0.077481 33 105 22 62
0.079481 33 105 22 62
0.081481 33 105 22 62
0.083481 33 105 22 62
0.085481 33 105 22 62
0.087481 33 105 22 62
0.089481 33 105 22 62
0.091481 33 105 22 62
0.093481 33 105 22 62
0.095481 33 105 22 62
0.097481 33 105 22 62
0.099481 34 104 22 63
0.101481 34 104 22 63
0.103481 34 104 22 63
0.105481 34 104 22 63
0.107481 34 104 22 63
0.109481 34 104 22 63
0.111481 34 104 22 63
0.113481 34 104 22 63
0.115481 34 104 22 63
0.117481 34 104 22 63
0.119481 34 104 22 63
0.121481 34 104 22 63
0.123481 34 104 22 63
0.125481 34 104 22 64
0.127481 34 104 22 64
0.129481 34 104 22 64
0.131481 34 104 22 64
0.133481 34 104 22 64
0.135481 34 104 22 64
0.137481 34 103 22 64
0.139481 34 103 22 64
0.141481 34 103 22 64
0.143481 34 103 22 64
0.145481 34 103 22 64
0.147481 34 103 22 64
0.149481 34 103 22 64
0.151481 34 103 22 65
0.153481 34 103 22 65
0.155481 34 103 22 65
0.157481 34 103 22 65
0.159481 34 103 22 65
0.161481 34 103 22 65
0.163481 34 103 22 65
0.165481 34 103 22 65
0.167481 34 103 22 65
0.169481 34 103 22 65
0.171481 34 103 22 65
0.173481 34 103 22 65
0.175481 34 103 22 65
0.177481 35 103 22 66
0.179481 35 103 22 66
0.181481 35 103 22 66
0.183481 35 103 22 66
0.185481 35 103 22 66
0.187481 35 103 22 66
0.189481 35 103 22 66
0.191481 35 103 22 66
0.193481 35 103 22 66
0.195481 35 103 22 66
0.197481 35 103 22 66
0.199481 35 103 22 66
0.201481 35 103 22 66
0.203481 35 103 22 66
0.205481 35 103 22 66
0.207481 35 103 22 66
0.209481 35 103 22 66
0.211481 35 103 22 66
0.213481 35 103 22 66
0.215481 35 103 22 66
0.217481 35 103 22 66
0.219481 35 103 22 66
0.221481 35 103 22 66
0.223481 35 103 22 66
0.225481 35 103 22 66
0.227481 35 103 22 66
0.229481 35 103 22 66
0.231481 35 103 22 66
0.233481 35 103 22 66
0.235481 35 103 22 66
0.237481 35 103 22 66
0.239481 35 103 22 66
0.241481 35 103 22 66
0.243481 35 103 22 66
0.245481 35 103 22 66
0.247481 35 103 22 66
0.249481 35 103 22 66
0.251481 35 103 22 66
0.253481 35 103 22 66
0.255481 36 103 22 66
0.257481 36 103 22 66
0.259481 36 103 22 66
0.261481 36 103 22 66
0.263481 36 103 22 66
0.265481 36 103 22 66
0.267481 36 103 22 66
0.269481 36 103 22 66
0.271481 36 103 22 66
0.273481 36 103 22 66
0.275481 36 103 22 66
0.277481 36 103 22 66
0.279481 36 103 22 66
0.281481 36 103 22 66
0.283481 36 103 22 66
0.285481 36 103 22 66
0.287481 36 103 22 66
0.289481 36 103 22 66
0.291481 36 103 22 66
0.293481 36 103 22 66
0.295481 37 104 22 65
0.297481 37 104 22 65
0.299481 37 104 22 65
0.301481 37 104 22 65
0.303481 37 104 22 65
0.305481 37 104 22 65
0.307481 37 104 22 65
0.309481 37 104 22 65
0.311481 37 104 22 65
0.313481 37 104 22 65
0.315481 37 104 22 65
0.317481 37 104 22 65
0.319481 37 104 22 65
0.321481 37 104 22 65
0.323481 37 104 22 65
0.325481 37 104 22 65
0.327481 37 104 22 65
0.329481 37 104 22 65
0.331481 37 104 22 65
0.333481 38 104 22 65
0.335481 38 104 22 65
0.337481 38 104 22 65
0.339481 38 104 22 65
0.341481 38 104 22 65
0.343481 38 104 22 65
0.345481 38 104 22 65
0.347481 38 104 22 65
0.349481 38 104 22 65
0.351481 38 104 22 65
0.353481 38 104 22 65
0.355481 38 104 22 65
0.357481 38 104 22 65
0.359481 38 104 22 66
0.361481 38 104 22 66
0.363481 38 104 22 66
0.365481 38 104 22 66
0.367481 38 104 22 66
0.369481 38 104 22 66
0.371481 38 104 22 66
0.373481 38 103 22 66
0.375481 38 103 22 66
0.377481 38 103 22 66
0.379481 38 103 22 66
0.381481 38 103 22 66
0.383481 38 103 22 66
0.385481 38 103 22 67
0.387481 38 103 22 67
0.389481 38 103 22 67
0.391481 38 103 22 67
0.393481 38 103 22 67
0.395481 38 103 22 67
0.397481 38 103 22 67
0.399481 38 103 22 67
0.401481 38 103 22 67
0.403481 38 103 22 67
0.405481 38 103 22 67
0.407481 38 103 22 67
0.409481 38 103 22 67
0.411481 38 103 22 68
0.413481 38 103 22 68
0.415481 38 103 22 68
0.417481 38 103 22 68
0.419481 38 103 22 68
0.421481 38 103 22 68
0.423481 38 103 22 68
0.425481 38 103 22 68
0.427481 38 103 22 68
0.429481 38 103 22 68
0.431481 38 103 22 68
0.433481 38 103 22 68
0.435481 38 103 22 68
0.437481 38 103 22 68
0.439481 38 103 22 68
0.441481 38 103 22 68
0.443481 38 103 22 68
0.445481 38 103 22 68
0.447481 38 103 22 68
0.449481 38 103 22 68
0.451481 38 103 22 68
0.453481 38 103 22 68
0.455481 38 103 22 68
0.457481 38 103 22 68
0.459481 38 103 22 68
0.461481 38 103 22 68
0.463481 38 103 22 68
0.465481 38 103 22 68
0.467481 38 103 22 68
0.469481 38 103 22 68
0.471481 38 103 22 68
0.473481 38 103 22 68
0.475481 38 103 22 68
0.477481 38 103 22 68
0.479481 38 103 22 68
0.481481 38 103 22 68
0.483481 38 103 22 68
0.485481 38 103 22 68
0.487481 38 103 22 68
0.489481 38 103 22 68
0.491481 38 103 22 68
0.493481 38 103 22 68
0.495481 38 103 22 68
0.497481 38 103 22 68
0.499481 38 103 22 68
0.501481 38 103 22 68
0.503481 38 103 22 68
0.505481 38 103 22 68
0.507481 38 103 22 68
0.509481 38 103 22 68
0.511481 38 103 22 68
0.513481 38 103 22 68
0.515481 38 103 22 68
0.517481 38 103 22 68
0.519481 38 103 22 68
0.521481 38 103 22 68
0.523481 38 103 22 68
0.525481 38 103 22 68
0.527481 38 103 22 68
0.529481 38 103 22 68
0.531481 38 103 22 68
0.533481 38 103 22 68
0.535481 38 103 22 68
0.537481 38 103 22 68
0.539481 38 103 22 68
0.541481 38 103 22 68
0.543481 38 103 22 68
0.545481 38 103 22 68
0.547481 38 103 22 68
0.549481 38 103 22 68
0.551481 38 103 22 68
0.553481 38 103 22 68
0.555481 38 103 22 68
0.557481 38 103 22 68
0.559481 38 103 22 68
0.561481 38 103 22 68
0.563481 38 103 22 68
0.565481 38 103 22 68
0.567481 38 103 22 68
0.569481 39 102 22 68
0.571481 39 102 22 68
0.573481 39 102 22 68
0.575481 39 102 22 68
0.577481 39 102 22 68
0.579481 39 102 22 68
0.581481 39 102 22 68
0.583481 39 102 22 68
0.585481 39 102 22 68
0.587481 39 102 22 68
0.589481 39 102 22 68
0.591481 39 102 22 68
0.593481 39 102 22 68
0.595481 39 102 22 68
0.597481 39 102 22 68
0.599481 39 102 22 68
0.601481 39 102 22 68
0.603481 39 102 22 68
0.605481 39 102 22 68
0.607481 40 102 22 68
0.609481 40 102 22 68
0.611481 40 102 22 68
0.613481 40 102 22 68
0.615481 40 102 22 68
0.617481 40 102 22 68
0.619481 40 102 22 68
0.621481 40 102 22 68
0.623481 40 102 22 68
0.625481 40 102 22 68
0.627481 40 102 22 68
0.629481 40 102 22 68
0.631481 40 102 22 68
0.633481 40 102 22 68
0.635481 40 102 22 68
0.637481 40 102 22 68
0.639481 40 102 22 68
0.641481 40 102 22 68
0.643481 40 102 22 68
0.645481 40 102 22 68
0.647481 41 101 23 69
0.649481 41 101 23 69
0.651481 41 101 23 69
0.653481 41 101 23 69
0.655481 41 101 23 69
0.657481 41 101 23 69
0.659481 41 101 23 69
0.661481 41 101 23 69
0.663481 41 101 23 69
0.665481 41 101 23 69
0.667481 41 101 23 69
0.669481 41 101 23 69
0.671481 41 101 23 69
0.673481 41 101 23 69
0.675481 41 101 23 69
0.677481 41 101 23 69
0.679481 41 101 23 69
0.681481 41 101 23 69
0.683481 41 101 23 69
0.685481 41 101 23 69
0.687481 41 101 23 69
0.689481 41 101 23 69
0.691481 41 101 23 69
0.693481 41 101 23 69
0.695481 41 101 23 69
0.697481 41 101 23 69
0.699481 41 101 23 69
0.701481 41 101 23 69
0.703481 41 101 23 69
0.705481 41 101 23 69
0.707481 41 101 23 69
0.709481 41 101 23 69
0.711481 41 101 23 69
0.713481 41 101 23 69
0.715481 41 101 23 69
0.717481 41 101 23 69
0.719481 41 101 23 69
0.721481 41 101 23 69
0.723481 41 101 23 69
0.725481 42 101 24 69
0.727481 42 101 24 69
0.729481 42 101 24 69
0.731481 42 101 24 69
0.733481 42 101 24 69
0.735481 42 101 24 69
0.737481 42 101 24 69
0.739481 42 101 24 69
0.741481 42 101 24 69
0.743481 42 101 24 69
0.745481 42 101 24 69
0.747481 42 101 24 69
0.749481 42 101 24 69
0.751481 43 101 24 69
0.753481 43 101 24 69
0.755481 43 101 24 69
0.757481 43 101 24 69
0.759481 43 101 24 69
0.761481 43 101 24 69
0.763481 43 101 24 69
0.765481 43 101 24 69
0.767481 43 101 24 69
0.769481 43 101 24 69
0.771481 43 101 24 69
0.773481 43 101 24 69
0.775481 43 101 24 69
0.777481 44 101 24 69
0.779481 44 101 24 69
0.781481 44 101 24 69
0.783481 44 101 24 69
0.785481 44 101 24 69
0.787481 44 101 24 69
0.789481 44 101 24 69
0.791481 44 101 24 69
0.793481 44 101 24 69
0.795481 44 101 24 69
0.797481 44 101 24 69
0.799481 44 101 24 69
0.801481 44 101 24 69
0.803481 45 101 24 70
0.805481 45 101 24 70
0.807481 45 101 24 70
0.809481 45 101 24 70
0.811481 45 101 24 70
0.813481 45 101 24 70
0.815481 45 101 24 70
0.817481 45 101 24 70
0.819481 45 101 24 70
0.821481 45 101 24 70
0.823481 45 101 24 70
0.825481 45 101 24 70
0.827481 45 101 24 70
0.829481 45 100 24 71
0.831481 45 100 24 71
0.833481 45 100 24 71
0.835481 45 100 24 71
0.837481 45 100 24 71
0.839481 45 100 24 71
0.841481 45 100 24 71
0.843481 45 100 25 71
0.845481 45 100 25 71
0.847481 45 100 25 71
0.849481 45 100 25 71
0.851481 45 100 25 71
0.853481 45 100 25 71
0.855481 45 99 25 72
0.857481 45 99 25 72
0.859481 45 99 25 72
0.861481 45 99 25 72
0.863481 45 99 25 72
0.865481 45 99 25 72
0.867481 45 99 25 72
0.869481 45 99 25 72
0.871481 45 99 25 72
0.873481 45 99 25 72
0.875481 45 99 25 72
0.877481 45 99 25 72
0.879481 45 99 25 72
0.881481 45 98 26 73
0.883481 45 98 26 73
0.885481 45 98 26 73
0.887481 45 98 26 73
0.889481 45 98 26 73
0.891481 45 98 26 73
0.893481 45 98 26 73
0.895481 45 98 26 73
0.897481 45 98 26 73
0.899481 45 98 26 73
0.901481 45 98 26 73
0.903481 45 98 26 73
0.905481 45 98 26 73
0.907481 45 98 26 73
0.909481 45 98 27 73
0.911481 45 98 27 73
0.913481 45 98 27 73
0.915481 45 98 27 73
0.917481 45 98 27 73
0.919481 45 98 27 73
0.921481 45 98 27 73
0.923481 45 98 27 73
0.925481 45 98 27 73
0.927481 45 98 27 73
0.929481 45 98 27 73
0.931481 45 98 27 73
0.933481 45 98 27 73
0.935481 45 98 28 73
0.937481 45 98 28 73
0.939481 45 98 28 73
0.941481 45 98 28 73
0.943481 45 98 28 73
0.945481 45 98 28 73
0.947481 45 98 28 73
0.949481 45 98 28 73
0.951481 45 98 28 73
0.953481 45 98 28 73
0.955481 45 98 28 73
0.957481 45 98 28 73
0.959481 45 98 28 73
0.961481 46 98 29 73
0.963481 46 98 29 73
0.965481 46 98 29 73
0.967481 46 98 29 73
0.969481 46 98 29 73
0.971481 46 98 29 73
0.973481 46 98 29 73
0.975481 46 98 29 73
0.977481 46 98 29 73
0.979481 46 98 29 73
0.981481 46 98 29 73
0.983481 46 98 29 73
0.985481 46 98 29 73
0.987481 46 98 29 73
0.989481 46 98 29 73
0.991481 46 98 29 73
0.993481 46 98 29 73
0.995481 46 98 29 73
0.997481 46 98 29 73
0.999481 47 99 29 73
1.001481 47 99 29 73
1.003481 47 99 29 73
1.005481 47 99 29 73
1.007481 47 99 29 73
1.009481 47 99 29 73
1.011481 47 99 29 73
1.013481 47 99 29 73
1.015481 47 99 29 73
1.017481 47 99 29 73
1.019481 47 99 29 73
1.021481 47 99 29 73
1.023481 47 99 29 73
1.025481 47 99 29 73
1.027481 47 99 29 73
1.029481 47 99 29 73
1.031481 47 99 29 73
1.033481 47 99 29 73
1.035481 47 99 29 73
1.037481 47 99 29 73
1.039481 48 99 30 73
1.041481 48 99 30 73
1.043481 48 99 30 73
1.045481 48 99 30 73
1.047481 48 99 30 73
1.049481 48 99 30 73
1.051481 48 99 30 73
1.053481 48 99 30 73
1.055481 48 99 30 73
1.057481 48 99 30 73
1.059481 48 99 30 73
1.061481 48 99 30 73
1.063481 48 99 30 73
1.065481 48 99 30 73
1.067481 48 99 30 73
1.069481 48 99 30 73
1.071481 48 99 30 73
1.073481 48 99 30 73
1.075481 48 99 30 73
1.077481 49 98 30 74
1.079481 49 98 30 74
1.081481 49 98 30 74
1.083481 49 98 30 74
1.085481 49 98 30 74
1.087481 49 98 30 74
1.089481 49 98 30 74
1.091481 49 98 30 74
1.093481 49 98 30 74
1.095481 49 98 30 74
1.097481 49 98 30 74
1.099481 49 98 30 74
1.101481 49 98 30 74
1.103481 49 98 30 74
1.105481 49 98 30 74
1.107481 49 98 30 74
1.109481 49 98 30 74
1.111481 49 98 30 74
1.113481 49 98 30 74
1.115481 49 98 30 74
1.117481 50 97 30 75
1.119481 50 97 30 75
1.121481 50 97 30 75
1.123481 50 97 30 75
1.125481 50 97 30 75
1.127481 50 97 30 75
1.129481 50 97 30 75
1.131481 50 97 30 75
1.133481 50 97 30 75
1.135481 50 97 30 75
1.137481 50 97 30 75
1.139481 50 97 30 75
1.141481 50 97 30 75
1.143481 50 97 30 75
1.145481 50 97 30 75
1.147481 50 97 30 75
1.149481 50 97 30 75
1.151481 50 97 30 75
1.153481 50 97 30 75
1.155481 50 97 30 75
1.157481 50 97 30 75
1.159481 50 97 30 75
1.161481 50 97 30 75
1.163481 50 97 30 75
1.165481 50 97 30 75
1.167481 50 97 30 75
1.169481 50 97 30 75
1.171481 50 97 30 75
1.173481 50 97 30 75
1.175481 50 97 30 75
1.177481 50 97 30 75
1.179481 50 97 30 75
1.181481 50 97 30 75
1.183481 50 97 30 75
1.185481 50 97 30 75
1.187481 50 97 30 75
1.189481 50 97 30 75
1.191481 50 97 30 75
1.193481 50 97 30 75
1.195481 50 97 29 75
1.197481 50 97 29 75
1.199481 50 97 29 75
1.201481 50 97 29 75
1.203481 50 97 29 75
1.205481 50 97 29 75
1.207481 50 97 29 75
1.209481 50 97 29 75
1.211481 50 97 29 75
1.213481 50 97 29 75
1.215481 50 97 29 75
1.217481 50 97 29 75
1.219481 50 97 29 75
1.221481 51 97 29 75
1.223481 51 97 29 75
1.225481 51 97 29 75
1.227481 51 97 29 75
1.229481 51 97 29 75
1.231481 51 97 29 75
1.233481 51 97 29 75
1.235481 51 97 28 75
1.237481 51 97 28 75
1.239481 51 97 28 75
1.241481 51 97 28 75
1.243481 51 97 28 75
1.245481 51 97 28 75
1.247481 52 97 28 75
1.249481 52 97 28 75
1.251481 52 97 28 75
1.253481 52 97 28 75
1.255481 52 97 28 75
1.257481 52 97 28 75
1.259481 52 97 28 75
1.261481 52 97 28 75
1.263481 52 97 28 75
1.265481 52 97 28 75
1.267481 52 97 28 75
1.269481 52 97 28 75
1.271481 52 97 28 75
1.273481 53 97 27 75
1.275481 53 97 27 75
1.277481 53 97 27 75
1.279481 53 97 27 75
1.281481 53 97 27 75
1.283481 53 97 27 75
1.285481 53 97 27 75
1.287481 53 97 27 75
1.289481 53 97 27 75
1.291481 53 97 27 75
1.293481 53 97 27 75
1.295481 53 97 27 75
1.297481 53 97 27 75
1.299481 53 97 27 76
1.301481 53 97 27 76
1.303481 53 97 27 76
1.305481 53 97 27 76
1.307481 53 97 27 76
1.309481 53 97 27 76
1.311481 53 97 27 76
1.313481 54 97 27 76
1.315481 54 97 27 76
1.317481 54 97 27 76
1.319481 54 97 27 76
1.321481 54 97 27 76
1.323481 54 97 27 76
1.325481 54 97 27 77
1.327481 54 97 27 77
1.329481 54 97 27 77
1.331481 54 97 27 77
1.333481 54 97 27 77
1.335481 54 97 27 77
1.337481 54 97 27 77
1.339481 54 97 27 77
1.341481 54 97 27 77
1.343481 54 97 27 77
1.345481 54 97 27 77
1.347481 54 97 27 77
1.349481 54 97 27 77
1.351481 54 97 27 77
1.353481 55 97 26 77
1.355481 55 97 26 77
1.357481 55 97 26 77
1.359481 55 97 26 77
1.361481 55 97 26 77
1.363481 55 97 26 77
1.365481 55 97 26 77
1.367481 55 97 26 77
1.369481 55 97 26 77
1.371481 55 97 26 77
1.373481 55 97 26 77
1.375481 55 97 26 77
1.377481 55 97 26 77
1.379481 56 97 26 77
1.381481 56 97 26 77
1.383481 56 97 26 77
1.385481 56 97 26 77
1.387481 56 97 26 77
1.389481 56 97 26 77
1.391481 56 98 25 77
1.393481 56 98 25 77
1.395481 56 98 25 77
1.397481 56 98 25 77
1.399481 56 98 25 77
1.401481 56 98 25 77
1.403481 56 98 25 77
1.405481 57 98 25 77
1.407481 57 98 25 77
1.409481 57 98 25 77
1.411481 57 98 25 77
1.413481 57 98 25 77
1.415481 57 98 25 77
1.417481 57 98 25 77
1.419481 57 98 25 77
1.421481 57 98 25 77
1.423481 57 98 25 77
1.425481 57 98 25 77
1.427481 57 98 25 77
1.429481 57 98 25 77
1.431481 58 99 24 77
1.433481 58 99 24 77
1.435481 58 99 24 77
1.437481 58 99 24 77
1.439481 58 99 24 77
1.441481 58 99 24 77
1.443481 58 99 24 77
1.445481 58 99 24 77
1.447481 58 99 24 77
1.449481 58 99 24 77
1.451481 58 99 24 77
1.453481 58 99 24 77
1.455481 58 99 24 77
1.457481 59 99 24 77
1.459481 59 99 24 77
1.461481 59 99 24 77
1.463481 59 99 24 77
1.465481 59 99 24 77
1.467481 59 99 24 77
1.469481 59 99 24 77
1.471481 59 99 24 77
1.473481 59 99 24 77
1.475481 59 99 24 77
1.477481 59 99 24 77
1.479481 59 99 24 77
1.481481 59 99 24 77
1.483481 60 99 24 77
1.485481 60 99 24 77
1.487481 60 99 24 77
1.489481 60 99 24 77
1.491481 60 99 24 77
1.493481 60 99 24 77
1.495481 60 99 24 77
1.497481 60 99 24 77
1.499481 60 99 24 77
1.501481 60 99 24 77
1.503481 60 99 24 77
1.505481 60 99 24 77
1.507481 60 99 24 77
1.509481 61 100 24 76
1.511481 61 100 24 76
1.513481 61 100 24 76
1.515481 61 100 24 76
1.517481 61 100 24 76
1.519481 61 100 24 76
1.521481 61 100 24 76
1.523481 61 100 24 76
1.525481 61 100 24 76
1.527481 61 100 24 76
1.529481 61 100 24 76
1.531481 61 100 24 76
1.533481 61 100 24 76
1.535481 61 100 24 76
1.537481 61 100 24 76
1.539481 61 100 24 76
1.541481 61 100 24 76
1.543481 61 100 24 76
1.545481 61 100 24 76
1.547481 62 100 24 75
1.549481 62 100 24 75
1.551481 62 100 24 75
1.553481 62 100 24 75
1.555481 62 100 24 75
1.557481 62 100 24 75
1.559481 62 100 24 75
1.561481 62 100 24 75
1.563481 62 100 24 75
1.565481 62 100 24 75
1.567481 62 100 24 75
1.569481 62 100 24 75
1.571481 62 100 24 75
1.573481 62 100 24 75
1.575481 62 100 24 75
1.577481 62 100 24 75
1.579481 62 100 24 75
1.581481 62 100 24 75
1.583481 62 100 24 75
1.585481 62 100 24 75
1.587481 63 101 24 74
1.589481 63 101 24 74
1.591481 63 101 24 74
1.593481 63 101 24 74
1.595481 63 101 24 74
1.597481 63 101 24 74
1.599481 63 101 24 74
1.601481 63 101 24 74
1.603481 63 101 24 74
1.605481 63 101 24 74
1.607481 63 101 24 74
1.609481 63 101 24 74
1.611481 63 101 24 74
1.613481 63 101 24 74
1.615481 63 101 24 74
1.617481 63 101 24 74
1.619481 63 101 24 74
1.621481 63 101 24 74
1.623481 63 101 24 74
1.625481 63 101 24 74
1.627481 64 101 24 74
1.629481 64 101 24 74
1.631481 64 101 24 74
1.633481 64 101 24 74
1.635481 64 101 24 74
1.637481 64 101 24 74
1.639481 64 101 24 74
1.641481 64 101 24 74
1.643481 64 101 24 74
1.645481 64 101 24 74
1.647481 64 101 24 74
1.649481 64 101 24 74
1.651481 64 101 24 74
1.653481 64 101 24 74
1.655481 64 101 24 74
1.657481 64 101 24 74
1.659481 64 101 24 74
1.661481 64 101 24 74
1.663481 64 101 24 74
1.665481 65 102 25 74
1.667481 65 102 25 74
1.669481 65 102 25 74
1.671481 65 102 25 74
1.673481 65 102 25 74
1.675481 65 102 25 74
1.677481 65 102 25 74
1.679481 65 102 25 74
1.681481 65 102 25 74
1.683481 65 102 25 74
1.685481 65 102 25 74
1.687481 65 102 25 74
1.689481 65 102 25 74
1.691481 65 102 25 74
1.693481 65 102 25 74
1.695481 65 102 25 74
1.697481 65 102 25 74
1.699481 65 102 25 74
1.701481 65 102 25 74
1.703481 65 102 25 74
1.705481 66 103 25 74
1.707481 66 103 25 74
1.709481 66 103 25 74
1.711481 66 103 25 74
1.713481 66 103 25 74
1.715481 66 103 25 74
1.717481 66 103 25 74
1.719481 66 103 25 74
1.721481 66 103 25 74
1.723481 66 103 25 74
1.725481 66 103 25 74
1.727481 66 103 25 74
1.729481 66 103 25 74
1.731481 66 103 25 74
1.733481 66 103 25 74
1.735481 66 103 25 74
1.737481 66 103 25 74
1.739481 66 103 25 74
1.741481 66 103 25 74
1.743481 67 103 26 74
1.745481 67 103 26 74
1.747481 67 103 26 74
1.749481 67 103 26 74
1.751481 67 103 26 74
1.753481 67 103 26 74
1.755481 67 103 26 74
1.757481 67 103 26 74
1.759481 67 103 26 74
1.761481 67 103 26 74
1.763481 67 102 27 74
1.765481 67 102 27 74
1.767481 67 102 27 74
1.769481 67 102 27 74
1.771481 67 102 27 74
1.773481 67 102 27 74
1.775481 67 102 27 74
1.777481 67 102 27 74
1.779481 67 102 27 74
1.781481 67 102 27 74
1.783481 67 101 28 75
1.785481 67 101 28 75
1.787481 67 101 28 75
1.789481 67 101 28 75
1.791481 67 101 28 75
1.793481 67 101 28 75
1.795481 67 101 28 75
1.797481 67 101 28 75
1.799481 67 101 28 75
1.801481 67 101 28 75
1.803481 67 100 29 75
1.805481 67 100 29 75
1.807481 67 100 29 75
1.809481 67 100 29 75
1.811481 67 100 29 75
1.813481 67 100 29 75
1.815481 67 100 29 75
1.817481 67 100 29 75
1.819481 67 100 29 75
1.821481 67 100 29 75
1.823481 67 100 30 75
1.825481 67 100 30 75
1.827481 67 100 30 75
1.829481 67 100 30 75
1.831481 67 100 30 75
1.833481 67 100 30 75
1.835481 67 100 30 75
1.837481 67 100 30 75
1.839481 67 100 30 75
1.841481 67 100 30 75
1.843481 67 100 30 75
1.845481 67 100 30 75
1.847481 67 100 30 75
1.849481 67 100 30 75
1.851481 67 100 30 75
1.853481 67 100 30 75
1.855481 67 100 30 75
1.857481 67 100 30 75
1.859481 67 100 30 75
1.861481 67 101 30 75
1.863481 67 101 30 75
1.865481 67 101 30 75
1.867481 67 101 30 75
1.869481 67 101 30 75
1.871481 67 101 30 75
1.873481 67 101 30 75
1.875481 67 101 30 75
1.877481 67 101 30 75
1.879481 67 101 30 75
1.881481 67 101 30 75
1.883481 67 101 30 75
1.885481 67 101 30 75
1.887481 67 101 30 75
1.889481 67 101 30 75
1.891481 67 101 30 75
1.893481 67 101 30 75
1.895481 67 101 30 75
1.897481 67 101 30 75
1.899481 67 101 30 75
1.901481 68 101 30 75
1.903481 68 101 30 75
1.905481 68 101 30 75
1.907481 68 101 30 75
1.909481 68 101 30 75
1.911481 68 101 30 75
1.913481 68 101 30 75
1.915481 68 101 30 75
1.917481 68 101 30 75
1.919481 68 101 30 75
1.921481 68 101 30 75
1.923481 68 101 30 75
1.925481 68 101 30 75
1.927481 68 101 30 75
1.929481 68 101 30 75
1.931481 68 101 30 75
1.933481 68 101 30 75
1.935481 68 101 30 75
1.937481 68 101 30 75
1.939481 68 100 30 76
1.941481 68 100 30 76
1.943481 68 100 30 76
1.945481 68 100 30 76
1.947481 68 100 30 76
1.949481 68 100 30 76
1.951481 68 100 30 76
1.953481 68 100 30 76
1.955481 68 100 30 76
1.957481 68 100 30 76
1.959481 68 100 30 76
1.961481 68 100 30 76
1.963481 68 100 30 76
1.965481 68 100 30 76
1.967481 68 100 30 76
1.969481 68 100 30 76
1.971481 68 100 30 76
1.973481 68 100 30 76
1.975481 68 100 30 76
1.977481 68 100 30 76
1.979481 68 99 31 77
1.981481 68 99 31 77
1.983481 68 99 31 77
1.985481 68 99 31 77
1.987481 68 99 31 77
1.989481 68 99 31 77
1.991481 68 99 31 77
1.993481 68 99 31 77
1.995481 68 99 31 77
1.997481 68 99 31 77
1.999481 68 99 32 77
2.001481 68 99 32 77
2.003481 68 99 32 77
2.005481 68 99 32 77
2.007481 68 99 32 77
2.009481 68 99 32 77
2.011481 68 99 32 77
2.013481 68 99 32 77
2.015481 68 99 32 77
2.017481 68 99 32 77
2.019481 67 99 33 77
2.021481 67 99 33 77
2.023481 67 99 33 77
2.025481 67 99 33 77
2.027481 67 99 33 77
2.029481 67 99 33 77
2.031481 67 99 33 77
2.033481 67 99 33 77
2.035481 67 99 33 77
2.037481 67 99 34 77
2.039481 67 99 34 77
2.041481 67 99 34 77
2.043481 67 99 34 77
2.045481 67 99 34 77
2.047481 67 99 34 77
2.049481 67 99 34 77
2.051481 67 99 34 77
2.053481 67 99 34 77
2.055481 67 99 34 77
2.057481 67 98 34 78
2.059481 67 98 34 78
2.061481 67 98 34 78
2.063481 67 98 34 78
2.065481 67 98 34 78
2.067481 67 98 34 78
2.069481 67 98 34 78
2.071481 67 98 34 78
2.073481 67 98 34 79
2.075481 67 98 34 79
2.077481 68 98 34 79
2.079481 68 98 34 79
2.081481 68 98 34 79
2.083481 68 98 34 79
2.085481 68 98 34 79
2.087481 68 98 34 79
2.089481 68 98 34 80
2.091481 68 98 34 80
2.093481 68 98 34 80
2.095481 68 98 34 80
2.097481 69 97 34 80
2.099481 69 97 34 80
2.101481 69 97 34 80
2.103481 69 97 34 80
2.105481 69 97 34 81
2.107481 69 97 34 81
2.109481 69 97 34 81
2.111481 69 97 34 81
2.113481 69 97 34 81
2.115481 69 97 34 81
2.117481 70 97 34 81
2.119481 70 97 34 82
2.121481 70 97 34 82
2.123481 70 97 34 82
2.125481 70 97 34 82
2.127481 70 97 34 82
2.129481 70 97 34 82
2.131481 70 97 34 82
2.133481 70 97 34 82
2.135481 71 97 33 83
2.137481 71 97 33 83
2.139481 71 97 33 83
2.141481 71 97 33 83
2.143481 71 97 33 83
2.145481 71 97 33 83
2.147481 71 97 33 83
2.149481 71 97 33 83
2.151481 71 97 33 83
2.153481 71 97 33 83
2.155481 71 97 33 83
2.157481 71 97 33 83
2.159481 71 97 33 83
2.161481 72 97 32 83
2.163481 72 97 32 83
2.165481 72 97 32 83
2.167481 72 97 32 83
2.169481 72 97 32 83
2.171481 72 97 32 83
2.173481 72 97 32 83
2.175481 72 98 32 83
2.177481 72 98 32 83
2.179481 72 98 32 83
2.181481 72 98 32 83
2.183481 72 98 32 83
2.185481 72 98 32 83
2.187481 73 98 31 83
2.189481 73 98 31 83
2.191481 73 98 31 83
2.193481 73 98 31 83
2.195481 73 98 31 83
2.197481 73 98 31 83
2.199481 73 98 31 83
2.201481 73 98 31 83
2.203481 73 98 31 83
2.205481 73 98 31 83
2.207481 73 98 31 83
2.209481 73 98 31 83
2.211481 73 98 31 83
2.213481 74 98 31 82
2.215481 74 98 31 82
2.217481 74 98 31 82
2.219481 74 98 31 82
2.221481 74 98 31 82
2.223481 74 98 31 82
2.225481 74 98 31 82
2.227481 74 98 31 82
2.229481 74 98 31 82
2.231481 74 98 31 82
2.233481 74 98 31 82
2.235481 74 98 31 82
2.237481 74 98 31 82
2.239481 74 98 31 82
2.241481 74 98 31 82
2.243481 74 98 31 82
2.245481 74 98 31 82
2.247481 74 98 31 82
2.249481 74 98 31 82
2.251481 74 98 31 82
2.253481 74 98 31 81
2.255481 74 98 31 81
2.257481 74 98 31 81
2.259481 74 98 31 81
2.261481 74 98 31 81
2.263481 74 98 31 81
2.265481 74 98 31 81
2.267481 74 98 31 81
2.269481 74 98 31 81
2.271481 74 98 31 81
2.273481 74 98 31 81
2.275481 74 98 31 81
2.277481 74 98 31 81
2.279481 74 98 31 81
2.281481 74 98 31 81
2.283481 74 98 31 81
2.285481 74 98 31 81
2.287481 74 98 31 81
2.289481 74 98 31 81
2.291481 74 98 31 81
2.293481 74 97 31 81
2.295481 74 97 31 81
2.297481 74 97 31 81
2.299481 74 97 31 81
2.301481 74 97 31 81
2.303481 74 97 31 81
2.305481 74 97 31 81
2.307481 74 97 31 81
2.309481 74 97 31 81
2.311481 74 97 31 81
2.313481 74 97 31 81
2.315481 74 97 31 81
2.317481 74 97 31 81
2.319481 74 97 31 81
2.321481 74 97 31 81
2.323481 74 97 31 81
2.325481 74 97 31 81
2.327481 74 97 31 81
2.329481 74 97 31 81
2.331481 75 96 31 82
2.333481 75 96 31 82
2.335481 75 96 31 82
2.337481 75 96 31 82
2.339481 75 96 31 82
2.341481 75 96 31 82
2.343481 75 96 31 82
2.345481 75 96 31 82
2.347481 75 96 31 82
2.349481 75 96 31 82
2.351481 75 96 31 82
2.353481 75 96 31 82
2.355481 75 96 31 82
2.357481 75 96 31 82
2.359481 75 96 31 82
2.361481 75 96 31 82
2.363481 75 96 31 82
2.365481 75 96 31 82
2.367481 75 96 31 82
2.369481 75 96 31 82
2.371481 76 96 30 83
2.373481 76 96 30 83
2.375481 76 96 30 83
2.377481 76 96 30 83
2.379481 76 96 30 83
2.381481 76 96 30 83
2.383481 76 96 30 83
2.385481 76 96 30 83
2.387481 76 96 30 83
2.389481 76 96 30 83
2.391481 76 96 30 83
2.393481 76 96 30 83
2.395481 76 96 30 83
2.397481 77 96 30 83
2.399481 77 96 30 83
2.401481 77 96 30 83
2.403481 77 96 30 83
2.405481 77 96 30 83
2.407481 77 96 30 83
2.409481 77 96 30 83
2.411481 77 96 30 83
2.413481 77 96 30 83
2.415481 77 96 30 83
2.417481 77 96 30 83
2.419481 77 96 30 83
2.421481 77 96 30 83
2.423481 78 96 30 83
2.425481 78 96 30 83
2.427481 78 96 30 83
2.429481 78 96 30 83
2.431481 78 96 30 83
2.433481 78 96 30 83
2.435481 78 96 30 83
2.437481 78 96 30 83
2.439481 78 96 30 83
2.441481 78 96 30 83
2.443481 78 96 30 83
2.445481 78 96 30 83
2.447481 78 96 30 83
2.449481 79 97 30 84
2.451481 79 97 30 84
2.453481 79 97 30 84
2.455481 79 97 30 84
2.457481 79 97 30 84
2.459481 79 97 30 84
2.461481 79 97 30 84
2.463481 79 97 30 84
2.465481 79 97 30 84
2.467481 79 97 30 84
2.469481 79 97 30 84
2.471481 79 97 30 84
2.473481 79 97 30 84
2.475481 79 97 30 84
2.477481 79 97 30 84
2.479481 79 97 30 84
2.481481 79 97 30 84
2.483481 79 97 30 84
2.485481 79 97 30 84
2.487481 79 97 30 84
2.489481 79 97 30 84
2.491481 79 97 30 84
2.493481 79 97 30 84
2.495481 79 97 30 84
2.497481 79 97 30 84
2.499481 79 97 30 84
2.501481 79 97 30 84
2.503481 79 97 30 84
2.505481 79 97 30 84
2.507481 79 97 30 84
2.509481 79 97 30 84
2.511481 79 97 30 84
2.513481 79 97 30 84
2.515481 79 97 30 84
2.517481 79 97 30 84
2.519481 79 97 30 84
2.521481 79 97 30 84
2.523481 79 97 30 84
2.525481 79 97 30 84
2.527481 80 97 30 85
2.529481 80 97 30 85
2.531481 80 97 30 85
2.533481 80 97 30 85
2.535481 80 97 30 85
2.537481 80 97 30 85
2.539481 80 97 30 85
2.541481 80 97 30 85
2.543481 80 97 30 85
2.545481 80 97 30 85
2.547481 80 97 30 85
2.549481 80 97 30 85
2.551481 80 97 30 85
2.553481 80 97 30 85
2.555481 80 97 30 85
2.557481 80 97 30 85
2.559481 80 97 30 85
2.561481 80 97 30 85
2.563481 80 97 30 85
2.565481 80 97 30 85
2.567481 81 97 29 86
2.569481 81 97 29 86
2.571481 81 97 29 86
2.573481 81 97 29 86
2.575481 81 97 29 86
2.577481 81 97 29 86
2.579481 81 97 29 86
2.581481 81 97 29 86
2.583481 81 97 29 86
2.585481 81 97 29 86
2.587481 81 97 29 86
2.589481 81 97 29 86
2.591481 81 97 29 86
2.593481 81 97 29 86
2.595481 81 97 29 86
2.597481 81 97 29 86
2.599481 81 97 29 86
2.601481 81 97 29 86
2.603481 81 97 29 86
2.605481 81 98 29 87
2.607481 81 98 29 87
2.609481 81 98 29 87
2.611481 81 98 29 87
2.613481 81 98 29 87
2.615481 81 98 29 87
2.617481 81 98 29 87
2.619481 81 98 29 87
2.621481 81 98 29 87
2.623481 81 98 29 87
2.625481 81 98 29 87
2.627481 81 98 29 87
2.629481 81 98 29 87
2.631481 81 98 29 87
2.633481 81 98 29 87
2.635481 81 98 29 87
2.637481 81 98 29 87
2.639481 81 98 29 87
2.641481 81 98 29 87
2.643481 81 98 29 87
2.645481 81 98 29 87
2.647481 81 98 29 87
2.649481 81 98 29 87
2.651481 81 98 29 87
2.653481 81 98 29 87
2.655481 81 98 29 87
2.657481 81 98 29 87
2.659481 81 98 29 87
2.661481 81 98 29 87
2.663481 81 98 29 87
2.665481 81 98 29 87
2.667481 81 98 29 87
2.669481 81 98 29 87
2.671481 81 98 29 87
2.673481 81 98 29 87
2.675481 81 98 29 87
2.677481 81 98 29 87
2.679481 81 98 29 87
2.681481 81 98 29 87
2.683481 81 98 29 87
2.685481 81 98 28 87
2.687481 81 98 28 87
2.689481 81 98 28 87
2.691481 81 98 28 87
2.693481 81 98 28 87
2.695481 81 98 28 87
2.697481 81 98 28 87
2.699481 81 98 28 87
2.701481 81 98 28 87
2.703481 81 98 28 87
2.705481 81 98 28 87
2.707481 81 98 28 87
2.709481 81 98 28 87
2.711481 82 98 28 87
2.713481 82 98 28 87
2.715481 82 98 28 87
2.717481 82 98 28 87
2.719481 82 98 28 87
2.721481 82 98 28 87
2.723481 82 99 28 87
2.725481 82 99 28 87
2.727481 82 99 28 87
2.729481 82 99 28 87
2.731481 82 99 28 87
2.733481 82 99 28 87
2.735481 82 99 28 87
2.737481 83 99 28 87
2.739481 83 99 28 87
2.741481 83 99 28 87
2.743481 83 99 28 87
2.745481 83 99 28 87
2.747481 83 99 28 87
2.749481 83 99 28 87
2.751481 83 99 28 87
2.753481 83 99 28 87
2.755481 83 99 28 87
2.757481 83 99 28 87
2.759481 83 99 28 87
2.761481 83 99 28 87
2.763481 84 99 28 87
2.765481 84 99 28 87
2.767481 84 99 28 87
2.769481 84 99 28 87
2.771481 84 99 28 87
2.773481 84 99 28 87
2.775481 84 99 28 87
2.777481 84 99 28 87
2.779481 84 99 28 87
2.781481 84 99 28 87
2.783481 84 99 28 87
2.785481 84 99 28 87
2.787481 84 99 28 87
2.789481 85 98 28 87
2.791481 85 98 28 87
2.793481 85 98 28 87
2.795481 85 98 28 87
2.797481 85 98 28 87
2.799481 85 98 28 87
2.801481 85 98 28 87
2.803481 85 98 28 87
2.805481 85 98 28 87
2.807481 85 98 28 87
2.809481 85 98 28 87
2.811481 85 98 28 87
2.813481 85 98 28 87
2.815481 86 97 28 87
2.817481 86 97 28 87
2.819481 86 97 28 87
2.821481 86 97 28 87
2.823481 86 97 28 87
2.825481 86 97 28 87
2.827481 86 97 28 87
2.829481 86 97 28 87
2.831481 86 97 28 87
2.833481 86 97 28 87
2.835481 86 97 28 87
2.837481 86 97 28 87
2.839481 86 97 28 87
2.841481 86 97 29 88
2.843481 86 97 29 88
2.845481 86 97 29 88
2.847481 86 97 29 88
2.849481 86 97 29 88
2.851481 86 97 29 88
2.853481 86 97 29 88
2.855481 86 97 29 88
2.857481 86 97 29 88
2.859481 86 97 29 88
2.861481 86 97 29 88
2.863481 86 97 29 88
2.865481 86 97 29 88
2.867481 86 97 29 88
2.869481 86 97 29 88
2.871481 86 97 29 88
2.873481 86 97 29 88
2.875481 86 97 29 88
2.877481 86 97 29 88
2.879481 85 97 30 88
2.881481 85 97 30 88
2.883481 85 97 30 88
2.885481 85 97 30 88
2.887481 85 97 30 88
2.889481 85 97 30 88
2.891481 85 97 30 88
2.893481 85 97 30 88
2.895481 85 97 30 88
2.897481 85 97 30 88
2.899481 85 97 30 88
2.901481 85 97 30 88
2.903481 85 97 30 88
2.905481 85 97 30 88
2.907481 85 97 30 88
2.909481 85 97 30 88
2.911481 85 97 30 88
2.913481 85 97 30 88
2.915481 85 97 30 88
2.917481 85 97 30 88
2.919481 85 96 31 88
2.921481 85 96 31 88
2.923481 85 96 31 88
2.925481 85 96 31 88
2.927481 85 96 31 88
2.929481 85 96 31 88
2.931481 85 96 31 88
2.933481 85 96 31 88
2.935481 85 96 31 88
2.937481 85 96 31 88
2.939481 85 96 31 88
2.941481 85 96 31 88
2.943481 85 96 31 88
2.945481 85 96 31 89
2.947481 85 96 31 89
2.949481 85 96 31 89
2.951481 85 96 31 89
2.953481 85 96 31 89
2.955481 85 96 31 89
2.957481 85 96 31 89
2.959481 85 96 32 89
2.961481 85 96 32 89
2.963481 85 96 32 89
2.965481 85 96 32 89
2.967481 85 96 32 89
2.969481 85 96 32 89
2.971481 85 96 32 90
2.973481 85 96 32 90
2.975481 85 96 32 90
2.977481 85 96 32 90
2.979481 85 96 32 90
2.981481 85 96 32 90
2.983481 85 96 32 90
2.985481 85 96 32 90
2.987481 85 96 32 90
2.989481 85 96 32 90
2.991481 85 96 32 90
2.993481 85 96 32 90
2.995481 85 96 32 90
2.997481 85 95 33 91
2.999481 85 95 33 91
3.001481 85 95 33 91
3.003481 85 95 33 91
3.005481 85 95 33 91
3.007481 85 95 33 91
3.009481 85 95 33 91
3.011481 85 95 33 91
3.013481 85 95 33 91
3.015481 85 95 33 91
3.017481 85 95 33 91
3.019481 85 95 33 91
3.021481 85 95 33 91
3.023481 85 95 33 91
3.025481 85 95 33 91
3.027481 85 95 33 91
3.029481 85 95 33 91
3.031481 85 95 33 91
3.033481 85 95 33 91
3.035481 85 95 33 91
3.037481 85 94 33 91
3.039481 85 94 33 91
3.041481 85 94 33 91
3.043481 85 94 33 91
3.045481 85 94 33 91
3.047481 85 94 33 91
3.049481 85 94 33 91
3.051481 85 94 33 91
3.053481 85 94 33 91
3.055481 85 94 33 91
3.057481 85 94 33 91
3.059481 85 94 33 91
3.061481 85 94 33 91
3.063481 85 94 33 91
3.065481 85 94 33 91
3.067481 85 94 33 91
3.069481 85 94 33 91
3.071481 85 94 33 91
3.073481 85 94 33 91
3.075481 86 93 34 92
3.077481 86 93 34 92
3.079481 86 93 34 92
3.081481 86 93 34 92
3.083481 86 93 34 92
3.085481 86 93 34 92
3.087481 86 93 34 92
3.089481 86 93 34 92
3.091481 86 93 34 92
3.093481 86 93 34 92
3.095481 86 93 35 92
3.097481 86 93 35 92
3.099481 86 93 35 92
3.101481 86 93 35 92
3.103481 86 93 35 92
3.105481 86 93 35 92
3.107481 86 93 35 92
3.109481 86 93 35 92
3.111481 86 93 35 92
3.113481 86 93 35 92
3.115481 87 93 36 92
3.117481 87 93 36 92
3.119481 87 93 36 92
3.121481 87 93 36 92
3.123481 87 93 36 92
3.125481 87 93 36 92
3.127481 87 93 36 92
3.129481 87 93 36 92
3.131481 87 93 36 92
3.133481 87 93 36 92
3.135481 87 93 37 92
3.137481 87 93 37 92
3.139481 87 93 37 92
3.141481 87 93 37 92
3.143481 87 93 37 92
3.145481 87 93 37 92
3.147481 87 93 37 92
3.149481 87 93 37 92
3.151481 87 93 37 92
3.153481 87 93 37 92
3.155481 88 92 38 93
3.157481 88 92 38 93
3.159481 88 92 38 93
3.161481 88 92 38 93
3.163481 88 92 38 93
3.165481 88 92 38 93
3.167481 88 92 38 93
3.169481 88 92 38 93
3.171481 88 92 38 93
3.173481 88 92 38 93
3.175481 88 92 38 93
3.177481 88 92 38 93
3.179481 88 92 38 93
3.181481 88 92 39 93
3.183481 88 92 39 93
3.185481 88 92 39 93
3.187481 88 92 39 93
3.189481 88 92 39 93
3.191481 88 92 39 93
3.193481 88 92 39 94
3.195481 88 92 39 94
3.197481 88 92 39 94
3.199481 88 92 39 94
3.201481 88 92 39 94
3.203481 88 92 39 94
3.205481 88 92 39 94
3.207481 88 92 40 94
3.209481 88 92 40 94
3.211481 88 92 40 94
3.213481 88 92 40 94
3.215481 88 92 40 94
3.217481 88 92 40 94
3.219481 88 92 40 94
3.221481 88 92 40 94
3.223481 88 92 40 94
3.225481 88 92 40 94
3.227481 88 92 40 94
3.229481 88 92 40 94
3.231481 88 92 40 94
3.233481 88 91 40 95
3.235481 88 91 40 95
3.237481 88 91 40 95
3.239481 88 91 40 95
3.241481 88 91 40 95
3.243481 88 91 40 95
3.245481 88 91 40 95
3.247481 88 91 40 95
3.249481 88 91 40 95
3.251481 88 91 40 95
3.253481 88 91 40 95
3.255481 88 91 40 95
3.257481 88 91 40 95
3.259481 88 91 40 95
3.261481 88 91 40 95
3.263481 88 91 40 95
3.265481 88 91 40 95
3.267481 88 91 40 95
3.269481 88 91 40 95
3.271481 88 91 40 95
3.273481 88 91 40 95
3.275481 88 91 40 95
3.277481 88 91 40 95
3.279481 88 91 40 95
3.281481 88 91 40 95
3.283481 88 91 40 95
3.285481 88 91 40 95
3.287481 88 91 40 95
3.289481 88 91 40 95
3.291481 88 91 40 95
3.293481 88 91 40 95
3.295481 88 91 40 95
3.297481 88 91 40 95
3.299481 88 91 40 95
3.301481 88 91 40 95
3.303481 88 91 40 95
3.305481 88 91 40 95
3.307481 88 91 40 95
3.309481 88 91 40 95
3.311481 88 90 40 96
3.313481 88 90 40 96
3.315481 88 90 40 96
3.317481 88 90 40 96
3.319481 88 90 40 96
3.321481 88 90 40 96
3.323481 88 90 40 96
3.325481 88 90 40 97
3.327481 88 90 40 97
3.329481 88 90 40 97
3.331481 88 90 40 97
3.333481 88 90 40 97
3.335481 88 90 40 97
3.337481 88 90 40 98
3.339481 88 90 40 98
3.341481 88 90 40 98
3.343481 88 90 40 98
3.345481 88 90 40 98
3.347481 88 90 40 98
3.349481 88 90 40 98
3.351481 88 90 40 99
3.353481 88 90 40 99
3.355481 88 90 40 99
3.357481 88 90 40 99
3.359481 88 90 40 99
3.361481 88 90 40 99
3.363481 88 90 40 100
3.365481 88 90 40 100
3.367481 88 90 40 100
3.369481 88 90 40 100
3.371481 88 90 40 100
3.373481 88 90 40 100
3.375481 88 90 40 100
3.377481 88 90 40 101
3.379481 88 90 40 101
3.381481 88 90 40 101
3.383481 88 90 40 101
3.385481 88 90 40 101
3.387481 88 90 40 101
3.389481 89 89 41 102
3.391481 89 89 41 102
3.393481 89 89 41 102
3.395481 89 89 41 102
3.397481 89 89 41 102
3.399481 89 89 41 102
3.401481 89 89 41 102
3.403481 89 89 41 102
3.405481 89 89 41 102
3.407481 89 89 41 102
3.409481 89 89 41 102
3.411481 89 89 41 102
3.413481 89 89 41 102
3.415481 89 89 41 102
3.417481 89 89 41 102
3.419481 89 89 41 102
3.421481 89 89 41 102
3.423481 89 89 41 102
3.425481 89 89 41 102
3.427481 89 89 41 102
3.429481 90 88 41 102
3.431481 90 88 41 102
3.433481 90 88 41 102
3.435481 90 88 41 102
3.437481 90 88 41 102
3.439481 90 88 41 102
3.441481 90 88 41 102
3.443481 90 88 41 102
3.445481 90 88 41 102
3.447481 90 88 41 102
3.449481 90 88 41 102
3.451481 90 88 41 102
3.453481 90 88 41 102
3.455481 90 88 41 102
3.457481 90 88 41 102
3.459481 90 88 41 102
3.461481 90 88 41 102
3.463481 90 88 41 102
3.465481 90 88 41 102
3.467481 91 87 41 102
3.469481 91 87 41 102
3.471481 91 87 41 102
3.473481 91 87 41 102
3.475481 91 87 41 102
3.477481 91 87 41 102
3.479481 91 87 41 102
3.481481 91 87 41 102
3.483481 91 87 41 102
3.485481 91 87 41 102
3.487481 92 87 40 102
3.489481 92 87 40 102
3.491481 92 87 40 102
3.493481 92 87 40 102
3.495481 92 87 40 102
3.497481 92 87 40 102
3.499481 92 87 40 102
3.501481 92 87 40 102
3.503481 92 87 40 102
3.505481 92 87 40 102
3.507481 93 87 39 102
3.509481 93 87 39 102
3.511481 93 87 39 102
3.513481 93 87 39 102
3.515481 93 87 39 102
3.517481 93 87 39 102
3.519481 93 87 39 102
3.521481 93 87 39 102
3.523481 93 87 39 102
3.525481 93 87 39 102
3.527481 94 87 38 102
3.529481 94 87 38 102
3.531481 94 87 38 102
3.533481 94 87 38 102
3.535481 94 87 38 102
3.537481 94 87 38 102
3.539481 94 87 38 102
3.541481 94 87 38 102
3.543481 94 87 38 102
3.545481 94 87 38 102
3.547481 95 86 37 103
3.549481 95 86 37 103
3.551481 95 86 37 103
3.553481 95 86 37 103
3.555481 95 86 37 103
3.557481 95 86 37 103
3.559481 95 86 37 103
3.561481 95 86 37 103
3.563481 95 86 37 103
3.565481 96 86 37 103
3.567481 96 86 37 103
3.569481 96 86 37 103
3.571481 96 86 37 103
3.573481 96 86 37 103
3.575481 96 86 37 103
3.577481 96 86 37 103
3.579481 96 86 37 103
3.581481 96 86 37 103
3.583481 96 86 37 103
3.585481 97 86 37 103
3.587481 97 86 37 103
3.589481 97 86 37 103
3.591481 97 86 37 103
3.593481 97 86 37 103
3.595481 97 86 37 103
3.597481 97 86 37 103
3.599481 97 86 37 103
3.601481 97 86 37 103
3.603481 97 86 37 103
3.605481 98 86 37 103
3.607481 98 86 37 103
3.609481 98 86 37 103
3.611481 98 86 37 103
3.613481 98 86 37 103
3.615481 98 86 37 103
3.617481 98 86 37 103
3.619481 98 86 37 103
3.621481 98 86 37 103
3.623481 98 86 37 103
3.625481 99 86 36 103
3.627481 99 86 36 103
3.629481 99 86 36 103
3.631481 99 86 36 103
3.633481 99 86 36 103
3.635481 99 86 36 103
3.637481 99 86 36 103
3.639481 99 86 36 103
3.641481 99 86 36 103
3.643481 99 86 36 104
3.645481 99 86 36 104
3.647481 99 86 36 104
3.649481 99 86 36 104
3.651481 100 86 36 104
3.653481 100 86 36 104
3.655481 100 86 36 104
3.657481 100 86 36 104
3.659481 100 86 36 104
3.661481 100 86 36 104
3.663481 100 86 36 105
3.665481 100 86 36 105
3.667481 100 86 36 105
3.669481 100 86 36 105
3.671481 100 86 36 105
3.673481 100 86 36 105
3.675481 100 86 36 105
3.677481 101 86 36 105
3.679481 101 86 36 105
3.681481 101 86 36 105
3.683481 101 86 36 106
3.685481 101 86 36 106
3.687481 101 86 36 106
3.689481 101 86 36 106
3.691481 101 86 36 106
3.693481 101 86 36 106
3.695481 101 86 36 106
3.697481 101 86 36 106
3.699481 101 86 36 106
3.701481 101 86 36 106
3.703481 102 86 36 107
3.705481 102 86 36 107
3.707481 102 86 36 107
3.709481 102 86 36 107
3.711481 102 86 36 107
3.713481 102 86 36 108
3.715481 102 86 36 108
3.717481 102 86 36 108
3.719481 102 86 36 108
3.721481 102 86 36 108
3.723481 102 86 36 108
3.725481 102 86 36 109
3.727481 102 86 36 109
3.729481 103 86 36 109
3.731481 103 86 36 109
3.733481 103 86 36 109
3.735481 103 86 36 109
3.737481 103 86 36 110
3.739481 103 86 36 110
3.741481 103 86 36 110
3.743481 103 86 36 110
3.745481 103 86 36 110
3.747481 103 86 36 111
3.749481 103 86 36 111
3.751481 103 86 36 111
3.753481 103 86 36 111
3.755481 104 86 36 111
3.757481 104 86 36 111
3.759481 104 86 36 112
3.761481 104 86 36 112
3.763481 104 86 36 112
3.765481 104 86 36 112
3.767481 104 86 36 112
3.769481 104 86 36 113
3.771481 104 86 36 113
3.773481 104 86 36 113
3.775481 104 86 36 113
3.777481 104 86 36 113
3.779481 104 86 36 113
3.781481 105 85 36 114
3.783481 105 85 36 114
3.785481 105 85 36 114
3.787481 105 85 36 114
3.789481 105 85 36 114
3.791481 105 85 36 114
3.793481 105 85 36 114
3.795481 105 85 36 114
3.797481 105 85 36 114
3.799481 105 85 36 114
3.801481 105 85 36 115
3.803481 105 85 36 115
3.805481 105 85 36 115
3.807481 105 85 36 115
3.809481 105 85 36 115
3.811481 105 85 36 115
3.813481 105 85 36 115
3.815481 105 85 36 115
3.817481 105 85 36 115
3.819481 105 85 36 115
3.821481 106 85 36 116
3.823481 106 85 36 116
3.825481 106 85 36 116
3.827481 106 85 36 116
3.829481 106 85 36 116
3.831481 106 85 36 116
3.833481 106 85 36 116
3.835481 106 85 36 116
3.837481 106 85 36 116
3.839481 106 85 36 117
3.841481 106 85 36 117
3.843481 106 85 36 117
3.845481 106 85 36 117
3.847481 106 85 36 117
3.849481 106 85 36 117
3.851481 106 85 36 117
3.853481 106 85 36 117
3.855481 106 85 36 117
3.857481 106 85 36 117
3.859481 107 84 36 118
3.861481 107 84 36 118
3.863481 107 84 36 118
3.865481 107 84 36 118
3.867481 107 84 36 118
3.869481 107 84 36 118
3.871481 107 84 36 118
3.873481 107 84 36 118
3.875481 107 84 36 118
3.877481 107 84 36 118
3.879481 107 84 36 118
3.881481 107 84 36 118
3.883481 107 84 36 118
3.885481 107 84 36 118
3.887481 107 84 36 118
3.889481 107 84 36 118
3.891481 107 84 36 118
3.893481 107 84 36 118
3.895481 107 84 36 118
3.897481 107 84 36 118
3.899481 107 84 37 118
3.901481 107 84 37 118
3.903481 107 84 37 118
3.905481 107 84 37 118
3.907481 107 84 37 118
3.909481 107 84 37 118
3.911481 107 84 37 118
3.913481 107 84 37 118
3.915481 107 84 37 118
3.917481 107 84 37 118
3.919481 107 84 37 118
3.921481 107 84 37 118
3.923481 107 84 37 118
3.925481 107 84 37 118
3.927481 107 84 37 118
3.929481 107 84 37 118
3.931481 107 84 37 118
3.933481 107 84 37 118
3.935481 107 84 37 118
3.937481 107 84 37 118
3.939481 107 84 37 118
3.941481 107 84 37 118
3.943481 107 84 37 118
3.945481 107 84 37 118
3.947481 107 84 37 118
3.949481 107 84 37 118
3.951481 107 84 37 118
3.953481 107 84 37 118
3.955481 107 84 37 118
3.957481 107 84 37 118
3.959481 107 84 37 118
3.961481 107 84 37 118
3.963481 108 84 37 118
3.965481 108 84 37 118
3.967481 108 84 37 118
3.969481 108 84 37 118
3.971481 108 84 37 118
3.973481 108 84 37 118
3.975481 108 84 37 118
3.977481 108 84 37 119
3.979481 108 84 37 119
3.981481 108 84 37 119
3.983481 108 84 37 119
3.985481 108 84 37 119
3.987481 108 84 37 119
3.989481 108 84 37 119
3.991481 109 84 37 119
3.993481 109 84 37 119
3.995481 109 84 37 119
3.997481 109 84 37 119
3.999481 109 84 37 119
4.001481 109 84 37 119
4.003481 109 84 37 119
4.005481 109 84 37 119
4.007481 109 84 37 119
4.009481 109 84 37 119
4.011481 109 84 37 119
4.013481 109 84 37 119
4.015481 109 84 37 119
4.017481 110 83 36 120
4.019481 110 83 36 120
4.021481 110 83 36 120
4.023481 110 83 36 120
4.025481 110 83 36 120
4.027481 110 83 36 120
4.029481 110 83 36 120
4.031481 110 83 36 120
4.033481 110 83 36 120
4.035481 110 83 36 120
4.037481 110 83 36 120
4.039481 110 83 36 120
4.041481 110 83 36 120
4.043481 110 83 36 120
4.045481 110 83 36 120
4.047481 110 83 36 120
4.049481 110 83 36 120
4.051481 110 83 36 120
4.053481 110 83 36 120
4.055481 111 83 36 120
4.057481 111 83 36 120
4.059481 111 83 36 120
4.061481 111 83 36 120
4.063481 111 83 36 120
4.065481 111 83 36 120
4.067481 111 83 36 120
4.069481 111 83 36 120
4.071481 111 83 36 120
4.073481 111 83 36 120
4.075481 111 83 36 120
4.077481 111 83 36 120
4.079481 111 83 36 120
4.081481 111 83 36 120
4.083481 111 83 36 120
4.085481 111 83 36 120
4.087481 111 83 36 120
4.089481 111 83 36 120
4.091481 111 83 36 120
4.093481 111 83 36 120
4.095481 112 83 36 121
4.097481 112 83 36 121
4.099481 112 83 36 121
4.101481 112 83 36 121
4.103481 112 83 36 121
4.105481 112 83 36 121
4.107481 112 83 36 121
4.109481 112 83 36 121
4.111481 112 83 36 121
4.113481 112 83 36 121
4.115481 112 83 36 121
4.117481 112 83 36 121
4.119481 112 83 36 121
4.121481 112 83 36 121
4.123481 112 83 36 121
4.125481 112 83 36 121
4.127481 112 83 36 121
4.129481 112 83 36 121
4.131481 112 83 36 121
4.133481 113 83 36 121
4.135481 113 83 36 121
4.137481 113 83 36 121
4.139481 113 83 36 121
4.141481 113 83 36 121
4.143481 113 83 36 121
4.145481 113 83 36 121
4.147481 113 83 36 121
4.149481 113 83 36 121
4.151481 113 83 36 121
4.153481 113 83 36 121
4.155481 113 83 36 121
4.157481 113 83 36 121
4.159481 113 83 36 121
4.161481 113 83 36 121
4.163481 113 83 36 121
4.165481 113 83 36 121
4.167481 113 83 36 121
4.169481 113 83 36 121
4.171481 113 83 36 121
4.173481 114 82 36 122
4.175481 114 82 36 122
4.177481 114 82 36 122
4.179481 114 82 36 122
4.181481 114 82 36 122
4.183481 114 82 36 122
4.185481 114 82 36 122
4.187481 114 82 36 122
4.189481 114 82 36 122
4.191481 114 82 36 122
4.193481 114 82 36 122
4.195481 114 82 36 122
4.197481 114 82 36 122
4.199481 114 82 36 122
4.201481 114 82 36 122
4.203481 114 82 36 122
4.205481 114 82 36 122
4.207481 114 82 36 122
4.209481 114 82 36 122
4.211481 114 82 36 122
4.213481 114 82 36 122
4.215481 114 82 36 122
4.217481 114 82 36 122
4.219481 114 82 36 122
4.221481 114 82 36 122
4.223481 114 82 36 122
4.225481 114 82 36 122
4.227481 114 82 36 122
4.229481 114 82 36 122
4.231481 114 82 36 122
4.233481 114 82 36 122
4.235481 114 82 36 122
4.237481 114 82 36 122
4.239481 114 82 36 122
4.241481 114 82 36 122
4.243481 114 82 36 122
4.245481 114 82 36 122
4.247481 114 82 36 122
4.249481 114 82 36 122
4.251481 115 82 37 122
4.253481 115 82 37 122
4.255481 115 82 37 122
4.257481 115 82 37 122
4.259481 115 82 37 122
4.261481 115 82 37 122
4.263481 115 82 37 122
4.265481 115 82 37 122
4.267481 115 82 37 122
4.269481 115 82 37 122
4.271481 115 82 37 122
4.273481 115 82 37 122
4.275481 115 82 37 122
4.277481 116 82 37 122
4.279481 116 82 37 122
4.281481 116 82 37 122
4.283481 116 82 37 122
4.285481 116 82 37 122
4.287481 116 82 37 122
4.289481 116 82 37 122
4.291481 116 82 38 121
4.293481 116 82 38 121
4.295481 116 82 38 121
4.297481 116 82 38 121
4.299481 116 82 38 121
4.301481 116 82 38 121
4.303481 117 82 38 121
4.305481 117 82 38 121
4.307481 117 82 38 121
4.309481 117 82 38 121
4.311481 117 82 38 121
4.313481 117 82 38 121
4.315481 117 82 38 121
4.317481 117 82 38 121
4.319481 117 82 38 121
4.321481 117 82 38 121
4.323481 117 82 38 121
4.325481 117 82 38 121
4.327481 117 82 38 121
4.329481 118 82 39 121
4.331481 118 82 39 121
4.333481 118 82 39 121
4.335481 118 82 39 121
4.337481 118 82 39 121
4.339481 118 82 40 121
4.341481 118 82 40 121
4.343481 118 82 40 121
4.345481 118 82 40 121
4.347481 118 82 40 121
4.349481 118 82 41 121
4.351481 118 82 41 121
4.353481 118 82 41 121
4.355481 118 81 41 121
4.357481 118 81 41 121
4.359481 118 81 42 121
4.361481 118 81 42 121
4.363481 118 81 42 121
4.365481 118 81 42 121
4.367481 118 81 42 121
4.369481 118 81 43 121
4.371481 118 81 43 121
4.373481 118 81 43 121
4.375481 118 81 43 121
4.377481 118 81 43 121
4.379481 118 81 44 121
4.381481 118 80 44 121
4.383481 118 80 44 121
4.385481 118 80 44 121
4.387481 118 80 44 121
4.389481 118 80 45 121
4.391481 118 80 45 121
4.393481 118 80 45 121
4.395481 118 80 45 121
4.397481 118 80 45 121
4.399481 118 80 46 121
4.401481 118 80 46 121
4.403481 118 80 46 121
4.405481 118 80 46 121
4.407481 119 80 47 121
4.409481 119 80 47 121
4.411481 119 80 47 121
4.413481 119 80 47 121
4.415481 119 80 47 121
4.417481 119 80 47 121
4.419481 119 80 47 121
4.421481 119 80 47 121
4.423481 119 80 47 121
4.425481 119 80 47 121
4.427481 119 80 47 121
4.429481 119 80 47 121
4.431481 119 80 47 121
4.433481 119 80 47 121
4.435481 119 80 47 121
4.437481 119 80 47 121
4.439481 119 80 47 121
4.441481 119 80 47 121
4.443481 119 80 47 121
4.445481 119 80 47 121
4.447481 120 81 47 121
4.449481 120 81 47 121
4.451481 120 81 47 121
4.453481 120 81 47 121
4.455481 120 81 47 121
4.457481 120 81 47 121
4.459481 120 81 47 121
4.461481 120 81 47 121
4.463481 120 81 47 121
4.465481 120 81 47 121
4.467481 120 81 47 121
4.469481 120 81 47 121
4.471481 120 81 47 121
4.473481 120 81 47 121
4.475481 120 81 47 121
4.477481 120 81 47 121
4.479481 120 81 47 121
4.481481 120 81 47 121
4.483481 120 81 47 121
4.485481 120 81 47 121
4.487481 121 82 47 121
4.489481 121 82 47 121
4.491481 121 82 47 121
4.493481 121 82 47 121
4.495481 121 82 47 121
4.497481 121 82 47 121
4.499481 121 82 47 121
4.501481 121 82 47 121
4.503481 121 82 47 121
4.505481 121 82 47 121
4.507481 121 82 47 121
4.509481 121 82 47 121
4.511481 121 82 47 121
4.513481 121 82 47 122
4.515481 121 82 47 122
4.517481 121 82 47 122
4.519481 121 82 47 122
4.521481 121 82 47 122
4.523481 121 82 47 122
4.525481 121 82 47 122
4.527481 121 82 47 122
4.529481 121 82 47 122
4.531481 121 82 47 122
4.533481 121 82 47 122
4.535481 121 82 47 122
4.537481 121 82 47 122
4.539481 121 82 47 123
4.541481 121 82 47 123
4.543481 121 82 47 123
4.545481 121 82 47 123
4.547481 121 82 47 123
4.549481 121 82 47 123
4.551481 121 82 47 123
4.553481 121 82 47 123
4.555481 121 82 47 123
4.557481 121 82 47 123
4.559481 121 82 47 123
4.561481 121 82 47 123
4.563481 121 82 47 123
4.565481 122 81 48 124
4.567481 122 81 48 124
4.569481 122 81 48 124
4.571481 122 81 48 124
4.573481 122 81 48 124
4.575481 122 81 48 125
4.577481 122 80 48 125
4.579481 122 80 48 125
4.581481 122 80 48 125
4.583481 122 80 48 125
4.585481 122 80 48 125
4.587481 122 80 48 126
4.589481 122 80 48 126
4.591481 123 79 48 126
4.593481 123 79 48 126
4.595481 123 79 48 126
4.597481 123 79 48 126
4.599481 123 79 48 127
4.601481 123 79 48 127
4.603481 123 78 48 127
4.605481 123 78 48 127
4.607481 123 78 48 127
4.609481 123 78 48 128
4.611481 123 78 48 128
4.613481 123 78 48 128
4.615481 123 78 48 128
4.617481 124 77 48 128
4.619481 124 77 48 128
4.621481 124 77 48 129
4.623481 124 77 48 129
4.625481 124 77 48 129
4.627481 124 77 48 129
4.629481 124 76 48 129
4.631481 124 76 48 130
4.633481 124 76 48 130
4.635481 124 76 48 130
4.637481 124 76 48 130
4.639481 124 76 48 130
4.641481 124 76 48 130
4.643481 125 76 47 130
4.645481 125 76 47 130
4.647481 125 76 47 130
4.649481 125 76 47 130
4.651481 125 76 47 130
4.653481 125 76 47 130
4.655481 125 76 47 130
4.657481 125 76 47 130
4.659481 125 76 47 130
4.661481 125 76 47 130
4.663481 125 76 46 130
4.665481 125 76 46 130
4.667481 125 76 46 130
4.669481 126 76 46 130
4.671481 126 76 46 130
4.673481 126 76 46 130
4.675481 126 76 46 130
4.677481 126 76 46 130
4.679481 126 76 46 130
4.681481 126 76 46 130
4.683481 126 77 45 129
4.685481 126 77 45 129
4.687481 126 77 45 129
4.689481 126 77 45 129
4.691481 126 77 45 129
4.693481 126 77 45 129
4.695481 127 77 45 129
4.697481 127 77 45 129
4.699481 127 77 45 129
4.701481 127 77 44 129
4.703481 127 77 44 129
4.705481 127 77 44 129
4.707481 127 77 44 129
4.709481 127 77 44 129
4.711481 127 77 44 129
4.713481 127 77 44 129
4.715481 127 77 44 129
4.717481 127 77 44 129
4.719481 127 77 44 129
4.721481 128 77 44 129
4.723481 128 77 44 129
4.725481 128 77 44 129
4.727481 128 77 44 129
4.729481 128 77 44 129
4.731481 128 77 44 129
4.733481 128 77 44 129
4.735481 128 77 44 129
4.737481 128 77 44 130
4.739481 128 77 44 130
4.741481 128 77 44 130
4.743481 128 77 44 130
4.745481 128 77 44 130
4.747481 128 76 44 130
4.749481 128 76 44 130
4.751481 128 76 44 130
4.753481 128 76 44 131
4.755481 128 76 44 131
4.757481 128 76 44 131
4.759481 128 76 44 131
4.761481 128 76 44 131
4.763481 128 76 44 131
4.765481 128 76 44 131
4.767481 128 76 44 131
4.769481 128 76 44 132
4.771481 128 76 44 132
4.773481 128 75 44 132
4.775481 128 75 44 132
4.777481 128 75 44 132
4.779481 128 75 44 132
4.781481 128 75 44 132
4.783481 128 75 44 132
4.785481 128 75 44 133
4.787481 128 75 44 133
4.789481 128 75 44 133
4.791481 128 75 44 133
4.793481 128 75 44 133
4.795481 128 75 44 133
4.797481 128 75 44 133
4.799481 128 74 45 134
4.801481 128 74 45 134
4.803481 128 74 45 134
4.805481 128 74 45 134
4.807481 128 74 45 134
4.809481 128 74 45 134
4.811481 128 74 45 134
4.813481 128 74 45 134
4.815481 128 74 45 134
4.817481 128 74 45 134
4.819481 129 74 45 134
4.821481 129 74 45 134
4.823481 129 74 45 134
4.825481 129 74 45 134
4.827481 129 74 45 134
4.829481 129 74 45 134
4.831481 129 74 45 134
4.833481 129 74 45 134
4.835481 129 74 45 134
4.837481 129 74 45 134
4.839481 130 74 45 134
4.841481 130 74 45 134
4.843481 130 74 45 134
4.845481 130 74 45 134
4.847481 130 74 45 134
4.849481 130 74 45 134
4.851481 130 74 45 134
4.853481 130 74 45 134
4.855481 130 74 45 134
4.857481 130 74 45 134
4.859481 131 74 45 134
4.861481 131 74 45 134
4.863481 131 74 45 134
4.865481 131 74 45 134
4.867481 131 74 45 134
4.869481 131 74 45 134
4.871481 131 74 45 134
4.873481 131 74 45 134
4.875481 131 74 45 134
4.877481 131 74 45 134
4.879481 132 73 45 134
4.881481 132 73 45 134
4.883481 132 73 45 134
4.885481 132 73 45 134
4.887481 132 73 45 134
4.889481 132 73 45 134
4.891481 133 73 45 134
4.893481 133 73 45 135
4.895481 133 73 45 135
4.897481 133 73 45 135
4.899481 133 73 45 135
4.901481 133 73 45 135
4.903481 133 73 45 135
4.905481 134 73 45 135
4.907481 134 73 45 135
4.909481 134 73 45 136
4.911481 134 73 45 136
4.913481 134 73 45 136
4.915481 134 73 45 136
4.917481 135 73 45 136
4.919481 135 73 45 136
4.921481 135 73 45 136
4.923481 135 73 45 136
4.925481 135 73 45 137
4.927481 135 73 45 137
4.929481 135 73 45 137
4.931481 136 73 45 137
4.933481 136 73 45 137
4.935481 136 73 45 137
4.937481 136 73 45 137
4.939481 136 73 45 137
4.941481 136 73 45 138
4.943481 137 73 45 138
4.945481 137 73 45 138
4.947481 137 73 45 138
4.949481 137 73 45 138
4.951481 137 73 45 138
4.953481 137 73 45 138
4.955481 137 73 45 138
4.957481 138 73 45 139
4.959481 138 73 45 139
4.961481 138 73 45 139
4.963481 138 73 45 139
4.965481 138 73 45 139
4.967481 138 73 45 139
4.969481 138 73 45 139
4.971481 138 73 45 139
4.973481 139 73 45 139
4.975481 139 73 45 139
4.977481 139 73 45 139
4.979481 139 73 45 139
4.981481 139 73 45 139
4.983481 139 73 45 139
4.985481 139 73 45 139
4.987481 140 73 45 139
4.989481 140 73 45 139
4.991481 140 73 45 139
4.993481 140 73 45 139
4.995481 140 73 46 139
4.997481 140 73 46 139
4.999481 140 73 46 139
5.001481 140 73 46 139
5.003481 141 73 46 139
5.005481 141 73 46 139
5.007481 141 73 46 139
5.009481 141 73 46 139
5.011481 141 73 46 139
5.013481 141 73 46 139
5.015481 141 73 46 139
5.017481 141 73 46 139
5.019481 142 73 46 139
5.021481 142 73 46 139
5.023481 142 73 46 139
5.025481 142 73 46 139
5.027481 142 73 46 139
5.029481 142 73 46 139
5.031481 142 73 46 139
5.033481 142 73 46 139
5.035481 143 73 47 140
5.037481 143 73 47 140
5.039481 143 73 47 140
5.041481 143 73 47 140
5.043481 143 73 47 140
5.045481 143 73 47 141
5.047481 143 73 47 141
5.049481 143 73 47 141
5.051481 143 73 47 141
5.053481 143 73 47 141
5.055481 143 73 47 142
5.057481 143 73 47 142
5.059481 143 73 47 142
5.061481 144 73 47 142
5.063481 144 73 47 142
5.065481 144 73 47 143
5.067481 144 73 47 143
5.069481 144 73 47 143
5.071481 144 73 47 143
5.073481 144 73 47 144
5.075481 144 73 47 144
5.077481 144 73 47 144
5.079481 144 73 47 144
5.081481 144 73 47 144
5.083481 144 73 47 145
5.085481 144 73 47 145
5.087481 145 73 47 145
5.089481 145 73 47 145
5.091481 145 73 47 145
5.093481 145 73 47 146
5.095481 145 73 47 146
5.097481 145 73 47 146
5.099481 145 73 47 146
5.101481 145 73 47 146
5.103481 145 73 47 147
5.105481 145 73 47 147
5.107481 145 73 47 147
5.109481 145 73 47 147
5.111481 145 73 47 147
5.113481 146 73 48 147
5.115481 146 73 48 147
5.117481 146 73 48 147
5.119481 146 73 48 147
5.121481 146 73 48 147
5.123481 146 73 48 147
5.125481 146 73 48 147
5.127481 146 73 48 147
5.129481 146 73 48 147
5.131481 146 73 48 147
5.133481 146 73 49 147
5.135481 146 73 49 147
5.137481 146 73 49 147
5.139481 146 73 49 147
5.141481 146 73 49 147
5.143481 146 73 49 147
5.145481 146 73 49 147
5.147481 146 73 49 147
5.149481 146 73 49 147
5.151481 146 73 49 147
5.153481 147 74 50 147
5.155481 147 74 50 147
5.157481 147 74 50 147
5.159481 147 74 50 147
5.161481 147 74 50 147
5.163481 147 74 50 147
5.165481 147 74 50 147
5.167481 147 74 50 147
5.169481 147 74 50 147
5.171481 147 74 51 147
5.173481 147 74 51 147
5.175481 147 74 51 147
5.177481 147 74 51 147
5.179481 147 74 51 147
5.181481 147 74 51 147
5.183481 147 74 51 147
5.185481 147 74 51 147
5.187481 147 74 51 147
5.189481 147 74 51 147
5.191481 148 74 51 147
5.193481 148 74 51 147
5.195481 148 74 51 147
5.197481 148 74 51 147
5.199481 148 74 51 147
5.201481 148 74 51 147
5.203481 148 74 51 147
5.205481 148 74 51 147
5.207481 148 74 51 147
5.209481 148 74 51 147
5.211481 149 74 51 147
5.213481 149 74 51 147
5.215481 149 74 51 147
5.217481 149 73 51 147
5.219481 149 73 51 147
5.221481 149 73 51 147
5.223481 149 73 51 147
5.225481 149 73 51 147
5.227481 149 73 51 147
5.229481 149 73 51 147
5.231481 150 73 51 148
5.233481 150 73 51 148
5.235481 150 73 51 148
5.237481 150 73 51 148
5.239481 150 73 51 148
5.241481 150 73 51 148
5.243481 150 72 51 148
5.245481 150 72 51 148
5.247481 150 72 51 148
5.249481 150 72 51 148
5.251481 151 72 51 148
5.253481 151 72 51 148
5.255481 151 72 51 148
5.257481 151 72 51 148
5.259481 151 72 51 148
5.261481 151 72 51 148
5.263481 151 72 51 148
5.265481 151 72 51 148
5.267481 151 72 51 148
5.269481 152 71 51 148
5.271481 152 71 51 148
5.273481 152 71 51 148
5.275481 152 71 51 148
5.277481 152 71 51 148
5.279481 152 71 51 148
5.281481 152 71 51 148
5.283481 152 71 51 148
5.285481 152 71 51 148
5.287481 152 71 51 148
5.289481 152 71 52 148
5.291481 152 71 52 148
5.293481 152 71 52 148
5.295481 152 70 52 148
5.297481 152 70 52 148
5.299481 152 70 52 148
5.301481 152 70 52 148
5.303481 152 70 52 148
5.305481 152 70 52 148
5.307481 152 70 52 148
5.309481 153 70 53 148
5.311481 153 70 53 148
5.313481 153 70 53 148
5.315481 153 70 53 148
5.317481 153 70 53 148
5.319481 153 70 53 148
5.321481 153 70 53 148
5.323481 153 69 53 148
5.325481 153 69 53 148
5.327481 153 69 53 148
5.329481 153 69 54 148
5.331481 153 69 54 148
5.333481 153 69 54 148
5.335481 153 69 54 148
5.337481 153 69 54 148
5.339481 153 69 54 148
5.341481 153 69 54 148
5.343481 153 69 54 148
5.345481 153 69 54 148
5.347481 153 69 54 148
5.349481 154 68 54 148
5.351481 154 68 54 148
5.353481 154 68 54 148
5.355481 154 68 54 148
5.357481 155 68 54 148
5.359481 155 68 54 148
5.361481 155 68 54 148
5.363481 156 68 54 148
5.365481 156 68 54 148
5.367481 156 68 54 148
5.369481 156 68 54 148
5.371481 157 68 54 148
5.373481 157 68 54 148
5.375481 157 68 53 149
5.377481 157 68 53 149
5.379481 158 68 53 149
5.381481 158 68 53 149
5.383481 158 68 53 149
5.385481 158 68 53 149
5.387481 159 67 53 149
5.389481 159 67 53 149
5.391481 159 67 53 149
5.393481 159 67 53 149
5.395481 160 67 53 149
5.397481 160 67 53 149
5.399481 160 67 53 149
5.401481 160 67 52 150
5.403481 161 67 52 150
5.405481 161 67 52 150
5.407481 161 67 52 150
5.409481 161 67 52 150
5.411481 162 67 52 150
5.413481 162 67 52 150
5.415481 162 67 52 150
5.417481 162 67 52 150
5.419481 163 67 52 150
5.421481 163 67 52 150
5.423481 163 67 52 150
5.425481 163 67 52 150
5.427481 164 66 52 151
5.429481 164 66 52 151
5.431481 164 66 52 151
5.433481 164 66 52 151
5.435481 164 66 52 151
5.437481 164 66 52 151
5.439481 165 66 52 151
5.441481 165 66 52 151
5.443481 165 66 52 151
5.445481 165 66 52 151
5.447481 165 66 52 151
5.449481 165 66 52 151
5.451481 165 66 52 151
5.453481 166 65 52 151
5.455481 166 65 52 151
5.457481 166 65 52 151
5.459481 166 65 52 151
5.461481 166 65 52 151
5.463481 166 65 52 151
5.465481 167 65 52 152
5.467481 167 65 52 152
5.469481 167 65 52 152
5.471481 167 65 52 152
5.473481 167 65 52 152
5.475481 167 65 52 152
5.477481 167 65 52 152
5.479481 168 64 52 152
5.481481 168 64 52 152
5.483481 168 64 52 152
5.485481 168 64 52 152
5.487481 168 64 52 152
5.489481 168 64 52 152
5.491481 169 64 52 152
5.493481 169 64 52 152
5.495481 169 64 52 152
5.497481 169 64 52 152
5.499481 169 64 52 152
5.501481 169 64 52 152
5.503481 169 64 52 152
5.505481 170 64 53 153
5.507481 170 64 53 153
5.509481 170 64 53 153
5.511481 170 64 53 153
5.513481 170 64 53 153
5.515481 170 64 53 153
5.517481 170 64 53 153
5.519481 170 64 53 153
5.521481 171 64 53 153
5.523481 171 64 53 153
5.525481 171 64 53 153
5.527481 171 64 53 153
5.529481 171 64 53 153
5.531481 171 64 53 154
5.533481 171 64 53 154
5.535481 171 64 53 154
5.537481 172 64 53 154
5.539481 172 64 53 154
5.541481 172 64 53 154
5.543481 172 64 53 154
5.545481 172 65 54 154
5.547481 172 65 54 154
5.549481 172 65 54 154
5.551481 173 65 54 154
5.553481 173 65 54 154
5.555481 173 65 54 154
5.557481 173 65 54 155
5.559481 173 65 54 155
5.561481 173 65 54 155
5.563481 173 65 54 155
5.565481 173 65 54 155
5.567481 174 65 54 155
5.569481 174 65 54 155
5.571481 174 65 54 155
5.573481 174 65 54 155
5.575481 174 65 54 155
5.577481 174 65 54 155
5.579481 174 65 54 155
5.581481 174 65 54 155
5.583481 175 65 55 156
5.585481 175 65 55 156
5.587481 175 65 55 156
5.589481 175 65 55 156
5.591481 175 65 55 156
5.593481 175 65 55 156
5.595481 175 65 56 156
5.597481 175 65 56 156
5.599481 175 65 56 156
5.601481 175 65 56 156
5.603481 175 65 56 156
5.605481 175 65 57 156
5.607481 175 65 57 156
5.609481 175 64 57 156
5.611481 175 64 57 156
5.613481 175 64 57 156
5.615481 175 64 57 156
5.617481 175 64 58 156
5.619481 175 64 58 156
5.621481 175 64 58 156
5.623481 176 64 58 157
5.625481 176 64 58 157
5.627481 176 64 58 157
5.629481 176 64 59 157
5.631481 176 64 59 157
5.633481 176 64 59 157
5.635481 176 63 59 157
5.637481 176 63 59 157
5.639481 176 63 60 157
5.641481 176 63 60 157
5.643481 176 63 60 157
5.645481 176 63 60 157
5.647481 176 63 60 157
5.649481 176 63 60 157
5.651481 176 63 61 157
5.653481 176 63 61 157
5.655481 176 63 61 157
5.657481 176 63 61 157
5.659481 176 63 61 157
5.661481 177 62 62 158
5.663481 177 62 62 158
5.665481 177 62 62 158
5.667481 177 62 62 158
5.669481 177 62 62 158
5.671481 177 62 62 159
5.673481 177 62 62 159
5.675481 178 62 62 159
5.677481 178 62 62 159
5.679481 178 62 62 159
5.681481 178 62 62 160
5.683481 178 62 62 160
5.685481 178 62 62 160
5.687481 179 62 62 160
5.689481 179 62 62 160
5.691481 179 62 62 161
5.693481 179 62 62 161
5.695481 179 62 62 161
5.697481 179 62 62 161
5.699481 179 62 62 161
5.701481 180 62 63 162
5.703481 180 62 63 162
5.705481 180 62 63 162
5.707481 180 62 63 162
5.709481 180 62 63 162
5.711481 180 62 63 163
5.713481 181 62 63 163
5.715481 181 62 63 163
5.717481 181 62 63 163
5.719481 181 62 63 163
5.721481 181 62 63 164
5.723481 181 62 63 164
5.725481 181 62 63 164
5.727481 182 62 63 164
5.729481 182 62 63 164
5.731481 182 62 63 165
5.733481 182 62 63 165
5.735481 182 62 63 165
5.737481 182 62 63 165
5.739481 182 62 64 165
5.741481 182 62 64 165
5.743481 182 62 64 165
5.745481 182 62 64 165
5.747481 182 62 64 165
5.749481 182 62 64 165
5.751481 182 62 65 165
5.753481 182 62 65 165
5.755481 182 63 65 165
5.757481 182 63 65 165
5.759481 182 63 65 164
5.761481 182 63 65 164
5.763481 182 63 66 164
5.765481 182 63 66 164
5.767481 181 63 66 164
5.769481 181 63 66 164
5.771481 181 64 66 164
5.773481 181 64 67 164
5.775481 181 64 67 164
5.777481 181 64 67 164
5.779481 181 64 67 163
5.781481 181 64 67 163
5.783481 181 64 67 163
5.785481 181 64 68 163
5.787481 181 65 68 163
5.789481 181 65 68 163
5.791481 181 65 68 163
5.793481 180 65 68 163
5.795481 180 65 69 163
5.797481 180 65 69 163
5.799481 180 65 69 162
5.801481 180 65 69 162
5.803481 180 66 69 162
5.805481 180 66 69 162
5.807481 180 66 70 162
5.809481 180 66 70 162
5.811481 180 66 70 162
5.813481 180 66 70 162
5.815481 180 66 70 162
5.817481 180 66 70 162
5.819481 180 66 71 162
5.821481 180 66 71 162
5.823481 180 66 71 162
5.825481 180 66 71 162
5.827481 180 66 71 162
5.829481 180 66 71 162
5.831481 180 66 71 162
5.833481 180 66 71 162
5.835481 180 66 71 163
5.837481 181 65 71 163
5.839481 181 65 71 163
5.841481 181 65 71 163
5.843481 181 65 71 163
5.845481 181 65 71 163
5.847481 181 65 71 163
5.849481 181 65 71 164
5.851481 181 65 71 164
5.853481 181 65 71 164
5.855481 181 65 71 164
5.857481 182 64 71 164
5.859481 182 64 71 164
5.861481 182 64 71 164
5.863481 182 64 71 164
5.865481 182 64 71 165
5.867481 182 64 71 165
5.869481 182 64 71 165
5.871481 182 64 71 165
5.873481 182 64 71 165
5.875481 182 64 71 165
5.877481 183 63 71 165
5.879481 183 63 71 165
5.881481 183 63 71 166
5.883481 183 63 71 166
5.885481 183 63 71 166
5.887481 183 63 71 166
5.889481 183 63 71 166
5.891481 183 63 71 166
5.893481 183 63 71 166
5.895481 183 63 71 166
5.897481 184 62 72 166
5.899481 184 62 72 166
5.901481 184 62 72 166
5.903481 184 62 72 166
5.905481 184 62 72 166
5.907481 184 62 72 166
5.909481 184 62 72 166
5.911481 184 62 72 166
5.913481 184 62 72 166
5.915481 184 62 72 166
5.917481 184 62 72 166
5.919481 184 62 72 166
5.921481 184 62 72 166
5.923481 185 62 72 166
5.925481 185 62 72 166
5.927481 185 62 72 166
5.929481 185 62 72 166
5.931481 185 62 72 166
5.933481 185 62 72 166
5.935481 185 62 72 166
5.937481 185 62 72 166
5.939481 185 62 72 166
5.941481 185 62 72 166
5.943481 185 62 72 166
5.945481 185 62 72 166
5.947481 185 62 72 166
5.949481 186 62 72 166
5.951481 186 62 72 166
5.953481 186 62 72 166
5.955481 186 62 72 166
5.957481 186 62 72 166
5.959481 186 62 72 166
5.961481 186 62 72 166
5.963481 186 62 72 166
5.965481 186 62 72 166
5.967481 186 62 72 166
5.969481 186 62 72 166
5.971481 186 62 72 166
5.973481 186 62 72 166
5.975481 187 61 72 166
5.977481 187 61 72 166
5.979481 187 61 72 166
5.981481 188 61 72 166
5.983481 188 61 72 166
5.985481 188 61 72 166
5.987481 189 61 72 166
5.989481 189 61 72 166
5.991481 189 61 72 166
5.993481 190 61 72 166
5.995481 190 61 71 166
5.997481 190 61 71 166
5.999481 191 61 71 166
6.001481 191 61 71 167
6.003481 191 61 71 167
6.005481 192 61 71 167
6.007481 192 61 71 167
6.009481 192 61 71 167
6.011481 193 61 71 167
6.013481 193 61 71 167
6.015481 193 60 70 167
6.017481 194 60 70 167
6.019481 194 60 70 167
6.021481 194 60 70 167
6.023481 195 60 70 167
6.025481 195 60 70 167
6.027481 195 60 70 168
6.029481 196 60 70 168
6.031481 196 60 70 168
6.033481 196 60 69 168
6.035481 197 60 69 168
6.037481 197 60 69 168
6.039481 197 60 69 168
6.041481 198 60 69 168
6.043481 198 60 69 168
6.045481 198 60 69 168
6.047481 199 60 69 168
6.049481 199 60 69 168
6.051481 199 60 69 168
6.053481 200 60 68 169
6.055481 200 60 68 169
6.057481 200 60 68 169
6.059481 201 60 67 169
6.061481 201 60 67 169
6.063481 201 60 67 169
6.065481 202 60 66 169
6.067481 202 60 66 169
6.069481 202 60 66 170
6.071481 203 60 65 170
6.073481 203 60 65 170
6.075481 204 60 65 170
6.077481 204 60 64 170
6.079481 204 60 64 170
6.081481 205 60 64 170
6.083481 205 60 63 170
6.085481 205 60 63 171
6.087481 206 60 63 171
6.089481 206 60 62 171
6.091481 206 60 62 171
6.093481 207 60 62 171
6.095481 207 60 61 171
6.097481 207 60 61 171
6.099481 208 60 61 171
6.101481 208 60 60 172
6.103481 209 60 60 172
6.105481 209 60 60 172
6.107481 209 60 59 172
6.109481 210 60 59 172
6.111481 210 60 59 172
6.113481 210 60 58 172
6.115481 211 60 58 172
6.117481 211 60 58 173
6.119481 211 60 57 173
6.121481 212 60 57 173
6.123481 212 60 57 173
6.125481 212 60 56 173
6.127481 213 60 56 173
6.129481 213 60 56 173
6.131481 214 59 56 174
6.133481 214 59 56 174
6.135481 214 59 56 174
6.137481 214 59 56 174
6.139481 214 59 56 174
6.141481 215 59 56 174
6.143481 215 59 56 175
6.145481 215 59 56 175
6.147481 215 59 56 175
6.149481 215 59 56 175
6.151481 216 59 56 175
6.153481 216 59 56 175
6.155481 216 59 56 176
6.157481 216 59 56 176
6.159481 216 59 56 176
6.161481 217 59 56 176
6.163481 217 59 56 176
6.165481 217 59 56 177
6.167481 217 59 56 177
6.169481 217 59 56 177
6.171481 218 59 57 177
6.173481 218 59 57 177
6.175481 218 59 57 177
6.177481 218 59 57 178
6.179481 218 59 57 178
6.181481 219 59 57 178
6.183481 219 59 57 178
6.185481 219 59 57 178
6.187481 219 59 57 179
6.189481 219 59 57 179
6.191481 220 59 57 179
6.193481 220 59 57 179
6.195481 220 59 57 179
6.197481 220 59 57 179
6.199481 220 59 57 180
6.201481 221 59 57 180
6.203481 221 59 57 180
6.205481 221 59 57 180
6.207481 221 59 57 180
6.209481 221 59 57 180
6.211481 222 59 57 180
6.213481 222 59 57 180
6.215481 222 59 57 180
6.217481 222 59 57 179
6.219481 222 59 57 179
6.221481 222 59 57 179
6.223481 222 59 57 179
6.225481 222 59 57 178
6.227481 222 59 57 178
6.229481 222 59 57 178
6.231481 222 59 57 178
6.233481 222 59 57 177
6.235481 222 59 57 177
6.237481 223 59 57 177
6.239481 223 59 57 177
6.241481 223 59 57 176
6.243481 223 59 57 176
6.245481 223 59 57 176
6.247481 223 59 57 176
6.249481 223 60 57 175
6.251481 223 60 57 175
6.253481 223 60 57 175
6.255481 223 60 57 175
6.257481 223 60 57 174
6.259481 223 60 57 174
6.261481 223 60 57 174
6.263481 224 60 57 174
6.265481 224 60 57 173
6.267481 224 60 57 173
6.269481 224 60 57 173
6.271481 224 60 57 173
6.273481 224 60 57 172
6.275481 224 60 57 172
6.277481 224 60 57 172
6.279481 224 60 57 172
6.281481 224 60 57 171
6.283481 224 60 57 171
6.285481 224 60 57 171
6.287481 224 60 57 171
6.289481 225 60 57 171
6.291481 225 60 57 171
6.293481 225 60 58 172
6.295481 225 60 58 172
6.297481 225 60 58 172
6.299481 225 60 59 173
6.301481 225 60 59 173
6.303481 225 60 59 173
6.305481 225 60 60 174
6.307481 225 60 60 174
6.309481 225 60 61 175
6.311481 225 60 61 175
6.313481 225 60 61 175
6.315481 225 60 62 176
6.317481 225 60 62 176
6.319481 225 60 63 177
6.321481 225 60 63 177
6.323481 225 60 63 177
6.325481 225 60 64 178
6.327481 225 59 64 178
6.329481 225 59 64 178
6.331481 225 59 65 179
6.333481 225 59 65 179
6.335481 225 59 66 180
6.337481 225 59 66 180
6.339481 225 59 66 180
6.341481 225 59 67 181
6.343481 225 59 67 181
6.345481 225 59 68 182
6.347481 225 59 68 182
6.349481 225 59 68 182
6.351481 225 59 69 183
6.353481 225 59 69 183
6.355481 225 59 69 183
6.357481 225 59 70 184
6.359481 225 59 70 184
6.361481 225 59 71 185
6.363481 225 59 71 185
6.365481 225 59 71 185
6.367481 225 58 72 186
6.369481 225 58 72 186
6.371481 225 58 72 186
6.373481 225 58 72 186
6.375481 225 58 72 186
6.377481 225 58 72 186
6.379481 225 58 72 186
6.381481 225 58 72 186
6.383481 225 58 72 186
6.385481 225 58 72 186
6.387481 225 58 73 186
6.389481 225 58 73 186
6.391481 225 58 73 186
6.393481 225 57 73 187
6.395481 225 57 73 187
6.397481 225 57 73 187
6.399481 225 57 73 187
6.401481 225 57 73 187
6.403481 225 57 73 187
6.405481 225 57 73 187
6.407481 226 57 74 187
6.409481 226 57 74 187
6.411481 226 57 74 187
6.413481 226 57 74 187
6.415481 226 57 74 187
6.417481 226 57 74 187
6.419481 226 56 74 188
6.421481 226 56 74 188
6.423481 226 56 74 188
6.425481 226 56 75 188
6.427481 226 56 75 188
6.429481 226 56 75 188
6.431481 226 56 75 188
6.433481 226 56 75 188
6.435481 226 56 75 188
6.437481 226 56 75 188
6.439481 226 56 75 188
6.441481 226 56 75 188
6.443481 226 56 75 188
6.445481 227 55 75 188
6.447481 227 55 75 188
6.449481 227 55 75 188
6.451481 227 55 75 188
6.453481 227 55 74 188
6.455481 227 55 74 188
6.457481 228 55 74 188
6.459481 228 55 74 188
6.461481 228 55 73 188
6.463481 228 55 73 188
6.465481 228 55 73 188
6.467481 229 55 73 188
6.469481 229 55 72 188
6.471481 229 55 72 188
6.473481 229 55 72 188
6.475481 229 55 72 188
6.477481 229 55 71 188
6.479481 230 55 71 188
6.481481 230 55 71 188
6.483481 230 55 71 188
6.485481 230 55 70 188
6.487481 230 55 70 188
6.489481 231 55 70 188
6.491481 231 55 70 188
6.493481 231 55 69 188
6.495481 231 55 69 188
6.497481 231 55 69 188
6.499481 231 55 69 188
6.501481 232 55 68 188
6.503481 232 55 68 188
6.505481 232 55 68 188
6.507481 232 55 67 188
6.509481 232 55 67 188
6.511481 232 55 67 188
6.513481 233 55 67 188
6.515481 233 55 66 188
6.517481 233 55 66 188
6.519481 233 55 66 188
6.521481 233 55 66 188
