0.072682 291 102 55 145
0.074682 290 101 55 145
0.076682 290 101 55 145
0.078682 290 101 55 145
0.080682 290 101 55 145
0.082682 290 101 55 145
0.084682 290 101 55 145
0.086682 290 101 55 146
0.088682 290 100 55 146
0.090682 290 100 55 146
0.092682 289 100 55 146
0.094682 289 100 55 146
0.096682 289 100 55 146
0.098682 289 100 55 147
0.100682 289 100 55 147
0.102682 289 99 55 147
0.104682 289 99 55 147
0.106682 289 99 55 147
0.108682 289 99 55 147
0.110682 288 99 55 148
0.112682 288 99 55 148
0.114682 288 99 55 148
0.116682 288 98 55 148
0.118682 288 98 55 148
0.120682 288 98 55 148
0.122682 288 98 55 149
0.124682 288 98 55 149
0.126682 288 98 55 149
0.128682 287 98 55 149
0.130682 287 98 55 149
0.132682 287 97 55 149
0.134682 287 97 55 150
0.136682 287 97 55 150
0.138682 287 97 55 150
0.140682 287 97 55 150
0.142682 287 97 55 150
0.144682 287 97 55 150
0.146682 286 97 56 150
0.148682 286 97 56 150
0.150682 286 97 56 150
0.152682 286 97 56 150
0.154682 286 97 56 150
0.156682 286 97 56 150
0.158682 285 97 56 150
0.160682 285 97 56 150
0.162682 285 97 56 150
0.164682 285 97 57 150
0.166682 285 97 57 150
0.168682 285 97 57 150
0.170682 284 97 57 150
0.172682 284 97 57 150
0.174682 284 97 57 150
0.176682 284 97 57 150
0.178682 284 97 57 150
0.180682 284 97 57 150
0.182682 283 98 58 149
0.184682 283 98 58 149
0.186682 283 98 58 149
0.188682 283 98 58 149
0.190682 283 98 58 149
0.192682 283 98 58 149
0.194682 282 98 58 149
0.196682 282 98 58 149
0.198682 282 98 58 149
0.200682 282 98 59 149
0.202682 282 98 59 149
0.204682 282 98 59 149
0.206682 281 98 59 149
0.208682 281 98 59 149
0.210682 281 98 59 149
0.212682 281 98 59 149
0.214682 281 98 59 149
0.216682 281 98 59 149
0.218682 280 99 60 148
0.220682 280 99 60 148
0.222682 280 99 60 148
0.224682 279 99 60 148
0.226682 279 99 60 148
0.228682 279 99 61 148
0.230682 278 99 61 148
0.232682 278 99 61 148
0.234682 278 99 61 147
0.236682 277 99 62 147
0.238682 277 99 62 147
0.240682 277 99 62 147
0.242682 276 99 62 147
0.244682 276 100 63 147
0.246682 275 100 63 147
0.248682 275 100 63 146
0.250682 275 100 63 146
0.252682 274 100 64 146
0.254682 274 100 64 146
0.256682 274 100 64 146
0.258682 273 100 64 146
0.260682 273 100 65 146
0.262682 273 100 65 145
0.264682 272 100 65 145
0.266682 272 100 65 145
0.268682 272 101 66 145
0.270682 271 101 66 145
0.272682 271 101 66 145
0.274682 271 101 66 145
0.276682 270 101 67 145
0.278682 270 101 67 144
0.280682 269 101 67 144
0.282682 269 101 67 144
0.284682 269 101 68 144
0.286682 268 101 68 144
0.288682 268 101 68 144
0.290682 268 101 68 144
0.292682 267 101 69 144
0.294682 267 101 69 144
0.296682 266 101 69 144
0.298682 266 101 70 144
0.300682 265 101 70 144
0.302682 265 101 70 144
0.304682 264 101 71 144
0.306682 264 101 71 144
0.308682 263 101 72 144
0.310682 263 101 72 144
0.312682 262 101 72 144
0.314682 262 101 73 144
0.316682 261 101 73 145
0.318682 261 101 73 145
0.320682 260 101 74 145
0.322682 260 101 74 145
0.324682 259 101 74 145
0.326682 259 101 75 145
0.328682 258 101 75 145
0.330682 258 101 75 145
0.332682 257 101 76 145
0.334682 257 101 76 145
0.336682 256 101 77 145
0.338682 256 101 77 145
0.340682 255 101 77 146
0.342682 255 101 78 146
0.344682 254 101 78 146
0.346682 254 101 78 146
0.348682 253 101 79 146
0.350682 253 101 79 146
0.352682 252 101 79 146
0.354682 252 101 80 146
0.356682 251 101 80 146
0.358682 251 101 80 146
0.360682 250 101 81 146
0.362682 250 101 81 146
0.364682 250 100 81 146
0.366682 250 100 81 146
0.368682 250 100 81 146
0.370682 250 100 81 146
0.372682 250 100 81 146
0.374682 250 100 81 146
0.376682 250 100 80 146
0.378682 250 100 80 146
0.380682 250 100 80 146
0.382682 250 100 80 146
0.384682 251 100 80 146
0.386682 251 100 79 146
0.388682 251 100 79 146
0.390682 251 100 79 146
0.392682 251 100 79 146
0.394682 251 100 79 146
0.396682 251 100 78 146
0.398682 251 100 78 146
0.400682 251 100 78 146
0.402682 252 100 78 146
0.404682 252 100 78 146
0.406682 252 100 77 146
0.408682 252 100 77 146
0.410682 252 100 77 146
0.412682 252 100 77 146
0.414682 252 100 77 146
0.416682 252 100 76 146
0.418682 252 100 76 146
0.420682 253 100 76 146
0.422682 253 100 76 146
0.424682 253 100 76 146
0.426682 253 100 76 146
0.428682 253 100 75 146
0.430682 253 100 75 146
0.432682 253 100 75 146
0.434682 253 100 75 146
0.436682 253 100 75 146
0.438682 253 99 74 146
0.440682 253 99 74 146
0.442682 253 99 74 146
0.444682 253 99 74 146
0.446682 253 99 74 146
0.448682 253 99 74 146
0.450682 253 99 73 146
0.452682 253 99 73 146
0.454682 253 99 73 146
0.456682 253 99 73 146
0.458682 253 99 73 146
0.460682 253 99 73 146
0.462682 252 99 72 146
0.464682 252 99 72 146
0.466682 252 99 72 146
0.468682 252 99 72 146
0.470682 252 99 72 146
0.472682 252 99 72 146
0.474682 252 98 71 147
0.476682 252 98 71 147
0.478682 252 98 71 147
0.480682 252 98 71 147
0.482682 252 98 71 147
0.484682 252 98 71 147
0.486682 251 98 70 147
0.488682 251 98 70 147
0.490682 251 98 70 147
0.492682 251 98 70 147
0.494682 251 98 70 147
0.496682 251 98 70 147
0.498682 251 98 69 147
0.500682 251 98 69 147
0.502682 251 98 69 147
0.504682 251 98 69 147
0.506682 251 98 69 147
0.508682 251 98 69 147
0.510682 250 97 68 148
0.512682 250 97 68 148
0.514682 250 97 68 148
0.516682 250 97 68 148
0.518682 250 97 68 148
0.520682 250 97 68 148
0.522682 249 97 68 148
0.524682 249 97 68 148
0.526682 249 97 68 148
0.528682 249 97 68 148
0.530682 249 97 68 148
0.532682 249 97 68 148
0.534682 249 97 68 148
0.536682 248 97 68 148
0.538682 248 97 68 148
0.540682 248 97 68 148
0.542682 248 97 68 148
0.544682 248 97 68 148
0.546682 248 97 68 148
0.548682 247 96 68 149
0.550682 247 96 68 149
0.552682 247 96 68 149
0.554682 247 96 68 149
0.556682 247 96 68 149
0.558682 247 96 68 149
0.560682 246 96 68 149
0.562682 246 96 68 149
0.564682 246 96 68 149
0.566682 246 96 68 149
0.568682 246 96 68 149
0.570682 246 96 68 149
0.572682 245 96 68 149
0.574682 245 96 68 149
0.576682 245 96 68 149
0.578682 245 96 68 149
0.580682 245 96 68 149
0.582682 245 96 68 149
0.584682 244 96 68 150
0.586682 244 96 68 150
0.588682 244 96 68 150
0.590682 244 96 68 150
0.592682 244 96 68 150
0.594682 244 96 68 150
0.596682 244 96 68 150
0.598682 243 96 68 150
0.600682 243 96 68 150
0.602682 243 96 68 151
0.604682 243 96 68 151
0.606682 243 96 68 151
0.608682 243 96 68 151
0.610682 243 96 68 151
0.612682 242 96 68 151
0.614682 242 96 68 151
0.616682 242 96 68 151
0.618682 242 96 68 151
0.620682 242 96 68 152
0.622682 242 96 68 152
0.624682 242 96 68 152
0.626682 242 96 68 152
0.628682 241 96 68 152
0.630682 241 96 68 152
0.632682 241 96 68 152
0.634682 241 96 68 152
0.636682 241 96 68 152
0.638682 241 96 68 153
0.640682 241 96 68 153
0.642682 240 96 68 153
0.644682 240 96 68 153
0.646682 240 96 68 153
0.648682 240 96 68 153
0.650682 240 96 68 153
0.652682 240 96 68 153
0.654682 240 96 68 153
0.656682 239 96 68 154
0.658682 239 96 68 154
0.660682 239 96 68 154
0.662682 239 96 68 154
0.664682 238 96 68 154
0.666682 238 96 68 154
0.668682 238 96 68 154
0.670682 238 96 68 154
0.672682 237 96 68 154
0.674682 237 96 68 154
0.676682 237 96 68 154
0.678682 237 96 68 154
0.680682 236 96 68 154
0.682682 236 96 68 154
0.684682 236 96 68 154
0.686682 236 96 68 154
0.688682 236 96 68 154
0.690682 235 96 68 154
0.692682 235 96 68 154
0.694682 235 96 69 154
0.696682 235 96 69 154
0.698682 234 96 69 154
0.700682 234 96 69 154
0.702682 234 96 69 154
0.704682 234 96 69 154
0.706682 233 96 69 154
0.708682 233 96 69 154
0.710682 233 96 69 154
0.712682 233 96 69 154
0.714682 232 96 69 154
0.716682 232 96 69 154
0.718682 232 96 69 154
0.720682 232 96 69 154
0.722682 231 96 69 154
0.724682 231 96 69 154
0.726682 231 96 69 154
0.728682 231 96 69 154
0.730682 230 96 70 153
0.732682 230 96 70 153
0.734682 230 96 70 153
0.736682 230 96 70 152
0.738682 229 96 70 152
0.740682 229 96 70 152
0.742682 229 96 70 152
0.744682 229 96 70 151
0.746682 229 96 70 151
0.748682 228 96 70 151
0.750682 228 96 70 151
0.752682 228 96 70 150
0.754682 228 96 70 150
0.756682 227 96 70 150
0.758682 227 96 70 149
0.760682 227 96 70 149
0.762682 227 96 70 149
0.764682 227 96 70 149
0.766682 226 97 70 148
0.768682 226 97 70 148
0.770682 226 97 70 148
0.772682 226 97 70 148
0.774682 226 97 70 147
0.776682 225 97 70 147
0.778682 225 97 70 147
0.780682 225 97 70 146
0.782682 225 97 70 146
0.784682 224 97 70 146
0.786682 224 97 70 146
0.788682 224 97 70 145
0.790682 224 97 70 145
0.792682 224 97 70 145
0.794682 223 97 70 145
0.796682 223 97 70 144
0.798682 223 97 70 144
0.800682 223 97 70 144
0.802682 222 98 71 144
0.804682 222 98 71 144
0.806682 222 98 71 144
0.808682 221 98 71 144
0.810682 221 98 71 144
0.812682 220 98 72 144
0.814682 220 98 72 144
0.816682 220 98 72 144
0.818682 219 98 72 144
0.820682 219 98 73 144
0.822682 219 98 73 144
0.824682 218 98 73 144
0.826682 218 98 73 145
0.828682 217 98 73 145
0.830682 217 98 74 145
0.832682 217 98 74 145
0.834682 216 98 74 145
0.836682 216 98 74 145
0.838682 216 98 74 145
0.840682 215 98 75 145
0.842682 215 98 75 145
0.844682 214 98 75 145
0.846682 214 98 75 145
0.848682 214 98 76 145
0.850682 213 98 76 145
0.852682 213 98 76 146
0.854682 212 98 76 146
0.856682 212 98 76 146
0.858682 212 98 77 146
0.860682 211 98 77 146
0.862682 211 98 77 146
0.864682 211 98 77 146
0.866682 210 98 78 146
0.868682 210 98 78 146
0.870682 209 98 78 146
0.872682 209 98 78 146
0.874682 209 98 78 146
0.876682 209 98 78 146
0.878682 209 98 78 146
0.880682 209 98 78 146
0.882682 209 98 78 146
0.884682 209 98 78 146
0.886682 209 98 77 146
0.888682 209 98 77 146
0.890682 209 98 77 146
0.892682 209 98 77 146
0.894682 209 98 77 146
0.896682 209 98 76 146
0.898682 209 98 76 146
0.900682 210 98 76 146
0.902682 210 98 76 146
0.904682 210 98 76 146
0.906682 210 98 75 146
0.908682 210 98 75 146
0.910682 210 98 75 146
0.912682 210 97 75 145
0.914682 210 97 75 145
0.916682 210 97 75 145
0.918682 210 97 74 145
0.920682 210 97 74 145
0.922682 210 97 74 145
0.924682 211 97 74 145
0.926682 211 97 74 145
0.928682 211 97 73 145
0.930682 211 97 73 145
0.932682 211 97 73 145
0.934682 211 97 73 145
0.936682 211 97 73 145
0.938682 211 97 72 145
0.940682 211 97 72 145
0.942682 211 97 72 145
0.944682 211 97 72 145
0.946682 211 97 72 145
0.948682 211 97 72 145
0.950682 211 97 72 145
0.952682 211 97 72 145
0.954682 211 97 72 145
0.956682 211 97 72 146
0.958682 210 97 72 146
0.960682 210 97 72 146
0.962682 210 97 72 146
0.964682 210 97 72 147
0.966682 209 97 72 147
0.968682 209 97 72 147
0.970682 209 97 72 148
0.972682 209 97 72 148
0.974682 209 97 72 148
0.976682 208 97 72 148
0.978682 208 97 72 149
0.980682 208 97 72 149
0.982682 208 97 72 149
0.984682 207 97 73 150
0.986682 207 97 73 150
0.988682 207 97 73 150
0.990682 207 97 73 150
0.992682 207 97 73 151
0.994682 206 97 73 151
0.996682 206 97 73 151
0.998682 206 97 73 151
1.000682 206 97 73 152
1.002682 206 97 73 152
1.004682 205 97 73 152
1.006682 205 97 73 153
1.008682 205 97 73 153
1.010682 205 97 73 153
1.012682 204 97 73 153
1.014682 204 97 73 154
1.016682 204 97 73 154
1.018682 204 97 73 154
1.020682 204 97 73 154
1.022682 204 97 73 154
1.024682 204 97 73 154
1.026682 204 97 73 154
1.028682 204 97 73 154
1.030682 204 97 72 153
1.032682 204 97 72 153
1.034682 204 97 72 153
1.036682 204 97 72 153
1.038682 204 97 71 152
1.040682 204 97 71 152
1.042682 204 97 71 152
1.044682 204 97 71 152
1.046682 204 97 70 151
1.048682 204 97 70 151
1.050682 204 97 70 151
1.052682 204 97 70 151
1.054682 204 97 69 150
1.056682 204 97 69 150
1.058682 205 98 69 150
1.060682 205 98 69 150
1.062682 205 98 68 149
1.064682 205 98 68 149
1.066682 205 98 68 149
1.068682 205 98 68 149
1.070682 205 98 67 148
1.072682 205 98 67 148
1.074682 205 98 67 148
1.076682 205 98 67 148
1.078682 205 98 66 147
1.080682 205 98 66 147
1.082682 205 98 66 147
1.084682 205 98 66 147
1.086682 205 98 65 146
1.088682 205 98 65 146
1.090682 205 98 65 146
1.092682 205 98 65 146
1.094682 205 99 64 146
1.096682 205 99 64 146
1.098682 205 99 64 146
1.100682 205 99 64 146
1.102682 205 99 64 146
1.104682 205 99 64 146
1.106682 205 99 64 146
1.108682 205 99 64 146
1.110682 205 99 64 146
1.112682 205 99 64 146
1.114682 205 99 64 146
1.116682 205 99 64 146
1.118682 204 99 63 146
1.120682 204 99 63 146
1.122682 204 99 63 146
1.124682 204 99 63 146
1.126682 204 99 63 146
1.128682 204 99 63 146
1.130682 204 99 63 147
1.132682 204 99 63 147
1.134682 204 99 63 147
1.136682 204 99 63 147
1.138682 204 99 63 147
1.140682 204 99 63 147
1.142682 204 99 63 147
1.144682 203 99 62 147
1.146682 203 99 62 147
1.148682 203 99 62 147
1.150682 203 99 62 147
1.152682 203 99 62 147
1.154682 203 99 62 147
1.156682 203 99 62 147
1.158682 203 99 62 147
1.160682 203 99 62 147
1.162682 203 99 62 147
1.164682 203 99 62 147
1.166682 203 99 62 147
1.168682 202 99 61 148
1.170682 202 99 61 148
1.172682 202 99 61 148
1.174682 202 99 61 148
1.176682 201 99 61 148
1.178682 201 99 61 148
1.180682 201 99 61 148
1.182682 201 99 61 148
1.184682 200 99 61 148
1.186682 200 99 61 148
1.188682 200 99 61 148
1.190682 200 99 61 148
1.192682 199 99 61 148
1.194682 199 99 61 148
1.196682 199 99 61 148
1.198682 199 99 61 148
1.200682 198 99 61 148
1.202682 198 99 61 148
1.204682 198 99 61 148
1.206682 198 99 61 148
1.208682 197 99 61 148
1.210682 197 99 61 148
1.212682 197 99 61 148
1.214682 197 99 61 148
1.216682 196 99 61 148
1.218682 196 99 61 148
1.220682 196 99 61 148
1.222682 196 99 61 148
1.224682 195 99 61 148
1.226682 195 99 61 148
1.228682 195 99 61 148
1.230682 195 99 61 148
1.232682 194 99 61 148
1.234682 194 99 61 148
1.236682 194 99 61 148
1.238682 194 99 61 148
1.240682 193 99 61 148
1.242682 193 99 61 148
1.244682 193 99 61 148
1.246682 192 99 61 148
1.248682 192 99 61 148
1.250682 192 99 61 148
1.252682 192 99 61 148
1.254682 191 99 62 148
1.256682 191 99 62 148
1.258682 191 99 62 149
1.260682 190 99 62 149
1.262682 190 99 62 149
1.264682 190 100 62 149
1.266682 189 100 62 149
1.268682 189 100 62 149
1.270682 189 100 63 149
1.272682 189 100 63 149
1.274682 188 100 63 149
1.276682 188 100 63 150
1.278682 188 100 63 150
1.280682 187 100 63 150
1.282682 187 100 63 150
1.284682 187 100 64 150
1.286682 186 100 64 150
1.288682 186 101 64 150
1.290682 186 101 64 150
1.292682 186 101 64 150
1.294682 185 101 64 150
1.296682 185 101 64 151
1.298682 185 101 65 151
1.300682 184 101 65 151
1.302682 184 101 65 151
1.304682 184 101 65 151
1.306682 183 101 65 151
1.308682 183 101 65 151
1.310682 183 101 65 151
1.312682 183 101 65 151
1.314682 182 102 66 151
1.316682 182 102 66 151
1.318682 182 102 66 151
1.320682 182 102 66 151
1.322682 181 102 66 151
1.324682 181 102 66 150
1.326682 181 102 66 150
1.328682 181 102 66 150
1.330682 180 102 66 150
1.332682 180 102 66 150
1.334682 180 102 66 149
1.336682 180 102 66 149
1.338682 179 102 67 149
1.340682 179 102 67 149
1.342682 179 102 67 149
1.344682 179 102 67 148
1.346682 178 102 67 148
1.348682 178 102 67 148
1.350682 178 102 67 148
1.352682 178 102 67 148
1.354682 177 102 67 147
1.356682 177 102 67 147
1.358682 177 102 67 147
1.360682 177 102 67 147
1.362682 176 102 68 147
1.364682 176 102 68 147
1.366682 176 102 68 146
1.368682 176 102 68 146
1.370682 175 102 68 146
1.372682 175 102 68 146
1.374682 175 102 68 146
1.376682 175 102 68 145
1.378682 174 102 68 145
1.380682 174 102 68 145
1.382682 174 102 68 145
1.384682 174 102 68 145
1.386682 173 102 69 145
1.388682 173 102 69 145
1.390682 173 102 69 145
1.392682 173 102 69 145
1.394682 173 102 69 145
1.396682 173 102 69 145
1.398682 173 102 69 145
1.400682 173 102 69 145
1.402682 173 102 69 145
1.404682 172 102 69 145
1.406682 172 102 69 145
1.408682 172 102 69 145
1.410682 172 102 69 145
1.412682 172 102 69 145
1.414682 172 102 69 145
1.416682 172 102 69 145
1.418682 172 102 69 145
1.420682 172 102 69 145
1.422682 171 102 69 146
1.424682 171 102 69 146
1.426682 171 102 69 146
1.428682 171 102 69 146
1.430682 171 102 69 146
1.432682 171 102 69 146
1.434682 171 102 69 146
1.436682 171 102 69 146
1.438682 171 102 69 146
1.440682 170 102 69 146
1.442682 170 102 69 146
1.444682 170 102 69 146
1.446682 170 102 69 146
1.448682 170 102 69 146
1.450682 170 102 69 146
1.452682 170 102 69 146
1.454682 170 102 69 146
1.456682 170 102 69 146
1.458682 170 102 69 146
1.460682 169 103 69 147
1.462682 169 103 69 147
1.464682 169 103 69 147
1.466682 169 103 69 147
1.468682 169 103 69 147
1.470682 169 103 69 147
1.472682 169 103 69 147
1.474682 169 103 69 147
1.476682 169 103 69 147
1.478682 169 103 69 147
1.480682 169 103 69 147
1.482682 169 103 69 147
1.484682 169 103 68 147
1.486682 169 103 68 147
1.488682 169 103 68 147
1.490682 169 103 68 147
1.492682 169 103 68 147
1.494682 169 103 68 147
1.496682 168 103 68 148
1.498682 168 103 68 148
1.500682 168 103 68 148
1.502682 168 103 68 148
1.504682 168 103 68 148
1.506682 168 103 68 148
1.508682 168 103 67 148
1.510682 168 103 67 148
1.512682 168 103 67 148
1.514682 168 103 67 148
1.516682 168 103 67 148
1.518682 168 103 67 148
1.520682 168 103 67 148
1.522682 168 103 67 148
1.524682 168 103 67 148
1.526682 168 103 67 148
1.528682 168 103 67 148
1.530682 168 103 67 148
1.532682 167 103 66 148
1.534682 167 103 66 148
1.536682 167 103 66 148
1.538682 167 103 66 148
1.540682 167 103 66 148
1.542682 167 103 65 148
1.544682 167 103 65 147
1.546682 167 103 65 147
1.548682 167 103 65 147
1.550682 167 103 65 147
1.552682 167 103 64 147
1.554682 167 103 64 147
1.556682 166 103 64 146
1.558682 166 103 64 146
1.560682 166 103 64 146
1.562682 166 103 64 146
1.564682 166 103 63 146
1.566682 166 103 63 146
1.568682 166 103 63 145
1.570682 166 103 63 145
1.572682 166 103 63 145
1.574682 166 103 62 145
1.576682 166 103 62 145
1.578682 166 103 62 145
1.580682 165 103 62 144
1.582682 165 103 62 144
1.584682 165 103 61 144
1.586682 165 103 61 144
1.588682 165 103 61 144
1.590682 165 103 61 144
1.592682 165 103 61 143
1.594682 165 103 60 143
1.596682 165 103 60 143
1.598682 165 103 60 143
1.600682 165 103 60 143
1.602682 165 103 60 143
1.604682 165 103 60 143
1.606682 164 103 59 143
1.608682 164 103 59 143
1.610682 164 103 59 143
1.612682 164 103 59 143
1.614682 164 103 59 143
1.616682 164 103 59 144
1.618682 163 103 59 144
1.620682 163 103 59 144
1.622682 163 103 59 144
1.624682 163 103 59 144
1.626682 163 103 59 145
1.628682 163 103 59 145
1.630682 162 103 59 145
1.632682 162 103 59 145
1.634682 162 103 59 145
1.636682 162 103 59 146
1.638682 162 103 59 146
1.640682 162 103 59 146
1.642682 161 103 59 146
1.644682 161 103 59 146
1.646682 161 103 59 147
1.648682 161 103 59 147
1.650682 161 103 59 147
1.652682 161 103 59 147
1.654682 160 103 59 147
1.656682 160 103 59 147
1.658682 160 103 59 148
1.660682 160 103 59 148
1.662682 160 103 59 148
1.664682 160 103 59 148
1.666682 159 103 59 148
1.668682 159 103 59 149
1.670682 159 103 59 149
1.672682 159 103 59 149
1.674682 159 103 59 149
1.676682 159 103 59 149
1.678682 158 103 59 149
1.680682 158 103 59 149
1.682682 158 103 59 149
1.684682 158 103 59 149
1.686682 158 103 59 149
1.688682 158 103 59 148
1.690682 158 103 59 148
1.692682 158 103 59 148
1.694682 158 103 59 148
1.696682 157 103 59 148
1.698682 157 103 59 147
1.700682 157 103 59 147
1.702682 157 102 59 147
1.704682 157 102 59 147
1.706682 157 102 59 147
1.708682 157 102 59 147
1.710682 157 102 59 146
1.712682 157 102 59 146
1.714682 156 102 59 146
1.716682 156 102 59 146
1.718682 156 102 59 146
1.720682 156 102 59 145
1.722682 156 102 59 145
1.724682 156 102 59 145
1.726682 156 101 59 145
1.728682 156 101 59 145
1.730682 156 101 59 144
1.732682 155 101 59 144
1.734682 155 101 59 144
1.736682 155 101 59 144
1.738682 155 101 59 144
1.740682 155 101 59 143
1.742682 155 101 59 143
1.744682 155 101 59 143
1.746682 155 101 59 143
1.748682 155 101 59 143
1.750682 154 101 59 142
1.752682 154 101 59 142
1.754682 153 101 59 142
1.756682 153 101 60 142
1.758682 152 101 60 142
1.760682 151 101 61 142
1.762682 151 101 61 142
1.764682 150 101 62 142
1.766682 150 102 62 142
1.768682 149 102 63 142
1.770682 148 102 63 141
1.772682 148 102 64 141
1.774682 147 102 64 141
1.776682 147 102 65 141
1.778682 146 102 65 141
1.780682 145 103 66 141
1.782682 145 103 66 141
1.784682 144 103 67 141
1.786682 144 103 67 141
1.788682 143 103 68 140
1.790682 142 103 68 140
1.792682 142 103 69 140
1.794682 141 104 69 140
1.796682 141 104 70 140
1.798682 140 104 70 140
1.800682 139 104 71 140
1.802682 139 104 71 140
1.804682 138 104 72 140
1.806682 138 104 72 139
1.808682 137 104 73 139
1.810682 136 105 73 139
1.812682 136 105 74 139
1.814682 135 105 74 139
1.816682 135 105 75 139
1.818682 134 105 75 139
1.820682 133 105 76 139
1.822682 133 105 76 139
1.824682 132 105 77 139
1.826682 132 105 77 139
1.828682 132 105 77 139
1.830682 132 105 77 139
1.832682 132 105 77 139
1.834682 131 105 77 139
1.836682 131 105 77 139
1.838682 131 105 77 139
1.840682 131 105 77 139
1.842682 131 105 77 139
1.844682 130 105 77 139
1.846682 130 105 77 139
1.848682 130 104 77 139
1.850682 130 104 77 139
1.852682 130 104 77 139
1.854682 130 104 77 139
1.856682 129 104 77 139
1.858682 129 104 77 139
1.860682 129 104 77 139
1.862682 129 104 77 139
1.864682 129 104 77 139
1.866682 128 104 77 139
1.868682 128 104 77 139
1.870682 128 104 77 139
1.872682 128 103 77 139
1.874682 128 103 77 139
1.876682 127 103 77 139
1.878682 127 103 77 139
1.880682 127 103 77 139
1.882682 127 103 77 139
1.884682 127 103 77 139
1.886682 126 103 77 139
1.888682 126 103 77 139
1.890682 126 103 77 139
1.892682 126 103 77 139
1.894682 126 103 77 139
1.896682 125 102 76 140
1.898682 125 102 76 140
1.900682 125 102 76 140
1.902682 125 102 76 140
1.904682 125 102 76 140
1.906682 125 102 76 140
1.908682 125 102 76 140
1.910682 125 102 76 140
1.912682 125 102 76 140
1.914682 125 102 76 140
1.916682 125 102 75 140
1.918682 125 102 75 140
1.920682 125 102 75 140
1.922682 124 102 75 140
1.924682 124 102 75 140
1.926682 124 102 75 140
1.928682 124 102 75 140
1.930682 124 102 75 140
1.932682 124 102 75 140
1.934682 124 101 74 141
1.936682 124 101 74 141
1.938682 124 101 74 141
1.940682 124 101 74 141
1.942682 124 101 74 141
1.944682 124 101 74 141
1.946682 123 101 74 141
1.948682 123 101 74 141
1.950682 123 101 74 141
1.952682 123 101 73 141
1.954682 123 101 73 141
1.956682 123 101 73 141
1.958682 123 101 73 141
1.960682 123 101 73 141
1.962682 123 101 73 141
1.964682 123 101 73 141
1.966682 123 101 73 141
1.968682 123 101 73 141
1.970682 122 101 73 141
1.972682 122 101 73 141
1.974682 122 101 73 141
1.976682 122 101 73 141
1.978682 122 101 73 141
1.980682 122 101 73 141
1.982682 122 101 73 141
1.984682 121 101 73 140
1.986682 121 101 73 140
1.988682 121 101 73 140
1.990682 121 101 73 140
1.992682 121 101 73 140
1.994682 121 101 73 140
1.996682 121 101 73 140
1.998682 121 101 73 140
2.000682 120 101 73 139
2.002682 120 101 73 139
2.004682 120 101 73 139
2.006682 120 102 74 139
2.008682 120 102 74 139
2.010682 120 102 74 139
2.012682 120 102 74 139
2.014682 119 102 74 138
2.016682 119 102 74 138
2.018682 119 102 74 138
2.020682 119 102 74 138
2.022682 119 102 74 138
2.024682 119 102 74 138
2.026682 119 102 74 138
2.028682 118 102 74 137
2.030682 118 102 74 137
2.032682 118 102 74 137
2.034682 118 102 74 137
2.036682 118 102 74 137
2.038682 118 102 74 137
2.040682 118 102 74 137
2.042682 117 102 74 136
2.044682 117 102 74 136
2.046682 117 102 74 136
2.048682 117 102 74 136
2.050682 117 102 73 136
2.052682 117 102 73 136
2.054682 117 102 73 136
2.056682 117 102 73 136
2.058682 117 102 73 135
2.060682 117 102 72 135
2.062682 117 102 72 135
2.064682 117 102 72 135
2.066682 117 102 72 135
2.068682 116 102 71 135
2.070682 116 102 71 135
2.072682 116 102 71 134
2.074682 116 102 71 134
2.076682 116 102 70 134
2.078682 116 102 70 134
2.080682 116 102 70 134
2.082682 116 102 70 134
2.084682 116 102 69 134
2.086682 116 102 69 133
2.088682 116 102 69 133
2.090682 116 102 69 133
2.092682 115 102 68 133
2.094682 115 102 68 133
2.096682 115 102 68 133
2.098682 115 102 68 133
2.100682 115 102 67 133
2.102682 115 102 67 132
2.104682 115 102 67 132
2.106682 115 102 67 132
2.108682 115 102 66 132
2.110682 115 102 66 132
2.112682 115 102 66 132
2.114682 115 102 66 132
2.116682 114 101 65 131
2.118682 114 101 65 131
2.120682 114 101 65 131
2.122682 114 101 65 131
2.124682 113 101 65 131
2.126682 113 101 65 131
2.128682 113 101 65 131
2.130682 113 101 65 131
2.132682 113 101 65 131
2.134682 112 101 65 130
2.136682 112 101 65 130
2.138682 112 101 65 130
2.140682 112 101 65 130
2.142682 112 101 65 130
2.144682 111 101 65 130
2.146682 111 101 65 130
2.148682 111 101 65 130
2.150682 111 101 65 130
2.152682 110 101 64 129
2.154682 110 101 64 129
2.156682 110 101 64 129
2.158682 110 101 64 129
2.160682 110 101 64 129
2.162682 109 101 64 129
2.164682 109 101 64 129
2.166682 109 101 64 129
2.168682 109 101 64 129
2.170682 108 101 64 128
2.172682 108 101 64 128
2.174682 108 101 64 128
2.176682 108 101 64 128
2.178682 108 101 64 128
2.180682 107 101 64 128
2.182682 107 101 64 128
2.184682 107 101 64 128
2.186682 107 101 64 128
2.188682 106 100 64 128
2.190682 106 100 64 128
2.192682 106 100 64 128
2.194682 106 100 64 128
2.196682 106 100 64 128
2.198682 106 100 64 128
2.200682 106 100 64 128
2.202682 106 100 64 128
2.204682 105 100 64 128
2.206682 105 100 64 128
2.208682 105 100 64 128
2.210682 105 100 64 128
2.212682 105 100 64 128
2.214682 105 99 64 129
2.216682 105 99 64 129
2.218682 104 99 64 129
2.220682 104 99 64 129
2.222682 104 99 64 129
2.224682 104 99 64 129
2.226682 104 99 64 129
2.228682 104 99 64 129
2.230682 104 99 64 129
2.232682 103 99 64 129
2.234682 103 99 64 129
2.236682 103 99 64 129
2.238682 103 98 64 130
2.240682 103 98 64 130
2.242682 103 98 64 130
2.244682 103 98 64 130
2.246682 103 98 64 130
2.248682 102 98 64 130
2.250682 102 98 64 130
2.252682 102 98 64 130
2.254682 102 98 64 130
2.256682 102 98 64 130
2.258682 102 98 64 130
2.260682 102 98 64 130
2.262682 102 98 64 130
2.264682 102 98 64 130
2.266682 102 98 64 130
2.268682 102 98 64 130
2.270682 102 98 64 130
2.272682 102 98 64 130
2.274682 102 98 63 130
2.276682 102 98 63 130
2.278682 102 98 63 130
2.280682 102 98 63 130
2.282682 102 98 63 130
2.284682 102 98 63 130
2.286682 102 98 62 130
2.288682 102 98 62 130
2.290682 102 98 62 130
2.292682 102 98 62 130
2.294682 102 98 62 130
2.296682 102 98 62 130
2.298682 102 99 61 130
2.300682 102 99 61 130
2.302682 102 99 61 130
2.304682 102 99 61 130
2.306682 102 99 61 130
2.308682 102 99 61 130
2.310682 102 99 60 130
2.312682 102 99 60 130
2.314682 102 99 60 130
2.316682 102 99 60 130
2.318682 102 99 60 130
2.320682 102 99 60 130
2.322682 102 99 59 130
2.324682 102 99 59 130
2.326682 102 99 59 130
2.328682 102 99 59 130
2.330682 102 99 59 130
2.332682 102 99 59 130
2.334682 101 99 59 130
2.336682 101 99 59 130
2.338682 101 99 59 130
2.340682 100 99 59 130
2.342682 100 99 59 130
2.344682 100 99 60 130
2.346682 99 99 60 130
2.348682 99 99 60 130
2.350682 99 99 60 130
2.352682 98 99 61 130
2.354682 98 99 61 130
2.356682 98 99 61 130
2.358682 97 99 61 130
2.360682 97 99 61 130
2.362682 97 99 62 130
2.364682 97 99 62 130
2.366682 96 99 62 130
2.368682 96 99 62 130
2.370682 96 99 62 130
2.372682 95 99 63 130
2.374682 95 99 63 130
2.376682 95 99 63 130
2.378682 94 99 63 130
2.380682 94 99 64 130
2.382682 94 99 64 130
2.384682 93 99 64 130
2.386682 93 99 64 130
2.388682 93 99 64 130
2.390682 92 99 65 130
2.392682 92 99 65 130
2.394682 92 99 65 130
2.396682 91 99 65 130
2.398682 91 99 66 130
2.400682 91 99 66 130
2.402682 90 99 66 130
2.404682 90 99 66 130
2.406682 90 99 66 130
2.408682 90 98 66 130
2.410682 90 98 66 130
2.412682 90 98 66 130
2.414682 90 98 66 130
2.416682 90 98 66 130
2.418682 90 98 65 130
2.420682 90 98 65 130
2.422682 90 98 65 130
2.424682 90 98 65 130
2.426682 90 98 65 130
2.428682 90 98 64 130
2.430682 90 98 64 130
2.432682 90 97 64 130
2.434682 90 97 64 130
2.436682 90 97 64 130
2.438682 90 97 63 130
2.440682 90 97 63 130
2.442682 90 97 63 130
2.444682 91 97 63 130
2.446682 91 97 63 130
2.448682 91 97 63 130
2.450682 91 97 62 130
2.452682 91 97 62 130
2.454682 91 97 62 130
2.456682 91 96 62 130
2.458682 91 96 62 130
2.460682 91 96 61 130
2.462682 91 96 61 130
2.464682 91 96 61 130
2.466682 91 96 61 130
2.468682 91 96 61 130
2.470682 91 96 60 130
2.472682 91 96 60 130
2.474682 91 96 60 130
2.476682 91 96 60 130
2.478682 91 96 60 130
2.480682 91 96 60 129
2.482682 91 96 60 129
2.484682 91 96 60 129
2.486682 91 96 60 129
2.488682 90 96 61 129
2.490682 90 96 61 129
2.492682 90 96 61 129
2.494682 90 96 61 129
2.496682 89 96 62 129
2.498682 89 96 62 129
2.500682 89 96 62 129
2.502682 88 96 62 129
2.504682 88 96 63 129
2.506682 88 96 63 129
2.508682 88 96 63 129
2.510682 87 96 63 129
2.512682 87 96 64 129
2.514682 87 96 64 129
2.516682 87 96 64 129
2.518682 86 96 64 129
2.520682 86 96 64 129
2.522682 86 96 65 129
2.524682 85 96 65 129
2.526682 85 96 65 129
2.528682 85 96 65 129
2.530682 85 96 66 129
2.532682 84 96 66 129
2.534682 84 96 66 129
2.536682 84 96 66 129
2.538682 83 96 67 129
2.540682 83 96 67 129
2.542682 83 96 67 129
2.544682 83 96 67 129
2.546682 82 96 68 129
2.548682 82 96 68 129
2.550682 82 96 68 129
2.552682 82 96 68 129
2.554682 81 96 68 128
2.556682 81 96 68 128
2.558682 81 96 68 128
2.560682 81 96 68 128
2.562682 81 96 68 128
2.564682 81 96 67 128
2.566682 81 96 67 128
2.568682 81 96 67 128
2.570682 81 96 67 128
2.572682 80 96 67 128
2.574682 80 96 66 128
2.576682 80 96 66 128
2.578682 80 96 66 128
2.580682 80 96 66 128
2.582682 80 96 66 128
2.584682 80 96 65 128
2.586682 80 96 65 128
2.588682 80 96 65 128
2.590682 79 97 65 127
2.592682 79 97 65 127
2.594682 79 97 65 127
2.596682 79 97 64 127
2.598682 79 97 64 127
2.600682 79 97 64 127
2.602682 79 97 64 127
2.604682 79 97 64 127
2.606682 79 97 63 127
2.608682 78 97 63 127
2.610682 78 97 63 127
2.612682 78 97 63 127
2.614682 78 97 63 127
2.616682 78 97 62 127
2.618682 78 97 62 127
2.620682 78 97 62 127
2.622682 78 97 62 127
2.624682 78 97 62 127
2.626682 78 97 61 126
2.628682 78 97 61 126
2.630682 78 97 61 126
2.632682 78 97 61 126
2.634682 78 97 61 126
2.636682 78 97 61 126
2.638682 78 97 60 126
2.640682 78 97 60 126
2.642682 78 97 60 126
2.644682 78 96 60 126
2.646682 78 96 60 126
2.648682 78 96 60 126
2.650682 78 96 59 126
2.652682 78 96 59 126
2.654682 78 96 59 126
2.656682 78 96 59 126
2.658682 78 96 59 126
2.660682 78 96 59 126
2.662682 78 95 58 125
2.664682 78 95 58 125
2.666682 78 95 58 125
2.668682 78 95 58 125
2.670682 78 95 58 125
2.672682 78 95 58 125
2.674682 78 95 58 125
2.676682 78 95 57 125
2.678682 78 95 57 125
2.680682 78 95 57 125
2.682682 78 94 57 125
2.684682 78 94 57 125
2.686682 78 94 57 125
2.688682 78 94 56 125
2.690682 78 94 56 125
2.692682 78 94 56 125
2.694682 78 94 56 125
2.696682 78 94 56 125
2.698682 78 94 56 125
2.700682 77 94 56 124
2.702682 77 94 56 124
2.704682 77 94 56 124
2.706682 77 94 56 124
2.708682 76 94 56 124
2.710682 76 94 56 124
2.712682 76 94 56 124
2.714682 76 94 57 124
2.716682 75 94 57 124
2.718682 75 94 57 124
2.720682 75 94 57 124
2.722682 75 94 57 124
2.724682 74 94 57 124
2.726682 74 94 57 124
2.728682 74 94 58 124
2.730682 74 94 58 124
2.732682 73 94 58 124
2.734682 73 94 58 124
2.736682 73 94 58 123
2.738682 73 94 58 123
2.740682 72 94 58 123
2.742682 72 94 58 123
2.744682 72 94 59 123
2.746682 72 94 59 123
2.748682 71 94 59 123
2.750682 71 94 59 123
2.752682 71 94 59 123
2.754682 71 94 59 123
2.756682 70 94 59 123
2.758682 70 94 60 123
2.760682 70 94 60 123
2.762682 70 94 60 123
2.764682 69 94 60 123
2.766682 69 94 60 123
2.768682 69 94 60 123
2.770682 69 94 60 123
2.772682 68 94 60 123
2.774682 68 94 60 123
2.776682 68 94 60 123
2.778682 68 94 60 123
2.780682 68 94 60 123
2.782682 68 94 60 123
2.784682 68 94 60 123
2.786682 68 94 60 123
2.788682 68 94 60 123
2.790682 68 94 59 123
2.792682 68 94 59 123
2.794682 68 94 59 123
2.796682 68 94 59 123
2.798682 68 94 59 123
2.800682 68 94 59 123
2.802682 68 94 59 123
2.804682 68 94 59 123
2.806682 68 94 59 123
2.808682 67 94 58 123
2.810682 67 94 58 123
2.812682 67 94 58 123
2.814682 67 94 58 123
2.816682 67 94 58 123
2.818682 67 94 58 123
2.820682 67 94 58 123
2.822682 67 94 58 123
2.824682 67 94 58 123
2.826682 67 94 58 123
2.828682 67 94 57 123
2.830682 67 94 57 123
2.832682 67 94 57 123
2.834682 67 94 57 123
2.836682 67 94 57 123
2.838682 67 94 57 123
2.840682 67 94 57 123
2.842682 67 94 57 123
2.844682 67 94 57 123
2.846682 66 94 56 123
2.848682 66 94 56 123
2.850682 66 94 56 123
2.852682 66 94 56 123
2.854682 66 94 56 123
2.856682 66 94 56 123
2.858682 66 94 56 123
2.860682 66 94 56 123
2.862682 66 94 56 123
2.864682 66 94 56 123
2.866682 66 94 56 123
2.868682 66 94 56 123
2.870682 66 94 56 122
2.872682 66 94 56 122
2.874682 66 94 56 122
2.876682 66 94 56 122
2.878682 66 94 56 122
2.880682 66 94 56 122
2.882682 65 95 56 122
2.884682 65 95 56 122
2.886682 65 95 56 122
2.888682 65 95 56 122
2.890682 65 95 56 122
2.892682 65 95 56 122
2.894682 65 95 56 121
2.896682 65 95 56 121
2.898682 65 95 56 121
2.900682 65 95 56 121
2.902682 65 95 56 121
2.904682 65 95 56 121
2.906682 65 95 56 121
2.908682 65 95 56 121
2.910682 65 95 56 121
2.912682 65 95 56 121
2.914682 65 95 56 121
2.916682 65 95 56 121
2.918682 64 95 55 120
2.920682 64 95 55 120
2.922682 64 95 55 120
2.924682 64 95 55 120
2.926682 64 95 55 120
2.928682 64 95 55 120
2.930682 64 95 55 120
2.932682 64 95 55 120
2.934682 64 95 55 120
2.936682 63 95 55 120
2.938682 63 95 55 120
2.940682 63 95 55 120
2.942682 63 95 55 120
2.944682 63 95 55 120
2.946682 63 95 55 120
2.948682 63 95 55 120
2.950682 63 95 55 120
2.952682 63 95 55 120
2.954682 62 94 55 120
2.956682 62 94 55 120
2.958682 62 94 55 120
2.960682 62 94 55 120
2.962682 62 94 55 120
2.964682 62 94 55 120
2.966682 62 94 55 120
2.968682 62 94 55 120
2.970682 62 94 55 120
2.972682 62 94 55 120
2.974682 61 94 55 120
2.976682 61 94 55 120
2.978682 61 94 55 120
2.980682 61 94 55 120
2.982682 61 94 55 120
2.984682 61 94 55 120
2.986682 61 94 55 120
2.988682 61 94 55 120
2.990682 61 94 55 120
2.992682 60 94 55 119
2.994682 60 94 55 119
2.996682 60 94 55 119
2.998682 60 94 55 119
3.000682 60 94 55 119
3.002682 60 94 55 119
3.004682 60 94 55 119
3.006682 59 94 55 119
3.008682 59 94 55 119
3.010682 59 94 55 119
3.012682 59 94 55 119
3.014682 59 94 55 119
3.016682 59 94 55 119
3.018682 59 94 55 119
3.020682 58 94 55 119
3.022682 58 94 55 119
3.024682 58 94 55 119
3.026682 58 94 55 119
3.028682 58 94 55 118
3.030682 58 94 55 118
3.032682 58 94 55 118
3.034682 58 94 55 118
3.036682 57 94 55 118
3.038682 57 94 55 118
3.040682 57 94 55 118
3.042682 57 94 55 118
3.044682 57 94 55 118
3.046682 57 94 55 118
3.048682 57 94 55 118
3.050682 56 94 55 118
3.052682 56 94 55 118
3.054682 56 94 55 118
3.056682 56 94 55 118
3.058682 56 94 55 118
3.060682 56 94 55 118
3.062682 56 94 55 118
3.064682 55 93 55 117
3.066682 55 93 55 117
3.068682 55 93 55 117
3.070682 55 93 55 117
3.072682 55 93 55 117
3.074682 55 93 55 117
3.076682 54 93 55 117
3.078682 54 93 55 117
3.080682 54 93 55 117
3.082682 54 93 55 117
3.084682 54 93 55 117
3.086682 54 93 55 117
3.088682 53 93 55 116
3.090682 53 93 55 116
3.092682 53 93 55 116
3.094682 53 93 55 116
3.096682 53 93 55 116
3.098682 53 93 55 116
3.100682 52 93 55 116
3.102682 52 93 55 116
3.104682 52 93 55 116
3.106682 52 93 55 116
3.108682 52 93 55 116
3.110682 52 93 55 116
3.112682 51 93 55 115
3.114682 51 93 55 115
3.116682 51 93 55 115
3.118682 51 93 55 115
3.120682 51 93 55 115
3.122682 51 93 55 115
3.124682 51 93 55 115
3.126682 50 93 55 115
3.128682 50 93 55 115
3.130682 50 93 55 115
3.132682 50 93 55 115
3.134682 50 93 55 115
3.136682 50 93 55 115
3.138682 49 92 55 114
3.140682 49 92 55 114
3.142682 49 92 55 114
3.144682 49 92 55 114
3.146682 49 92 55 114
3.148682 49 92 54 114
3.150682 49 92 54 114
3.152682 49 92 54 114
3.154682 49 92 54 114
3.156682 49 92 54 113
3.158682 49 92 53 113
3.160682 49 92 53 113
3.162682 48 92 53 113
3.164682 48 92 53 113
3.166682 48 92 53 113
3.168682 48 92 52 113
3.170682 48 92 52 113
3.172682 48 92 52 113
3.174682 48 92 52 112
3.176682 48 92 52 112
3.178682 48 92 51 112
3.180682 48 92 51 112
3.182682 48 92 51 112
3.184682 48 92 51 112
3.186682 47 92 51 112
3.188682 47 92 51 112
3.190682 47 92 50 112
3.192682 47 92 50 111
3.194682 47 92 50 111
3.196682 47 92 50 111
3.198682 47 92 50 111
3.200682 47 92 49 111
3.202682 47 92 49 111
3.204682 47 92 49 111
3.206682 47 92 49 111
3.208682 47 92 49 111
3.210682 46 91 48 111
3.212682 46 91 48 111
3.214682 46 91 48 111
3.216682 46 91 48 111
3.218682 46 91 48 111
3.220682 46 91 48 111
3.222682 46 91 48 111
3.224682 46 91 48 111
3.226682 46 91 48 111
3.228682 46 91 47 111
3.230682 46 91 47 111
3.232682 46 91 47 111
3.234682 46 91 47 111
3.236682 46 91 47 111
3.238682 46 91 47 111
3.240682 46 91 47 111
3.242682 46 91 47 111
3.244682 46 91 47 111
3.246682 46 91 46 111
3.248682 46 91 46 111
3.250682 46 91 46 111
3.252682 46 91 46 111
3.254682 46 91 46 111
3.256682 46 91 46 111
3.258682 46 91 46 111
3.260682 46 91 46 111
3.262682 46 91 46 111
3.264682 46 91 45 111
3.266682 46 91 45 111
3.268682 46 91 45 111
3.270682 46 91 45 111
3.272682 46 91 45 111
3.274682 46 91 45 111
3.276682 46 91 45 111
3.278682 46 91 45 111
3.280682 46 91 45 111
3.282682 46 91 45 111
3.284682 45 90 44 111
3.286682 45 90 44 111
3.288682 45 90 44 111
3.290682 45 90 44 111
3.292682 45 90 44 111
3.294682 45 90 44 111
3.296682 45 90 44 111
3.298682 45 90 44 111
3.300682 45 90 44 111
3.302682 45 90 44 111
3.304682 45 90 44 111
3.306682 45 90 44 111
3.308682 45 90 44 111
3.310682 45 90 44 111
3.312682 45 90 44 111
3.314682 45 90 44 111
3.316682 45 90 44 111
3.318682 45 90 44 111
3.320682 45 90 43 111
3.322682 45 90 43 111
3.324682 45 90 43 111
3.326682 45 90 43 111
3.328682 45 90 43 111
3.330682 45 90 43 111
3.332682 45 90 43 111
3.334682 45 90 43 111
3.336682 45 90 43 111
3.338682 45 90 43 111
3.340682 45 90 43 111
3.342682 45 90 43 111
3.344682 45 90 43 111
3.346682 45 90 43 111
3.348682 45 90 43 111
3.350682 45 90 43 111
3.352682 45 90 43 111
3.354682 45 90 43 111
3.356682 44 90 43 111
3.358682 44 90 43 111
3.360682 44 90 43 111
3.362682 44 90 43 111
3.364682 44 90 43 111
3.366682 44 90 43 111
3.368682 44 90 43 111
3.370682 44 90 43 111
3.372682 44 90 43 111
3.374682 44 90 43 111
3.376682 44 90 43 111
3.378682 44 90 43 111
3.380682 43 90 43 111
3.382682 43 90 43 111
3.384682 43 90 43 111
3.386682 43 90 43 111
3.388682 43 90 43 111
3.390682 43 90 43 111
3.392682 43 90 43 110
3.394682 43 90 43 110
3.396682 43 90 43 110
3.398682 43 90 43 110
3.400682 43 90 43 110
3.402682 43 90 43 110
3.404682 42 90 43 110
3.406682 42 90 43 110
3.408682 42 90 43 110
3.410682 42 90 43 110
3.412682 42 90 43 110
3.414682 42 90 43 110
3.416682 42 90 43 110
3.418682 42 90 43 110
3.420682 42 90 43 110
3.422682 42 90 43 110
3.424682 42 90 43 110
3.426682 42 90 43 110
3.428682 41 91 42 109
3.430682 41 91 42 109
3.432682 41 91 42 109
3.434682 41 91 42 109
3.436682 41 91 42 109
3.438682 41 91 42 109
3.440682 41 91 42 109
3.442682 41 91 42 109
3.444682 41 91 42 109
3.446682 41 91 42 109
3.448682 41 91 42 109
3.450682 41 91 42 109
3.452682 41 91 42 109
3.454682 41 91 42 109
3.456682 41 91 42 109
3.458682 41 91 42 109
3.460682 41 91 42 109
3.462682 41 91 42 109
3.464682 41 91 42 109
3.466682 40 91 42 109
3.468682 40 91 42 109
3.470682 40 91 42 109
3.472682 40 91 42 109
3.474682 40 91 42 109
3.476682 40 91 42 109
3.478682 40 91 42 109
3.480682 40 91 42 109
3.482682 40 91 42 109
3.484682 40 91 42 109
3.486682 40 91 42 109
3.488682 40 91 42 109
3.490682 40 91 42 109
3.492682 40 91 42 109
3.494682 40 91 42 109
3.496682 40 91 42 109
3.498682 40 91 42 109
3.500682 40 91 42 109
3.502682 39 92 42 109
3.504682 39 92 42 109
3.506682 39 92 42 109
3.508682 39 92 42 109
3.510682 39 92 42 109
3.512682 39 92 42 109
3.514682 39 92 42 109
3.516682 39 92 42 109
3.518682 39 92 42 109
3.520682 38 92 42 109
3.522682 38 92 42 109
3.524682 38 92 42 109
3.526682 38 92 42 109
3.528682 38 92 42 109
3.530682 38 92 42 109
3.532682 38 92 42 109
3.534682 38 92 42 109
3.536682 38 92 42 109
3.538682 37 92 42 110
3.540682 37 92 42 110
3.542682 37 92 42 110
3.544682 37 92 42 110
3.546682 37 92 42 110
3.548682 37 92 42 110
3.550682 37 92 42 110
3.552682 37 92 42 110
3.554682 37 92 42 110
3.556682 36 92 42 110
3.558682 36 92 42 110
3.560682 36 92 42 110
3.562682 36 92 42 110
3.564682 36 92 42 110
3.566682 36 92 42 110
3.568682 36 92 42 110
3.570682 36 92 42 110
3.572682 36 92 42 110
3.574682 36 92 41 110
3.576682 36 92 41 110
3.578682 36 92 41 110
3.580682 36 92 41 110
3.582682 36 92 41 110
3.584682 36 92 41 110
3.586682 36 92 41 109
3.588682 36 92 41 109
3.590682 36 92 41 109
3.592682 36 92 41 109
3.594682 36 92 41 109
3.596682 36 92 41 108
3.598682 36 92 41 108
3.600682 36 92 40 108
3.602682 36 92 40 108
3.604682 36 92 40 108
3.606682 36 92 40 107
3.608682 36 92 40 107
3.610682 36 92 40 107
3.612682 36 92 40 107
3.614682 36 92 40 107
3.616682 36 92 40 106
3.618682 36 92 40 106
3.620682 36 92 40 106
3.622682 36 92 40 106
3.624682 36 92 39 106
3.626682 36 92 39 106
3.628682 36 92 39 105
3.630682 36 92 39 105
3.632682 36 92 39 105
3.634682 36 92 39 105
3.636682 36 92 39 105
3.638682 36 92 39 104
3.640682 36 92 39 104
3.642682 36 92 39 104
3.644682 36 92 39 104
3.646682 36 92 39 104
3.648682 35 92 39 104
3.650682 35 92 39 104
3.652682 35 92 39 104
3.654682 35 92 39 104
3.656682 35 92 39 104
3.658682 35 92 39 104
3.660682 35 92 39 104
3.662682 35 92 39 104
3.664682 35 92 39 104
3.666682 35 92 39 104
3.668682 35 92 39 104
3.670682 35 92 39 104
3.672682 34 92 40 104
3.674682 34 92 40 104
3.676682 34 92 40 104
3.678682 34 92 40 104
3.680682 34 92 40 104
3.682682 34 92 40 104
3.684682 34 93 40 105
3.686682 34 93 40 105
3.688682 34 93 40 105
3.690682 34 93 40 105
3.692682 34 93 40 105
3.694682 34 93 40 105
3.696682 33 93 41 105
3.698682 33 93 41 105
3.700682 33 93 41 105
3.702682 33 93 41 105
3.704682 33 93 41 105
3.706682 33 93 41 105
3.708682 33 93 41 105
3.710682 33 93 41 105
3.712682 33 93 41 105
3.714682 33 93 41 105
3.716682 33 93 41 105
3.718682 33 93 41 105
3.720682 32 94 41 106
3.722682 32 94 41 106
3.724682 32 94 41 106
3.726682 32 94 41 106
3.728682 32 94 41 106
3.730682 32 94 41 106
3.732682 32 94 41 106
3.734682 32 94 41 106
3.736682 32 94 41 106
3.738682 32 94 41 106
3.740682 31 94 41 106
3.742682 31 94 41 106
3.744682 31 94 41 106
3.746682 31 94 40 106
3.748682 31 94 40 106
3.750682 31 94 40 106
3.752682 31 94 40 106
3.754682 31 94 40 106
3.756682 31 94 40 106
3.758682 30 94 40 106
3.760682 30 94 40 106
3.762682 30 94 40 106
3.764682 30 94 40 106
3.766682 30 94 40 106
3.768682 30 94 40 106
3.770682 30 94 39 106
3.772682 30 94 39 106
3.774682 30 94 39 106
3.776682 29 94 39 106
3.778682 29 94 39 106
3.780682 29 94 39 106
3.782682 29 94 39 106
3.784682 29 94 39 106
3.786682 29 94 39 106
3.788682 29 94 39 106
3.790682 29 94 39 106
3.792682 29 94 39 106
3.794682 28 94 39 105
3.796682 28 94 39 105
3.798682 28 94 39 105
3.800682 28 94 39 105
3.802682 28 94 39 105
3.804682 28 94 39 105
3.806682 28 94 39 105
3.808682 28 94 39 104
3.810682 28 94 39 104
3.812682 28 94 39 104
3.814682 28 94 39 104
3.816682 28 94 39 104
3.818682 28 94 39 104
3.820682 28 94 39 104
3.822682 28 94 39 103
3.824682 28 94 39 103
3.826682 28 94 39 103
3.828682 28 94 39 103
3.830682 27 95 39 103
3.832682 27 95 39 103
3.834682 27 95 39 103
3.836682 27 95 39 103
3.838682 27 95 39 102
3.840682 27 95 39 102
3.842682 27 95 39 102
3.844682 27 95 39 102
3.846682 27 95 39 102
3.848682 27 95 39 102
3.850682 27 95 39 102
3.852682 27 95 39 101
3.854682 27 95 39 101
3.856682 27 95 39 101
3.858682 27 95 39 101
3.860682 27 95 39 101
3.862682 27 95 39 101
3.864682 27 95 39 101
3.866682 26 96 40 101
3.868682 26 96 40 101
3.870682 26 96 40 101
3.872682 26 96 40 101
3.874682 26 96 40 101
3.876682 26 96 40 101
3.878682 25 96 40 101
3.880682 25 96 40 101
3.882682 25 96 40 101
3.884682 25 96 40 101
3.886682 25 96 40 101
3.888682 25 96 40 101
3.890682 25 96 40 101
3.892682 24 97 40 101
3.894682 24 97 40 101
3.896682 24 97 40 101
3.898682 24 97 40 101
3.900682 24 97 40 101
3.902682 24 97 40 101
3.904682 23 97 40 101
3.906682 23 97 40 101
3.908682 23 97 40 101
3.910682 23 97 40 101
3.912682 23 97 40 101
3.914682 23 97 40 101
3.916682 22 98 40 101
3.918682 22 98 40 101
3.920682 22 98 40 101
3.922682 22 98 40 101
3.924682 22 98 40 101
3.926682 22 98 40 101
3.928682 21 98 40 101
3.930682 21 98 40 101
3.932682 21 98 40 101
3.934682 21 98 40 101
3.936682 21 98 40 101
3.938682 21 98 40 101
3.940682 20 99 41 100
3.942682 20 99 41 100
3.944682 20 99 41 100
3.946682 20 99 41 100
3.948682 20 99 41 100
3.950682 20 99 41 100
3.952682 20 99 41 100
3.954682 20 99 41 100
3.956682 20 99 41 100
3.958682 20 99 41 100
3.960682 20 99 41 100
3.962682 20 99 41 100
3.964682 20 99 42 100
3.966682 20 99 42 100
3.968682 20 99 42 100
3.970682 20 99 42 100
3.972682 20 99 42 100
3.974682 20 99 42 100
3.976682 19 99 42 100
3.978682 19 99 42 100
3.980682 19 99 42 100
3.982682 19 99 42 100
3.984682 19 99 42 100
3.986682 19 99 42 100
3.988682 19 99 43 100
3.990682 19 99 43 100
3.992682 19 99 43 100
3.994682 19 99 43 100
3.996682 19 99 43 100
3.998682 19 99 43 100
4.000682 19 99 43 100
4.002682 19 99 43 100
4.004682 19 99 43 100
4.006682 19 99 43 100
4.008682 19 99 43 100
4.010682 19 99 43 100
4.012682 18 99 44 99
4.014682 18 99 44 99
4.016682 18 99 44 99
4.018682 18 99 44 99
4.020682 18 99 44 99
4.022682 18 99 44 99
4.024682 18 99 44 99
4.026682 18 99 44 99
4.028682 18 99 44 99
4.030682 18 99 44 99
4.032682 18 99 44 99
4.034682 18 99 44 99
4.036682 18 99 44 99
4.038682 18 99 44 99
4.040682 18 99 44 99
4.042682 18 99 44 99
4.044682 18 99 44 99
4.046682 18 99 44 99
4.048682 18 99 44 99
4.050682 17 99 44 98
4.052682 17 99 44 98
4.054682 17 99 44 98
4.056682 17 99 44 98
4.058682 17 99 44 98
4.060682 17 99 44 98
4.062682 17 99 44 98
4.064682 17 99 44 98
4.066682 17 99 44 98
4.068682 17 99 44 98
4.070682 17 99 44 98
4.072682 17 99 44 98
4.074682 17 99 44 98
4.076682 17 99 44 98
4.078682 17 99 44 98
4.080682 17 99 44 98
4.082682 17 99 44 98
4.084682 17 99 44 98
4.086682 17 99 44 97
4.088682 17 99 44 97
4.090682 17 99 44 97
4.092682 17 99 44 97
4.094682 17 99 44 97
4.096682 17 99 44 97
4.098682 17 99 44 97
4.100682 17 99 44 97
4.102682 17 99 44 97
4.104682 17 99 43 97
4.106682 17 99 43 97
4.108682 17 99 43 97
4.110682 17 99 43 96
4.112682 17 99 43 96
4.114682 17 99 43 96
4.116682 17 99 43 96
4.118682 17 99 43 96
4.120682 17 99 43 96
4.122682 17 99 42 96
4.124682 17 99 42 96
4.126682 17 99 42 96
4.128682 17 99 42 96
4.130682 17 99 42 96
4.132682 17 99 42 96
4.134682 17 99 42 95
4.136682 17 99 42 95
4.138682 17 99 42 95
4.140682 17 99 41 95
4.142682 17 99 41 95
4.144682 17 99 41 95
4.146682 17 99 41 95
4.148682 17 99 41 95
4.150682 17 99 41 95
4.152682 17 99 41 95
4.154682 17 99 41 95
4.156682 17 99 41 95
4.158682 17 98 40 95
4.160682 17 98 40 95
4.162682 17 98 40 95
4.164682 17 98 40 95
4.166682 17 98 40 95
4.168682 17 98 40 95
4.170682 16 98 40 95
4.172682 16 98 40 95
4.174682 16 98 40 95
4.176682 16 98 40 95
4.178682 16 98 40 95
4.180682 16 98 40 95
4.182682 15 98 40 95
4.184682 15 98 40 95
4.186682 15 98 40 95
4.188682 15 98 40 95
4.190682 15 98 40 95
4.192682 15 98 40 95
4.194682 15 98 40 95
4.196682 14 98 39 96
4.198682 14 98 39 96
4.200682 14 98 39 96
4.202682 14 98 39 96
4.204682 14 98 39 96
4.206682 14 98 39 96
4.208682 13 98 39 96
4.210682 13 98 39 96
4.212682 13 98 39 96
4.214682 13 98 39 96
4.216682 13 98 39 96
4.218682 13 98 39 96
4.220682 12 98 39 96
4.222682 12 98 39 96
4.224682 12 98 39 96
4.226682 12 98 39 96
4.228682 12 98 39 96
4.230682 12 98 39 96
