0.030250 4 120 44 71
0.032250 4 119 44 71
0.034250 4 119 44 71
0.036250 4 119 44 71
0.038250 4 119 44 71
0.040250 4 119 44 71
0.042250 5 119 44 71
0.044250 5 119 44 71
0.046250 5 119 44 71
0.048250 5 119 44 71
0.050250 5 119 44 71
0.052250 5 119 44 71
0.054250 6 119 44 72
0.056250 6 119 44 72
0.058250 6 119 44 72
0.060250 6 119 44 72
0.062250 6 119 44 72
0.064250 6 119 44 72
0.066250 7 119 44 72
0.068250 7 119 44 72
0.070250 7 119 44 72
0.072250 7 119 44 72
0.074250 7 119 44 72
0.076250 7 119 44 72
0.078250 8 119 43 72
0.080250 8 119 43 72
0.082250 8 119 43 72
0.084250 8 119 43 72
0.086250 8 119 43 72
0.088250 8 119 43 72
0.090250 8 119 43 72
0.092250 8 119 43 72
0.094250 9 119 43 72
0.096250 9 119 43 72
0.098250 9 119 43 72
0.100250 9 119 43 72
0.102250 9 119 42 72
0.104250 9 119 42 72
0.106250 9 119 42 72
0.108250 9 119 42 72
0.110250 10 119 42 72
0.112250 10 119 42 72
0.114250 10 119 42 72
0.116250 10 119 42 72
0.118250 10 119 42 72
0.120250 10 119 42 72
0.122250 10 119 42 72
0.124250 10 119 42 72
0.126250 11 119 41 72
0.128250 11 119 41 72
0.130250 11 119 41 72
0.132250 12 119 41 72
0.134250 12 119 40 72
0.136250 12 119 40 72
0.138250 13 119 40 72
0.140250 13 119 40 72
0.142250 13 119 39 72
0.144250 13 119 39 72
0.146250 14 119 39 72
0.148250 14 119 39 72
0.150250 14 119 38 72
0.152250 15 119 38 72
0.154250 15 119 38 72
0.156250 15 119 37 72
0.158250 15 119 37 72
0.160250 16 119 37 72
0.162250 16 119 37 72
0.164250 16 119 36 72
0.166250 17 119 36 72
0.168250 17 119 36 72
0.170250 17 119 36 72
0.172250 18 120 36 72
0.174250 18 120 36 72
0.176250 18 120 36 72
0.178250 18 120 36 72
0.180250 18 120 36 72
0.182250 18 120 36 72
0.184250 19 120 36 72
0.186250 19 120 36 72
0.188250 19 120 36 72
0.190250 19 120 36 72
0.192250 19 120 36 72
0.194250 19 120 36 72
0.196250 20 120 36 72
0.198250 20 120 36 72
0.200250 20 120 36 72
0.202250 20 120 36 72
0.204250 20 120 36 72
0.206250 20 120 36 72
0.208250 21 120 36 72
0.210250 21 120 36 72
0.212250 21 120 36 72
0.214250 21 120 36 72
0.216250 21 120 36 72
0.218250 21 120 36 72
0.220250 22 120 36 73
0.222250 22 120 36 73
0.224250 22 120 36 73
0.226250 22 120 36 73
0.228250 22 120 36 73
0.230250 22 120 36 73
0.232250 23 120 36 73
0.234250 23 120 36 73
0.236250 23 120 36 73
0.238250 23 120 36 73
0.240250 23 120 36 73
0.242250 23 120 36 73
0.244250 24 120 36 73
0.246250 24 120 36 73
0.248250 24 120 36 73
0.250250 24 120 36 73
0.252250 24 120 36 73
0.254250 24 120 36 73
0.256250 25 120 36 73
0.258250 25 120 36 73
0.260250 25 120 36 73
0.262250 25 120 36 73
0.264250 25 120 36 73
0.266250 25 120 36 73
0.268250 26 120 36 72
0.270250 26 120 36 72
0.272250 26 120 36 72
0.274250 26 120 36 72
0.276250 26 120 36 72
0.278250 27 120 37 72
0.280250 27 120 37 72
0.282250 27 120 37 72
0.284250 27 120 37 72
0.286250 27 120 37 72
0.288250 27 120 37 72
0.290250 28 120 38 72
0.292250 28 120 38 72
0.294250 28 120 38 72
0.296250 28 120 38 72
0.298250 28 120 38 72
0.300250 28 120 38 72
0.302250 29 120 39 72
0.304250 29 120 39 72
0.306250 29 120 39 72
0.308250 29 120 39 72
0.310250 29 120 39 72
0.312250 29 120 39 72
0.314250 29 121 40 71
0.316250 29 121 40 71
0.318250 29 121 40 71
0.320250 29 121 41 71
0.322250 29 121 41 71
0.324250 29 121 41 71
0.326250 29 121 42 71
0.328250 29 121 42 71
0.330250 28 121 42 71
0.332250 28 121 43 71
0.334250 28 121 43 71
0.336250 28 121 43 71
0.338250 28 122 44 70
0.340250 28 122 44 70
0.342250 28 122 44 70
0.344250 28 122 45 70
0.346250 27 122 45 70
0.348250 27 122 45 70
0.350250 27 122 46 70
0.352250 27 122 46 70
0.354250 27 122 46 70
0.356250 27 122 47 70
0.358250 27 122 47 70
0.360250 27 122 47 70
0.362250 27 123 47 70
0.364250 27 123 47 70
0.366250 27 123 47 70
0.368250 27 123 47 70
0.370250 27 123 47 70
0.372250 27 123 47 70
0.374250 27 123 47 71
0.376250 27 123 47 71
0.378250 28 123 47 71
0.380250 28 123 47 71
0.382250 28 123 47 71
0.384250 28 123 47 71
0.386250 28 123 46 72
0.388250 28 123 46 72
0.390250 28 123 46 72
0.392250 29 123 46 72
0.394250 29 123 46 72
0.396250 29 123 46 73
0.398250 29 123 46 73
0.400250 29 123 46 73
0.402250 29 123 46 73
0.404250 29 123 46 73
0.406250 29 123 46 73
0.408250 30 124 46 73
0.410250 30 124 46 73
0.412250 30 124 46 73
0.414250 30 124 46 73
0.416250 30 124 46 73
0.418250 30 124 46 73
0.420250 30 124 46 72
0.422250 30 124 46 72
0.424250 30 124 46 72
0.426250 30 124 46 72
0.428250 30 124 46 72
0.430250 30 124 46 72
0.432250 31 124 46 71
0.434250 31 124 46 71
0.436250 31 124 46 71
0.438250 31 124 46 71
0.440250 31 124 46 71
0.442250 31 124 46 71
0.444250 31 124 46 70
0.446250 31 124 46 70
0.448250 31 124 46 70
0.450250 31 124 46 70
0.452250 31 124 46 70
0.454250 31 124 46 70
0.456250 32 124 45 70
0.458250 32 124 45 70
0.460250 32 124 45 70
0.462250 32 124 45 70
0.464250 32 124 45 70
0.466250 33 124 45 70
0.468250 33 124 45 70
0.470250 33 124 45 70
0.472250 33 124 44 70
0.474250 34 124 44 70
0.476250 34 124 44 70
0.478250 34 124 44 70
0.480250 34 124 44 70
0.482250 34 124 44 70
0.484250 35 124 44 70
0.486250 35 124 44 70
0.488250 35 124 43 70
0.490250 35 124 43 70
0.492250 35 124 43 70
0.494250 36 124 43 70
0.496250 36 124 43 70
0.498250 36 124 43 70
0.500250 36 124 43 70
0.502250 36 124 43 70
0.504250 37 124 42 70
0.506250 37 124 42 70
0.508250 37 124 42 70
0.510250 38 124 42 70
0.512250 38 124 42 71
0.514250 38 124 41 71
0.516250 39 124 41 71
0.518250 39 124 41 71
0.520250 39 124 41 71
0.522250 39 124 41 72
0.524250 40 124 41 72
0.526250 40 124 40 72
0.528250 40 124 40 72
0.530250 41 124 40 72
0.532250 41 124 40 73
0.534250 41 124 40 73
0.536250 42 124 40 73
0.538250 42 124 39 73
0.540250 42 124 39 74
0.542250 42 124 39 74
0.544250 43 124 39 74
0.546250 43 124 39 74
0.548250 43 124 39 74
0.550250 44 124 38 75
0.552250 44 124 38 75
0.554250 44 124 38 75
0.556250 44 124 38 75
0.558250 44 124 38 75
0.560250 45 124 38 75
0.562250 45 124 37 75
0.564250 45 124 37 75
0.566250 45 124 37 75
0.568250 45 124 37 75
0.570250 46 124 37 75
0.572250 46 124 37 75
0.574250 46 124 36 75
0.576250 46 124 36 75
0.578250 47 124 36 75
0.580250 47 124 36 75
0.582250 47 124 36 75
0.584250 47 124 36 75
0.586250 47 124 35 75
0.588250 48 124 35 75
0.590250 48 124 35 75
0.592250 48 124 35 75
0.594250 48 124 35 75
0.596250 48 124 35 75
0.598250 49 123 34 75
0.600250 49 123 34 75
0.602250 50 123 34 75
0.604250 50 123 34 75
0.606250 50 123 34 75
0.608250 51 123 34 75
0.610250 51 123 33 75
0.612250 52 123 33 75
0.614250 52 123 33 75
0.616250 53 123 33 75
0.618250 53 123 33 75
0.620250 53 123 33 75
0.622250 54 123 32 75
0.624250 54 123 32 75
0.626250 55 123 32 75
0.628250 55 123 32 75
0.630250 56 123 32 75
0.632250 56 123 31 75
0.634250 56 123 31 75
0.636250 57 123 31 75
0.638250 57 123 31 75
0.640250 58 123 31 75
0.642250 58 123 31 75
0.644250 59 123 31 74
0.646250 59 123 31 74
0.648250 59 123 31 74
0.650250 59 123 31 74
0.652250 59 123 31 74
0.654250 59 123 31 74
0.656250 59 123 31 74
0.658250 59 123 31 74
0.660250 59 123 31 74
0.662250 59 123 31 74
0.664250 59 123 31 74
0.666250 59 123 31 74
0.668250 60 123 31 74
0.670250 60 123 31 74
0.672250 60 123 31 74
0.674250 60 123 31 74
0.676250 60 123 31 74
0.678250 60 123 31 74
0.680250 60 123 31 74
0.682250 60 123 31 74
0.684250 60 123 31 74
0.686250 60 123 31 74
0.688250 60 123 31 74
0.690250 60 123 31 74
0.692250 61 124 32 73
0.694250 61 124 32 73
0.696250 61 124 32 73
0.698250 61 124 32 73
0.700250 61 124 32 73
0.702250 61 124 33 73
0.704250 61 124 33 73
0.706250 61 124 33 73
0.708250 62 124 33 73
0.710250 62 124 34 73
0.712250 62 124 34 73
0.714250 62 124 34 73
0.716250 62 124 34 73
0.718250 62 124 34 73
0.720250 62 124 35 73
0.722250 62 124 35 73
0.724250 63 124 35 73
0.726250 63 124 35 73
0.728250 63 124 35 73
0.730250 63 124 36 73
0.732250 63 124 36 73
0.734250 63 124 36 73
0.736250 63 124 36 73
0.738250 63 124 36 73
0.740250 63 125 37 72
0.742250 63 125 37 72
0.744250 63 125 37 72
0.746250 63 125 37 72
0.748250 63 125 38 72
0.750250 63 125 38 72
0.752250 63 125 38 72
0.754250 63 125 39 72
0.756250 63 125 39 72
0.758250 63 125 39 72
0.760250 63 125 39 72
0.762250 63 125 40 71
0.764250 63 125 40 71
0.766250 63 125 40 71
0.768250 63 125 40 71
0.770250 63 125 41 71
0.772250 63 125 41 71
0.774250 63 125 41 71
0.776250 63 125 41 71
0.778250 63 125 42 71
0.780250 63 125 42 71
0.782250 63 125 42 71
0.784250 63 125 42 71
0.786250 63 126 43 70
0.788250 63 126 43 70
0.790250 63 126 43 70
0.792250 63 126 43 70
0.794250 63 126 43 70
0.796250 63 126 43 70
0.798250 63 126 43 70
0.800250 63 126 43 70
0.802250 63 126 43 70
0.804250 63 126 43 70
0.806250 63 126 43 70
0.808250 63 126 43 70
0.810250 63 126 44 70
0.812250 63 126 44 70
0.814250 63 126 44 70
0.816250 63 126 44 70
0.818250 63 126 44 70
0.820250 63 126 44 70
0.822250 63 126 44 70
0.824250 63 126 44 70
0.826250 63 126 44 70
0.828250 63 126 44 70
0.830250 63 126 44 70
0.832250 63 126 44 70
0.834250 64 127 45 70
0.836250 64 127 45 70
0.838250 64 127 45 70
0.840250 64 127 45 70
0.842250 64 127 45 70
0.844250 64 127 45 70
0.846250 64 127 45 70
0.848250 64 127 45 70
0.850250 64 127 45 70
0.852250 64 127 45 70
0.854250 64 127 45 70
0.856250 64 127 45 70
0.858250 64 127 45 70
0.860250 64 127 45 70
0.862250 64 127 45 70
0.864250 64 127 45 70
0.866250 64 127 45 70
0.868250 64 127 45 70
0.870250 64 127 45 70
0.872250 64 127 45 70
0.874250 64 127 45 70
0.876250 64 127 45 70
0.878250 64 127 45 70
0.880250 64 127 45 70
0.882250 64 127 45 70
0.884250 64 127 45 70
0.886250 64 127 45 70
0.888250 64 127 45 70
0.890250 64 127 45 70
0.892250 65 127 45 70
0.894250 65 127 45 70
0.896250 65 127 45 70
0.898250 65 127 45 70
0.900250 65 127 45 70
0.902250 65 127 45 70
0.904250 66 127 44 70
0.906250 66 127 44 70
0.908250 66 127 44 70
0.910250 66 127 44 70
0.912250 66 127 44 70
0.914250 66 127 44 70
0.916250 67 127 44 70
0.918250 67 127 44 70
0.920250 67 127 44 70
0.922250 67 127 44 70
0.924250 67 127 44 70
0.926250 67 127 44 70
0.928250 68 127 44 69
0.930250 68 127 44 69
0.932250 68 127 44 69
0.934250 68 127 44 69
0.936250 68 127 44 69
0.938250 68 127 44 69
0.940250 68 127 44 69
0.942250 68 127 44 69
0.944250 68 127 44 68
0.946250 68 127 44 68
0.948250 68 127 44 68
0.950250 68 127 44 68
0.952250 69 127 44 68
0.954250 69 127 44 68
0.956250 69 127 44 68
0.958250 69 127 44 68
0.960250 69 127 44 67
0.962250 69 127 44 67
0.964250 69 127 44 67
0.966250 69 127 44 67
0.968250 69 127 44 67
0.970250 69 127 44 67
0.972250 69 127 44 67
0.974250 69 127 44 67
0.976250 70 127 43 67
0.978250 70 127 43 67
0.980250 70 127 43 67
0.982250 71 127 42 67
0.984250 71 127 42 67
0.986250 71 127 42 67
0.988250 72 127 41 67
0.990250 72 127 41 67
0.992250 72 127 41 67
0.994250 73 127 40 67
0.996250 73 127 40 67
0.998250 74 127 39 67
1.000250 74 127 39 67
1.002250 74 127 39 67
1.004250 75 127 38 67
1.006250 75 127 38 67
1.008250 75 127 38 67
1.010250 76 127 37 67
1.012250 76 127 37 67
1.014250 76 127 37 67
1.016250 77 127 36 67
1.018250 77 127 36 67
1.020250 77 127 36 67
1.022250 78 127 35 67
1.024250 78 127 35 67
1.026250 78 127 35 67
1.028250 78 127 35 67
1.030250 79 127 35 67
1.032250 79 127 35 67
1.034250 79 127 35 67
1.036250 79 127 35 67
1.038250 80 127 35 67
1.040250 80 127 35 67
1.042250 80 127 35 67
1.044250 80 127 35 67
1.046250 81 127 35 68
1.048250 81 127 35 68
1.050250 81 127 35 68
1.052250 81 127 35 68
1.054250 82 127 35 68
1.056250 82 127 35 68
1.058250 82 127 35 68
1.060250 82 127 35 68
1.062250 83 127 35 68
1.064250 83 127 35 68
1.066250 83 127 35 68
1.068250 83 127 35 68
1.070250 84 127 34 69
1.072250 84 127 34 69
1.074250 84 127 34 69
1.076250 84 127 34 69
1.078250 84 127 34 69
1.080250 85 127 34 69
1.082250 85 127 34 69
1.084250 85 127 34 69
1.086250 85 127 34 69
1.088250 86 127 34 69
1.090250 86 127 34 69
1.092250 86 127 34 69
1.094250 86 127 33 69
1.096250 86 127 33 69
1.098250 87 127 33 69
1.100250 87 127 33 69
1.102250 87 127 33 69
1.104250 87 127 33 69
1.106250 87 127 33 69
1.108250 88 127 33 69
1.110250 88 127 33 69
1.112250 88 127 33 69
1.114250 88 127 33 69
1.116250 89 127 32 70
1.118250 89 127 32 70
1.120250 89 127 32 70
1.122250 90 127 32 70
1.124250 90 127 32 70
1.126250 90 127 31 70
1.128250 91 127 31 70
1.130250 91 127 31 70
1.132250 91 127 31 70
1.134250 92 127 31 70
1.136250 92 127 30 70
1.138250 92 127 30 70
1.140250 93 127 30 70
1.142250 93 127 30 70
1.144250 93 127 30 70
1.146250 94 127 29 70
1.148250 94 127 29 70
1.150250 94 127 29 70
1.152250 95 127 29 70
1.154250 95 127 28 70
1.156250 95 127 28 70
1.158250 96 127 28 70
1.160250 96 127 28 70
1.162250 96 127 28 70
1.164250 97 128 28 70
1.166250 97 128 28 70
1.168250 97 128 28 70
1.170250 97 128 28 70
1.172250 97 128 28 70
1.174250 97 128 28 70
1.176250 97 128 29 70
1.178250 97 128 29 70
1.180250 97 128 29 70
1.182250 97 128 29 70
1.184250 97 128 29 70
1.186250 97 128 29 70
1.188250 98 128 30 70
1.190250 98 128 30 70
1.192250 98 128 30 70
1.194250 98 128 30 70
1.196250 98 128 30 70
1.198250 98 128 30 70
1.200250 98 128 31 70
1.202250 98 128 31 70
1.204250 98 128 31 70
1.206250 98 128 31 70
1.208250 98 128 31 70
1.210250 98 128 31 70
1.212250 99 128 32 70
1.214250 99 128 32 70
1.216250 99 128 32 70
1.218250 99 128 32 70
1.220250 99 128 33 70
1.222250 99 128 33 70
1.224250 99 128 33 70
1.226250 99 128 33 70
1.228250 100 128 33 71
1.230250 100 128 34 71
1.232250 100 128 34 71
1.234250 100 128 34 71
1.236250 100 128 34 71
1.238250 100 128 34 71
1.240250 100 128 35 71
1.242250 101 128 35 72
1.244250 101 128 35 72
1.246250 101 128 35 72
1.248250 101 128 35 72
1.250250 101 128 36 72
1.252250 101 128 36 72
1.254250 101 128 36 72
1.256250 101 128 36 72
1.258250 101 128 37 72
1.260250 101 128 37 72
1.262250 101 128 37 72
1.264250 101 128 37 72
1.266250 101 128 37 72
1.268250 101 128 37 72
1.270250 101 128 38 71
1.272250 101 128 38 71
1.274250 101 128 38 71
1.276250 101 128 38 71
1.278250 101 128 38 71
1.280250 101 128 38 71
1.282250 100 129 39 70
1.284250 100 129 39 70
1.286250 100 129 39 70
1.288250 100 129 39 70
1.290250 100 129 39 70
1.292250 100 129 39 70
1.294250 100 129 40 69
1.296250 100 129 40 69
1.298250 100 129 40 69
1.300250 100 129 40 69
1.302250 100 129 40 69
1.304250 100 129 40 69
1.306250 100 130 40 68
1.308250 100 130 40 68
1.310250 100 130 40 68
1.312250 100 130 40 68
1.314250 100 130 40 68
1.316250 100 130 40 68
1.318250 100 130 40 68
1.320250 100 130 40 68
1.322250 100 130 40 68
1.324250 100 130 40 68
1.326250 100 130 40 68
1.328250 100 130 40 68
1.330250 101 130 40 67
1.332250 101 130 40 67
1.334250 101 130 40 67
1.336250 101 130 40 67
1.338250 101 130 40 67
1.340250 101 130 40 67
1.342250 101 130 40 67
1.344250 101 130 40 67
1.346250 101 130 40 67
1.348250 101 130 40 67
1.350250 101 130 40 67
1.352250 101 130 40 67
1.354250 102 131 40 66
1.356250 102 131 40 66
1.358250 102 131 40 66
1.360250 102 131 40 66
1.362250 102 131 40 66
1.364250 102 131 40 66
1.366250 102 131 40 66
1.368250 102 131 40 66
1.370250 102 131 40 66
1.372250 102 131 40 66
1.374250 102 131 40 66
1.376250 102 131 41 65
1.378250 102 131 41 65
1.380250 102 131 41 65
1.382250 102 131 41 65
1.384250 102 131 41 65
1.386250 102 131 41 65
1.388250 102 131 41 65
1.390250 102 131 41 65
1.392250 102 131 41 65
1.394250 102 131 41 65
1.396250 102 131 41 65
1.398250 102 131 41 65
1.400250 102 132 41 65
1.402250 102 132 41 65
1.404250 102 132 41 65
1.406250 102 132 41 65
1.408250 102 132 41 65
1.410250 102 132 41 65
1.412250 103 132 41 65
1.414250 103 132 41 65
1.416250 103 132 40 65
1.418250 103 132 40 65
1.420250 103 132 40 65
1.422250 103 132 40 65
1.424250 104 132 40 65
1.426250 104 132 40 65
1.428250 104 132 40 65
1.430250 104 132 40 65
1.432250 104 132 39 65
1.434250 104 132 39 65
1.436250 105 132 39 65
1.438250 105 132 39 65
1.440250 105 132 39 65
1.442250 105 132 39 65
1.444250 105 132 39 65
1.446250 105 132 39 65
1.448250 106 131 38 66
1.450250 106 131 38 66
1.452250 106 131 38 66
1.454250 107 131 38 66
1.456250 107 131 37 66
1.458250 107 131 37 66
1.460250 108 131 37 66
1.462250 108 131 37 66
1.464250 108 131 36 66
1.466250 108 131 36 66
1.468250 109 131 36 66
1.470250 109 131 36 66
1.472250 109 131 35 66
1.474250 110 131 35 66
1.476250 110 131 35 66
1.478250 110 131 34 66
1.480250 110 131 34 66
1.482250 111 131 34 66
1.484250 111 131 34 66
1.486250 111 131 33 66
1.488250 112 131 33 66
1.490250 112 131 33 66
1.492250 112 131 33 66
1.494250 113 131 32 66
1.496250 113 131 32 66
1.498250 113 131 32 66
1.500250 113 131 32 66
1.502250 114 131 32 66
1.504250 114 131 32 66
1.506250 114 131 32 66
1.508250 114 131 32 66
1.510250 115 131 32 66
1.512250 115 131 32 66
1.514250 115 131 32 66
1.516250 115 131 32 66
1.518250 116 131 31 66
1.520250 116 131 31 66
1.522250 116 131 31 66
1.524250 116 131 31 66
1.526250 117 131 31 66
1.528250 117 131 31 66
1.530250 117 131 31 66
1.532250 117 131 31 66
1.534250 118 131 31 66
1.536250 118 131 31 66
1.538250 118 131 31 66
1.540250 118 131 31 66
1.542250 119 131 30 66
1.544250 119 131 30 66
1.546250 119 131 30 66
1.548250 120 131 30 66
1.550250 120 131 30 66
1.552250 120 131 29 66
1.554250 120 131 29 66
1.556250 121 131 29 66
1.558250 121 131 29 66
1.560250 121 131 28 66
1.562250 122 131 28 66
1.564250 122 131 28 66
1.566250 122 131 28 66
1.568250 123 131 28 66
1.570250 123 131 27 66
1.572250 123 131 27 66
1.574250 123 131 27 66
1.576250 124 131 27 66
1.578250 124 131 27 66
1.580250 124 131 26 66
1.582250 125 131 26 66
1.584250 125 131 26 66
1.586250 125 131 26 66
1.588250 125 131 26 66
1.590250 126 131 26 66
1.592250 126 131 26 66
1.594250 126 131 26 66
1.596250 126 131 26 66
1.598250 126 131 26 66
1.600250 126 131 26 66
1.602250 126 131 26 66
1.604250 127 131 27 66
1.606250 127 131 27 66
1.608250 127 131 27 66
1.610250 127 131 27 66
1.612250 127 131 27 66
1.614250 127 131 27 66
1.616250 127 131 27 66
1.618250 127 131 27 66
1.620250 128 131 28 66
1.622250 128 131 28 66
1.624250 128 131 28 66
1.626250 128 131 28 66
1.628250 128 131 28 66
1.630250 128 131 28 66
1.632250 128 131 28 66
1.634250 128 131 28 66
1.636250 129 132 29 66
1.638250 129 132 29 66
1.640250 129 132 29 66
1.642250 129 132 29 66
1.644250 129 132 29 66
1.646250 129 132 29 66
1.648250 130 132 29 66
1.650250 130 132 29 66
1.652250 130 132 29 66
1.654250 130 132 29 66
1.656250 130 132 29 66
1.658250 130 132 29 66
1.660250 131 132 29 65
1.662250 131 132 29 65
1.664250 131 132 29 65
1.666250 131 132 29 65
1.668250 131 132 29 65
1.670250 131 132 29 65
1.672250 132 132 29 65
1.674250 132 132 29 65
1.676250 132 132 29 65
1.678250 132 132 29 65
1.680250 132 132 29 65
1.682250 132 132 29 65
1.684250 132 133 29 65
1.686250 132 133 29 65
1.688250 132 133 30 65
1.690250 132 133 30 65
1.692250 132 133 30 65
1.694250 132 133 31 65
1.696250 132 133 31 65
1.698250 132 133 31 65
1.700250 132 133 32 65
1.702250 132 133 32 65
1.704250 132 133 33 65
1.706250 132 133 33 65
1.708250 132 133 33 65
1.710250 132 133 34 65
1.712250 132 133 34 65
1.714250 132 133 34 65
1.716250 132 133 35 65
1.718250 132 133 35 65
1.720250 132 133 36 65
1.722250 132 133 36 65
1.724250 132 133 36 65
1.726250 132 133 37 65
1.728250 132 133 37 65
1.730250 131 133 38 65
1.732250 131 133 38 65
1.734250 131 133 38 65
1.736250 131 133 38 65
1.738250 131 133 38 65
1.740250 131 133 38 65
1.742250 131 133 39 65
1.744250 131 133 39 65
1.746250 131 133 39 65
1.748250 131 133 39 65
1.750250 131 133 39 65
1.752250 131 133 39 65
1.754250 130 133 40 65
1.756250 130 133 40 65
1.758250 130 133 40 65
1.760250 130 133 40 65
1.762250 130 133 40 65
1.764250 130 133 40 65
1.766250 130 133 41 65
1.768250 130 133 41 65
1.770250 130 133 41 65
1.772250 130 133 41 65
1.774250 130 133 41 65
1.776250 130 133 41 65
1.778250 130 134 41 65
1.780250 130 134 41 65
1.782250 130 134 41 65
1.784250 130 134 41 65
1.786250 130 134 41 65
1.788250 130 134 41 65
1.790250 130 134 41 65
1.792250 130 134 41 65
1.794250 131 134 41 65
1.796250 131 134 41 65
1.798250 131 134 41 65
1.800250 131 134 41 65
1.802250 131 134 41 65
1.804250 131 134 41 65
1.806250 131 134 41 65
1.808250 131 134 41 65
1.810250 132 134 41 65
1.812250 132 134 41 65
1.814250 132 134 41 65
1.816250 132 134 41 65
1.818250 132 134 41 65
1.820250 132 134 41 65
1.822250 132 134 41 65
1.824250 132 134 41 65
1.826250 133 135 41 65
1.828250 133 135 41 65
1.830250 133 135 41 65
1.832250 133 135 41 65
1.834250 133 135 41 65
1.836250 133 135 41 65
1.838250 133 135 41 65
1.840250 133 135 41 65
1.842250 133 135 41 65
1.844250 133 135 41 65
1.846250 133 135 41 65
1.848250 133 135 41 65
1.850250 133 135 41 65
1.852250 133 135 41 65
1.854250 133 135 41 65
1.856250 133 135 41 65
1.858250 133 135 41 65
1.860250 133 135 41 65
1.862250 133 135 41 65
1.864250 133 135 41 65
1.866250 133 135 41 65
1.868250 133 135 41 65
1.870250 133 135 41 65
1.872250 134 135 41 64
1.874250 134 135 41 64
1.876250 134 135 41 64
1.878250 134 135 41 64
1.880250 134 135 41 64
1.882250 134 135 41 64
1.884250 134 135 41 64
1.886250 134 135 41 64
1.888250 134 135 41 64
1.890250 134 135 41 64
1.892250 134 135 41 64
1.894250 134 135 41 64
1.896250 134 135 40 63
1.898250 134 135 40 63
1.900250 134 135 40 63
1.902250 134 135 40 63
1.904250 134 135 40 63
1.906250 134 135 40 63
1.908250 134 135 40 63
1.910250 134 135 40 63
1.912250 134 135 40 63
1.914250 134 135 40 63
1.916250 134 135 40 63
1.918250 134 135 40 63
1.920250 134 136 39 62
1.922250 134 136 39 62
1.924250 134 136 39 62
1.926250 135 136 39 62
1.928250 135 136 39 62
1.930250 135 136 38 62
1.932250 136 136 38 62
1.934250 136 136 38 62
1.936250 136 136 38 62
1.938250 137 136 37 62
1.940250 137 136 37 62
1.942250 137 136 37 62
1.944250 138 136 37 61
1.946250 138 136 37 61
1.948250 138 136 36 61
1.950250 139 136 36 61
1.952250 139 136 36 61
1.954250 139 136 36 61
1.956250 140 136 36 61
1.958250 140 136 35 61
1.960250 141 136 35 61
1.962250 141 136 35 61
1.964250 141 136 35 61
1.966250 142 136 34 61
1.968250 142 136 34 61
1.970250 142 136 34 61
1.972250 143 136 34 61
1.974250 143 136 34 61
1.976250 143 136 33 61
1.978250 144 136 33 61
1.980250 144 136 33 61
1.982250 145 136 33 61
1.984250 145 136 33 61
1.986250 145 136 32 61
1.988250 146 136 32 61
1.990250 146 136 32 61
1.992250 146 136 32 61
1.994250 147 136 32 61
1.996250 147 136 31 61
1.998250 148 136 31 61
2.000250 148 136 31 61
2.002250 148 136 31 61
2.004250 149 136 30 61
2.006250 149 136 30 61
2.008250 150 136 30 61
2.010250 150 136 30 61
2.012250 150 136 30 61
2.014250 151 136 29 62
2.016250 151 136 29 62
2.018250 151 136 29 62
2.020250 151 136 29 62
2.022250 152 136 29 62
2.024250 152 136 29 62
2.026250 152 136 28 62
2.028250 152 136 28 62
2.030250 153 136 28 62
2.032250 153 136 28 62
2.034250 153 136 28 62
2.036250 153 136 28 62
2.038250 154 136 27 62
2.040250 154 136 27 62
2.042250 154 136 27 62
2.044250 154 136 27 62
2.046250 155 136 27 62
2.048250 155 136 27 62
2.050250 155 136 26 62
2.052250 155 136 26 62
2.054250 156 136 26 62
2.056250 156 136 26 62
2.058250 156 136 26 62
2.060250 156 136 26 62
2.062250 157 136 26 62
2.064250 157 136 26 62
2.066250 157 136 26 62
2.068250 157 136 26 62
2.070250 157 136 26 62
2.072250 157 136 26 62
2.074250 157 136 26 62
2.076250 157 136 26 62
2.078250 157 136 26 62
2.080250 157 136 26 62
2.082250 157 136 26 62
2.084250 158 136 26 62
2.086250 158 136 26 62
2.088250 158 136 26 62
2.090250 158 136 26 62
2.092250 158 136 26 62
2.094250 158 136 26 62
2.096250 158 136 26 62
2.098250 158 136 26 62
2.100250 158 136 26 62
2.102250 158 136 26 62
2.104250 158 136 26 62
2.106250 158 136 26 62
2.108250 159 136 26 62
2.110250 159 136 26 62
2.112250 159 136 26 62
2.114250 159 136 26 62
2.116250 159 136 26 62
2.118250 159 136 26 62
2.120250 159 136 26 62
2.122250 159 136 26 62
2.124250 160 136 26 62
2.126250 160 136 26 62
2.128250 160 136 26 62
2.130250 160 136 26 62
2.132250 160 136 26 62
2.134250 160 136 26 62
2.136250 160 136 26 62
2.138250 160 136 26 62
2.140250 161 136 26 62
2.142250 161 136 26 62
2.144250 161 136 26 62
2.146250 161 136 26 62
2.148250 161 136 26 62
2.150250 161 136 26 62
2.152250 161 136 26 62
2.154250 161 136 26 62
2.156250 162 137 27 62
2.158250 162 137 27 62
2.160250 162 137 27 62
2.162250 162 137 27 62
2.164250 162 137 27 62
2.166250 162 137 27 62
2.168250 162 137 28 62
2.170250 162 137 28 62
2.172250 162 137 28 61
2.174250 162 137 28 61
2.176250 162 137 28 61
2.178250 162 137 28 61
2.180250 162 137 29 61
2.182250 162 137 29 61
2.184250 162 137 29 61
2.186250 162 137 29 61
2.188250 162 137 29 60
2.190250 162 137 29 60
2.192250 162 137 30 60
2.194250 162 137 30 60
2.196250 162 137 30 60
2.198250 162 137 30 60
2.200250 162 137 30 60
2.202250 162 138 31 60
2.204250 162 138 31 60
2.206250 162 138 31 60
2.208250 162 138 31 60
2.210250 162 138 31 60
2.212250 162 138 31 60
2.214250 162 138 31 60
2.216250 162 138 31 60
2.218250 162 138 32 60
2.220250 162 138 32 60
2.222250 162 138 32 60
2.224250 162 138 32 60
2.226250 163 138 32 60
2.228250 163 138 32 60
2.230250 163 138 32 60
2.232250 163 138 32 60
2.234250 163 138 33 60
2.236250 163 138 33 60
2.238250 163 138 33 60
2.240250 163 138 33 60
2.242250 163 138 33 60
2.244250 163 138 33 60
2.246250 163 138 33 60
2.248250 163 138 33 60
2.250250 164 139 34 60
2.252250 164 139 34 60
2.254250 164 139 34 60
2.256250 164 139 34 60
2.258250 164 139 34 60
2.260250 164 139 34 60
2.262250 164 139 34 60
2.264250 164 139 34 60
2.266250 164 139 34 60
2.268250 164 139 34 60
2.270250 164 139 34 60
2.272250 164 139 34 60
2.274250 164 139 34 59
2.276250 164 139 34 59
2.278250 164 139 34 59
2.280250 164 139 34 59
2.282250 164 139 34 59
2.284250 164 139 34 59
2.286250 164 139 34 59
2.288250 164 139 34 59
2.290250 164 139 34 59
2.292250 164 139 34 59
2.294250 164 139 34 59
2.296250 164 139 34 59
2.298250 165 140 34 59
2.300250 165 140 34 59
2.302250 165 140 34 59
2.304250 165 140 34 59
2.306250 165 140 34 59
2.308250 165 140 34 59
2.310250 165 140 34 59
2.312250 165 140 34 59
2.314250 165 140 34 59
2.316250 165 140 34 59
2.318250 165 140 34 59
2.320250 165 140 34 59
2.322250 165 140 34 59
2.324250 165 140 34 59
2.326250 165 140 34 59
2.328250 165 140 34 59
2.330250 165 140 34 59
2.332250 165 140 34 59
2.334250 165 140 34 59
2.336250 165 140 34 59
2.338250 165 140 34 59
2.340250 165 140 34 59
2.342250 165 140 34 59
2.344250 165 139 35 60
2.346250 165 139 35 60
2.348250 165 139 35 60
2.350250 165 139 35 60
2.352250 165 139 35 60
2.354250 165 139 35 60
2.356250 165 139 35 60
2.358250 165 139 35 60
2.360250 166 139 35 60
2.362250 166 139 35 60
2.364250 166 139 35 60
2.366250 166 139 35 60
2.368250 166 139 35 60
2.370250 166 139 35 60
2.372250 166 139 35 60
2.374250 166 139 35 60
2.376250 167 139 35 60
2.378250 167 139 35 60
2.380250 167 139 35 60
2.382250 167 139 35 60
2.384250 167 139 35 60
2.386250 167 139 35 60
2.388250 167 139 35 60
2.390250 167 139 35 60
2.392250 168 139 35 60
2.394250 168 139 35 60
2.396250 168 139 35 60
2.398250 168 139 35 60
2.400250 169 139 35 60
2.402250 169 139 35 60
2.404250 169 139 34 60
2.406250 169 139 34 60
2.408250 170 139 34 60
2.410250 170 139 34 60
2.412250 170 139 34 60
2.414250 170 139 34 60
2.416250 171 140 33 60
2.418250 171 140 33 60
2.420250 171 140 33 60
2.422250 171 140 33 60
2.424250 172 140 33 60
2.426250 172 140 33 60
2.428250 172 140 32 60
2.430250 172 140 32 60
2.432250 173 140 32 60
2.434250 173 140 32 60
2.436250 173 140 32 60
2.438250 174 140 31 59
2.440250 174 140 31 59
2.442250 174 140 31 59
2.444250 174 140 31 59
2.446250 175 140 31 59
2.448250 175 140 30 59
2.450250 175 140 30 59
2.452250 175 140 30 59
2.454250 176 140 30 59
2.456250 176 140 30 59
2.458250 176 140 29 59
2.460250 176 140 29 59
2.462250 177 139 29 59
2.464250 177 139 29 59
2.466250 177 139 29 59
2.468250 177 139 28 59
2.470250 178 139 28 59
2.472250 178 139 28 59
2.474250 178 139 28 59
2.476250 178 139 27 59
2.478250 179 139 27 59
2.480250 179 139 27 59
2.482250 179 139 27 59
2.484250 179 139 27 59
2.486250 180 139 27 59
2.488250 180 139 27 59
2.490250 180 139 27 59
2.492250 180 139 27 59
2.494250 180 139 27 59
2.496250 180 139 27 59
2.498250 181 139 27 59
2.500250 181 139 27 59
2.502250 181 139 27 59
2.504250 181 139 27 59
2.506250 181 139 27 59
2.508250 181 139 27 59
2.510250 182 139 27 59
2.512250 182 139 27 59
2.514250 182 139 27 59
2.516250 182 139 27 59
2.518250 182 139 27 59
2.520250 182 139 27 59
2.522250 183 139 27 59
2.524250 183 139 27 59
2.526250 183 139 27 59
2.528250 183 139 27 59
2.530250 183 139 27 59
2.532250 183 139 27 59
2.534250 184 139 27 60
2.536250 184 139 27 60
2.538250 184 139 27 60
2.540250 184 139 27 60
2.542250 184 139 27 60
2.544250 184 139 27 60
2.546250 185 139 27 60
2.548250 185 139 27 60
2.550250 185 139 27 60
2.552250 185 139 27 60
2.554250 185 139 27 60
2.556250 185 139 27 60
2.558250 186 139 27 60
2.560250 186 139 27 60
2.562250 186 139 27 60
2.564250 186 139 27 60
2.566250 186 139 27 60
2.568250 187 139 27 60
2.570250 187 139 27 60
2.572250 187 139 27 60
2.574250 187 139 27 60
2.576250 187 139 27 60
2.578250 187 139 27 60
2.580250 188 139 28 59
2.582250 188 139 28 59
2.584250 188 139 28 59
2.586250 188 139 28 59
2.588250 188 139 28 59
2.590250 188 139 28 59
2.592250 188 139 28 59
2.594250 188 139 28 59
2.596250 188 139 28 59
2.598250 188 139 28 59
2.600250 188 139 28 59
2.602250 188 139 28 59
2.604250 189 139 28 58
2.606250 189 139 28 58
2.608250 189 139 28 58
2.610250 189 139 28 58
2.612250 189 139 28 58
2.614250 189 139 28 58
2.616250 189 139 28 58
2.618250 189 139 28 58
2.620250 189 139 28 58
2.622250 189 139 28 58
2.624250 189 139 28 58
2.626250 189 139 28 58
2.628250 190 140 28 58
2.630250 190 140 28 58
2.632250 190 140 28 58
2.634250 190 140 28 58
2.636250 190 140 29 58
2.638250 190 140 29 58
2.640250 190 140 29 58
2.642250 190 140 29 58
2.644250 190 140 30 58
2.646250 190 140 30 58
2.648250 190 140 30 58
2.650250 190 140 30 58
2.652250 190 140 31 59
2.654250 190 140 31 59
2.656250 190 140 31 59
2.658250 190 140 31 59
2.660250 190 140 32 59
2.662250 190 140 32 59
2.664250 190 140 32 59
2.666250 190 140 32 59
2.668250 190 140 33 59
2.670250 190 140 33 59
2.672250 190 140 33 59
2.674250 190 140 33 59
2.676250 190 141 34 59
2.678250 190 141 34 59
2.680250 190 141 34 59
2.682250 190 141 34 59
2.684250 190 141 34 59
2.686250 190 141 34 59
2.688250 190 141 34 59
2.690250 190 141 35 59
2.692250 190 141 35 59
2.694250 190 141 35 59
2.696250 190 141 35 59
2.698250 190 141 35 59
2.700250 190 141 35 59
2.702250 190 141 35 59
2.704250 190 141 35 59
2.706250 190 141 36 59
2.708250 190 141 36 59
2.710250 190 141 36 59
2.712250 190 141 36 59
2.714250 190 141 36 59
2.716250 190 141 36 59
2.718250 190 141 36 59
2.720250 190 141 36 59
2.722250 191 141 36 59
2.724250 191 141 36 59
2.726250 191 141 36 59
2.728250 191 141 36 59
2.730250 191 141 36 59
2.732250 191 141 36 59
2.734250 191 141 36 59
2.736250 191 141 36 59
2.738250 191 141 36 59
2.740250 191 141 36 59
2.742250 191 141 36 59
2.744250 191 141 36 59
2.746250 191 141 36 59
2.748250 191 141 36 59
2.750250 191 141 36 59
2.752250 191 141 36 59
2.754250 191 141 36 59
2.756250 191 141 36 59
2.758250 191 141 36 59
2.760250 191 141 36 59
2.762250 191 141 36 59
2.764250 191 141 36 59
2.766250 191 141 36 59
2.768250 191 141 36 59
2.770250 192 141 35 58
2.772250 192 141 35 58
2.774250 192 141 35 58
2.776250 192 141 35 58
2.778250 192 141 35 58
2.780250 192 141 35 58
2.782250 192 141 35 58
2.784250 192 141 35 58
2.786250 192 141 35 58
2.788250 192 141 35 58
2.790250 192 141 35 58
2.792250 192 141 35 58
2.794250 192 141 35 58
2.796250 192 141 35 58
2.798250 192 141 35 58
2.800250 192 141 35 58
2.802250 192 141 35 58
2.804250 192 141 35 58
2.806250 192 141 35 58
2.808250 192 141 35 58
2.810250 192 141 35 58
2.812250 192 141 35 58
2.814250 192 141 35 58
2.816250 192 142 35 57
2.818250 192 142 35 57
2.820250 192 142 35 57
2.822250 192 142 35 57
2.824250 192 142 35 57
2.826250 192 142 35 57
2.828250 192 142 35 57
2.830250 192 142 35 57
2.832250 192 142 35 57
2.834250 192 142 35 57
2.836250 192 142 35 57
2.838250 192 142 35 57
2.840250 192 142 35 57
2.842250 192 142 35 57
2.844250 192 142 35 57
2.846250 192 142 35 57
2.848250 192 142 35 57
2.850250 192 142 35 57
2.852250 192 142 35 57
2.854250 192 142 35 57
2.856250 192 142 35 57
2.858250 192 142 35 57
2.860250 192 142 35 57
2.862250 192 142 35 57
2.864250 193 141 34 57
2.866250 193 141 34 57
2.868250 193 141 34 57
2.870250 194 141 34 57
2.872250 194 141 34 57
2.874250 194 141 33 57
2.876250 194 141 33 57
2.878250 195 141 33 57
2.880250 195 141 33 57
2.882250 195 141 32 57
2.884250 196 141 32 57
2.886250 196 141 32 57
2.888250 196 141 32 57
2.890250 197 141 32 57
2.892250 197 141 31 57
2.894250 197 141 31 57
2.896250 197 141 31 57
2.898250 198 141 31 57
2.900250 198 141 31 57
2.902250 198 141 30 57
2.904250 199 141 30 57
2.906250 199 141 30 57
2.908250 199 141 30 57
2.910250 199 141 30 57
2.912250 200 140 29 58
2.914250 200 140 29 58
2.916250 200 140 29 58
2.918250 200 140 29 58
2.920250 200 140 29 58
2.922250 200 140 29 58
2.924250 200 140 29 58
2.926250 201 140 29 58
2.928250 201 140 29 58
2.930250 201 140 29 58
2.932250 201 140 29 58
2.934250 201 140 29 58
2.936250 201 140 29 58
2.938250 201 140 29 58
2.940250 201 140 29 58
2.942250 202 140 29 58
2.944250 202 140 29 58
2.946250 202 140 29 58
2.948250 202 140 29 58
2.950250 202 140 29 58
2.952250 202 140 29 58
2.954250 202 140 29 58
2.956250 202 140 29 58
2.958250 203 140 28 59
2.960250 203 140 28 59
2.962250 203 140 28 59
2.964250 203 140 28 59
2.966250 203 140 28 59
2.968250 204 140 28 59
2.970250 204 140 28 59
2.972250 204 140 28 59
2.974250 204 140 27 59
2.976250 204 140 27 59
2.978250 205 140 27 59
2.980250 205 140 27 59
2.982250 205 140 27 59
2.984250 205 140 27 59
2.986250 206 140 27 59
2.988250 206 140 27 59
2.990250 206 140 26 59
2.992250 206 140 26 59
2.994250 206 140 26 59
2.996250 207 140 26 59
2.998250 207 140 26 59
3.000250 207 140 26 59
3.002250 207 140 26 59
3.004250 207 140 26 59
3.006250 208 140 26 59
3.008250 208 140 26 59
3.010250 208 140 26 59
3.012250 208 140 26 59
3.014250 208 140 26 59
3.016250 208 140 26 59
3.018250 208 140 27 59
3.020250 208 140 27 59
3.022250 208 140 27 58
3.024250 208 140 27 58
3.026250 208 140 27 58
3.028250 208 140 27 58
3.030250 209 140 28 58
3.032250 209 140 28 58
3.034250 209 140 28 58
3.036250 209 140 28 58
3.038250 209 140 28 57
3.040250 209 140 29 57
3.042250 209 140 29 57
3.044250 209 140 29 57
3.046250 209 140 29 57
3.048250 209 140 29 57
3.050250 209 140 29 57
3.052250 210 141 29 57
3.054250 210 141 29 57
3.056250 210 141 29 57
3.058250 210 141 29 57
3.060250 210 141 29 57
3.062250 211 141 29 57
3.064250 211 141 29 57
3.066250 211 141 29 57
3.068250 211 141 29 57
3.070250 211 141 29 57
3.072250 212 141 29 57
3.074250 212 141 29 57
3.076250 212 141 28 57
3.078250 212 141 28 57
3.080250 212 141 28 57
3.082250 213 141 28 57
3.084250 213 141 28 57
3.086250 213 141 28 57
3.088250 213 141 28 57
3.090250 214 141 28 57
3.092250 214 141 28 57
3.094250 214 141 28 57
3.096250 214 141 28 57
3.098250 214 141 28 57
3.100250 214 141 28 58
3.102250 214 141 28 58
3.104250 214 141 28 58
3.106250 214 141 28 58
3.108250 214 141 28 58
3.110250 214 141 28 58
3.112250 214 141 29 58
3.114250 214 141 29 58
3.116250 214 141 29 58
3.118250 214 141 29 58
3.120250 214 141 29 58
3.122250 214 141 29 58
3.124250 214 141 30 58
3.126250 214 141 30 58
3.128250 214 141 30 58
3.130250 214 141 30 58
3.132250 214 141 30 58
3.134250 214 141 30 58
3.136250 214 141 31 58
3.138250 214 141 31 58
3.140250 214 141 31 58
3.142250 214 141 31 58
3.144250 214 141 31 58
3.146250 214 141 31 58
3.148250 214 141 32 58
3.150250 214 141 32 58
3.152250 214 141 32 58
3.154250 214 141 32 58
3.156250 214 141 32 58
3.158250 214 141 32 58
3.160250 214 141 32 58
3.162250 215 141 32 58
3.164250 215 141 32 58
3.166250 215 141 32 58
3.168250 215 141 32 58
3.170250 215 142 32 57
3.172250 215 142 32 57
3.174250 215 142 32 57
3.176250 215 142 32 57
3.178250 216 142 32 57
3.180250 216 142 32 57
3.182250 216 142 32 57
3.184250 216 142 32 57
3.186250 216 142 32 57
3.188250 216 142 32 57
3.190250 216 142 32 57
3.192250 216 142 32 57
3.194250 217 142 31 57
3.196250 217 142 31 57
3.198250 217 142 31 57
3.200250 217 142 31 57
3.202250 217 142 31 57
3.204250 217 142 31 57
3.206250 218 142 31 57
3.208250 218 142 31 57
3.210250 218 142 31 57
3.212250 218 142 31 57
3.214250 218 142 31 57
3.216250 218 142 31 57
3.218250 219 142 30 57
3.220250 219 142 30 57
3.222250 219 142 30 57
3.224250 219 142 30 57
3.226250 219 142 30 57
3.228250 219 142 30 57
3.230250 220 142 30 57
3.232250 220 142 30 57
3.234250 220 142 30 57
3.236250 220 142 30 57
3.238250 220 142 30 57
3.240250 220 142 30 57
3.242250 221 142 30 56
3.244250 221 142 30 56
3.246250 221 142 30 56
3.248250 221 142 30 56
3.250250 221 142 30 56
3.252250 221 142 30 56
3.254250 221 142 30 56
3.256250 221 142 30 56
3.258250 221 142 30 56
3.260250 221 142 30 56
3.262250 221 142 30 56
3.264250 221 142 30 56
3.266250 222 142 30 56
3.268250 222 142 30 56
3.270250 222 142 30 56
3.272250 222 142 30 56
3.274250 222 142 30 56
3.276250 222 142 30 56
3.278250 222 142 30 56
3.280250 222 142 30 56
3.282250 222 142 30 56
3.284250 222 142 30 56
3.286250 222 142 30 56
3.288250 222 143 30 56
3.290250 222 143 30 56
3.292250 222 143 30 56
3.294250 222 143 30 56
3.296250 222 143 30 56
3.298250 222 143 30 56
3.300250 222 143 30 56
3.302250 222 143 30 56
3.304250 222 143 30 56
3.306250 222 143 30 56
3.308250 222 143 30 56
3.310250 222 143 30 56
3.312250 222 143 31 57
3.314250 222 143 31 57
3.316250 222 143 31 57
3.318250 222 143 31 57
3.320250 222 143 31 57
3.322250 222 143 31 57
3.324250 222 143 31 57
3.326250 222 143 31 57
3.328250 222 143 31 57
3.330250 222 143 31 57
3.332250 222 143 31 57
3.334250 222 143 31 57
3.336250 222 143 31 57
3.338250 222 143 31 57
3.340250 222 143 31 57
3.342250 222 143 31 57
3.344250 222 143 31 57
3.346250 223 143 31 57
3.348250 223 143 30 57
3.350250 223 143 30 57
3.352250 223 143 30 57
3.354250 224 143 30 57
3.356250 224 143 30 57
3.358250 224 143 30 57
3.360250 224 143 29 57
3.362250 224 143 29 57
3.364250 225 143 29 57
3.366250 225 143 29 57
3.368250 225 143 29 57
3.370250 225 143 29 57
3.372250 225 143 28 57
3.374250 226 143 28 57
3.376250 226 143 28 57
3.378250 226 143 28 57
3.380250 226 143 28 57
3.382250 226 143 28 57
3.384250 227 142 27 57
3.386250 227 142 27 57
3.388250 227 142 27 57
3.390250 227 142 27 57
3.392250 227 142 27 57
3.394250 227 142 27 57
3.396250 227 142 27 57
3.398250 227 142 27 57
3.400250 227 142 27 57
3.402250 227 142 27 57
3.404250 227 142 27 57
3.406250 228 142 26 57
3.408250 228 142 26 57
3.410250 228 142 26 57
3.412250 228 142 26 57
3.414250 228 142 26 57
3.416250 228 142 26 57
3.418250 228 142 26 57
3.420250 228 142 26 57
3.422250 228 142 26 57
3.424250 228 142 26 57
3.426250 228 142 26 57
3.428250 228 142 26 57
3.430250 229 142 25 57
3.432250 229 142 25 57
3.434250 229 142 25 57
3.436250 229 142 25 57
3.438250 229 142 25 57
3.440250 229 142 25 57
3.442250 230 142 25 57
3.444250 230 142 25 57
3.446250 230 142 25 57
3.448250 230 142 25 57
3.450250 230 142 25 57
3.452250 230 142 25 57
3.454250 231 142 25 56
3.456250 231 142 25 56
3.458250 231 142 25 56
3.460250 231 142 25 56
3.462250 231 142 25 56
3.464250 231 142 25 56
3.466250 232 142 25 56
3.468250 232 142 25 56
3.470250 232 142 25 56
3.472250 232 142 25 56
3.474250 232 142 25 56
3.476250 232 142 25 56
3.478250 233 143 25 55
3.480250 233 143 25 55
3.482250 233 143 25 55
3.484250 233 143 25 55
3.486250 233 143 25 55
3.488250 233 143 25 55
3.490250 233 143 25 55
3.492250 233 143 25 55
3.494250 233 143 25 55
3.496250 233 143 25 55
3.498250 233 143 25 55
3.500250 233 143 25 55
3.502250 233 143 25 54
3.504250 233 143 25 54
3.506250 233 143 25 54
3.508250 233 143 25 54
3.510250 233 143 25 54
3.512250 233 143 25 54
3.514250 233 143 25 54
3.516250 233 143 25 54
3.518250 233 143 25 54
3.520250 233 143 25 54
3.522250 233 143 25 54
3.524250 234 143 25 54
3.526250 234 143 25 54
3.528250 234 143 25 54
3.530250 234 143 25 54
3.532250 234 143 25 54
3.534250 235 143 25 54
3.536250 235 143 25 55
3.538250 235 143 25 55
3.540250 235 143 24 55
3.542250 235 143 24 55
3.544250 236 143 24 55
3.546250 236 143 24 55
3.548250 236 142 24 56
3.550250 236 142 24 56
3.552250 236 142 24 56
3.554250 237 142 24 56
3.556250 237 142 23 56
3.558250 237 142 23 56
3.560250 237 142 23 57
3.562250 238 142 23 57
3.564250 238 142 23 57
3.566250 238 142 23 57
3.568250 238 142 23 57
3.570250 238 142 23 57
3.572250 239 142 23 57
3.574250 239 142 23 57
3.576250 239 142 23 57
3.578250 239 142 23 56
3.580250 239 142 23 56
3.582250 239 143 23 56
3.584250 239 143 23 55
3.586250 239 143 23 55
3.588250 239 143 23 55
3.590250 239 143 23 54
3.592250 239 144 23 54
3.594250 239 144 23 54
3.596250 240 144 23 53
3.598250 240 144 23 53
3.600250 240 145 23 53
3.602250 240 145 23 52
3.604250 240 145 23 52
3.606250 240 145 23 52
3.608250 240 145 23 51
3.610250 240 146 23 51
3.612250 240 146 23 51
3.614250 240 146 23 50
3.616250 240 146 23 50
3.618250 240 146 23 50
3.620250 241 146 24 50
3.622250 241 146 24 50
3.624250 241 146 24 50
3.626250 241 146 24 50
3.628250 241 146 24 51
3.630250 241 146 24 51
3.632250 241 146 24 51
3.634250 241 146 24 51
3.636250 242 145 24 51
3.638250 242 145 24 52
3.640250 242 145 24 52
3.642250 242 145 24 52
3.644250 242 145 24 52
3.646250 242 145 24 52
3.648250 242 145 24 53
3.650250 243 144 24 53
3.652250 243 144 24 53
3.654250 243 144 24 53
3.656250 243 144 24 53
3.658250 243 144 24 54
3.660250 243 144 24 54
3.662250 243 144 24 54
3.664250 243 144 24 54
3.666250 243 144 25 54
3.668250 243 144 25 54
3.670250 243 144 25 54
3.672250 243 144 25 54
3.674250 243 144 26 54
3.676250 243 144 26 54
3.678250 243 144 26 54
3.680250 243 144 26 54
3.682250 243 144 27 54
3.684250 243 144 27 54
3.686250 243 144 27 54
3.688250 243 144 27 54
3.690250 242 145 28 53
3.692250 242 145 28 53
3.694250 242 145 28 53
3.696250 242 145 28 53
3.698250 242 145 29 53
3.700250 242 145 29 53
3.702250 242 145 29 53
3.704250 242 145 29 53
3.706250 242 145 30 53
3.708250 242 145 30 53
3.710250 242 145 30 53
3.712250 242 145 30 53
3.714250 241 146 31 53
3.716250 241 146 31 53
3.718250 241 146 31 53
3.720250 241 146 31 53
3.722250 241 146 31 53
3.724250 241 146 31 53
3.726250 241 146 31 53
3.728250 241 146 31 53
3.730250 241 146 31 53
3.732250 241 146 31 53
3.734250 241 146 31 53
3.736250 241 146 31 53
3.738250 241 146 31 53
3.740250 241 146 31 53
3.742250 241 146 31 53
3.744250 241 146 31 53
3.746250 241 146 31 53
3.748250 241 146 31 53
3.750250 241 146 31 53
3.752250 241 146 31 53
3.754250 241 146 31 53
3.756250 241 146 31 53
3.758250 241 146 31 53
3.760250 241 146 32 54
3.762250 241 146 32 54
3.764250 241 146 32 54
3.766250 241 146 32 54
3.768250 241 146 32 54
3.770250 241 146 32 54
3.772250 241 146 32 54
3.774250 241 146 32 54
3.776250 241 146 32 54
3.778250 241 146 32 54
3.780250 241 146 32 54
3.782250 241 146 32 54
3.784250 241 146 32 54
3.786250 241 146 32 54
3.788250 241 146 32 54
3.790250 241 146 32 54
3.792250 241 146 32 54
3.794250 241 146 32 54
3.796250 241 146 32 54
3.798250 241 146 32 54
3.800250 241 146 32 54
3.802250 241 146 32 54
3.804250 241 146 32 54
3.806250 241 146 32 54
3.808250 242 146 31 53
3.810250 242 146 31 53
3.812250 242 146 31 53
3.814250 242 146 31 53
3.816250 242 146 31 53
3.818250 242 146 31 53
3.820250 243 146 30 53
3.822250 243 146 30 53
3.824250 243 146 30 53
3.826250 243 146 30 53
3.828250 243 146 30 53
3.830250 243 146 30 53
3.832250 244 146 29 53
3.834250 244 146 29 53
3.836250 244 146 29 53
3.838250 244 146 29 53
3.840250 244 146 29 53
3.842250 244 146 29 53
3.844250 245 146 28 53
3.846250 245 146 28 53
3.848250 245 146 28 53
3.850250 245 146 28 53
3.852250 245 146 28 53
3.854250 245 146 28 53
3.856250 246 146 27 53
3.858250 246 146 27 53
3.860250 246 146 27 53
3.862250 246 146 27 53
3.864250 247 146 27 53
3.866250 247 146 27 53
3.868250 247 146 27 53
3.870250 247 146 27 53
3.872250 247 146 26 53
3.874250 248 146 26 53
3.876250 248 146 26 53
3.878250 248 146 26 53
3.880250 248 146 26 53
3.882250 248 146 26 53
3.884250 249 146 26 53
3.886250 249 146 25 53
3.888250 249 146 25 53
3.890250 249 146 25 53
3.892250 249 146 25 53
3.894250 250 146 25 53
3.896250 250 146 25 53
3.898250 250 146 25 53
3.900250 250 146 25 53
3.902250 251 145 24 54
3.904250 251 145 24 54
3.906250 251 145 24 54
3.908250 251 145 24 54
3.910250 251 145 24 54
3.912250 251 145 24 54
3.914250 252 145 24 54
3.916250 252 145 24 54
3.918250 252 145 24 54
3.920250 252 145 24 54
3.922250 252 145 24 54
3.924250 252 145 24 54
3.926250 253 145 24 54
3.928250 253 145 24 54
3.930250 253 145 24 54
3.932250 253 145 24 54
3.934250 253 145 24 54
3.936250 253 145 24 54
3.938250 254 145 24 54
3.940250 254 145 24 54
3.942250 254 145 24 54
3.944250 254 145 24 54
3.946250 254 145 24 54
3.948250 254 145 24 54
3.950250 255 145 24 54
3.952250 255 145 24 54
3.954250 255 145 24 54
3.956250 255 145 24 54
3.958250 255 145 24 54
3.960250 255 145 24 54
3.962250 256 145 24 54
3.964250 256 145 24 54
3.966250 256 145 24 54
3.968250 256 145 24 54
3.970250 256 145 24 54
3.972250 256 145 24 54
3.974250 257 145 24 54
3.976250 257 145 24 54
3.978250 257 145 24 54
3.980250 257 145 24 54
3.982250 257 145 24 54
3.984250 257 145 24 54
3.986250 258 145 24 54
3.988250 258 145 24 54
3.990250 258 145 24 54
3.992250 258 145 24 54
3.994250 258 145 24 54
3.996250 258 145 24 54
3.998250 259 145 24 53
4.000250 259 145 24 53
4.002250 259 145 24 53
4.004250 259 145 24 53
4.006250 259 145 24 53
4.008250 259 145 24 53
4.010250 259 145 24 53
4.012250 259 145 24 53
4.014250 259 145 24 53
4.016250 259 145 24 53
4.018250 259 145 24 53
4.020250 260 145 24 53
4.022250 260 145 24 53
4.024250 260 145 24 53
4.026250 260 145 24 53
4.028250 260 145 24 53
4.030250 260 145 24 53
4.032250 260 145 24 53
4.034250 260 145 24 53
4.036250 260 145 24 53
4.038250 260 145 24 53
4.040250 260 145 24 53
4.042250 260 145 24 53
4.044250 261 146 23 52
4.046250 261 146 23 52
4.048250 261 146 23 52
4.050250 261 146 23 52
4.052250 261 146 23 52
4.054250 261 146 23 52
4.056250 261 146 22 52
4.058250 261 146 22 52
4.060250 261 146 22 52
4.062250 261 146 22 52
4.064250 261 146 22 52
4.066250 261 146 22 52
4.068250 262 147 21 51
4.070250 262 147 21 51
4.072250 262 147 21 51
4.074250 262 147 21 51
4.076250 262 147 21 51
4.078250 262 147 21 51
4.080250 262 147 20 51
4.082250 262 147 20 51
4.084250 262 147 20 51
4.086250 262 147 20 51
4.088250 262 147 20 51
4.090250 262 147 20 51
