0.006143 16 163 6 14
0.008143 16 162 6 14
0.010143 16 162 6 14
0.012143 16 162 6 14
0.014143 16 162 6 14
0.016143 16 162 6 14
0.018143 16 162 6 14
0.020143 16 162 6 14
0.022143 16 162 6 14
0.024143 16 162 7 14
0.026143 16 162 7 14
0.028143 16 162 7 14
0.030143 16 162 7 14
0.032143 16 162 7 14
0.034143 16 162 7 14
0.036143 16 162 7 14
0.038143 16 162 7 14
0.040143 17 162 8 14
0.042143 17 162 8 14
0.044143 17 162 8 14
0.046143 17 162 8 14
0.048143 17 162 8 14
0.050143 17 162 8 14
0.052143 17 162 8 14
0.054143 17 162 8 14
0.056143 17 162 9 14
0.058143 17 162 9 14
0.060143 17 162 9 14
0.062143 17 162 9 14
0.064143 17 162 9 14
0.066143 17 162 9 14
0.068143 17 162 9 14
0.070143 17 162 9 14
0.072143 17 162 9 14
0.074143 17 162 10 15
0.076143 17 162 10 15
0.078143 17 162 10 15
0.080143 17 162 10 15
0.082143 17 162 10 15
0.084143 17 162 10 15
0.086143 17 162 10 15
0.088143 17 162 10 15
0.090143 17 162 10 15
0.092143 17 162 10 15
0.094143 17 162 10 15
0.096143 17 162 10 15
0.098143 17 162 10 15
0.100143 17 162 10 15
0.102143 17 162 10 15
0.104143 17 162 10 15
0.106143 17 163 10 14
0.108143 17 163 10 14
0.110143 17 163 10 14
0.112143 17 163 10 14
0.114143 17 163 10 14
0.116143 17 163 10 14
0.118143 17 163 10 14
0.120143 17 163 10 14
0.122143 17 163 10 14
0.124143 17 163 10 14
0.126143 17 163 10 14
0.128143 17 163 10 14
0.130143 17 163 10 14
0.132143 17 163 10 14
0.134143 17 163 10 14
0.136143 17 163 10 14
0.138143 17 163 10 14
0.140143 17 163 10 14
0.142143 17 163 10 14
0.144143 17 163 10 14
0.146143 17 163 10 14
0.148143 17 163 10 14
0.150143 17 163 10 14
0.152143 17 163 10 14
0.154143 17 163 10 14
0.156143 18 163 10 14
0.158143 18 163 10 14
0.160143 18 163 10 14
0.162143 18 163 10 14
0.164143 18 163 10 14
0.166143 18 163 10 14
0.168143 18 163 10 14
0.170143 18 163 10 14
0.172143 18 163 10 14
0.174143 18 162 10 14
0.176143 18 162 10 14
0.178143 18 162 10 14
0.180143 18 162 10 14
0.182143 18 162 10 14
0.184143 18 162 10 14
0.186143 18 162 10 14
0.188143 18 162 10 14
0.190143 18 162 10 15
0.192143 18 162 10 15
0.194143 18 162 10 15
0.196143 18 162 10 15
0.198143 18 162 10 15
0.200143 18 162 10 15
0.202143 18 162 10 15
0.204143 18 162 10 15
0.206143 18 162 10 16
0.208143 18 162 10 16
0.210143 18 162 10 16
0.212143 18 162 10 16
0.214143 18 162 10 16
0.216143 18 162 10 16
0.218143 18 162 10 16
0.220143 18 162 10 16
0.222143 18 162 10 16
0.224143 19 162 10 16
0.226143 19 162 10 16
0.228143 19 162 10 16
0.230143 19 162 10 16
0.232143 19 162 10 16
0.234143 19 162 10 16
0.236143 19 162 10 16
0.238143 19 162 10 16
0.240143 20 162 10 16
0.242143 20 162 10 16
0.244143 20 162 10 16
0.246143 20 162 10 16
0.248143 20 162 10 16
0.250143 20 162 10 16
0.252143 20 162 10 16
0.254143 20 162 10 16
0.256143 20 162 10 16
0.258143 20 162 10 16
0.260143 20 162 10 16
0.262143 20 162 10 16
0.264143 20 162 10 16
0.266143 20 162 10 16
0.268143 20 162 10 16
0.270143 20 162 10 16
0.272143 20 162 10 16
0.274143 20 162 10 16
0.276143 20 162 10 16
0.278143 20 162 10 16
0.280143 20 162 10 16
0.282143 20 162 10 16
0.284143 20 162 10 16
0.286143 20 162 10 16
0.288143 20 162 10 16
0.290143 20 162 10 16
0.292143 20 162 10 16
0.294143 20 162 10 16
0.296143 20 162 10 16
0.298143 20 162 10 16
0.300143 20 162 10 16
0.302143 20 162 10 16
0.304143 20 162 10 16
0.306143 21 162 10 16
0.308143 21 162 10 16
0.310143 21 162 10 16
0.312143 21 162 10 16
0.314143 21 162 10 16
0.316143 21 162 10 16
0.318143 21 162 10 16
0.320143 21 162 10 16
0.322143 21 162 10 16
0.324143 21 162 10 16
0.326143 21 162 10 16
0.328143 21 162 10 16
0.330143 21 162 10 16
0.332143 21 162 10 16
0.334143 21 162 10 16
0.336143 21 162 10 16
0.338143 21 162 10 16
0.340143 22 162 10 16
0.342143 22 162 10 16
0.344143 22 162 10 16
0.346143 22 162 10 16
0.348143 22 162 10 16
0.350143 22 162 10 16
0.352143 22 162 10 16
0.354143 22 162 10 16
0.356143 22 162 10 16
0.358143 22 162 10 16
0.360143 22 162 10 16
0.362143 22 162 10 16
0.364143 22 162 10 16
0.366143 22 162 10 16
0.368143 22 162 10 16
0.370143 22 162 10 16
0.372143 22 162 10 16
0.374143 23 162 10 16
0.376143 23 162 10 16
0.378143 23 162 10 16
0.380143 23 162 10 16
0.382143 23 162 10 16
0.384143 23 162 10 16
0.386143 23 162 10 16
0.388143 23 162 10 16
0.390143 24 162 10 16
0.392143 24 162 10 16
0.394143 24 162 10 16
0.396143 24 162 10 16
0.398143 24 162 10 16
0.400143 24 162 10 16
0.402143 24 162 10 16
0.404143 24 162 10 16
0.406143 25 162 10 16
0.408143 25 162 10 16
0.410143 25 162 10 16
0.412143 25 162 10 16
0.414143 25 162 10 16
0.416143 25 162 10 16
0.418143 25 162 10 16
0.420143 25 162 10 16
0.422143 25 162 10 16
0.424143 25 162 10 16
0.426143 25 162 10 16
0.428143 25 162 10 16
0.430143 25 162 10 16
0.432143 25 162 10 16
0.434143 25 162 10 16
0.436143 25 162 10 16
0.438143 25 162 10 16
0.440143 24 162 10 15
0.442143 24 162 10 15
0.444143 24 162 10 15
0.446143 24 162 10 15
0.448143 24 162 10 15
0.450143 24 162 10 15
0.452143 24 162 10 15
0.454143 24 162 10 15
0.456143 24 162 10 15
0.458143 24 162 10 15
0.460143 24 162 10 15
0.462143 24 162 10 15
0.464143 24 162 10 15
0.466143 24 162 10 15
0.468143 24 162 10 15
0.470143 24 162 10 15
0.472143 24 162 10 15
0.474143 24 162 10 15
0.476143 24 162 10 15
0.478143 24 162 10 15
0.480143 24 162 10 15
0.482143 24 162 10 15
0.484143 24 162 10 15
0.486143 24 162 10 15
0.488143 24 162 10 15
0.490143 25 162 10 15
0.492143 25 162 10 15
0.494143 25 162 10 15
0.496143 25 162 10 15
0.498143 25 162 10 15
0.500143 25 162 10 15
0.502143 25 162 10 15
0.504143 25 162 10 15
0.506143 26 163 10 16
0.508143 26 163 10 16
0.510143 26 163 10 16
0.512143 26 163 10 16
0.514143 26 163 10 16
0.516143 26 163 10 16
0.518143 26 163 10 16
0.520143 26 163 10 16
0.522143 26 163 10 16
0.524143 26 163 10 16
0.526143 26 163 10 16
0.528143 26 163 10 16
0.530143 26 163 10 16
0.532143 26 163 10 16
0.534143 26 163 10 16
0.536143 26 163 10 16
0.538143 26 163 10 16
0.540143 27 164 10 16
0.542143 27 164 10 16
0.544143 27 164 10 16
0.546143 27 164 10 16
0.548143 27 164 10 16
0.550143 27 164 10 16
0.552143 27 164 10 16
0.554143 27 164 10 16
0.556143 27 164 10 16
0.558143 27 164 10 16
0.560143 27 164 10 16
0.562143 27 164 10 16
0.564143 27 164 10 16
0.566143 27 164 10 16
0.568143 27 164 10 16
0.570143 27 164 10 16
0.572143 27 164 10 16
0.574143 28 163 10 16
0.576143 28 163 10 16
0.578143 28 163 10 16
0.580143 28 163 10 16
0.582143 28 163 10 16
0.584143 28 163 10 16
0.586143 28 163 10 16
0.588143 28 163 10 16
0.590143 29 163 10 16
0.592143 29 163 10 16
0.594143 29 163 10 16
0.596143 29 163 10 16
0.598143 29 163 10 16
0.600143 29 163 10 16
0.602143 29 163 10 16
0.604143 29 163 10 16
0.606143 30 163 10 16
0.608143 30 163 10 16
0.610143 30 163 10 16
0.612143 30 163 10 16
0.614143 30 163 10 16
0.616143 30 163 10 16
0.618143 30 163 10 16
0.620143 30 163 10 16
0.622143 30 163 10 16
0.624143 30 163 10 16
0.626143 30 163 10 16
0.628143 30 163 10 16
0.630143 30 163 10 16
0.632143 30 163 10 16
0.634143 30 163 10 16
0.636143 30 163 10 16
0.638143 30 163 10 16
0.640143 31 163 10 16
0.642143 31 163 10 16
0.644143 31 163 10 16
0.646143 31 163 10 16
0.648143 31 163 10 16
0.650143 31 163 10 16
0.652143 31 163 10 16
0.654143 31 163 10 16
0.656143 31 163 10 16
0.658143 31 163 10 16
0.660143 31 163 10 16
0.662143 31 163 10 16
0.664143 31 163 10 16
0.666143 31 163 10 16
0.668143 31 163 10 16
0.670143 31 163 10 16
0.672143 31 163 10 16
0.674143 32 163 10 16
0.676143 32 163 10 16
0.678143 32 163 10 16
0.680143 32 163 10 16
0.682143 32 163 10 16
0.684143 32 163 10 16
0.686143 32 163 10 16
0.688143 32 163 10 16
0.690143 32 163 10 16
0.692143 32 163 10 16
0.694143 32 163 10 16
0.696143 32 163 10 16
0.698143 32 163 10 16
0.700143 32 163 10 16
0.702143 32 163 10 16
0.704143 32 163 10 16
0.706143 33 163 10 16
0.708143 33 163 10 16
0.710143 33 163 10 16
0.712143 33 163 10 16
0.714143 33 163 10 16
0.716143 33 163 10 16
0.718143 33 163 10 16
0.720143 33 163 10 16
0.722143 33 163 10 16
0.724143 33 163 10 16
0.726143 33 163 10 16
0.728143 33 163 10 16
0.730143 33 163 10 16
0.732143 33 163 10 16
0.734143 33 163 10 16
0.736143 33 163 10 16
0.738143 33 163 10 16
0.740143 34 163 10 16
0.742143 34 163 10 16
0.744143 34 163 10 16
0.746143 34 163 10 16
0.748143 34 163 10 16
0.750143 34 163 10 16
0.752143 34 163 10 16
0.754143 34 163 10 16
0.756143 34 163 10 16
0.758143 34 163 10 16
0.760143 34 163 10 16
0.762143 34 163 10 16
0.764143 34 163 10 16
0.766143 34 163 10 16
0.768143 34 163 10 16
0.770143 34 163 10 16
0.772143 34 163 10 16
0.774143 35 163 10 16
0.776143 35 163 10 16
0.778143 35 163 10 16
0.780143 35 163 10 16
0.782143 35 163 10 16
0.784143 35 163 10 16
0.786143 35 163 10 16
0.788143 35 163 10 16
0.790143 35 163 10 16
0.792143 35 163 10 16
0.794143 35 163 10 16
0.796143 35 163 10 16
0.798143 35 163 10 16
0.800143 35 163 10 16
0.802143 35 163 10 16
0.804143 35 163 10 16
0.806143 36 163 10 16
0.808143 36 163 10 16
0.810143 36 163 10 16
0.812143 36 163 10 16
0.814143 36 163 10 16
0.816143 36 163 10 16
0.818143 36 163 10 16
0.820143 36 163 10 16
0.822143 36 163 10 16
0.824143 36 163 10 16
0.826143 36 163 10 16
0.828143 36 163 10 16
0.830143 36 163 10 16
0.832143 36 163 10 16
0.834143 36 163 10 16
0.836143 36 163 10 16
0.838143 36 163 10 16
0.840143 36 163 10 16
0.842143 36 163 10 16
0.844143 36 163 10 16
0.846143 36 163 10 16
0.848143 36 163 10 16
0.850143 36 163 10 16
0.852143 36 163 10 16
0.854143 36 163 10 16
0.856143 36 163 10 16
0.858143 36 163 10 16
0.860143 36 163 10 16
0.862143 36 163 10 16
0.864143 36 163 10 16
0.866143 36 163 10 16
0.868143 36 163 10 16
0.870143 36 163 10 16
0.872143 36 163 10 16
0.874143 36 163 10 16
0.876143 36 163 10 16
0.878143 36 163 10 16
0.880143 36 163 10 16
0.882143 36 163 10 16
0.884143 36 163 10 16
0.886143 36 163 10 16
0.888143 36 163 10 16
0.890143 36 163 10 16
0.892143 36 163 10 16
0.894143 36 163 10 16
0.896143 36 163 10 16
0.898143 36 163 10 16
0.900143 36 163 10 16
0.902143 36 163 10 16
0.904143 36 163 10 16
0.906143 36 163 10 16
0.908143 36 163 10 16
0.910143 36 163 10 16
0.912143 36 163 10 16
0.914143 36 163 10 16
0.916143 36 163 10 16
0.918143 36 163 10 16
0.920143 36 163 10 16
0.922143 36 163 10 16
0.924143 36 163 10 16
0.926143 36 163 10 16
0.928143 36 163 10 16
0.930143 36 163 10 16
0.932143 36 163 10 16
0.934143 36 163 10 16
0.936143 36 163 10 16
0.938143 36 163 10 16
0.940143 36 163 10 16
0.942143 36 163 10 16
0.944143 36 163 10 16
0.946143 36 163 10 16
0.948143 36 163 10 16
0.950143 36 163 10 16
0.952143 36 163 10 16
0.954143 36 163 10 16
0.956143 36 163 10 16
0.958143 36 163 10 16
0.960143 36 163 10 16
0.962143 36 163 10 16
0.964143 36 163 10 16
0.966143 36 163 10 16
0.968143 36 163 10 16
0.970143 36 163 10 16
0.972143 36 163 10 16
0.974143 36 163 10 16
0.976143 36 163 10 16
0.978143 36 163 10 16
0.980143 36 163 10 16
0.982143 36 163 10 16
0.984143 36 163 10 16
0.986143 36 163 10 16
0.988143 36 163 10 16
0.990143 36 163 10 16
0.992143 36 163 10 16
0.994143 36 163 10 16
0.996143 36 163 10 16
0.998143 36 163 10 16
1.000143 36 163 10 16
1.002143 36 163 10 16
1.004143 36 163 10 16
1.006143 37 163 10 16
1.008143 37 163 10 16
1.010143 37 163 10 16
1.012143 37 163 10 16
1.014143 37 163 10 16
1.016143 37 163 10 16
1.018143 37 163 10 16
1.020143 37 163 10 16
1.022143 37 163 10 16
1.024143 37 163 10 16
1.026143 37 163 10 16
1.028143 37 163 10 16
1.030143 37 163 10 16
1.032143 37 163 10 16
1.034143 37 163 10 16
1.036143 37 163 10 16
1.038143 37 163 10 16
1.040143 38 163 10 16
1.042143 38 163 10 16
1.044143 38 163 10 16
1.046143 38 163 10 16
1.048143 38 163 10 16
1.050143 38 163 10 16
1.052143 38 163 10 16
1.054143 38 163 10 16
1.056143 38 163 10 16
1.058143 38 163 10 16
1.060143 38 163 10 16
1.062143 38 163 10 16
1.064143 38 163 10 16
1.066143 38 163 10 16
1.068143 38 163 10 16
1.070143 38 163 10 16
1.072143 38 163 10 16
1.074143 39 163 10 16
1.076143 39 163 10 16
1.078143 39 163 10 16
1.080143 39 163 10 16
1.082143 39 163 10 16
1.084143 39 163 10 16
1.086143 39 163 10 16
1.088143 39 163 10 16
1.090143 39 163 10 16
1.092143 39 163 10 16
1.094143 39 163 10 16
1.096143 39 163 10 16
1.098143 39 163 10 16
1.100143 39 163 10 16
1.102143 39 163 10 16
1.104143 39 163 10 16
1.106143 40 163 10 16
1.108143 40 163 10 16
1.110143 40 163 10 16
1.112143 40 163 10 16
1.114143 40 163 10 16
1.116143 40 163 10 16
1.118143 41 163 10 16
1.120143 41 163 10 16
1.122143 41 163 10 16
1.124143 41 163 10 16
1.126143 41 163 10 16
1.128143 41 163 10 16
1.130143 42 163 10 16
1.132143 42 163 10 16
1.134143 42 163 10 16
1.136143 42 163 10 16
1.138143 42 163 10 16
1.140143 43 163 10 16
1.142143 43 163 10 16
1.144143 43 163 10 16
1.146143 43 163 10 16
1.148143 43 163 10 16
1.150143 43 163 10 16
1.152143 43 163 10 16
1.154143 43 163 10 16
1.156143 43 163 10 16
1.158143 43 163 10 16
1.160143 43 163 10 16
1.162143 43 163 10 16
1.164143 43 163 10 16
1.166143 43 163 10 16
1.168143 43 163 10 16
1.170143 43 163 10 16
1.172143 43 163 10 16
1.174143 44 163 10 16
1.176143 44 163 10 16
1.178143 44 163 10 16
1.180143 44 163 10 16
1.182143 44 163 10 16
1.184143 44 163 10 16
1.186143 44 163 10 16
1.188143 44 163 10 16
1.190143 44 163 10 16
1.192143 44 163 10 16
1.194143 44 163 10 16
1.196143 44 163 10 16
1.198143 44 163 10 16
1.200143 44 163 10 16
1.202143 44 163 10 16
1.204143 44 163 10 16
1.206143 44 163 10 16
1.208143 44 163 10 16
1.210143 44 163 10 16
1.212143 44 163 10 16
1.214143 44 163 10 16
1.216143 44 163 10 16
1.218143 44 163 10 16
1.220143 44 163 10 16
1.222143 44 163 10 16
1.224143 44 163 10 16
1.226143 44 163 10 16
1.228143 44 163 10 16
1.230143 44 163 10 16
1.232143 44 163 10 16
1.234143 44 163 10 16
1.236143 44 163 10 16
1.238143 44 163 10 16
1.240143 44 163 10 16
1.242143 44 163 10 16
1.244143 44 163 10 16
1.246143 44 163 10 16
1.248143 44 163 10 16
1.250143 44 163 10 16
1.252143 44 163 10 16
1.254143 44 163 10 16
1.256143 45 163 10 16
1.258143 45 163 10 16
1.260143 45 163 10 16
1.262143 45 163 10 16
1.264143 45 163 10 16
1.266143 45 163 10 16
1.268143 45 163 10 16
1.270143 45 163 10 16
1.272143 45 163 10 16
1.274143 46 163 10 16
1.276143 46 163 10 16
1.278143 46 163 10 16
1.280143 46 163 10 16
1.282143 46 163 10 16
1.284143 46 163 10 16
1.286143 46 163 10 16
1.288143 46 163 10 16
1.290143 46 163 10 16
1.292143 46 163 10 16
1.294143 46 163 10 16
1.296143 46 163 10 16
1.298143 46 163 10 16
1.300143 46 163 10 16
1.302143 46 163 10 16
1.304143 46 163 10 16
1.306143 47 163 10 16
1.308143 47 163 10 16
1.310143 47 163 10 16
1.312143 47 163 10 16
1.314143 47 163 10 16
1.316143 48 163 10 16
1.318143 48 163 10 16
1.320143 48 163 10 16
1.322143 48 163 10 16
1.324143 49 163 10 16
1.326143 49 163 10 16
1.328143 49 163 10 16
1.330143 49 163 10 16
1.332143 50 163 10 16
1.334143 50 163 10 16
1.336143 50 163 10 16
1.338143 50 163 10 16
1.340143 51 163 10 16
1.342143 51 163 10 16
1.344143 51 163 10 16
1.346143 51 163 10 16
1.348143 51 163 10 16
1.350143 51 163 10 16
1.352143 51 163 10 16
1.354143 51 163 10 16
1.356143 51 163 10 16
1.358143 51 163 10 16
1.360143 51 163 10 16
1.362143 51 163 10 16
1.364143 51 163 10 16
1.366143 51 163 10 16
1.368143 51 163 10 16
1.370143 51 163 10 16
1.372143 51 163 10 16
1.374143 52 162 10 16
1.376143 52 162 10 16
1.378143 52 162 10 16
1.380143 52 162 10 16
1.382143 52 162 10 16
1.384143 52 162 10 16
1.386143 52 162 10 16
1.388143 52 162 10 16
1.390143 52 162 10 16
1.392143 52 162 10 16
1.394143 52 162 10 16
1.396143 52 162 10 16
1.398143 52 162 10 16
1.400143 52 162 10 16
1.402143 52 162 10 16
1.404143 52 162 10 16
1.406143 52 162 10 16
1.408143 52 162 10 16
1.410143 52 162 10 16
1.412143 52 162 10 16
1.414143 52 162 10 16
1.416143 52 162 10 16
1.418143 52 162 10 16
1.420143 52 162 10 16
1.422143 52 162 10 16
1.424143 52 162 10 16
1.426143 52 162 10 16
1.428143 52 162 10 16
1.430143 52 162 10 16
1.432143 52 162 10 16
1.434143 52 162 10 16
1.436143 52 162 10 16
1.438143 52 162 10 16
1.440143 53 162 10 16
1.442143 53 162 10 16
1.444143 53 162 10 16
1.446143 53 162 10 16
1.448143 53 162 10 16
1.450143 53 162 10 16
1.452143 53 162 10 16
1.454143 53 162 10 16
1.456143 53 162 10 16
1.458143 53 162 10 16
1.460143 53 162 10 16
1.462143 53 162 10 16
1.464143 53 162 10 16
1.466143 53 162 10 16
1.468143 53 162 10 16
1.470143 53 162 10 16
1.472143 53 162 10 16
1.474143 53 162 10 16
1.476143 53 162 10 16
1.478143 53 162 10 16
1.480143 53 162 10 16
1.482143 53 162 10 16
1.484143 53 162 10 16
1.486143 53 162 10 16
1.488143 53 162 10 16
1.490143 53 162 10 16
1.492143 53 162 10 16
1.494143 53 162 10 16
1.496143 53 162 10 16
1.498143 53 162 10 16
1.500143 53 162 10 16
1.502143 53 162 10 16
1.504143 53 162 10 16
1.506143 53 162 10 16
1.508143 53 162 10 16
1.510143 53 162 10 16
1.512143 53 162 10 16
1.514143 53 162 10 16
1.516143 53 162 10 16
1.518143 53 162 10 16
1.520143 53 162 10 16
1.522143 53 162 10 16
1.524143 53 162 10 16
1.526143 53 162 10 16
1.528143 53 162 10 16
1.530143 53 162 10 16
1.532143 53 162 10 16
1.534143 53 162 10 16
1.536143 53 162 10 16
1.538143 53 162 10 16
1.540143 53 162 10 16
1.542143 53 162 10 16
1.544143 53 162 10 16
1.546143 53 162 10 16
1.548143 53 162 10 16
1.550143 53 162 10 16
1.552143 53 162 10 16
1.554143 53 162 10 16
1.556143 53 162 10 16
1.558143 53 162 10 16
1.560143 53 162 10 16
1.562143 53 162 10 16
1.564143 53 162 10 16
1.566143 53 162 10 16
1.568143 53 162 10 16
1.570143 53 162 10 16
1.572143 53 162 10 16
1.574143 53 162 10 16
1.576143 53 162 10 16
1.578143 53 162 10 16
1.580143 53 162 10 16
1.582143 53 162 10 16
1.584143 53 162 10 16
1.586143 53 162 10 16
1.588143 53 162 10 16
1.590143 53 162 10 16
1.592143 53 162 10 16
1.594143 53 162 10 16
1.596143 53 162 10 16
1.598143 53 162 10 16
1.600143 53 162 10 16
1.602143 53 162 10 16
1.604143 53 162 10 16
1.606143 53 162 10 16
1.608143 53 162 10 16
1.610143 53 162 10 16
1.612143 53 162 10 16
1.614143 53 162 10 16
1.616143 53 162 10 16
1.618143 54 162 10 16
1.620143 54 162 10 16
1.622143 54 162 10 16
1.624143 54 162 10 16
1.626143 54 162 10 16
1.628143 54 162 10 16
1.630143 55 162 10 16
1.632143 55 162 10 16
1.634143 55 162 10 16
1.636143 55 162 10 16
1.638143 55 162 10 16
1.640143 56 162 10 16
1.642143 56 162 10 16
1.644143 56 162 10 16
1.646143 56 162 10 16
1.648143 56 162 10 16
1.650143 56 162 10 16
1.652143 56 162 10 16
1.654143 56 162 10 16
1.656143 56 162 10 16
1.658143 56 162 10 16
1.660143 56 162 10 16
1.662143 56 162 10 16
1.664143 56 162 10 16
1.666143 56 162 10 16
1.668143 56 162 10 16
1.670143 56 162 10 16
1.672143 56 162 10 16
1.674143 56 162 10 16
1.676143 56 162 10 16
1.678143 56 162 10 16
1.680143 56 162 10 16
1.682143 56 162 10 16
1.684143 56 162 10 16
1.686143 56 162 10 16
1.688143 56 162 10 16
1.690143 57 162 10 16
1.692143 57 162 10 16
1.694143 57 162 10 16
1.696143 57 162 10 16
1.698143 57 162 10 16
1.700143 57 162 10 16
1.702143 57 162 10 16
1.704143 57 162 10 16
1.706143 58 162 10 16
1.708143 58 162 10 16
1.710143 58 162 10 16
1.712143 58 162 10 16
1.714143 58 162 10 16
1.716143 58 162 10 16
1.718143 58 162 10 16
1.720143 58 162 10 16
1.722143 58 162 10 16
1.724143 58 162 10 16
1.726143 58 162 10 16
1.728143 58 162 10 16
1.730143 58 162 10 16
1.732143 58 162 10 16
1.734143 58 162 10 16
1.736143 58 162 10 16
1.738143 58 162 10 16
1.740143 59 162 10 16
1.742143 59 162 10 16
1.744143 59 162 10 16
1.746143 59 162 10 16
1.748143 59 162 10 16
1.750143 59 162 10 16
1.752143 59 162 10 16
1.754143 59 162 10 16
1.756143 59 162 10 16
1.758143 59 162 10 16
1.760143 59 162 10 16
1.762143 59 162 10 16
1.764143 59 162 10 16
1.766143 59 162 10 16
1.768143 59 162 10 16
1.770143 59 162 10 16
1.772143 59 162 10 16
1.774143 59 162 10 16
1.776143 59 162 10 16
1.778143 59 162 10 16
1.780143 59 162 10 16
1.782143 59 162 10 16
1.784143 59 162 10 16
1.786143 59 162 10 16
1.788143 59 162 10 16
1.790143 59 162 10 16
1.792143 59 162 10 16
1.794143 59 162 10 16
1.796143 59 162 10 16
1.798143 59 162 10 16
1.800143 59 162 10 16
1.802143 59 162 10 16
1.804143 59 162 10 16
1.806143 60 162 10 16
1.808143 60 162 10 16
1.810143 60 162 10 16
1.812143 60 162 10 16
1.814143 60 162 10 16
1.816143 60 162 10 16
1.818143 60 162 10 16
1.820143 60 162 10 16
1.822143 60 162 10 16
1.824143 60 162 10 16
1.826143 60 162 10 16
1.828143 60 162 10 16
1.830143 60 162 10 16
1.832143 60 162 10 16
1.834143 60 162 10 16
1.836143 60 162 10 16
1.838143 60 162 10 16
1.840143 60 162 10 16
1.842143 60 162 10 16
1.844143 60 162 10 16
1.846143 60 162 10 16
1.848143 60 162 10 16
1.850143 60 162 10 16
1.852143 60 162 10 16
1.854143 60 162 10 16
1.856143 61 162 10 16
1.858143 61 162 10 16
1.860143 61 162 10 16
1.862143 61 162 10 16
1.864143 61 162 10 16
1.866143 61 162 10 16
1.868143 61 162 10 16
1.870143 61 162 10 16
1.872143 61 162 10 16
1.874143 62 162 10 16
1.876143 62 162 10 16
1.878143 62 162 10 16
1.880143 62 162 10 16
1.882143 62 162 10 16
1.884143 62 162 10 16
1.886143 62 162 10 16
1.888143 62 162 10 16
1.890143 62 162 10 16
1.892143 62 162 10 16
1.894143 62 162 10 16
1.896143 62 162 10 16
1.898143 62 162 10 16
1.900143 62 162 10 16
1.902143 62 162 10 16
1.904143 62 162 10 16
1.906143 63 162 10 16
1.908143 63 162 10 16
1.910143 63 162 10 16
1.912143 63 162 10 16
1.914143 63 162 10 16
1.916143 63 162 10 16
1.918143 63 162 10 16
1.920143 63 162 10 16
1.922143 63 162 10 16
1.924143 63 162 10 16
1.926143 63 162 10 16
1.928143 63 162 10 16
1.930143 63 162 10 16
1.932143 63 162 10 16
1.934143 63 162 10 16
1.936143 63 162 10 16
1.938143 63 162 10 16
1.940143 64 162 10 16
1.942143 64 162 10 16
1.944143 64 162 10 16
1.946143 64 162 10 16
1.948143 64 162 10 16
1.950143 64 162 10 16
1.952143 64 162 10 16
1.954143 64 162 10 16
1.956143 64 162 10 16
1.958143 64 162 10 16
1.960143 64 162 10 16
1.962143 64 162 10 16
1.964143 64 162 10 16
1.966143 64 162 10 16
1.968143 64 162 10 16
1.970143 64 162 10 16
1.972143 64 162 10 16
1.974143 64 162 10 16
1.976143 64 162 10 16
1.978143 64 162 10 16
1.980143 64 162 10 16
1.982143 64 162 10 16
1.984143 64 162 10 16
1.986143 64 162 10 16
1.988143 64 162 10 16
1.990143 64 162 10 16
1.992143 64 162 10 16
1.994143 64 162 10 16
1.996143 64 162 10 16
1.998143 64 162 10 16
2.000143 64 162 10 16
2.002143 64 162 10 16
2.004143 64 162 10 16
2.006143 65 162 10 16
2.008143 65 162 10 16
2.010143 65 162 10 16
2.012143 65 162 10 16
2.014143 65 162 10 16
2.016143 65 162 10 16
2.018143 65 162 10 16
2.020143 65 162 10 16
2.022143 65 162 10 16
2.024143 65 162 10 16
2.026143 65 162 10 16
2.028143 65 162 10 16
2.030143 65 162 10 16
2.032143 65 162 10 16
2.034143 65 162 10 16
2.036143 65 162 10 16
2.038143 65 162 10 16
2.040143 66 162 10 16
2.042143 66 162 10 16
2.044143 66 162 10 16
2.046143 66 162 10 16
2.048143 66 162 10 16
2.050143 66 162 10 16
2.052143 66 162 10 16
2.054143 66 162 10 16
2.056143 66 162 10 16
2.058143 66 162 10 16
2.060143 66 162 10 16
2.062143 66 162 10 16
2.064143 66 162 10 16
2.066143 66 162 10 16
2.068143 66 162 10 16
2.070143 66 162 10 16
2.072143 66 162 10 16
2.074143 67 162 10 16
2.076143 67 162 10 16
2.078143 67 162 10 16
2.080143 67 162 10 16
2.082143 67 162 10 16
2.084143 67 162 10 16
2.086143 67 162 10 16
2.088143 67 162 10 16
2.090143 67 162 10 16
2.092143 67 162 10 16
2.094143 67 162 10 16
2.096143 67 162 10 16
2.098143 67 162 10 16
2.100143 67 162 10 16
2.102143 67 162 10 16
2.104143 67 162 10 16
2.106143 68 162 10 16
2.108143 68 162 10 16
2.110143 68 162 10 16
2.112143 68 162 10 16
2.114143 68 162 10 16
2.116143 68 162 10 16
2.118143 68 162 10 16
2.120143 68 162 10 16
2.122143 68 162 10 16
2.124143 68 162 10 16
2.126143 68 162 10 16
2.128143 68 162 10 16
2.130143 68 162 10 16
2.132143 68 162 10 16
2.134143 68 162 10 16
2.136143 68 162 10 16
2.138143 68 162 10 16
2.140143 69 162 10 16
2.142143 69 162 10 16
2.144143 69 162 10 16
2.146143 69 162 10 16
2.148143 69 162 10 16
2.150143 69 162 10 16
2.152143 69 162 10 16
2.154143 69 162 10 16
2.156143 69 162 10 16
2.158143 69 162 10 16
2.160143 69 162 10 16
2.162143 69 162 10 16
2.164143 69 162 10 16
2.166143 69 162 10 16
2.168143 69 162 10 16
2.170143 69 162 10 16
2.172143 69 162 10 16
2.174143 70 162 10 16
2.176143 70 162 10 16
2.178143 70 162 10 16
2.180143 70 162 10 16
2.182143 70 162 10 16
2.184143 70 162 10 16
2.186143 70 162 10 16
2.188143 70 162 10 16
2.190143 70 162 10 16
2.192143 70 162 10 16
2.194143 70 162 10 16
2.196143 70 162 10 16
2.198143 70 162 10 16
2.200143 70 162 10 16
2.202143 70 162 10 16
2.204143 70 162 10 16
2.206143 71 162 10 16
2.208143 71 162 10 16
2.210143 71 162 10 16
2.212143 71 162 10 16
2.214143 71 162 10 16
2.216143 71 162 10 16
2.218143 71 162 10 16
2.220143 71 162 10 16
2.222143 71 162 10 16
2.224143 71 162 10 16
2.226143 71 162 10 16
2.228143 71 162 10 16
2.230143 71 162 10 16
2.232143 71 162 10 16
2.234143 71 162 10 16
2.236143 71 162 10 16
2.238143 71 162 10 16
2.240143 71 162 10 15
2.242143 71 162 10 15
2.244143 71 162 10 15
2.246143 71 162 10 15
2.248143 71 162 10 15
2.250143 71 162 10 15
2.252143 71 162 10 15
2.254143 71 162 10 15
2.256143 71 162 10 14
2.258143 71 162 10 14
2.260143 71 162 10 14
2.262143 71 162 10 14
2.264143 71 162 10 14
2.266143 71 162 10 14
2.268143 71 162 10 14
2.270143 71 162 10 14
2.272143 71 162 10 14
2.274143 71 162 10 14
2.276143 71 162 10 14
2.278143 71 162 10 14
2.280143 71 162 10 14
2.282143 71 162 10 14
2.284143 71 162 10 14
2.286143 71 162 10 14
2.288143 71 162 10 14
2.290143 71 162 10 14
2.292143 71 162 10 14
2.294143 71 162 10 14
2.296143 71 162 10 14
2.298143 71 162 10 14
2.300143 71 162 10 14
2.302143 71 162 10 14
2.304143 71 162 10 14
2.306143 71 162 10 14
2.308143 71 162 10 14
2.310143 71 162 10 14
2.312143 71 162 10 14
2.314143 71 162 10 14
2.316143 71 162 10 14
2.318143 71 162 10 14
2.320143 71 162 10 14
2.322143 71 162 10 14
2.324143 71 162 10 14
2.326143 71 162 10 14
2.328143 71 162 10 14
2.330143 71 162 10 14
2.332143 71 162 10 14
2.334143 71 162 10 14
2.336143 71 162 10 14
2.338143 71 162 10 14
2.340143 72 162 10 14
2.342143 72 162 10 14
2.344143 72 162 10 14
2.346143 72 162 10 14
2.348143 72 162 10 14
2.350143 72 162 10 14
2.352143 72 162 10 14
2.354143 72 162 10 14
2.356143 72 162 10 14
2.358143 72 162 10 14
2.360143 72 162 10 14
2.362143 72 162 10 14
2.364143 72 162 10 14
2.366143 72 162 10 14
2.368143 72 162 10 14
2.370143 72 162 10 14
2.372143 72 162 10 14
2.374143 73 162 10 14
2.376143 73 162 10 14
2.378143 73 162 10 14
2.380143 73 162 10 14
2.382143 73 162 10 14
2.384143 73 162 10 14
2.386143 73 162 10 14
2.388143 73 162 10 14
2.390143 74 162 10 14
2.392143 74 162 10 14
2.394143 74 162 10 14
2.396143 74 162 10 14
2.398143 74 162 10 14
2.400143 74 162 10 14
2.402143 74 162 10 14
2.404143 74 162 10 14
2.406143 75 162 10 14
2.408143 75 162 10 14
2.410143 75 162 10 14
2.412143 75 162 10 14
2.414143 75 162 10 14
2.416143 75 162 10 14
2.418143 75 162 10 14
2.420143 75 162 10 14
2.422143 75 162 10 14
2.424143 75 162 10 14
2.426143 75 162 10 14
2.428143 75 162 10 14
2.430143 75 162 10 14
2.432143 75 162 10 14
2.434143 75 162 10 14
2.436143 75 162 10 14
2.438143 75 162 10 14
2.440143 76 162 10 14
2.442143 76 162 10 14
2.444143 76 162 10 14
2.446143 76 162 10 14
2.448143 76 162 10 14
2.450143 76 162 10 14
2.452143 76 162 10 14
2.454143 76 162 10 14
2.456143 76 162 10 14
2.458143 76 162 10 14
2.460143 76 162 10 14
2.462143 76 162 10 14
2.464143 76 162 10 14
2.466143 76 162 10 14
2.468143 76 162 10 14
2.470143 76 162 10 14
2.472143 76 162 10 14
2.474143 77 162 10 14
2.476143 77 162 10 14
2.478143 77 162 10 14
2.480143 77 162 10 14
2.482143 77 162 10 14
2.484143 77 162 10 14
2.486143 77 162 10 14
2.488143 77 162 10 14
2.490143 77 162 10 14
2.492143 77 162 10 14
2.494143 77 162 10 14
2.496143 77 162 10 14
2.498143 77 162 10 14
2.500143 77 162 10 14
2.502143 77 162 10 14
2.504143 77 162 10 14
2.506143 77 161 9 14
2.508143 77 161 9 14
2.510143 77 161 9 14
2.512143 77 161 9 14
2.514143 77 161 9 14
2.516143 77 161 9 14
2.518143 77 161 8 14
2.520143 77 161 8 14
2.522143 77 161 8 14
2.524143 77 161 8 15
2.526143 77 161 8 15
2.528143 77 161 8 15
2.530143 77 161 7 15
2.532143 77 161 7 15
2.534143 77 161 7 15
2.536143 77 161 7 15
2.538143 77 161 7 15
2.540143 78 161 7 16
2.542143 78 161 7 16
2.544143 78 161 7 16
2.546143 78 161 7 16
2.548143 78 161 7 16
2.550143 78 161 7 16
2.552143 78 161 8 16
2.554143 78 161 8 16
2.556143 78 161 8 16
2.558143 78 161 8 16
2.560143 78 161 8 16
2.562143 78 161 9 16
2.564143 78 161 9 16
2.566143 78 161 9 16
2.568143 78 161 9 16
2.570143 78 161 9 16
2.572143 78 161 9 16
2.574143 78 161 10 16
2.576143 78 161 10 16
2.578143 78 161 10 16
2.580143 78 161 10 16
2.582143 78 161 10 16
2.584143 78 161 10 16
2.586143 78 161 10 16
2.588143 78 161 10 16
2.590143 78 161 10 16
2.592143 78 161 10 16
2.594143 78 161 10 16
2.596143 78 161 10 16
2.598143 78 161 10 16
2.600143 78 161 10 16
2.602143 78 161 10 16
2.604143 78 161 10 16
2.606143 79 160 10 17
2.608143 79 160 10 17
2.610143 79 160 10 17
2.612143 79 160 10 17
2.614143 79 160 10 17
2.616143 79 160 10 17
2.618143 79 160 10 17
2.620143 79 160 10 17
2.622143 79 160 10 17
2.624143 79 160 10 17
2.626143 79 160 10 17
2.628143 79 160 10 17
2.630143 79 160 10 17
2.632143 79 160 10 17
2.634143 79 160 10 17
2.636143 79 160 10 17
2.638143 79 160 10 17
2.640143 79 160 10 17
2.642143 79 160 10 17
2.644143 79 160 10 17
2.646143 79 160 10 17
2.648143 79 160 10 17
2.650143 79 160 10 17
2.652143 79 160 10 17
2.654143 79 160 10 17
2.656143 79 160 10 17
2.658143 79 160 10 17
2.660143 79 160 10 17
2.662143 79 160 10 17
2.664143 79 160 10 17
2.666143 79 160 10 17
2.668143 79 160 10 17
2.670143 79 160 10 17
2.672143 79 160 10 17
2.674143 80 160 10 17
2.676143 80 160 10 17
2.678143 80 160 10 17
2.680143 80 160 10 17
2.682143 80 160 10 17
2.684143 80 160 10 17
2.686143 80 160 10 17
2.688143 80 160 10 17
2.690143 80 160 10 17
2.692143 80 160 10 17
2.694143 80 160 10 17
2.696143 80 160 10 17
2.698143 80 160 10 17
2.700143 80 160 10 17
2.702143 80 160 10 17
2.704143 80 160 10 17
2.706143 80 159 10 18
2.708143 80 159 10 18
2.710143 80 159 10 18
2.712143 80 159 10 18
2.714143 80 159 10 18
2.716143 80 159 10 18
2.718143 80 159 10 18
2.720143 80 159 10 18
2.722143 80 159 10 18
2.724143 81 159 10 18
2.726143 81 159 10 18
2.728143 81 159 10 18
2.730143 81 159 10 18
2.732143 81 159 10 18
2.734143 81 159 10 18
2.736143 81 159 10 18
2.738143 81 159 10 18
2.740143 82 159 10 19
2.742143 82 159 10 19
2.744143 82 159 10 19
2.746143 82 159 10 19
2.748143 82 159 10 19
2.750143 82 159 10 19
2.752143 82 159 10 19
2.754143 82 159 10 19
2.756143 82 159 10 19
2.758143 82 159 10 19
2.760143 82 159 10 19
2.762143 82 159 10 19
2.764143 82 159 10 19
2.766143 82 159 10 19
2.768143 82 159 10 19
2.770143 82 159 10 19
2.772143 82 159 10 19
2.774143 82 159 10 19
2.776143 82 159 10 19
2.778143 82 159 10 19
2.780143 82 159 10 19
2.782143 82 159 10 19
2.784143 82 159 10 19
2.786143 82 159 10 19
2.788143 82 159 10 19
2.790143 83 159 10 19
2.792143 83 159 10 19
2.794143 83 159 10 19
2.796143 83 159 10 19
2.798143 83 159 10 19
2.800143 83 159 10 19
2.802143 83 159 10 19
2.804143 83 159 10 19
2.806143 84 159 10 19
2.808143 84 159 10 19
2.810143 84 159 10 19
2.812143 84 159 10 19
2.814143 84 159 10 19
2.816143 84 159 10 19
2.818143 84 159 10 19
2.820143 84 159 10 19
2.822143 84 159 10 19
2.824143 84 159 10 19
2.826143 84 159 10 19
2.828143 84 159 10 19
2.830143 84 159 10 19
2.832143 84 159 10 19
2.834143 84 159 10 19
2.836143 84 159 10 19
2.838143 84 159 10 19
2.840143 85 159 10 18
2.842143 85 159 10 18
2.844143 85 159 10 18
2.846143 85 159 10 18
2.848143 85 159 10 18
2.850143 85 159 10 18
2.852143 85 159 10 18
2.854143 85 159 10 18
2.856143 86 159 10 18
2.858143 86 159 10 18
2.860143 86 159 10 18
2.862143 86 159 10 18
2.864143 86 159 10 18
2.866143 86 159 10 18
2.868143 86 159 10 18
2.870143 86 159 10 18
2.872143 86 159 10 18
2.874143 87 160 10 17
2.876143 87 160 10 17
2.878143 87 160 10 17
2.880143 87 160 10 17
2.882143 87 160 10 17
2.884143 87 160 10 17
2.886143 87 160 10 17
2.888143 87 160 10 17
2.890143 87 160 10 17
2.892143 87 160 10 17
2.894143 87 160 10 17
2.896143 87 160 10 17
2.898143 87 160 10 17
2.900143 87 160 10 17
2.902143 87 160 10 17
2.904143 87 160 10 17
2.906143 87 161 10 17
2.908143 87 161 10 17
2.910143 87 161 10 17
2.912143 87 161 10 17
2.914143 87 161 10 17
2.916143 87 161 10 17
2.918143 87 161 10 17
2.920143 87 161 10 17
2.922143 87 161 10 17
2.924143 87 161 10 17
2.926143 87 161 10 17
2.928143 87 161 10 17
2.930143 87 161 10 17
2.932143 87 161 10 17
2.934143 87 161 10 17
2.936143 87 161 10 17
2.938143 87 161 10 17
2.940143 87 161 10 17
2.942143 87 161 10 17
2.944143 87 161 10 17
2.946143 87 161 10 17
2.948143 87 161 10 17
2.950143 87 161 10 17
2.952143 87 161 10 17
2.954143 87 161 10 17
2.956143 87 161 10 17
2.958143 87 161 10 17
2.960143 87 161 10 17
2.962143 87 161 10 17
2.964143 87 161 10 17
2.966143 87 161 10 17
2.968143 87 161 10 17
2.970143 87 161 10 17
2.972143 87 161 10 17
2.974143 88 162 10 17
2.976143 88 162 10 17
2.978143 88 162 10 17
2.980143 88 162 10 17
2.982143 88 162 10 17
2.984143 88 162 10 17
2.986143 88 162 10 17
2.988143 88 162 10 17
2.990143 88 162 10 17
2.992143 88 162 10 17
2.994143 88 162 10 17
2.996143 88 162 10 17
2.998143 88 162 10 17
3.000143 88 162 10 17
3.002143 88 162 10 17
3.004143 88 162 10 17
3.006143 88 161 10 17
3.008143 88 161 10 17
3.010143 88 161 10 17
3.012143 88 161 10 17
3.014143 88 161 10 17
3.016143 88 161 10 17
3.018143 88 161 10 17
3.020143 88 161 10 17
3.022143 88 161 10 17
3.024143 88 161 10 17
3.026143 88 161 10 17
3.028143 88 161 10 17
3.030143 88 161 10 17
3.032143 88 161 10 17
3.034143 88 161 10 17
3.036143 88 161 10 17
3.038143 88 161 10 17
3.040143 89 161 10 17
3.042143 89 161 10 17
3.044143 89 161 10 17
3.046143 89 161 10 17
3.048143 89 161 10 17
3.050143 89 161 10 17
3.052143 89 161 10 17
3.054143 89 161 10 17
3.056143 89 161 10 17
3.058143 89 161 10 17
3.060143 89 161 10 17
3.062143 89 161 10 17
3.064143 89 161 10 17
3.066143 89 161 10 17
3.068143 89 161 10 17
3.070143 89 161 10 17
3.072143 89 161 10 17
3.074143 90 161 10 17
3.076143 90 161 10 17
3.078143 90 161 10 17
3.080143 90 161 10 17
3.082143 90 161 10 17
3.084143 90 161 10 17
3.086143 90 161 10 17
3.088143 90 161 10 17
3.090143 90 161 10 17
3.092143 90 161 10 17
3.094143 90 161 10 17
3.096143 90 161 10 17
3.098143 90 161 10 17
3.100143 90 161 10 17
3.102143 90 161 10 17
3.104143 90 161 10 17
3.106143 90 161 10 17
3.108143 90 161 10 17
3.110143 90 161 10 17
3.112143 90 161 10 17
3.114143 90 161 10 17
3.116143 90 161 10 17
3.118143 90 161 10 17
3.120143 90 161 10 17
3.122143 90 161 10 17
3.124143 90 161 10 17
3.126143 90 161 10 17
3.128143 90 161 10 17
3.130143 90 161 10 17
3.132143 90 161 10 17
3.134143 90 161 10 17
3.136143 90 161 10 17
3.138143 90 161 10 17
3.140143 91 161 9 16
3.142143 91 161 9 16
3.144143 91 161 9 16
3.146143 91 161 8 16
3.148143 91 161 8 16
3.150143 91 161 8 16
3.152143 92 161 8 16
3.154143 92 161 7 16
3.156143 92 161 7 16
3.158143 92 161 7 16
3.160143 92 161 6 16
3.162143 93 161 6 16
3.164143 93 161 6 16
3.166143 93 161 5 16
3.168143 93 161 5 16
3.170143 93 161 5 16
3.172143 93 161 5 16
3.174143 94 161 5 16
3.176143 94 161 5 16
3.178143 94 161 5 16
3.180143 94 161 5 16
3.182143 94 161 5 16
3.184143 94 161 5 16
3.186143 94 161 5 16
3.188143 94 161 5 16
3.190143 94 161 5 16
3.192143 94 161 5 16
3.194143 94 161 5 16
3.196143 94 161 5 16
3.198143 94 161 5 16
3.200143 94 161 5 16
3.202143 94 161 5 16
3.204143 94 161 5 16
3.206143 95 161 6 15
3.208143 95 161 6 15
3.210143 95 161 6 15
3.212143 95 161 6 15
3.214143 95 161 6 15
3.216143 95 161 6 15
3.218143 95 161 6 15
3.220143 95 161 6 15
3.222143 95 161 6 15
3.224143 95 161 6 14
3.226143 95 161 6 14
3.228143 95 161 6 14
3.230143 95 161 6 14
3.232143 95 161 6 14
3.234143 95 161 6 14
3.236143 95 161 6 14
3.238143 95 161 6 14
3.240143 95 161 7 13
3.242143 95 161 7 13
3.244143 95 161 7 13
3.246143 95 161 7 13
3.248143 95 161 7 13
3.250143 95 161 7 13
3.252143 95 161 7 13
3.254143 95 161 7 13
3.256143 95 161 7 12
3.258143 95 161 7 12
3.260143 95 161 7 12
3.262143 95 161 7 12
3.264143 95 161 7 12
3.266143 95 161 7 12
3.268143 95 161 7 12
3.270143 95 161 7 12
3.272143 95 161 7 12
3.274143 96 161 7 12
3.276143 96 161 7 12
3.278143 96 161 7 12
3.280143 96 161 7 13
3.282143 96 161 7 13
3.284143 96 160 8 13
3.286143 96 160 8 14
3.288143 96 160 8 14
3.290143 96 160 8 14
3.292143 96 160 8 14
3.294143 96 160 8 15
3.296143 96 159 9 15
3.298143 96 159 9 15
3.300143 96 159 9 16
3.302143 96 159 9 16
3.304143 96 159 9 16
3.306143 96 158 10 17
3.308143 96 158 10 17
3.310143 96 158 10 17
3.312143 96 158 10 17
3.314143 96 158 10 17
3.316143 96 158 10 17
3.318143 96 158 10 17
3.320143 96 158 10 17
3.322143 96 158 10 17
3.324143 96 158 10 17
3.326143 96 158 10 17
3.328143 96 158 10 17
3.330143 96 158 10 17
3.332143 96 158 10 17
3.334143 96 158 10 17
3.336143 96 158 10 17
3.338143 96 158 10 17
3.340143 96 158 9 16
3.342143 96 158 9 16
3.344143 96 158 9 16
3.346143 96 158 9 16
3.348143 96 158 9 16
3.350143 96 158 9 16
3.352143 97 158 9 15
3.354143 97 158 9 15
3.356143 97 158 8 15
3.358143 97 158 8 15
3.360143 97 158 8 15
3.362143 98 158 8 14
3.364143 98 158 8 14
3.366143 98 158 8 14
3.368143 98 158 8 14
3.370143 98 158 8 14
3.372143 98 158 8 14
3.374143 98 158 8 14
3.376143 98 158 8 14
3.378143 98 158 8 14
3.380143 98 158 8 14
3.382143 98 158 8 14
3.384143 98 158 8 14
3.386143 98 158 8 14
3.388143 98 158 8 14
3.390143 98 158 9 14
3.392143 98 158 9 14
3.394143 98 158 9 14
3.396143 98 158 9 14
3.398143 98 158 9 14
3.400143 98 158 9 14
3.402143 98 158 9 14
3.404143 98 158 9 14
3.406143 98 158 10 15
3.408143 98 158 10 15
3.410143 98 158 10 15
3.412143 98 158 10 15
3.414143 98 158 10 15
3.416143 98 158 10 15
3.418143 98 158 10 15
3.420143 98 158 10 15
3.422143 98 158 10 15
3.424143 98 158 10 15
3.426143 98 158 10 15
3.428143 98 158 10 15
3.430143 98 158 10 15
3.432143 98 158 10 15
3.434143 98 158 10 15
3.436143 98 158 10 15
3.438143 98 158 10 15
3.440143 99 157 10 15
3.442143 99 157 10 15
3.444143 99 157 10 15
3.446143 99 157 10 15
3.448143 99 157 10 15
3.450143 99 157 10 15
3.452143 99 157 10 15
3.454143 99 157 10 15
3.456143 99 157 10 16
3.458143 99 157 10 16
3.460143 99 157 10 16
3.462143 99 157 10 16
3.464143 99 157 10 16
3.466143 99 157 10 16
3.468143 99 157 10 16
3.470143 99 157 10 16
3.472143 99 157 10 16
3.474143 100 157 10 17
3.476143 100 157 10 17
3.478143 100 157 10 17
3.480143 100 157 10 17
3.482143 100 157 10 17
3.484143 100 157 10 17
3.486143 100 157 10 17
3.488143 100 157 10 17
3.490143 100 157 10 17
3.492143 100 157 10 17
3.494143 100 157 10 17
3.496143 100 157 10 17
3.498143 100 157 10 17
3.500143 100 157 10 17
3.502143 100 157 10 17
3.504143 100 157 10 17
3.506143 100 157 10 17
3.508143 100 157 10 17
3.510143 100 157 10 17
3.512143 100 157 10 17
3.514143 100 157 10 17
3.516143 100 157 10 17
3.518143 100 157 10 17
3.520143 100 157 10 17
3.522143 100 157 10 17
3.524143 100 157 10 17
3.526143 100 157 10 17
3.528143 100 157 10 17
3.530143 100 157 10 17
3.532143 100 157 10 17
3.534143 100 157 10 17
3.536143 100 157 10 17
3.538143 100 157 10 17
3.540143 101 157 10 17
3.542143 101 157 10 17
3.544143 101 157 10 17
3.546143 101 157 10 17
3.548143 101 157 10 17
3.550143 101 157 10 17
3.552143 101 157 10 17
3.554143 101 157 10 17
3.556143 101 157 10 17
3.558143 101 157 10 17
3.560143 101 157 10 17
3.562143 101 157 10 17
3.564143 101 157 10 17
3.566143 101 157 10 17
3.568143 101 157 10 17
3.570143 101 157 10 17
3.572143 101 157 10 17
3.574143 101 156 10 17
3.576143 101 156 10 17
3.578143 101 156 10 17
3.580143 101 156 10 17
3.582143 101 156 10 17
3.584143 101 156 10 17
3.586143 101 156 10 17
3.588143 101 156 10 17
3.590143 101 156 10 17
3.592143 101 156 10 17
3.594143 101 156 10 17
3.596143 101 156 10 17
3.598143 101 156 10 17
3.600143 101 156 10 17
3.602143 101 156 10 17
3.604143 101 156 10 17
3.606143 102 156 10 17
3.608143 102 156 10 17
3.610143 102 156 10 17
3.612143 102 156 10 17
3.614143 102 156 10 17
3.616143 102 156 10 17
3.618143 102 156 10 17
3.620143 102 156 10 17
3.622143 102 156 10 17
3.624143 102 156 10 17
3.626143 102 156 10 17
3.628143 102 156 10 17
3.630143 102 156 10 17
3.632143 102 156 10 17
3.634143 102 156 10 17
3.636143 102 156 10 17
3.638143 102 156 10 17
3.640143 103 157 10 16
3.642143 103 157 10 16
3.644143 103 157 10 16
3.646143 103 157 10 16
3.648143 103 157 10 16
3.650143 103 157 10 16
3.652143 103 157 10 16
3.654143 103 157 10 16
3.656143 104 157 10 15
3.658143 104 157 10 15
3.660143 104 157 10 15
3.662143 104 157 10 15
3.664143 104 157 10 15
3.666143 104 157 10 15
3.668143 104 157 10 15
3.670143 104 157 10 15
3.672143 104 157 10 15
3.674143 105 158 10 15
3.676143 105 158 10 15
3.678143 105 158 10 15
3.680143 105 158 10 15
3.682143 105 158 10 15
3.684143 105 158 10 15
3.686143 105 158 10 15
3.688143 105 158 10 15
3.690143 105 158 10 15
3.692143 105 158 10 15
3.694143 105 158 10 15
3.696143 105 158 10 15
3.698143 105 158 10 15
3.700143 105 158 10 15
3.702143 105 158 10 15
3.704143 105 158 10 15
3.706143 105 158 10 14
3.708143 105 158 10 14
3.710143 105 158 10 14
3.712143 105 158 10 14
3.714143 105 158 10 14
3.716143 105 158 10 14
3.718143 105 158 10 14
3.720143 105 158 10 14
3.722143 105 158 10 14
3.724143 105 159 10 14
3.726143 105 159 10 14
3.728143 105 159 10 14
3.730143 105 159 10 14
3.732143 105 159 10 14
3.734143 105 159 10 14
3.736143 105 159 10 14
3.738143 105 159 10 14
3.740143 105 160 10 14
3.742143 105 160 10 14
3.744143 105 160 10 14
3.746143 105 160 10 14
3.748143 105 160 10 14
3.750143 105 160 10 14
3.752143 105 160 10 14
3.754143 105 160 10 14
3.756143 106 160 10 14
3.758143 106 160 10 14
3.760143 106 160 10 14
3.762143 106 160 10 14
3.764143 106 160 10 14
3.766143 106 160 10 14
3.768143 106 160 10 14
3.770143 106 160 10 14
3.772143 106 160 10 14
3.774143 107 160 10 14
3.776143 107 160 10 14
3.778143 107 160 10 14
3.780143 107 160 10 14
3.782143 107 160 10 14
3.784143 107 160 10 14
3.786143 107 160 10 14
3.788143 107 160 10 14
3.790143 107 160 10 14
3.792143 107 160 10 14
3.794143 107 160 10 14
3.796143 107 160 10 14
3.798143 107 160 10 14
3.800143 107 160 10 14
3.802143 107 160 10 14
3.804143 107 160 10 14
3.806143 108 159 10 14
3.808143 108 159 10 14
3.810143 108 159 10 14
3.812143 108 159 10 14
3.814143 108 159 10 14
3.816143 108 159 10 14
3.818143 108 159 10 14
3.820143 108 159 10 14
3.822143 108 159 10 14
3.824143 109 159 10 14
3.826143 109 159 10 14
3.828143 109 159 10 14
3.830143 109 159 10 14
3.832143 109 159 10 14
3.834143 109 159 10 14
3.836143 109 159 10 14
3.838143 109 159 10 14
3.840143 110 159 10 14
3.842143 110 159 10 14
3.844143 110 159 10 14
3.846143 110 159 10 14
3.848143 110 159 10 14
3.850143 110 159 10 14
3.852143 110 159 10 14
3.854143 110 159 10 14
3.856143 110 159 10 14
3.858143 110 159 10 14
3.860143 110 159 10 14
3.862143 110 159 10 14
3.864143 110 159 10 14
3.866143 110 159 10 14
3.868143 110 159 10 14
3.870143 110 159 10 14
3.872143 110 159 10 14
3.874143 111 159 10 14
3.876143 111 159 10 14
3.878143 111 159 10 14
3.880143 111 159 10 14
3.882143 111 159 10 14
3.884143 111 159 10 14
3.886143 111 159 10 14
3.888143 111 159 10 14
3.890143 111 160 10 14
3.892143 111 160 10 14
3.894143 111 160 10 14
3.896143 111 160 10 14
3.898143 111 160 10 14
3.900143 111 160 10 14
3.902143 111 160 10 14
3.904143 111 160 10 14
3.906143 111 161 10 14
3.908143 111 161 10 14
3.910143 111 161 10 14
3.912143 111 161 10 14
3.914143 111 161 10 14
3.916143 111 161 10 14
3.918143 111 161 10 14
3.920143 111 161 10 14
3.922143 111 161 10 14
3.924143 111 161 10 14
3.926143 111 161 10 14
3.928143 111 161 10 14
3.930143 111 161 10 14
3.932143 111 161 10 14
3.934143 111 161 10 14
3.936143 111 161 10 14
3.938143 111 161 10 14
3.940143 112 162 10 14
3.942143 112 162 10 14
3.944143 112 162 10 14
3.946143 112 162 10 14
3.948143 112 162 10 14
3.950143 112 162 10 14
3.952143 112 162 10 14
3.954143 112 162 10 14
3.956143 112 162 10 14
3.958143 112 162 10 14
3.960143 112 162 10 14
3.962143 112 162 10 14
3.964143 112 162 10 14
3.966143 112 162 10 14
3.968143 112 162 10 14
3.970143 112 162 10 14
3.972143 112 162 10 14
3.974143 113 162 10 14
3.976143 113 162 10 14
3.978143 113 162 10 14
3.980143 113 162 10 14
3.982143 113 162 10 14
3.984143 113 162 10 14
3.986143 113 162 10 14
3.988143 113 162 10 14
3.990143 113 162 10 14
3.992143 113 162 10 14
3.994143 113 162 10 14
3.996143 113 162 10 14
3.998143 113 162 10 14
4.000143 113 162 10 14
4.002143 113 162 10 14
4.004143 113 162 10 14
4.006143 113 162 10 14
4.008143 113 162 10 14
4.010143 113 162 10 14
4.012143 113 162 10 14
4.014143 113 162 10 14
4.016143 113 162 10 14
4.018143 113 162 10 14
4.020143 113 162 10 14
4.022143 113 162 10 14
4.024143 113 162 10 14
4.026143 113 162 10 14
4.028143 113 162 10 14
4.030143 113 162 10 14
4.032143 113 162 10 14
4.034143 113 162 10 14
4.036143 113 162 10 14
4.038143 113 162 10 14
4.040143 113 162 10 14
4.042143 113 162 10 14
4.044143 113 162 10 14
4.046143 113 162 10 14
4.048143 113 162 10 14
4.050143 113 162 10 14
4.052143 113 162 10 14
4.054143 113 162 10 14
4.056143 113 162 10 14
4.058143 113 162 10 14
4.060143 113 162 10 14
4.062143 113 162 10 14
4.064143 113 162 10 14
4.066143 113 162 10 14
4.068143 113 162 10 14
4.070143 113 162 10 14
4.072143 113 162 10 14
4.074143 113 162 10 14
4.076143 113 162 10 14
4.078143 113 162 10 14
4.080143 113 162 10 14
4.082143 113 162 10 14
4.084143 113 162 10 14
4.086143 113 162 10 14
4.088143 113 162 10 14
4.090143 113 162 10 14
4.092143 113 162 10 14
4.094143 113 162 10 14
4.096143 113 162 10 14
4.098143 113 162 10 14
4.100143 113 162 10 14
4.102143 113 162 10 14
4.104143 113 162 10 14
4.106143 113 162 10 14
4.108143 113 162 10 14
4.110143 113 162 10 14
4.112143 113 162 10 14
4.114143 113 162 10 14
4.116143 113 162 10 14
4.118143 113 162 10 14
4.120143 113 162 10 14
4.122143 113 162 10 14
4.124143 113 162 10 14
4.126143 113 162 10 14
4.128143 113 162 10 14
4.130143 113 162 10 14
4.132143 113 162 10 14
4.134143 113 162 10 14
4.136143 113 162 10 14
4.138143 113 162 10 14
4.140143 113 162 10 14
4.142143 113 162 10 14
4.144143 113 162 10 14
4.146143 113 162 10 14
4.148143 113 162 10 14
4.150143 113 162 10 14
4.152143 113 162 10 14
4.154143 113 162 10 14
4.156143 113 162 10 14
4.158143 113 162 10 14
4.160143 113 162 10 14
4.162143 113 162 10 14
4.164143 113 162 10 14
4.166143 113 162 10 14
4.168143 113 162 10 14
4.170143 113 162 10 14
4.172143 113 162 10 14
4.174143 113 162 10 14
4.176143 113 162 10 14
4.178143 113 162 10 14
4.180143 113 162 10 14
4.182143 113 162 10 14
4.184143 113 162 10 14
4.186143 113 162 10 14
4.188143 113 162 10 14
4.190143 113 162 10 14
4.192143 113 162 10 14
4.194143 113 162 10 14
4.196143 113 162 10 14
4.198143 113 162 10 14
4.200143 113 162 10 14
4.202143 113 162 10 14
4.204143 113 162 10 14
4.206143 113 162 10 14
4.208143 113 162 10 14
4.210143 113 162 10 14
4.212143 113 162 10 14
4.214143 113 162 10 14
4.216143 113 162 10 14
4.218143 113 162 10 14
4.220143 113 162 10 14
4.222143 113 162 10 14
4.224143 113 162 10 14
4.226143 113 162 10 14
4.228143 113 162 10 14
4.230143 113 162 10 14
4.232143 113 162 10 14
4.234143 113 162 10 14
4.236143 113 162 10 14
4.238143 113 162 10 14
4.240143 113 162 10 14
4.242143 113 162 10 14
4.244143 113 162 10 14
4.246143 113 162 10 14
4.248143 113 162 10 14
4.250143 113 162 10 14
4.252143 113 162 10 14
4.254143 113 162 10 14
4.256143 113 162 10 14
4.258143 113 162 10 14
4.260143 113 162 10 14
4.262143 113 162 10 14
4.264143 113 162 10 14
4.266143 113 162 10 14
4.268143 113 162 10 14
4.270143 113 162 10 14
4.272143 113 162 10 14
4.274143 114 162 10 14
4.276143 114 162 10 14
4.278143 114 162 10 14
4.280143 114 162 10 14
4.282143 114 162 10 14
4.284143 114 162 10 14
4.286143 114 162 10 14
4.288143 114 162 10 14
4.290143 114 162 10 14
4.292143 114 162 10 14
4.294143 114 162 10 14
4.296143 114 162 10 14
4.298143 114 162 10 14
4.300143 114 162 10 14
4.302143 114 162 10 14
4.304143 114 162 10 14
4.306143 115 162 10 14
4.308143 115 162 10 14
4.310143 115 162 10 14
4.312143 115 162 10 14
4.314143 115 162 10 14
4.316143 115 162 10 14
4.318143 115 162 10 14
4.320143 115 162 10 14
4.322143 115 162 10 14
4.324143 115 162 10 14
4.326143 115 162 10 14
4.328143 115 162 10 14
4.330143 115 162 10 14
4.332143 115 162 10 14
4.334143 115 162 10 14
4.336143 115 162 10 14
4.338143 115 162 10 14
4.340143 116 162 10 14
4.342143 116 162 10 14
4.344143 116 162 10 14
4.346143 116 162 10 14
4.348143 116 162 10 14
4.350143 116 162 10 14
4.352143 116 162 10 14
4.354143 116 162 10 14
4.356143 116 162 10 14
4.358143 116 162 10 14
4.360143 116 162 10 14
4.362143 116 162 10 14
4.364143 116 162 10 14
4.366143 116 162 10 14
4.368143 116 162 10 14
4.370143 116 162 10 14
4.372143 116 162 10 14
4.374143 117 161 10 14
4.376143 117 161 10 14
4.378143 117 161 10 14
4.380143 118 161 10 14
4.382143 118 161 10 14
4.384143 118 160 10 14
4.386143 119 160 10 14
4.388143 119 160 10 14
4.390143 119 160 10 15
4.392143 119 160 10 15
4.394143 120 160 10 15
4.396143 120 159 10 15
4.398143 120 159 10 15
4.400143 121 159 10 15
4.402143 121 159 10 15
4.404143 121 159 10 15
4.406143 122 159 10 16
4.408143 122 159 10 16
4.410143 122 159 10 16
4.412143 122 159 10 16
4.414143 122 159 10 16
4.416143 122 159 10 16
4.418143 122 159 10 16
4.420143 122 159 10 16
4.422143 122 159 10 16
4.424143 122 159 10 16
4.426143 122 159 10 16
4.428143 122 159 10 16
4.430143 122 159 10 16
4.432143 122 159 10 16
4.434143 122 159 10 16
4.436143 122 159 10 16
4.438143 122 159 10 16
4.440143 123 159 10 16
4.442143 123 159 10 16
4.444143 123 159 10 16
4.446143 123 159 10 16
4.448143 123 159 10 16
4.450143 123 159 10 16
4.452143 123 159 10 16
4.454143 123 159 10 16
4.456143 123 159 10 16
4.458143 123 159 10 16
4.460143 123 159 10 16
4.462143 123 159 10 16
4.464143 123 159 10 16
4.466143 123 159 10 16
4.468143 123 159 10 16
4.470143 123 159 10 16
4.472143 123 159 10 16
4.474143 124 159 10 16
4.476143 124 159 10 16
4.478143 124 159 10 16
4.480143 124 159 10 16
4.482143 124 159 10 16
4.484143 124 159 10 16
4.486143 124 159 10 16
4.488143 124 159 10 16
4.490143 124 159 10 16
4.492143 124 159 10 16
4.494143 124 159 10 16
4.496143 124 159 10 16
4.498143 124 159 10 16
4.500143 124 159 10 16
4.502143 124 159 10 16
4.504143 124 159 10 16
4.506143 125 158 10 16
4.508143 125 158 10 16
4.510143 125 158 10 16
4.512143 125 158 10 16
4.514143 125 158 10 16
4.516143 125 158 10 16
4.518143 125 158 10 16
4.520143 125 158 10 16
4.522143 125 158 10 16
4.524143 126 158 10 16
4.526143 126 158 10 16
4.528143 126 158 10 16
4.530143 126 158 10 16
4.532143 126 158 10 16
4.534143 126 158 10 16
4.536143 126 158 10 16
4.538143 126 158 10 16
4.540143 127 158 10 16
4.542143 127 158 10 16
4.544143 127 158 10 16
4.546143 127 158 10 16
4.548143 127 158 10 16
4.550143 127 158 10 16
4.552143 127 158 10 16
4.554143 127 158 10 16
4.556143 127 158 10 16
4.558143 127 158 10 16
4.560143 127 158 10 16
4.562143 127 158 10 16
4.564143 127 158 10 16
4.566143 127 158 10 16
4.568143 127 158 10 16
4.570143 127 158 10 16
4.572143 127 158 10 16
4.574143 128 158 10 16
4.576143 128 158 10 16
4.578143 128 158 10 16
4.580143 128 158 10 16
4.582143 128 158 10 16
4.584143 128 158 10 16
4.586143 128 158 10 16
4.588143 128 158 10 16
4.590143 128 158 10 16
4.592143 128 158 10 16
4.594143 128 158 10 16
4.596143 128 158 10 16
4.598143 128 158 10 16
4.600143 128 158 10 16
4.602143 128 158 10 16
4.604143 128 158 10 16
4.606143 129 158 10 16
4.608143 129 158 10 16
4.610143 129 158 10 16
4.612143 129 158 10 16
4.614143 129 158 10 16
4.616143 129 158 10 16
4.618143 129 158 10 16
4.620143 129 158 10 16
4.622143 129 158 10 16
4.624143 129 158 10 16
4.626143 129 158 10 16
4.628143 129 158 10 16
4.630143 129 158 10 16
4.632143 129 158 10 16
4.634143 129 158 10 16
4.636143 129 158 10 16
4.638143 129 158 10 16
4.640143 129 159 10 16
4.642143 129 159 10 16
4.644143 129 159 10 16
4.646143 129 159 10 16
4.648143 129 159 10 16
4.650143 129 159 10 16
4.652143 129 159 10 16
4.654143 129 159 10 16
4.656143 129 159 10 16
4.658143 129 159 10 16
4.660143 129 159 10 16
4.662143 129 159 10 16
4.664143 129 159 10 16
4.666143 129 159 10 16
4.668143 129 159 10 16
4.670143 129 159 10 16
4.672143 129 159 10 16
4.674143 129 160 10 16
4.676143 129 160 10 16
4.678143 129 160 10 16
4.680143 129 160 10 16
4.682143 129 160 10 16
4.684143 129 160 10 16
4.686143 129 160 10 16
4.688143 129 160 10 16
4.690143 129 160 10 16
4.692143 129 160 10 16
4.694143 129 160 10 16
4.696143 129 160 10 16
4.698143 129 160 10 16
4.700143 129 160 10 16
4.702143 129 160 10 16
4.704143 129 160 10 16
4.706143 129 160 10 16
4.708143 129 160 10 16
4.710143 129 160 10 16
4.712143 129 160 10 16
4.714143 129 160 10 16
4.716143 129 160 10 16
4.718143 129 160 10 16
4.720143 129 160 10 16
4.722143 129 160 10 16
4.724143 129 160 10 16
4.726143 129 160 10 16
4.728143 129 160 10 16
4.730143 129 160 10 16
4.732143 129 160 10 16
4.734143 129 160 10 16
4.736143 129 160 10 16
4.738143 129 160 10 16
4.740143 129 160 10 16
4.742143 129 160 10 16
4.744143 129 160 10 16
4.746143 129 160 10 16
4.748143 129 160 10 16
4.750143 129 160 10 16
4.752143 129 160 10 16
4.754143 129 160 10 16
4.756143 129 160 10 16
4.758143 129 160 10 16
4.760143 129 160 10 16
4.762143 129 160 10 16
4.764143 129 160 10 16
4.766143 129 160 10 16
4.768143 129 160 10 16
4.770143 129 160 10 16
4.772143 129 160 10 16
4.774143 129 160 10 16
4.776143 129 160 10 16
4.778143 129 160 10 16
4.780143 129 160 10 16
4.782143 129 160 10 16
4.784143 129 160 10 16
4.786143 129 160 10 16
4.788143 129 160 10 16
4.790143 130 160 10 16
4.792143 130 160 10 16
4.794143 130 160 10 16
4.796143 130 160 10 16
4.798143 130 160 10 16
4.800143 130 160 10 16
4.802143 130 160 10 16
4.804143 130 160 10 16
4.806143 131 160 10 16
4.808143 131 160 10 16
4.810143 131 160 10 16
4.812143 131 160 10 16
4.814143 131 160 10 16
4.816143 131 160 10 16
4.818143 131 160 10 16
4.820143 131 160 10 16
4.822143 131 160 10 16
4.824143 131 160 10 16
4.826143 131 160 10 16
4.828143 131 160 10 16
4.830143 131 160 10 16
4.832143 131 160 10 16
4.834143 131 160 10 16
4.836143 131 160 10 16
4.838143 131 160 10 16
4.840143 132 160 10 16
4.842143 132 160 10 16
4.844143 132 160 10 16
4.846143 132 160 10 16
4.848143 132 160 10 16
4.850143 132 160 10 16
4.852143 132 160 10 16
4.854143 132 160 10 16
4.856143 132 160 10 16
4.858143 132 160 10 16
4.860143 132 160 10 16
4.862143 132 160 10 16
4.864143 132 160 10 16
4.866143 132 160 10 16
4.868143 132 160 10 16
4.870143 132 160 10 16
4.872143 132 160 10 16
4.874143 132 160 10 16
4.876143 132 160 10 16
4.878143 132 160 10 16
4.880143 132 160 10 16
4.882143 132 160 10 16
4.884143 132 160 10 16
4.886143 132 160 10 16
4.888143 132 160 10 16
4.890143 132 160 10 16
4.892143 132 160 10 16
4.894143 132 160 10 16
4.896143 132 160 10 16
4.898143 132 160 10 16
4.900143 132 160 10 16
4.902143 132 160 10 16
4.904143 132 160 10 16
4.906143 132 160 10 16
4.908143 132 160 10 16
4.910143 132 160 10 16
4.912143 132 160 10 16
4.914143 132 160 10 16
4.916143 132 160 10 16
4.918143 132 160 10 16
4.920143 132 160 10 16
4.922143 132 160 10 16
4.924143 133 160 10 16
4.926143 133 160 10 16
4.928143 133 160 10 16
4.930143 133 160 10 16
4.932143 133 160 10 16
4.934143 133 160 10 16
4.936143 133 160 10 16
4.938143 133 160 10 16
4.940143 134 160 10 16
4.942143 134 160 10 16
4.944143 134 160 10 16
4.946143 134 160 10 16
4.948143 134 160 10 16
4.950143 134 160 10 16
4.952143 134 160 10 16
4.954143 134 160 10 16
4.956143 134 160 10 16
4.958143 134 160 10 16
4.960143 134 160 10 16
4.962143 134 160 10 16
4.964143 134 160 10 16
4.966143 134 160 10 16
4.968143 134 160 10 16
4.970143 134 160 10 16
4.972143 134 160 10 16
4.974143 134 160 10 16
4.976143 134 160 10 16
4.978143 134 160 10 16
4.980143 134 160 10 16
4.982143 134 160 10 16
4.984143 134 160 10 16
4.986143 134 160 10 16
4.988143 134 160 10 16
4.990143 134 160 10 16
4.992143 134 160 10 16
4.994143 134 160 10 16
4.996143 134 160 10 16
4.998143 134 160 10 16
5.000143 134 160 10 16
5.002143 134 160 10 16
5.004143 134 160 10 16
5.006143 135 160 10 16
5.008143 135 160 10 16
5.010143 135 160 10 16
5.012143 135 160 10 16
5.014143 135 160 10 16
5.016143 135 160 10 16
5.018143 135 160 10 16
5.020143 135 160 10 16
5.022143 135 160 10 16
5.024143 135 160 10 16
5.026143 135 160 10 16
5.028143 135 160 10 16
5.030143 135 160 10 16
5.032143 135 160 10 16
5.034143 135 160 10 16
5.036143 135 160 10 16
5.038143 135 160 10 16
5.040143 136 160 10 16
5.042143 136 160 10 16
5.044143 136 160 10 16
5.046143 136 160 10 16
5.048143 136 160 10 16
5.050143 136 160 10 16
5.052143 136 160 10 16
5.054143 136 160 10 16
5.056143 136 160 10 16
5.058143 136 160 10 16
5.060143 136 160 10 16
5.062143 136 160 10 16
5.064143 136 160 10 16
5.066143 136 160 10 16
5.068143 136 160 10 16
5.070143 136 160 10 16
5.072143 136 160 10 16
5.074143 137 160 10 16
5.076143 137 160 10 16
5.078143 137 160 10 16
5.080143 137 160 10 16
5.082143 137 160 10 16
5.084143 137 160 10 16
5.086143 137 160 10 16
5.088143 137 160 10 16
5.090143 137 160 10 16
5.092143 137 160 10 16
5.094143 137 160 10 16
5.096143 137 160 10 16
5.098143 137 160 10 16
5.100143 137 160 10 16
5.102143 137 160 10 16
5.104143 137 160 10 16
5.106143 138 160 10 16
5.108143 138 160 10 16
5.110143 138 160 10 16
5.112143 138 160 10 16
5.114143 138 160 10 16
5.116143 138 160 10 16
5.118143 138 160 10 16
5.120143 138 160 10 16
5.122143 138 160 10 16
5.124143 138 160 10 16
5.126143 138 160 10 16
5.128143 138 160 10 16
5.130143 138 160 10 16
5.132143 138 160 10 16
5.134143 138 160 10 16
5.136143 138 160 10 16
5.138143 138 160 10 16
5.140143 139 160 10 16
5.142143 139 160 10 16
5.144143 139 160 10 16
5.146143 139 160 10 16
5.148143 139 160 10 16
5.150143 139 160 10 16
5.152143 139 160 10 16
5.154143 139 160 10 16
5.156143 139 160 10 16
5.158143 139 160 10 16
5.160143 139 160 10 16
5.162143 139 160 10 16
5.164143 139 160 10 16
5.166143 139 160 10 16
5.168143 139 160 10 16
5.170143 139 160 10 16
5.172143 139 160 10 16
5.174143 140 160 10 16
5.176143 140 160 10 16
5.178143 140 160 10 16
5.180143 140 160 10 16
5.182143 140 160 10 16
5.184143 140 160 10 16
5.186143 140 160 10 16
5.188143 140 160 10 16
5.190143 140 160 10 16
5.192143 140 160 10 16
5.194143 140 160 10 16
5.196143 140 160 10 16
5.198143 140 160 10 16
5.200143 140 160 10 16
5.202143 140 160 10 16
5.204143 140 160 10 16
5.206143 140 160 10 16
5.208143 140 160 10 16
5.210143 140 160 10 16
5.212143 140 160 10 16
5.214143 140 160 10 16
5.216143 140 160 10 16
5.218143 140 160 10 16
5.220143 140 160 10 16
5.222143 140 160 10 16
5.224143 140 160 10 16
5.226143 140 160 10 16
5.228143 140 160 10 16
5.230143 140 160 10 16
5.232143 140 160 10 16
5.234143 140 160 10 16
5.236143 140 160 10 16
5.238143 140 160 10 16
5.240143 141 160 10 16
5.242143 141 160 10 16
5.244143 141 160 10 16
5.246143 141 160 10 16
5.248143 141 160 10 16
5.250143 141 160 10 16
5.252143 141 160 10 16
5.254143 141 160 10 16
5.256143 141 160 10 16
5.258143 141 160 10 16
5.260143 141 160 10 16
5.262143 141 160 10 16
5.264143 141 160 10 16
5.266143 141 160 10 16
5.268143 141 160 10 16
5.270143 141 160 10 16
5.272143 141 160 10 16
5.274143 142 160 10 16
5.276143 142 160 10 16
5.278143 142 160 10 16
5.280143 142 160 10 16
5.282143 142 160 10 16
5.284143 142 160 10 16
5.286143 142 160 10 16
5.288143 142 160 10 16
5.290143 142 160 10 16
5.292143 142 160 10 16
5.294143 142 160 10 16
5.296143 142 160 10 16
5.298143 142 160 10 16
5.300143 142 160 10 16
5.302143 142 160 10 16
5.304143 142 160 10 16
5.306143 143 160 10 16
5.308143 143 160 10 16
5.310143 143 160 10 16
5.312143 143 160 10 16
5.314143 143 160 10 16
5.316143 143 160 10 16
5.318143 143 160 10 16
5.320143 143 160 10 16
5.322143 143 160 10 16
5.324143 143 160 10 16
5.326143 143 160 10 16
5.328143 143 160 10 16
5.330143 143 160 10 16
5.332143 143 160 10 16
5.334143 143 160 10 16
5.336143 143 160 10 16
5.338143 143 160 10 16
5.340143 144 160 10 16
5.342143 144 160 10 16
5.344143 144 160 10 16
5.346143 144 160 10 16
5.348143 144 160 10 16
5.350143 144 160 10 16
5.352143 144 160 10 16
5.354143 144 160 10 16
5.356143 144 160 10 16
5.358143 144 160 10 16
5.360143 144 160 10 16
5.362143 144 160 10 16
5.364143 144 160 10 16
5.366143 144 160 10 16
5.368143 144 160 10 16
5.370143 144 160 10 16
5.372143 144 160 10 16
5.374143 145 160 10 16
5.376143 145 160 10 16
5.378143 145 160 10 16
5.380143 145 160 10 16
5.382143 145 160 10 16
5.384143 145 160 10 16
5.386143 145 160 10 16
5.388143 145 160 10 16
5.390143 145 160 10 16
5.392143 145 160 10 16
5.394143 145 160 10 16
5.396143 145 160 10 16
5.398143 145 160 10 16
5.400143 145 160 10 16
5.402143 145 160 10 16
5.404143 145 160 10 16
5.406143 146 160 10 16
5.408143 146 160 10 16
5.410143 146 160 10 16
5.412143 146 160 10 16
5.414143 146 160 10 16
5.416143 146 160 10 16
5.418143 146 160 10 16
5.420143 146 160 10 16
5.422143 146 160 10 16
5.424143 146 160 10 16
5.426143 146 160 10 16
5.428143 146 160 10 16
5.430143 146 160 10 16
5.432143 146 160 10 16
5.434143 146 160 10 16
5.436143 146 160 10 16
5.438143 146 160 10 16
5.440143 147 160 10 16
5.442143 147 160 10 16
5.444143 147 160 10 16
5.446143 147 160 10 16
5.448143 147 160 10 16
5.450143 147 160 10 16
5.452143 147 160 10 16
5.454143 147 160 10 16
5.456143 147 160 10 16
5.458143 147 160 10 16
5.460143 147 160 10 16
5.462143 147 160 10 16
5.464143 147 160 10 16
5.466143 147 160 10 16
5.468143 147 160 10 16
5.470143 147 160 10 16
5.472143 147 160 10 16
5.474143 148 160 10 16
5.476143 148 160 10 16
5.478143 148 160 10 16
5.480143 148 160 10 16
5.482143 148 160 10 16
5.484143 148 160 10 16
5.486143 148 160 10 16
5.488143 148 160 10 16
5.490143 149 160 10 16
5.492143 149 160 10 16
5.494143 149 160 10 16
5.496143 149 160 10 16
5.498143 149 160 10 16
5.500143 149 160 10 16
5.502143 149 160 10 16
5.504143 149 160 10 16
5.506143 150 160 10 16
5.508143 150 160 10 16
5.510143 150 160 10 16
5.512143 150 160 10 16
5.514143 150 160 10 16
5.516143 150 160 10 16
5.518143 150 160 10 16
5.520143 150 160 10 16
5.522143 150 160 10 16
5.524143 150 160 10 16
5.526143 150 160 10 16
5.528143 150 160 10 16
5.530143 150 160 10 16
5.532143 150 160 10 16
5.534143 150 160 10 16
5.536143 150 160 10 16
5.538143 150 160 10 16
5.540143 151 160 10 16
5.542143 151 160 10 16
5.544143 151 160 10 16
5.546143 151 160 10 16
5.548143 151 160 10 16
5.550143 151 160 10 16
5.552143 151 160 10 16
5.554143 151 160 10 16
5.556143 151 160 10 16
5.558143 151 160 10 16
5.560143 151 160 10 16
5.562143 151 160 10 16
5.564143 151 160 10 16
5.566143 151 160 10 16
5.568143 151 160 10 16
5.570143 151 160 10 16
5.572143 151 160 10 16
5.574143 152 160 10 16
5.576143 152 160 10 16
5.578143 152 160 10 16
5.580143 152 160 10 16
5.582143 152 160 10 16
5.584143 152 160 10 16
5.586143 152 160 10 16
5.588143 152 160 10 16
5.590143 152 160 10 16
5.592143 152 160 10 16
5.594143 152 160 10 16
5.596143 152 160 10 16
5.598143 152 160 10 16
5.600143 152 160 10 16
5.602143 152 160 10 16
5.604143 152 160 10 16
5.606143 152 160 10 16
5.608143 152 160 10 16
5.610143 152 160 10 16
5.612143 152 160 10 16
5.614143 152 160 10 16
5.616143 152 160 10 16
5.618143 152 160 10 16
5.620143 152 160 10 16
5.622143 152 160 10 16
5.624143 152 160 10 16
5.626143 152 160 10 16
5.628143 152 160 10 16
5.630143 152 160 10 16
5.632143 152 160 10 16
5.634143 152 160 10 16
5.636143 152 160 10 16
5.638143 152 160 10 16
5.640143 151 160 10 16
5.642143 151 160 10 16
5.644143 151 160 10 16
5.646143 151 160 10 16
5.648143 151 160 10 16
5.650143 151 160 10 16
5.652143 150 160 10 16
5.654143 150 160 10 16
5.656143 150 160 10 16
5.658143 150 160 10 16
5.660143 150 160 10 16
5.662143 149 160 10 16
5.664143 149 160 10 16
5.666143 149 160 10 16
5.668143 149 160 10 16
5.670143 149 160 10 16
5.672143 149 160 10 16
5.674143 149 160 10 16
5.676143 149 160 10 16
5.678143 149 160 10 16
5.680143 149 160 10 16
5.682143 149 160 10 16
5.684143 150 160 10 16
5.686143 150 160 10 16
5.688143 150 160 10 16
5.690143 150 160 10 16
5.692143 150 160 10 16
5.694143 150 160 10 16
5.696143 151 160 10 16
5.698143 151 160 10 16
5.700143 151 160 10 16
5.702143 151 160 10 16
5.704143 151 160 10 16
5.706143 152 160 10 16
5.708143 152 160 10 16
5.710143 152 160 10 16
5.712143 152 160 10 16
5.714143 152 160 10 16
5.716143 152 160 10 16
5.718143 152 160 10 16
5.720143 152 160 10 16
5.722143 152 160 10 16
5.724143 152 160 10 16
5.726143 152 160 10 16
5.728143 152 160 10 16
5.730143 152 160 10 16
5.732143 152 160 10 16
5.734143 152 160 10 16
5.736143 152 160 10 16
5.738143 152 160 10 16
5.740143 152 160 10 16
5.742143 152 160 10 16
5.744143 152 160 10 16
5.746143 152 160 10 16
5.748143 152 160 10 16
5.750143 152 160 10 16
5.752143 152 160 10 16
5.754143 152 160 10 16
5.756143 153 160 10 16
5.758143 153 160 10 16
5.760143 153 160 10 16
5.762143 153 160 10 16
5.764143 153 160 10 16
5.766143 153 160 10 16
5.768143 153 160 10 16
5.770143 153 160 10 16
5.772143 153 160 10 16
5.774143 154 160 10 16
5.776143 154 160 10 16
5.778143 154 160 10 16
5.780143 154 160 10 16
5.782143 154 160 10 16
5.784143 154 160 10 16
5.786143 154 160 10 16
5.788143 154 160 10 16
5.790143 154 160 10 16
5.792143 154 160 10 16
5.794143 154 160 10 16
5.796143 154 160 10 16
5.798143 154 160 10 16
5.800143 154 160 10 16
5.802143 154 160 10 16
5.804143 154 160 10 16
5.806143 154 160 10 16
5.808143 154 160 10 16
5.810143 154 160 10 16
5.812143 154 160 10 16
5.814143 154 160 10 16
5.816143 154 160 10 16
5.818143 154 160 10 16
5.820143 154 160 10 16
5.822143 154 160 10 16
5.824143 154 160 10 16
5.826143 154 160 10 16
5.828143 154 160 10 16
5.830143 154 160 10 16
5.832143 154 160 10 16
5.834143 154 160 10 16
5.836143 154 160 10 16
5.838143 154 160 10 16
5.840143 154 160 10 16
5.842143 154 160 10 16
5.844143 154 160 10 16
5.846143 154 160 10 16
5.848143 154 160 10 16
5.850143 154 160 10 16
5.852143 154 160 10 16
5.854143 154 160 10 16
5.856143 154 160 10 16
5.858143 154 160 10 16
5.860143 154 160 10 16
5.862143 154 160 10 16
5.864143 154 160 10 16
5.866143 154 160 10 16
5.868143 154 160 10 16
5.870143 154 160 10 16
5.872143 154 160 10 16
5.874143 154 160 10 16
5.876143 154 160 10 16
5.878143 154 160 10 16
5.880143 154 160 10 16
5.882143 154 160 10 16
5.884143 154 160 10 16
5.886143 154 160 10 16
5.888143 154 160 10 16
5.890143 154 160 10 16
5.892143 154 160 10 16
5.894143 154 160 10 16
5.896143 154 160 10 16
5.898143 154 160 10 16
5.900143 154 160 10 16
5.902143 154 160 10 16
5.904143 154 160 10 16
5.906143 154 160 10 16
5.908143 154 160 10 16
5.910143 154 160 10 16
5.912143 154 160 10 16
5.914143 154 160 10 16
5.916143 154 160 10 16
5.918143 154 160 10 16
5.920143 154 160 10 16
5.922143 154 160 10 16
5.924143 155 160 10 16
5.926143 155 160 10 16
5.928143 155 160 10 16
5.930143 155 160 10 16
5.932143 155 160 10 16
5.934143 155 160 10 16
5.936143 155 160 10 16
5.938143 155 160 10 16
5.940143 156 160 10 16
5.942143 156 160 10 16
5.944143 156 160 10 16
5.946143 156 160 10 16
5.948143 156 160 10 16
5.950143 156 160 10 16
5.952143 156 160 10 16
5.954143 156 160 10 16
5.956143 156 160 10 16
5.958143 156 160 10 16
5.960143 156 160 10 16
5.962143 156 160 10 16
5.964143 156 160 10 16
5.966143 156 160 10 16
5.968143 156 160 10 16
5.970143 156 160 10 16
5.972143 156 160 10 16
5.974143 157 160 10 16
5.976143 157 160 10 16
5.978143 157 160 10 16
5.980143 157 160 10 16
5.982143 157 160 10 16
5.984143 157 160 10 16
5.986143 157 160 10 16
5.988143 157 160 10 16
5.990143 157 160 10 16
5.992143 157 160 10 16
5.994143 157 160 10 16
5.996143 157 160 10 16
5.998143 157 160 10 16
6.000143 157 160 10 16
6.002143 157 160 10 16
6.004143 157 160 10 16
6.006143 158 160 10 16
6.008143 158 160 10 16
6.010143 158 160 10 16
6.012143 158 160 10 16
6.014143 158 160 10 16
6.016143 158 160 10 16
6.018143 158 160 10 16
6.020143 158 160 10 16
6.022143 158 160 10 16
6.024143 158 160 10 16
6.026143 158 160 10 16
6.028143 158 160 10 16
6.030143 158 160 10 16
6.032143 158 160 10 16
6.034143 158 160 10 16
6.036143 158 160 10 16
6.038143 158 160 10 16
6.040143 159 160 10 16
6.042143 159 160 10 16
6.044143 159 160 10 16
6.046143 159 160 10 16
6.048143 159 160 10 16
6.050143 159 160 10 16
6.052143 159 160 10 16
6.054143 159 160 10 16
6.056143 159 160 10 16
6.058143 159 160 10 16
6.060143 159 160 10 16
6.062143 159 160 10 16
6.064143 159 160 10 16
6.066143 159 160 10 16
6.068143 159 160 10 16
6.070143 159 160 10 16
6.072143 159 160 10 16
6.074143 159 160 10 15
6.076143 159 160 10 15
6.078143 159 160 10 15
6.080143 159 160 10 14
6.082143 159 160 10 14
6.084143 160 160 10 13
6.086143 160 160 10 13
6.088143 160 160 10 13
6.090143 160 160 10 12
6.092143 160 160 10 12
6.094143 160 160 10 12
6.096143 161 160 10 11
6.098143 161 160 10 11
6.100143 161 160 10 11
6.102143 161 160 10 10
6.104143 161 160 10 10
6.106143 161 160 10 10
6.108143 161 160 10 10
6.110143 161 160 10 10
6.112143 161 160 10 10
6.114143 161 160 10 10
6.116143 161 160 10 10
6.118143 161 160 10 10
6.120143 161 160 10 10
6.122143 161 160 10 10
6.124143 161 161 10 10
6.126143 161 161 10 10
6.128143 161 161 10 10
6.130143 161 161 10 10
6.132143 161 161 10 10
6.134143 161 161 10 10
6.136143 161 161 10 10
6.138143 161 161 10 10
6.140143 161 162 10 10
6.142143 161 162 10 10
6.144143 161 162 10 10
6.146143 161 162 10 10
6.148143 161 162 10 10
6.150143 161 162 10 10
6.152143 161 162 10 10
6.154143 161 162 10 10
6.156143 162 162 10 10
6.158143 162 162 10 10
6.160143 162 162 10 10
6.162143 162 162 10 10
6.164143 162 162 10 10
6.166143 162 162 10 10
6.168143 162 162 10 10
6.170143 162 162 10 10
6.172143 162 162 10 10
6.174143 163 161 9 10
6.176143 163 161 9 10
6.178143 163 161 9 10
6.180143 163 161 8 10
6.182143 163 161 8 10
6.184143 163 161 8 11
6.186143 163 161 7 11
6.188143 163 161 7 11
6.190143 164 160 7 11
6.192143 164 160 7 11
6.194143 164 160 6 11
6.196143 164 160 6 12
6.198143 164 160 6 12
6.200143 164 160 5 12
6.202143 164 160 5 12
6.204143 164 160 5 12
6.206143 164 160 5 13
6.208143 164 160 5 13
6.210143 164 160 5 13
6.212143 164 160 5 13
6.214143 164 160 6 13
6.216143 164 160 6 13
6.218143 164 160 6 13
6.220143 164 160 7 13
6.222143 164 160 7 13
6.224143 163 160 7 13
6.226143 163 160 8 13
6.228143 163 160 8 13
6.230143 163 160 8 13
6.232143 163 160 8 13
6.234143 163 160 9 13
6.236143 163 160 9 13
6.238143 163 160 9 13
6.240143 163 160 10 13
6.242143 163 160 10 13
6.244143 163 160 10 13
6.246143 163 160 10 13
6.248143 163 160 10 13
6.250143 163 160 10 13
6.252143 163 160 10 13
6.254143 163 160 10 13
6.256143 163 160 10 13
6.258143 163 160 10 13
6.260143 163 160 10 13
6.262143 163 160 10 13
6.264143 163 160 10 13
6.266143 163 160 10 13
6.268143 163 160 10 13
6.270143 163 160 10 13
6.272143 163 160 10 13
6.274143 163 160 10 13
6.276143 163 160 10 13
6.278143 163 160 10 13
6.280143 163 160 10 13
6.282143 163 160 10 13
6.284143 163 160 10 13
6.286143 163 160 10 13
6.288143 163 160 10 13
6.290143 163 160 10 13
6.292143 163 160 10 13
6.294143 163 160 10 13
6.296143 163 160 10 13
6.298143 163 160 10 13
6.300143 163 160 10 13
6.302143 163 160 10 13
6.304143 163 160 10 13
6.306143 164 159 10 13
6.308143 164 159 10 13
6.310143 164 159 10 13
6.312143 164 159 10 13
6.314143 164 159 10 13
6.316143 164 159 10 13
6.318143 164 159 10 13
6.320143 164 159 10 13
6.322143 164 159 10 13
6.324143 164 159 10 13
6.326143 164 159 10 13
6.328143 164 159 10 13
6.330143 164 159 10 13
6.332143 164 159 10 13
6.334143 164 159 10 13
6.336143 164 159 10 13
6.338143 164 159 10 13
6.340143 164 159 10 12
6.342143 164 159 10 12
6.344143 164 159 10 12
6.346143 164 159 10 12
6.348143 164 159 10 12
6.350143 164 159 10 12
6.352143 164 159 10 12
6.354143 164 159 10 12
6.356143 164 159 10 12
6.358143 164 159 10 12
6.360143 164 159 10 12
6.362143 164 159 10 12
6.364143 164 159 10 12
6.366143 164 159 10 12
6.368143 164 159 10 12
6.370143 164 159 10 12
6.372143 164 159 10 12
6.374143 164 160 10 11
6.376143 164 160 10 11
6.378143 164 160 10 11
6.380143 164 160 10 11
6.382143 164 160 10 11
6.384143 164 160 10 11
6.386143 164 160 10 11
6.388143 164 160 10 11
6.390143 164 160 10 11
6.392143 164 160 10 11
6.394143 164 160 10 11
6.396143 164 160 10 11
6.398143 164 160 10 11
6.400143 164 160 10 11
6.402143 164 160 10 11
6.404143 164 160 10 11
6.406143 164 160 10 11
6.408143 164 160 10 11
6.410143 164 160 10 11
6.412143 164 160 10 11
6.414143 164 160 10 11
6.416143 164 160 10 11
6.418143 164 160 10 11
6.420143 164 160 10 11
6.422143 164 160 10 11
6.424143 164 160 10 11
6.426143 164 160 10 11
6.428143 164 160 10 11
6.430143 164 160 10 11
6.432143 164 160 10 11
6.434143 164 160 10 11
6.436143 164 160 10 11
6.438143 164 160 10 11
6.440143 164 160 10 10
6.442143 164 160 10 10
6.444143 164 160 10 10
6.446143 164 160 10 10
6.448143 164 160 10 10
6.450143 164 160 10 10
6.452143 164 160 10 10
6.454143 164 160 10 10
6.456143 164 160 10 10
6.458143 164 160 10 10
6.460143 164 160 10 10
6.462143 164 160 10 10
6.464143 164 160 10 10
6.466143 164 160 10 10
6.468143 164 160 10 10
6.470143 164 160 10 10
6.472143 164 160 10 10
6.474143 164 160 10 10
6.476143 164 160 10 10
6.478143 164 160 10 10
6.480143 164 160 10 10
6.482143 164 160 10 10
6.484143 164 160 10 10
6.486143 164 160 10 10
6.488143 164 160 10 10
6.490143 164 160 10 10
6.492143 164 160 10 10
6.494143 164 160 10 10
6.496143 164 160 10 10
6.498143 164 160 10 10
6.500143 164 160 10 10
6.502143 164 160 10 10
6.504143 164 160 10 10
6.506143 164 160 10 10
6.508143 164 160 10 10
6.510143 164 160 10 10
6.512143 164 160 10 10
6.514143 164 160 10 10
6.516143 164 160 10 10
6.518143 164 160 10 10
6.520143 164 160 10 10
6.522143 164 160 10 10
6.524143 164 160 10 10
6.526143 164 160 10 10
6.528143 164 160 10 10
6.530143 164 160 10 10
6.532143 164 160 10 10
6.534143 164 160 10 10
6.536143 164 160 10 10
6.538143 164 160 10 10
6.540143 164 160 10 10
6.542143 164 160 10 10
6.544143 164 160 10 10
6.546143 164 160 10 10
6.548143 164 160 10 10
6.550143 164 160 10 10
6.552143 164 160 10 10
6.554143 164 160 10 10
6.556143 164 160 10 10
6.558143 164 160 10 10
6.560143 164 160 10 10
6.562143 164 160 10 10
6.564143 164 160 10 10
6.566143 164 160 10 10
6.568143 164 160 10 10
6.570143 164 160 10 10
6.572143 164 160 10 10
6.574143 164 160 10 10
6.576143 164 160 10 10
6.578143 164 160 10 10
6.580143 164 160 10 10
6.582143 164 160 10 10
6.584143 164 160 10 10
6.586143 164 160 10 10
6.588143 164 160 10 10
6.590143 164 160 10 10
6.592143 164 160 10 10
6.594143 164 160 10 10
6.596143 164 160 10 10
6.598143 164 160 10 10
6.600143 164 160 10 10
6.602143 164 160 10 10
6.604143 164 160 10 10
6.606143 164 159 9 10
6.608143 164 159 9 10
6.610143 165 159 9 10
6.612143 165 159 9 10
6.614143 166 159 9 10
6.616143 166 159 8 11
6.618143 167 159 8 11
6.620143 167 159 8 11
6.622143 168 159 8 11
6.624143 168 159 7 12
6.626143 169 159 7 12
6.628143 169 159 7 12
6.630143 170 159 7 12
6.632143 171 159 6 13
6.634143 171 159 6 13
6.636143 172 159 6 13
6.638143 172 159 6 13
6.640143 173 159 6 14
6.642143 173 159 6 14
6.644143 173 159 6 14
6.646143 173 159 6 14
6.648143 173 159 6 14
6.650143 173 159 6 14
6.652143 173 159 6 14
6.654143 173 159 6 14
6.656143 173 159 6 14
6.658143 173 159 6 14
6.660143 173 159 6 14
6.662143 173 159 6 14
6.664143 173 159 6 14
6.666143 173 159 6 14
6.668143 173 159 6 14
6.670143 173 159 6 14
6.672143 173 159 6 14
6.674143 173 159 6 14
6.676143 173 159 6 14
6.678143 173 159 6 14
6.680143 173 159 6 14
6.682143 173 159 6 14
6.684143 173 159 6 14
6.686143 173 159 6 14
6.688143 173 159 6 14
6.690143 173 159 6 14
6.692143 173 159 6 14
6.694143 173 159 6 14
6.696143 173 159 6 14
6.698143 173 159 6 14
6.700143 173 159 6 14
6.702143 173 159 6 14
6.704143 173 159 6 14
6.706143 173 159 6 14
6.708143 173 159 6 14
6.710143 173 159 6 14
6.712143 173 159 6 14
6.714143 173 159 6 14
6.716143 173 159 6 14
6.718143 173 159 6 14
6.720143 173 159 6 14
6.722143 173 159 6 14
6.724143 173 159 6 14
6.726143 173 159 6 14
6.728143 173 159 6 14
6.730143 173 159 6 14
6.732143 173 159 6 14
6.734143 173 159 6 14
6.736143 173 159 6 14
6.738143 173 159 6 14
6.740143 173 159 6 14
6.742143 173 159 6 14
6.744143 173 159 6 14
6.746143 173 159 6 14
6.748143 173 159 6 14
6.750143 173 159 6 14
6.752143 173 159 6 14
6.754143 173 159 6 14
6.756143 173 159 6 14
6.758143 173 159 6 14
6.760143 173 159 6 14
6.762143 173 159 6 14
6.764143 173 159 6 14
6.766143 173 159 6 14
6.768143 173 159 6 14
6.770143 173 159 6 14
6.772143 173 159 6 14
6.774143 173 159 6 14
6.776143 173 159 6 14
6.778143 173 159 6 14
6.780143 173 159 6 14
6.782143 173 159 6 14
6.784143 173 159 6 14
6.786143 173 159 6 14
6.788143 173 159 6 14
6.790143 173 159 6 14
6.792143 173 159 6 14
6.794143 173 159 6 14
6.796143 173 159 6 14
6.798143 173 159 6 14
6.800143 173 159 6 14
6.802143 173 159 6 14
6.804143 173 159 6 14
6.806143 173 159 6 14
6.808143 173 159 6 14
6.810143 173 159 6 14
6.812143 173 159 6 14
6.814143 173 159 6 14
6.816143 173 159 6 14
6.818143 173 159 6 14
6.820143 173 159 6 14
6.822143 173 159 6 14
6.824143 173 159 6 14
6.826143 173 159 6 14
6.828143 173 159 6 14
6.830143 173 159 6 14
6.832143 173 159 6 14
6.834143 173 159 6 14
6.836143 173 159 6 14
6.838143 173 159 6 14
6.840143 174 159 6 14
6.842143 174 159 6 14
6.844143 174 159 6 14
6.846143 175 159 6 14
6.848143 175 159 6 14
6.850143 175 159 6 14
6.852143 175 159 6 14
6.854143 176 159 6 14
6.856143 176 159 6 14
6.858143 176 159 6 14
6.860143 177 159 6 14
6.862143 177 159 6 14
6.864143 177 159 6 14
6.866143 178 159 6 14
6.868143 178 159 6 14
6.870143 178 159 6 14
6.872143 178 159 6 14
6.874143 179 159 6 14
6.876143 179 159 6 14
6.878143 179 159 6 14
6.880143 179 159 6 14
6.882143 179 159 6 14
6.884143 179 159 6 14
6.886143 179 159 6 14
6.888143 179 159 6 14
6.890143 179 159 6 14
6.892143 179 159 6 14
6.894143 179 159 6 14
6.896143 179 159 6 14
6.898143 179 159 6 14
6.900143 179 159 6 14
6.902143 179 159 6 14
6.904143 179 159 6 14
6.906143 179 159 6 14
6.908143 179 159 6 14
6.910143 179 159 6 14
6.912143 179 159 6 14
6.914143 179 159 6 14
6.916143 179 159 6 14
6.918143 179 159 6 14
6.920143 179 159 6 14
6.922143 179 159 6 14
6.924143 179 159 6 14
6.926143 179 159 6 14
6.928143 179 159 6 14
6.930143 179 159 6 14
6.932143 179 159 6 14
6.934143 179 159 6 14
6.936143 179 159 6 14
6.938143 179 159 6 14
6.940143 180 159 6 14
6.942143 180 159 6 14
6.944143 180 159 6 14
6.946143 180 159 6 14
6.948143 180 159 6 14
6.950143 180 159 6 14
6.952143 180 159 6 14
6.954143 180 159 6 14
6.956143 180 159 6 14
6.958143 180 159 6 14
6.960143 180 159 6 14
6.962143 180 159 6 14
6.964143 180 159 6 14
6.966143 180 159 6 14
6.968143 180 159 6 14
6.970143 180 159 6 14
6.972143 180 159 6 14
6.974143 181 159 6 14
6.976143 181 159 6 14
6.978143 181 159 6 14
6.980143 181 159 6 14
6.982143 181 159 6 14
6.984143 181 159 6 14
6.986143 181 159 6 14
6.988143 181 159 6 14
6.990143 181 159 6 14
6.992143 181 159 6 14
6.994143 181 159 6 14
6.996143 181 159 6 14
6.998143 181 159 6 14
7.000143 181 159 6 14
7.002143 181 159 6 14
7.004143 181 159 6 14
7.006143 181 159 6 14
7.008143 181 159 6 14
7.010143 181 159 6 14
7.012143 181 159 6 14
7.014143 181 159 6 14
7.016143 181 159 6 14
7.018143 181 159 6 14
7.020143 181 159 6 14
7.022143 181 159 6 14
7.024143 181 159 6 14
7.026143 181 159 6 14
7.028143 181 159 6 14
7.030143 181 159 6 14
7.032143 181 159 6 14
7.034143 181 159 6 14
7.036143 181 159 6 14
7.038143 181 159 6 14
7.040143 181 160 6 14
7.042143 181 160 6 14
7.044143 181 160 6 14
7.046143 181 160 6 14
7.048143 181 160 6 14
7.050143 181 160 6 14
7.052143 181 160 6 14
7.054143 181 160 6 14
7.056143 181 160 6 14
7.058143 181 160 6 14
7.060143 181 160 6 14
7.062143 181 160 6 14
7.064143 181 160 6 14
7.066143 181 160 6 14
7.068143 181 160 6 14
7.070143 181 160 6 14
7.072143 181 160 6 14
7.074143 182 159 6 13
7.076143 182 159 6 13
7.078143 182 159 6 13
7.080143 182 159 6 13
7.082143 182 159 6 13
7.084143 182 159 6 13
7.086143 182 159 6 13
7.088143 182 159 6 13
7.090143 182 159 6 12
7.092143 182 159 6 12
7.094143 182 159 6 12
7.096143 182 159 6 12
7.098143 182 159 6 12
7.100143 182 159 6 12
7.102143 182 159 6 12
7.104143 182 159 6 12
7.106143 183 159 6 12
7.108143 183 159 6 12
7.110143 183 159 6 12
7.112143 183 159 6 12
7.114143 183 159 6 12
7.116143 183 159 6 12
7.118143 183 159 6 12
7.120143 183 159 6 12
7.122143 183 159 6 12
7.124143 183 159 6 12
7.126143 183 159 6 12
7.128143 183 159 6 12
7.130143 183 159 6 12
7.132143 183 159 6 12
7.134143 183 159 6 12
7.136143 183 159 6 12
7.138143 183 159 6 12
7.140143 183 159 6 12
7.142143 183 159 6 12
7.144143 183 159 6 12
7.146143 183 159 6 12
7.148143 183 159 6 12
7.150143 183 159 6 12
7.152143 183 159 6 12
7.154143 183 159 6 12
7.156143 183 159 6 12
7.158143 183 159 6 12
7.160143 183 159 6 12
7.162143 183 159 6 12
7.164143 183 159 6 12
7.166143 183 159 6 12
7.168143 183 159 6 12
7.170143 183 159 6 12
7.172143 183 159 6 12
