0.032960 272 49 42 99
0.034960 272 48 42 99
0.036960 272 48 42 99
0.038960 272 48 42 99
0.040960 272 48 42 99
0.042960 272 48 42 99
0.044960 272 48 42 99
0.046960 272 48 42 99
0.048960 272 48 42 99
0.050960 272 48 42 99
0.052960 272 48 42 99
0.054960 272 48 42 99
0.056960 272 48 42 99
0.058960 272 48 42 99
0.060960 272 48 42 99
0.062960 272 48 42 99
0.064960 272 48 42 99
0.066960 272 48 42 99
0.068960 272 48 42 99
0.070960 272 48 42 99
0.072960 272 48 42 99
0.074960 272 48 42 99
0.076960 272 48 42 99
0.078960 272 48 42 99
0.080960 272 48 42 99
0.082960 272 48 42 99
0.084960 272 48 42 99
0.086960 272 48 42 99
0.088960 272 48 42 99
0.090960 272 48 42 99
0.092960 272 48 42 99
0.094960 272 48 42 99
0.096960 272 48 42 99
0.098960 272 48 42 99
0.100960 273 49 42 99
0.102960 273 49 42 99
0.104960 273 49 42 99
0.106960 273 49 42 99
0.108960 273 49 42 99
0.110960 273 49 42 99
0.112960 273 49 42 99
0.114960 273 49 42 99
0.116960 273 49 42 99
0.118960 273 49 42 99
0.120960 273 49 42 99
0.122960 273 49 42 99
0.124960 273 49 42 99
0.126960 273 49 42 99
0.128960 273 49 42 99
0.130960 273 49 42 99
0.132960 273 48 42 99
0.134960 273 48 42 99
0.136960 273 48 42 99
0.138960 273 48 42 99
0.140960 273 48 42 99
0.142960 273 48 42 99
0.144960 273 48 42 99
0.146960 273 48 42 99
0.148960 273 48 42 99
0.150960 273 48 42 99
0.152960 273 48 42 99
0.154960 273 48 42 99
0.156960 273 48 42 99
0.158960 273 48 42 99
0.160960 273 48 42 99
0.162960 273 48 42 99
0.164960 273 48 42 99
0.166960 273 48 42 100
0.168960 273 48 42 100
0.170960 273 48 42 100
0.172960 273 48 42 100
0.174960 273 48 42 100
0.176960 273 48 42 100
0.178960 273 48 42 100
0.180960 273 48 42 100
0.182960 273 48 42 100
0.184960 273 48 42 100
0.186960 273 48 42 100
0.188960 273 48 42 100
0.190960 273 48 42 100
0.192960 273 48 42 100
0.194960 273 48 42 100
0.196960 273 48 42 100
0.198960 273 48 42 100
0.200960 274 48 42 99
0.202960 274 48 42 99
0.204960 274 48 42 99
0.206960 274 48 42 99
0.208960 274 48 42 99
0.210960 274 48 42 99
0.212960 274 48 42 99
0.214960 274 48 42 99
0.216960 274 48 42 99
0.218960 274 48 42 99
0.220960 274 48 42 99
0.222960 274 48 42 99
0.224960 274 48 42 99
0.226960 274 48 42 99
0.228960 274 48 42 99
0.230960 274 48 42 99
0.232960 275 48 41 99
0.234960 275 48 41 99
0.236960 275 48 41 99
0.238960 275 48 41 99
0.240960 275 48 41 99
0.242960 275 48 41 99
0.244960 275 48 41 99
0.246960 275 48 41 99
0.248960 275 48 41 99
0.250960 275 48 41 99
0.252960 275 48 41 99
0.254960 275 48 41 99
0.256960 275 48 41 99
0.258960 275 48 41 99
0.260960 275 48 41 99
0.262960 275 48 41 99
0.264960 275 48 41 99
0.266960 276 48 41 100
0.268960 276 48 41 100
0.270960 276 48 41 100
0.272960 276 48 41 100
0.274960 276 48 41 100
0.276960 276 48 41 100
0.278960 276 48 41 100
0.280960 276 48 41 100
0.282960 276 48 41 100
0.284960 276 48 41 100
0.286960 276 48 41 100
0.288960 276 48 41 100
0.290960 276 48 41 100
0.292960 276 48 41 100
0.294960 276 48 41 100
0.296960 276 48 41 100
0.298960 276 48 41 100
0.300960 277 47 41 100
0.302960 277 47 41 100
0.304960 277 47 41 100
0.306960 277 47 41 100
0.308960 277 47 41 100
0.310960 277 47 41 100
0.312960 277 47 41 100
0.314960 277 47 41 100
0.316960 277 46 41 100
0.318960 277 46 41 100
0.320960 277 46 41 100
0.322960 277 46 41 100
0.324960 277 46 41 100
0.326960 277 46 41 100
0.328960 277 46 41 100
0.330960 277 46 41 100
0.332960 277 46 42 101
0.334960 277 46 42 101
0.336960 277 46 42 101
0.338960 277 46 42 101
0.340960 277 46 42 101
0.342960 277 46 42 101
0.344960 277 46 42 101
0.346960 277 46 42 101
0.348960 277 46 42 101
0.350960 277 47 42 101
0.352960 277 47 42 101
0.354960 277 47 42 101
0.356960 277 47 42 101
0.358960 277 47 42 101
0.360960 277 47 42 101
0.362960 277 47 42 101
0.364960 277 47 42 101
0.366960 277 47 42 102
0.368960 277 47 42 102
0.370960 277 47 42 102
0.372960 277 47 42 102
0.374960 277 47 42 102
0.376960 277 47 42 102
0.378960 277 47 42 102
0.380960 277 47 42 102
0.382960 277 47 42 102
0.384960 277 47 42 102
0.386960 277 47 42 102
0.388960 277 47 42 102
0.390960 277 47 42 102
0.392960 277 47 42 102
0.394960 277 47 42 102
0.396960 277 47 42 102
0.398960 277 47 42 102
0.400960 278 47 41 103
0.402960 278 47 41 103
0.404960 278 47 41 103
0.406960 278 47 41 103
0.408960 278 47 41 103
0.410960 278 47 41 103
0.412960 278 47 41 103
0.414960 278 47 41 103
0.416960 278 47 41 103
0.418960 278 47 41 103
0.420960 278 47 41 103
0.422960 278 47 41 103
0.424960 278 47 41 103
0.426960 278 47 41 103
0.428960 278 47 41 103
0.430960 278 47 41 103
0.432960 278 48 41 102
0.434960 278 48 41 102
0.436960 278 48 41 102
0.438960 278 48 41 102
0.440960 278 48 41 102
0.442960 278 48 41 102
0.444960 278 48 41 102
0.446960 278 48 41 102
0.448960 278 48 41 102
0.450960 279 48 42 101
0.452960 279 48 42 101
0.454960 279 48 42 101
0.456960 279 48 42 101
0.458960 279 48 42 101
0.460960 279 48 42 101
0.462960 279 48 42 101
0.464960 279 48 42 101
0.466960 279 49 43 100
0.468960 279 49 43 100
0.470960 279 49 43 100
0.472960 279 49 43 100
0.474960 279 49 43 100
0.476960 279 49 43 100
0.478960 279 49 43 100
0.480960 279 49 43 100
0.482960 278 49 43 100
0.484960 278 49 43 100
0.486960 278 49 43 100
0.488960 278 49 43 100
0.490960 278 49 43 100
0.492960 278 49 43 100
0.494960 278 49 43 100
0.496960 278 49 43 100
0.498960 278 49 43 100
0.500960 278 49 42 100
0.502960 278 49 42 100
0.504960 278 49 42 100
0.506960 278 49 42 100
0.508960 278 49 42 100
0.510960 278 49 42 100
0.512960 278 49 42 100
0.514960 278 49 42 100
0.516960 279 49 42 100
0.518960 279 49 42 100
0.520960 279 49 42 100
0.522960 279 49 42 100
0.524960 279 49 42 100
0.526960 279 49 42 100
0.528960 279 49 42 100
0.530960 279 49 42 100
0.532960 280 49 41 100
0.534960 280 49 41 100
0.536960 280 49 41 100
0.538960 280 49 40 100
0.540960 280 49 40 100
0.542960 281 49 40 100
0.544960 281 48 39 99
0.546960 281 48 39 99
0.548960 281 48 39 99
0.550960 282 48 38 99
0.552960 282 48 38 99
0.554960 282 48 38 99
0.556960 282 47 37 98
0.558960 283 47 37 98
0.560960 283 47 36 98
0.562960 283 47 36 98
0.564960 283 47 36 98
0.566960 284 46 35 98
0.568960 284 46 35 98
0.570960 284 46 35 98
0.572960 284 46 35 98
0.574960 284 46 34 98
0.576960 284 46 34 98
0.578960 284 45 34 98
0.580960 284 45 34 98
0.582960 285 45 33 99
0.584960 285 45 33 99
0.586960 285 45 33 99
0.588960 285 44 33 99
0.590960 285 44 33 99
0.592960 285 44 32 99
0.594960 285 44 32 99
0.596960 285 44 32 99
0.598960 285 44 32 99
0.600960 285 44 32 100
0.602960 285 44 32 100
0.604960 285 44 32 100
0.606960 285 44 32 100
0.608960 285 44 32 100
0.610960 285 44 32 101
0.612960 285 44 32 101
0.614960 285 44 32 101
0.616960 285 44 32 101
0.618960 285 44 32 101
0.620960 285 44 32 101
0.622960 285 44 32 102
0.624960 285 44 32 102
0.626960 285 44 32 102
0.628960 285 44 32 102
0.630960 285 44 32 102
0.632960 284 44 33 102
0.634960 284 44 33 102
0.636960 284 44 33 102
0.638960 284 44 33 102
0.640960 284 44 33 102
0.642960 284 44 33 102
0.644960 284 44 33 102
0.646960 284 44 33 102
0.648960 284 44 33 102
0.650960 283 44 34 102
0.652960 283 44 34 102
0.654960 283 44 34 102
0.656960 283 44 34 102
0.658960 283 44 34 102
0.660960 283 44 34 102
0.662960 283 44 34 102
0.664960 283 44 34 102
0.666960 283 43 35 102
0.668960 283 43 35 102
0.670960 283 43 35 102
0.672960 283 43 35 102
0.674960 283 43 35 102
0.676960 283 43 35 102
0.678960 283 43 35 102
0.680960 283 43 35 102
0.682960 284 43 35 102
0.684960 284 43 35 102
0.686960 284 43 35 102
0.688960 284 43 35 102
0.690960 284 43 35 102
0.692960 284 43 35 102
0.694960 284 43 35 102
0.696960 284 43 35 102
0.698960 284 43 35 102
0.700960 285 42 35 103
0.702960 285 42 35 103
0.704960 285 42 35 103
0.706960 285 42 35 103
0.708960 285 42 35 103
0.710960 285 42 35 103
0.712960 285 42 35 103
0.714960 285 42 35 103
0.716960 285 42 35 103
0.718960 285 42 35 103
0.720960 285 42 35 103
0.722960 285 42 35 103
0.724960 285 42 35 103
0.726960 285 42 35 103
0.728960 285 42 35 103
0.730960 285 42 35 103
0.732960 285 42 34 103
0.734960 285 42 34 103
0.736960 285 42 34 103
0.738960 285 42 34 103
0.740960 285 42 34 103
0.742960 285 42 34 103
0.744960 285 42 33 103
0.746960 285 42 33 103
0.748960 285 42 33 103
0.750960 285 42 33 103
0.752960 285 42 33 103
0.754960 285 42 33 103
0.756960 285 42 32 103
0.758960 285 42 32 103
0.760960 285 42 32 103
0.762960 285 42 32 103
0.764960 285 42 32 103
0.766960 285 41 32 103
0.768960 285 41 32 103
0.770960 285 41 32 103
0.772960 285 41 32 103
0.774960 285 41 32 103
0.776960 285 41 32 103
0.778960 285 41 32 103
0.780960 285 41 32 103
0.782960 285 40 33 104
0.784960 285 40 33 104
0.786960 285 40 33 104
0.788960 285 40 33 104
0.790960 285 40 33 104
0.792960 285 40 33 104
0.794960 285 40 33 104
0.796960 285 40 33 104
0.798960 285 40 33 104
0.800960 284 40 34 105
0.802960 284 40 34 105
0.804960 284 40 34 105
0.806960 284 40 34 105
0.808960 284 40 34 105
0.810960 284 40 35 105
0.812960 284 40 35 105
0.814960 284 40 35 105
0.816960 284 40 35 105
0.818960 284 40 35 105
0.820960 284 40 35 105
0.822960 284 40 36 105
0.824960 284 40 36 105
0.826960 284 40 36 105
0.828960 284 40 36 105
0.830960 284 40 36 105
0.832960 283 40 37 105
0.834960 283 40 37 105
0.836960 283 40 37 105
0.838960 283 40 37 105
0.840960 283 40 37 105
0.842960 283 40 37 105
0.844960 283 40 38 105
0.846960 283 40 38 105
0.848960 283 40 38 105
0.850960 282 40 38 105
0.852960 282 40 38 105
0.854960 282 40 38 105
0.856960 282 40 39 105
0.858960 282 40 39 105
0.860960 282 40 39 105
0.862960 282 40 39 105
0.864960 282 40 39 105
0.866960 282 40 39 104
0.868960 282 40 39 104
0.870960 282 40 39 104
0.872960 282 40 39 104
0.874960 282 40 39 104
0.876960 282 40 39 104
0.878960 282 40 39 103
0.880960 282 40 39 103
0.882960 283 40 38 103
0.884960 283 40 38 103
0.886960 283 40 38 103
0.888960 283 40 38 102
0.890960 283 40 38 102
0.892960 283 40 38 102
0.894960 283 40 38 102
0.896960 283 40 38 102
0.898960 283 40 38 102
0.900960 284 40 38 102
0.902960 284 40 38 102
0.904960 284 40 38 102
0.906960 284 40 38 102
0.908960 284 40 38 102
0.910960 284 40 38 103
0.912960 284 40 38 103
0.914960 284 40 38 103
0.916960 284 40 38 103
0.918960 284 40 38 103
0.920960 284 40 38 103
0.922960 284 40 38 104
0.924960 284 40 38 104
0.926960 284 40 38 104
0.928960 284 40 38 104
0.930960 284 40 38 104
0.932960 284 39 38 105
0.934960 284 39 38 105
0.936960 284 39 38 105
0.938960 284 39 38 105
0.940960 284 39 38 105
0.942960 284 39 38 105
0.944960 285 39 38 105
0.946960 285 39 38 105
0.948960 285 39 38 105
0.950960 285 39 37 105
0.952960 285 39 37 105
0.954960 285 39 37 105
0.956960 286 39 37 105
0.958960 286 39 37 105
0.960960 286 39 37 105
0.962960 286 39 37 105
0.964960 286 39 37 105
0.966960 286 39 37 105
0.968960 286 39 37 105
0.970960 286 39 37 105
0.972960 286 39 37 105
0.974960 286 39 37 105
0.976960 286 39 37 105
0.978960 286 39 37 106
0.980960 286 39 37 106
0.982960 285 39 38 106
0.984960 285 39 38 106
0.986960 285 39 38 106
0.988960 285 39 38 107
0.990960 285 39 38 107
0.992960 285 39 38 107
0.994960 285 39 38 107
0.996960 285 39 38 107
0.998960 285 39 38 107
1.000960 285 39 39 107
1.002960 285 39 39 107
1.004960 285 39 39 107
1.006960 285 39 39 107
1.008960 285 39 39 107
1.010960 285 39 39 107
1.012960 285 39 39 107
1.014960 285 39 39 107
1.016960 285 39 39 107
1.018960 285 39 39 107
1.020960 285 39 39 107
1.022960 285 39 39 107
1.024960 285 39 39 107
1.026960 285 39 39 107
1.028960 285 39 39 107
1.030960 285 39 39 107
1.032960 285 39 39 107
1.034960 285 39 39 107
1.036960 285 39 39 107
1.038960 285 39 39 107
1.040960 285 39 39 107
1.042960 285 39 39 107
1.044960 285 39 39 107
1.046960 285 39 39 107
1.048960 285 39 39 107
1.050960 285 39 39 107
1.052960 285 39 39 107
1.054960 285 39 39 107
1.056960 285 39 39 107
1.058960 285 39 39 107
1.060960 285 39 39 107
1.062960 285 39 39 107
1.064960 285 39 39 107
1.066960 285 39 39 107
1.068960 285 39 39 107
1.070960 285 39 39 107
1.072960 285 39 39 107
1.074960 285 39 39 107
1.076960 285 39 39 107
1.078960 285 39 39 107
1.080960 285 39 39 107
1.082960 286 40 38 107
1.084960 286 40 38 107
1.086960 286 40 38 107
1.088960 286 40 38 107
1.090960 286 40 38 107
1.092960 286 40 38 107
1.094960 286 40 38 107
1.096960 286 40 38 107
1.098960 286 40 38 107
1.100960 287 41 38 106
1.102960 287 41 38 106
1.104960 287 41 38 106
1.106960 287 41 38 106
1.108960 287 41 38 106
1.110960 287 41 38 106
1.112960 287 41 38 106
1.114960 287 41 38 106
1.116960 288 41 38 105
1.118960 288 41 38 105
1.120960 288 41 38 105
1.122960 288 41 38 105
1.124960 288 41 38 105
1.126960 288 41 38 105
1.128960 288 41 38 105
1.130960 288 41 38 105
1.132960 289 40 37 105
1.134960 289 40 37 105
1.136960 289 40 37 105
1.138960 289 40 37 105
1.140960 289 40 37 105
1.142960 289 40 37 106
1.144960 289 40 37 106
1.146960 289 40 37 106
1.148960 289 40 37 106
1.150960 289 40 36 107
1.152960 289 40 36 107
1.154960 289 40 36 107
1.156960 289 40 36 107
1.158960 289 40 36 108
1.160960 289 40 36 108
1.162960 289 40 36 108
1.164960 289 40 36 108
1.166960 289 40 36 108
1.168960 289 40 36 108
1.170960 289 40 36 108
1.172960 289 40 36 108
1.174960 289 40 36 108
1.176960 289 40 36 108
1.178960 289 40 36 108
1.180960 289 40 36 108
1.182960 289 40 37 107
1.184960 289 40 37 107
1.186960 289 40 37 107
1.188960 289 40 37 107
1.190960 289 40 37 107
1.192960 289 40 37 107
1.194960 289 40 37 107
1.196960 289 40 37 107
1.198960 289 40 37 107
1.200960 289 39 38 107
1.202960 289 39 38 107
1.204960 289 39 38 107
1.206960 289 39 38 107
1.208960 289 39 38 107
1.210960 289 39 38 107
1.212960 289 39 38 107
1.214960 289 39 38 107
1.216960 289 39 38 108
1.218960 289 39 38 108
1.220960 289 39 38 108
1.222960 289 39 38 108
1.224960 289 39 38 108
1.226960 289 39 38 108
1.228960 289 39 38 108
1.230960 289 39 38 108
1.232960 289 39 38 108
1.234960 289 39 38 108
1.236960 289 39 38 108
1.238960 289 39 38 108
1.240960 289 39 38 108
1.242960 289 39 38 108
1.244960 289 39 38 108
1.246960 289 39 38 108
1.248960 289 39 38 108
1.250960 289 39 38 108
1.252960 289 39 38 108
1.254960 289 39 38 108
1.256960 289 39 38 108
1.258960 289 39 38 108
1.260960 289 39 38 108
1.262960 289 39 38 108
1.264960 289 39 38 108
1.266960 289 38 38 108
1.268960 289 38 38 108
1.270960 289 38 38 108
1.272960 289 38 38 108
1.274960 290 38 38 108
1.276960 290 38 38 108
1.278960 290 38 37 108
1.280960 290 38 37 108
1.282960 291 38 37 108
1.284960 291 38 37 108
1.286960 291 38 37 108
1.288960 291 38 36 108
1.290960 291 38 36 108
1.292960 292 38 36 108
1.294960 292 38 36 108
1.296960 292 38 36 108
1.298960 292 38 36 108
1.300960 293 37 36 107
1.302960 293 37 36 107
1.304960 293 37 36 107
1.306960 293 37 36 107
1.308960 293 37 36 107
1.310960 294 37 36 107
1.312960 294 37 36 107
1.314960 294 37 36 107
1.316960 294 37 37 107
1.318960 294 37 37 107
1.320960 294 37 37 107
1.322960 295 37 37 107
1.324960 295 37 37 107
1.326960 295 37 37 107
1.328960 295 37 37 107
1.330960 295 37 37 107
1.332960 296 37 38 106
1.334960 296 37 38 106
1.336960 296 37 38 106
1.338960 296 37 39 106
1.340960 296 37 39 106
1.342960 296 37 40 106
1.344960 296 37 40 106
1.346960 296 37 40 106
1.348960 296 37 41 106
1.350960 296 38 41 106
1.352960 296 38 42 106
1.354960 296 38 42 106
1.356960 296 38 43 106
1.358960 296 38 43 106
1.360960 296 38 43 106
1.362960 296 38 44 106
1.364960 296 38 44 106
1.366960 296 38 44 106
1.368960 296 38 44 106
1.370960 296 38 44 106
1.372960 296 38 44 107
1.374960 296 38 44 107
1.376960 296 38 44 107
1.378960 296 38 43 107
1.380960 296 38 43 108
1.382960 297 37 43 108
1.384960 297 37 43 108
1.386960 297 37 43 109
1.388960 297 37 42 109
1.390960 297 37 42 109
1.392960 297 37 42 110
1.394960 297 37 42 110
1.396960 297 37 42 110
1.398960 297 37 42 110
1.400960 298 37 42 111
1.402960 298 37 42 111
1.404960 298 37 42 111
1.406960 298 37 42 111
1.408960 298 37 42 111
1.410960 298 37 42 111
1.412960 298 37 42 111
1.414960 298 37 42 111
1.416960 298 37 43 111
1.418960 298 37 43 111
1.420960 298 37 43 111
1.422960 298 37 43 111
1.424960 298 37 43 111
1.426960 298 37 43 111
1.428960 298 37 43 111
1.430960 298 37 43 111
1.432960 298 37 44 111
1.434960 298 37 44 111
1.436960 298 37 44 111
1.438960 298 37 44 111
1.440960 298 37 44 111
1.442960 298 37 44 111
1.444960 298 37 44 111
1.446960 298 37 44 111
1.448960 298 37 44 111
1.450960 299 36 44 111
1.452960 299 36 44 111
1.454960 299 36 44 111
1.456960 299 36 44 111
1.458960 299 36 44 111
1.460960 299 36 44 111
1.462960 299 36 44 111
1.464960 299 36 44 111
1.466960 299 36 44 111
1.468960 299 36 44 111
1.470960 299 36 44 111
1.472960 299 36 44 111
1.474960 299 36 44 111
1.476960 299 36 44 111
1.478960 298 36 44 111
1.480960 298 36 44 111
1.482960 298 36 45 110
1.484960 298 36 45 110
1.486960 298 36 45 110
1.488960 297 36 45 110
1.490960 297 36 45 110
1.492960 297 36 45 110
1.494960 297 36 45 110
1.496960 297 36 45 110
1.498960 297 36 45 110
1.500960 297 37 45 110
1.502960 297 37 45 110
1.504960 297 37 45 110
1.506960 297 37 45 110
1.508960 297 37 45 110
1.510960 298 37 44 110
1.512960 298 37 44 110
1.514960 298 37 44 110
1.516960 298 37 44 110
1.518960 298 37 44 110
1.520960 298 37 44 110
1.522960 299 37 43 110
1.524960 299 37 43 110
1.526960 299 37 43 110
1.528960 299 37 43 110
1.530960 299 37 43 110
1.532960 300 36 43 110
1.534960 300 36 43 110
1.536960 300 36 43 110
1.538960 300 36 43 110
1.540960 300 36 43 110
1.542960 300 36 43 110
1.544960 300 36 43 111
1.546960 300 36 43 111
1.548960 300 36 43 111
1.550960 300 35 44 111
1.552960 300 35 44 111
1.554960 300 35 44 111
1.556960 300 35 44 112
1.558960 300 35 44 112
1.560960 300 35 44 112
1.562960 300 35 44 112
1.564960 300 35 44 112
1.566960 299 35 45 112
1.568960 299 35 45 112
1.570960 299 35 45 112
1.572960 299 35 45 112
1.574960 299 35 45 112
1.576960 299 35 45 112
1.578960 299 35 45 112
1.580960 299 35 45 112
1.582960 298 36 45 111
1.584960 298 36 45 111
1.586960 298 36 45 111
1.588960 298 36 45 111
1.590960 298 36 45 111
1.592960 298 36 45 111
1.594960 298 36 45 111
1.596960 298 36 45 111
1.598960 298 36 45 111
1.600960 298 36 45 111
1.602960 298 36 45 111
1.604960 298 36 45 111
1.606960 298 36 45 111
1.608960 298 36 45 111
1.610960 299 36 45 111
1.612960 299 36 45 111
1.614960 299 36 45 111
1.616960 299 36 44 111
1.618960 299 36 44 111
1.620960 299 36 44 111
1.622960 300 36 44 111
1.624960 300 36 44 111
1.626960 300 36 44 111
1.628960 300 36 44 111
1.630960 300 36 44 111
1.632960 301 36 43 110
1.634960 301 36 43 110
1.636960 301 36 43 110
1.638960 301 36 43 110
1.640960 301 36 43 110
1.642960 301 36 43 110
1.644960 301 36 43 110
1.646960 301 36 43 110
1.648960 301 36 43 110
1.650960 301 36 43 110
1.652960 301 36 43 110
1.654960 301 36 43 110
1.656960 301 36 43 110
1.658960 301 36 43 110
1.660960 301 36 43 110
1.662960 301 36 43 110
1.664960 301 36 43 110
1.666960 302 36 43 110
1.668960 302 36 43 110
1.670960 302 36 43 110
1.672960 302 36 43 110
1.674960 302 36 43 110
1.676960 302 36 43 110
1.678960 302 36 43 110
1.680960 302 36 43 110
1.682960 302 36 43 110
1.684960 302 36 43 110
1.686960 302 36 43 110
1.688960 302 36 43 110
1.690960 302 36 43 110
1.692960 302 36 43 110
1.694960 302 36 43 110
1.696960 302 36 43 110
1.698960 302 36 43 110
1.700960 302 37 42 110
1.702960 302 37 42 110
1.704960 302 37 42 110
1.706960 302 37 42 110
1.708960 303 37 41 110
1.710960 303 37 41 109
1.712960 303 37 41 109
1.714960 303 37 41 109
1.716960 304 37 40 109
1.718960 304 37 40 109
1.720960 304 37 40 109
1.722960 304 37 40 108
1.724960 305 37 39 108
1.726960 305 37 39 108
1.728960 305 37 39 108
1.730960 305 37 39 108
1.732960 305 38 38 108
1.734960 305 38 38 108
1.736960 305 38 38 108
1.738960 305 38 38 108
1.740960 305 38 38 108
1.742960 305 38 38 108
1.744960 305 38 38 108
1.746960 305 38 38 108
1.748960 305 38 38 108
1.750960 304 38 37 108
1.752960 304 38 37 108
1.754960 304 38 37 108
1.756960 304 38 37 108
1.758960 304 38 37 108
1.760960 304 38 37 108
1.762960 304 38 37 108
1.764960 304 38 37 108
1.766960 304 38 36 108
1.768960 304 38 36 108
1.770960 304 38 36 108
1.772960 304 38 36 108
1.774960 304 38 36 108
1.776960 304 38 36 108
1.778960 304 38 36 108
1.780960 304 38 36 108
1.782960 304 38 36 108
1.784960 304 38 36 108
1.786960 304 38 36 108
1.788960 304 38 36 108
1.790960 304 38 36 108
1.792960 304 38 36 108
1.794960 304 38 36 108
1.796960 304 38 36 108
1.798960 304 38 36 108
1.800960 304 38 36 107
1.802960 304 38 36 107
1.804960 304 38 36 107
1.806960 304 38 36 107
1.808960 304 38 36 107
1.810960 304 38 36 107
1.812960 304 38 36 107
1.814960 304 38 36 107
1.816960 304 38 36 107
1.818960 304 38 36 107
1.820960 304 38 36 107
1.822960 304 38 36 107
1.824960 304 38 36 107
1.826960 304 38 36 107
1.828960 304 38 36 107
1.830960 304 38 36 107
1.832960 303 38 37 107
1.834960 303 38 37 107
1.836960 303 38 37 107
1.838960 303 38 37 107
1.840960 303 38 37 107
1.842960 303 38 37 107
1.844960 303 38 37 107
1.846960 303 38 37 107
1.848960 303 38 37 107
1.850960 302 38 37 108
1.852960 302 38 37 108
1.854960 302 38 37 108
1.856960 302 38 37 108
1.858960 302 38 37 108
1.860960 302 38 37 108
1.862960 302 38 37 108
1.864960 302 38 37 108
1.866960 301 38 38 108
1.868960 301 38 38 108
1.870960 301 38 38 108
1.872960 301 38 38 108
1.874960 301 38 39 108
1.876960 301 38 39 108
1.878960 300 38 39 108
1.880960 300 38 39 108
1.882960 300 38 40 107
1.884960 300 38 40 107
1.886960 300 38 40 107
1.888960 299 38 40 107
1.890960 299 38 40 107
1.892960 299 38 41 107
1.894960 299 38 41 107
1.896960 299 38 41 107
1.898960 299 38 41 107
1.900960 298 38 42 107
1.902960 298 38 42 107
1.904960 298 38 42 107
1.906960 298 38 42 107
1.908960 298 38 42 107
1.910960 298 38 42 107
1.912960 298 38 42 107
1.914960 298 38 42 107
1.916960 298 38 42 107
1.918960 298 38 42 107
1.920960 298 38 42 107
1.922960 298 38 42 107
1.924960 298 38 42 107
1.926960 298 38 42 107
1.928960 298 38 42 107
1.930960 298 38 42 107
1.932960 297 38 42 107
1.934960 297 38 42 107
1.936960 297 38 42 107
1.938960 297 38 42 107
1.940960 297 38 42 107
1.942960 297 38 42 107
1.944960 297 38 42 107
1.946960 297 38 42 107
1.948960 297 38 42 107
1.950960 296 38 42 107
1.952960 296 38 42 107
1.954960 296 38 42 107
1.956960 296 38 42 107
1.958960 296 38 42 107
1.960960 296 38 42 107
1.962960 296 38 42 107
1.964960 296 38 42 107
1.966960 296 37 43 107
1.968960 296 37 43 107
1.970960 296 37 43 107
1.972960 296 37 43 107
1.974960 296 37 43 107
1.976960 296 37 43 107
1.978960 296 37 43 107
1.980960 296 37 43 107
1.982960 296 37 43 108
1.984960 296 37 43 108
1.986960 296 37 43 108
1.988960 296 37 43 108
1.990960 296 37 43 108
1.992960 296 37 43 108
1.994960 296 37 43 108
1.996960 296 37 43 108
1.998960 296 37 43 108
2.000960 295 37 43 109
2.002960 295 37 43 109
2.004960 295 37 43 109
2.006960 295 37 43 109
2.008960 295 37 43 109
2.010960 295 37 43 109
2.012960 295 37 43 109
2.014960 295 37 43 109
2.016960 295 37 43 109
2.018960 295 37 43 109
2.020960 295 37 43 109
2.022960 295 37 43 109
2.024960 295 37 43 109
2.026960 295 37 43 109
2.028960 295 37 43 109
2.030960 295 37 43 109
2.032960 294 37 44 109
2.034960 294 37 44 109
2.036960 294 37 44 109
2.038960 294 37 44 109
2.040960 294 37 44 109
2.042960 294 37 44 109
2.044960 294 37 44 109
2.046960 294 37 44 109
2.048960 294 37 44 109
2.050960 294 37 44 109
2.052960 294 37 44 109
2.054960 294 37 44 109
2.056960 294 37 44 109
2.058960 294 37 44 109
2.060960 294 37 44 109
2.062960 294 37 44 109
2.064960 294 37 44 109
2.066960 294 36 44 109
2.068960 294 36 44 109
2.070960 294 36 44 109
2.072960 294 36 44 109
2.074960 294 36 44 109
2.076960 294 36 44 109
2.078960 294 36 44 109
2.080960 294 36 44 109
2.082960 294 36 44 109
2.084960 294 36 44 109
2.086960 294 36 44 109
2.088960 294 36 44 109
2.090960 294 36 44 109
2.092960 294 36 44 109
2.094960 294 36 44 109
2.096960 294 36 44 109
2.098960 294 36 44 109
2.100960 294 36 44 108
2.102960 294 36 44 108
2.104960 294 36 44 108
2.106960 294 36 44 108
2.108960 294 36 44 108
2.110960 294 36 44 108
2.112960 294 36 44 108
2.114960 294 36 44 108
2.116960 294 36 45 108
2.118960 294 36 45 108
2.120960 294 36 45 108
2.122960 294 36 45 108
2.124960 294 36 45 108
2.126960 294 36 45 108
2.128960 294 36 45 108
2.130960 294 36 45 108
2.132960 293 37 45 108
2.134960 293 37 45 108
2.136960 293 37 45 108
2.138960 293 37 45 108
2.140960 293 37 45 108
2.142960 293 37 45 108
2.144960 293 37 45 108
2.146960 293 37 45 108
2.148960 293 37 45 108
2.150960 293 37 45 108
2.152960 293 37 45 108
2.154960 293 37 45 108
2.156960 293 37 45 108
2.158960 293 37 45 108
2.160960 293 37 45 108
2.162960 293 37 45 108
2.164960 293 37 45 108
2.166960 292 37 45 109
2.168960 292 37 45 109
2.170960 292 37 45 109
2.172960 292 37 45 109
2.174960 292 37 45 109
2.176960 292 37 45 109
2.178960 292 37 45 109
2.180960 292 37 45 109
2.182960 292 37 45 109
2.184960 292 37 45 109
2.186960 292 37 45 109
2.188960 292 37 45 109
2.190960 292 37 45 109
2.192960 292 37 45 109
2.194960 292 37 45 109
2.196960 292 37 45 109
2.198960 292 37 45 109
2.200960 292 37 45 109
2.202960 292 37 45 109
2.204960 292 37 45 109
2.206960 292 37 45 109
2.208960 292 37 45 109
2.210960 292 37 45 109
2.212960 292 37 45 109
2.214960 292 37 45 109
2.216960 292 37 45 109
2.218960 292 37 45 109
2.220960 292 37 45 109
2.222960 292 37 45 109
2.224960 292 37 45 109
2.226960 292 37 45 109
2.228960 292 37 45 109
2.230960 292 37 45 109
2.232960 293 36 44 109
2.234960 293 36 44 109
2.236960 293 36 44 109
2.238960 293 36 44 109
2.240960 293 36 44 109
2.242960 293 36 44 109
2.244960 293 36 44 110
2.246960 293 36 44 110
2.248960 293 36 44 110
2.250960 293 36 43 110
2.252960 293 36 43 110
2.254960 293 36 43 110
2.256960 293 36 43 111
2.258960 293 36 43 111
2.260960 293 36 43 111
2.262960 293 36 43 111
2.264960 293 36 43 111
2.266960 292 36 43 112
2.268960 292 36 43 112
2.270960 292 36 43 112
2.272960 292 36 43 112
2.274960 292 36 43 112
2.276960 292 36 43 112
2.278960 292 36 43 112
2.280960 292 36 43 112
2.282960 292 36 43 112
2.284960 292 36 43 112
2.286960 292 36 43 112
2.288960 292 36 43 112
2.290960 292 36 43 112
2.292960 292 36 43 112
2.294960 292 36 43 112
2.296960 292 36 43 112
2.298960 292 36 43 112
2.300960 292 36 43 112
2.302960 292 36 43 112
2.304960 292 36 43 112
2.306960 292 36 43 112
2.308960 292 36 43 112
2.310960 292 36 43 112
2.312960 292 36 43 112
2.314960 292 36 43 112
2.316960 292 36 43 112
2.318960 292 36 43 112
2.320960 292 36 43 112
2.322960 292 36 43 112
2.324960 292 36 43 112
2.326960 292 36 43 112
2.328960 292 36 43 112
2.330960 292 36 43 112
2.332960 292 36 43 112
2.334960 292 36 43 112
2.336960 292 36 43 112
2.338960 292 36 43 112
2.340960 292 36 43 112
2.342960 292 36 43 112
2.344960 292 36 43 112
2.346960 292 36 43 112
2.348960 292 36 43 112
2.350960 292 36 43 112
2.352960 292 36 43 112
2.354960 292 36 43 112
2.356960 292 36 43 112
2.358960 292 36 43 112
2.360960 292 36 43 112
2.362960 292 36 43 112
2.364960 292 36 43 112
2.366960 291 36 43 113
2.368960 291 36 43 113
2.370960 291 36 43 113
2.372960 291 36 43 113
2.374960 291 36 43 113
2.376960 291 36 43 113
2.378960 291 36 43 113
2.380960 291 36 43 113
2.382960 291 36 43 113
2.384960 291 36 43 113
2.386960 291 36 43 113
2.388960 291 36 43 113
2.390960 291 36 43 113
2.392960 291 36 43 113
2.394960 291 36 43 113
2.396960 291 36 43 113
2.398960 291 36 43 113
2.400960 290 36 43 113
2.402960 290 36 43 113
2.404960 290 36 43 113
2.406960 290 36 43 113
2.408960 290 36 43 113
2.410960 290 36 43 113
2.412960 290 36 43 113
2.414960 290 36 43 113
2.416960 290 36 43 113
2.418960 290 36 43 113
2.420960 290 36 43 113
2.422960 290 36 43 113
2.424960 290 36 43 113
2.426960 290 36 43 113
2.428960 290 36 43 113
2.430960 290 36 43 113
2.432960 289 35 42 113
2.434960 289 35 42 113
2.436960 289 35 42 113
2.438960 289 35 42 113
2.440960 289 35 42 113
2.442960 289 35 42 113
2.444960 289 35 42 113
2.446960 289 35 42 113
2.448960 289 35 42 113
2.450960 289 35 42 113
2.452960 289 35 42 113
2.454960 289 35 42 113
2.456960 289 35 42 113
2.458960 289 35 42 113
2.460960 289 35 42 113
2.462960 289 35 42 113
2.464960 289 35 42 113
2.466960 289 34 42 114
2.468960 289 34 42 114
2.470960 289 34 42 114
2.472960 289 34 42 114
2.474960 289 34 42 114
2.476960 289 34 42 114
2.478960 289 34 42 114
2.480960 289 34 42 114
2.482960 289 34 42 114
2.484960 289 34 42 114
2.486960 289 34 42 114
2.488960 289 34 42 114
2.490960 289 34 42 114
2.492960 289 34 42 114
2.494960 289 34 42 114
2.496960 289 34 42 114
2.498960 289 34 42 114
2.500960 288 34 41 115
2.502960 288 34 41 115
2.504960 288 34 41 115
2.506960 288 34 41 115
2.508960 288 34 41 115
2.510960 288 34 41 115
2.512960 288 34 41 115
2.514960 288 34 41 115
2.516960 288 34 41 115
2.518960 288 34 41 115
2.520960 288 34 41 115
2.522960 288 34 41 115
2.524960 288 34 41 115
2.526960 288 34 41 115
2.528960 288 34 41 115
2.530960 288 34 41 115
2.532960 287 33 41 115
2.534960 287 33 41 115
2.536960 287 33 41 115
2.538960 287 33 41 115
2.540960 287 33 41 115
2.542960 287 33 41 115
2.544960 287 33 41 115
2.546960 287 33 41 115
2.548960 287 33 41 115
2.550960 287 33 41 116
2.552960 287 33 41 116
2.554960 287 33 41 116
2.556960 287 33 41 116
2.558960 287 33 41 116
2.560960 287 33 41 116
2.562960 287 33 41 116
2.564960 287 33 41 116
2.566960 286 32 41 116
2.568960 286 32 41 116
2.570960 286 32 41 116
2.572960 286 32 41 116
2.574960 286 32 41 116
2.576960 286 32 41 116
2.578960 286 32 41 116
2.580960 286 32 41 116
2.582960 285 32 41 116
2.584960 285 32 41 116
2.586960 285 32 41 116
2.588960 285 32 41 116
2.590960 285 32 41 116
2.592960 285 32 41 116
2.594960 285 32 41 116
2.596960 285 32 41 116
2.598960 285 32 41 116
2.600960 284 32 40 115
2.602960 284 32 40 115
2.604960 284 32 40 115
2.606960 284 32 40 115
2.608960 284 32 40 115
2.610960 284 32 40 115
2.612960 284 32 40 115
2.614960 284 32 40 115
2.616960 283 32 40 115
2.618960 283 32 40 115
2.620960 283 32 40 115
2.622960 283 32 40 115
2.624960 283 32 40 115
2.626960 283 32 40 115
2.628960 283 32 40 115
2.630960 283 32 40 115
2.632960 283 32 39 114
2.634960 283 32 39 114
2.636960 283 32 39 114
2.638960 283 32 39 114
2.640960 283 32 39 114
2.642960 283 32 39 114
2.644960 283 32 39 113
2.646960 283 32 39 113
2.648960 283 32 39 113
2.650960 283 32 39 113
2.652960 283 32 39 113
2.654960 283 32 39 113
2.656960 283 32 39 112
2.658960 283 32 39 112
2.660960 283 32 39 112
2.662960 283 32 39 112
2.664960 283 32 39 112
2.666960 283 33 39 112
2.668960 283 33 39 112
2.670960 283 33 39 112
2.672960 283 33 39 112
2.674960 283 33 39 112
2.676960 283 33 39 112
2.678960 282 33 39 112
2.680960 282 33 39 112
2.682960 282 33 39 112
2.684960 282 33 39 112
2.686960 282 33 39 112
2.688960 281 33 39 112
2.690960 281 33 39 112
2.692960 281 33 39 112
2.694960 281 33 39 112
2.696960 281 33 39 112
2.698960 281 33 39 112
2.700960 280 33 40 112
2.702960 280 33 40 112
2.704960 280 33 40 112
2.706960 280 33 40 112
2.708960 280 33 40 112
2.710960 280 33 40 112
2.712960 280 33 40 112
2.714960 280 33 40 112
2.716960 280 33 41 112
2.718960 280 33 41 112
2.720960 280 33 41 112
2.722960 280 33 41 112
2.724960 280 33 41 112
2.726960 280 33 41 112
2.728960 280 33 41 112
2.730960 280 33 41 112
2.732960 279 33 42 112
2.734960 279 33 42 112
2.736960 279 33 42 112
2.738960 279 33 42 112
2.740960 279 33 42 112
2.742960 279 33 42 112
2.744960 279 33 43 112
2.746960 279 33 43 112
2.748960 279 33 43 112
2.750960 279 34 43 111
2.752960 279 34 43 111
2.754960 279 34 43 111
2.756960 279 34 44 111
2.758960 279 34 44 111
2.760960 279 34 44 111
2.762960 279 34 44 111
2.764960 279 34 44 111
2.766960 278 34 45 111
2.768960 278 34 45 111
2.770960 278 34 45 111
2.772960 278 34 45 111
2.774960 278 34 45 111
2.776960 278 34 45 111
2.778960 278 34 45 111
2.780960 278 34 45 111
2.782960 278 34 45 111
2.784960 278 34 45 111
2.786960 278 34 45 111
2.788960 278 34 45 111
2.790960 278 34 45 111
2.792960 278 34 45 111
2.794960 278 34 45 111
2.796960 278 34 45 111
2.798960 278 34 45 111
2.800960 277 34 45 111
2.802960 277 34 45 111
2.804960 277 34 45 111
2.806960 276 34 45 111
2.808960 276 34 45 111
2.810960 275 34 45 111
2.812960 275 34 45 111
2.814960 275 34 45 111
2.816960 274 34 46 111
2.818960 274 34 46 111
2.820960 274 34 46 111
2.822960 273 34 46 111
2.824960 273 34 46 111
2.826960 273 34 46 111
2.828960 272 34 46 111
2.830960 272 34 46 111
2.832960 271 35 47 111
2.834960 271 35 47 111
2.836960 271 35 47 111
2.838960 271 35 47 111
2.840960 271 35 47 111
2.842960 271 35 47 111
2.844960 271 35 47 111
2.846960 271 35 47 111
2.848960 271 35 47 111
2.850960 270 35 48 111
2.852960 270 35 48 111
2.854960 270 35 48 111
2.856960 270 35 48 111
2.858960 270 35 48 111
2.860960 270 35 48 111
2.862960 270 35 48 111
2.864960 270 35 48 111
2.866960 269 36 49 111
2.868960 269 36 49 111
2.870960 268 36 49 111
2.872960 268 36 50 111
2.874960 267 36 50 111
2.876960 267 36 51 111
2.878960 266 36 51 111
2.880960 266 36 52 111
2.882960 265 36 52 111
2.884960 265 36 52 111
2.886960 265 36 53 111
2.888960 264 36 53 111
2.890960 264 36 54 111
2.892960 263 36 54 111
2.894960 263 36 55 111
2.896960 262 36 55 111
2.898960 262 36 55 111
2.900960 262 36 55 111
2.902960 262 36 55 111
2.904960 262 36 55 111
2.906960 262 36 55 111
2.908960 262 36 55 111
2.910960 262 35 55 111
2.912960 262 35 55 111
2.914960 262 35 55 111
2.916960 262 35 54 112
2.918960 262 35 54 112
2.920960 262 35 54 112
2.922960 262 34 54 112
2.924960 262 34 54 112
2.926960 262 34 54 112
2.928960 262 34 54 112
2.930960 262 34 54 112
2.932960 261 34 53 112
2.934960 261 34 53 112
2.936960 261 34 53 112
2.938960 261 34 53 112
2.940960 261 34 53 112
2.942960 261 34 53 112
2.944960 261 34 53 112
2.946960 261 34 53 112
2.948960 261 34 53 112
2.950960 261 34 53 112
2.952960 261 34 53 112
2.954960 261 34 53 112
2.956960 261 34 53 112
2.958960 261 34 53 112
2.960960 261 34 53 112
2.962960 261 34 53 112
2.964960 261 34 53 112
2.966960 260 35 53 112
2.968960 260 35 53 112
2.970960 260 35 53 112
2.972960 260 35 53 112
2.974960 260 35 53 112
2.976960 260 35 53 112
2.978960 260 35 53 112
2.980960 260 35 53 112
2.982960 259 35 53 112
2.984960 259 35 53 112
2.986960 259 35 53 112
2.988960 259 35 53 112
2.990960 259 35 53 112
2.992960 259 35 53 112
2.994960 259 35 53 112
2.996960 259 35 53 112
2.998960 259 35 53 112
3.000960 259 35 53 112
3.002960 259 35 53 112
3.004960 259 35 53 112
3.006960 259 35 53 112
3.008960 259 35 53 112
3.010960 259 35 53 112
3.012960 259 35 53 112
3.014960 259 35 53 112
3.016960 259 35 53 111
3.018960 259 35 53 111
3.020960 259 35 53 111
3.022960 259 35 53 111
3.024960 259 35 53 111
3.026960 259 35 53 111
3.028960 259 35 53 111
3.030960 259 35 53 111
3.032960 258 35 52 111
3.034960 258 35 52 111
3.036960 258 35 52 111
3.038960 258 35 52 111
3.040960 258 35 52 111
3.042960 258 35 52 111
3.044960 258 35 52 111
3.046960 258 35 52 111
3.048960 258 35 52 111
3.050960 258 35 52 112
3.052960 258 35 52 112
3.054960 258 35 52 112
3.056960 258 35 52 112
3.058960 258 35 52 112
3.060960 258 35 52 112
3.062960 258 35 52 112
3.064960 258 35 52 112
3.066960 258 35 52 113
3.068960 258 35 52 113
3.070960 258 35 52 113
3.072960 258 35 52 113
3.074960 258 35 52 113
3.076960 258 35 52 113
3.078960 258 35 52 113
3.080960 258 35 52 113
3.082960 258 35 52 113
3.084960 258 35 52 113
3.086960 258 35 52 113
3.088960 258 35 52 113
3.090960 258 35 52 113
3.092960 258 35 52 113
3.094960 258 35 52 113
3.096960 258 35 52 113
3.098960 258 35 52 113
3.100960 259 35 51 113
3.102960 259 35 51 113
3.104960 259 35 51 113
3.106960 259 35 50 113
3.108960 259 35 50 113
3.110960 259 35 49 113
3.112960 259 35 49 113
3.114960 259 35 49 113
3.116960 259 35 48 113
3.118960 259 35 48 113
3.120960 259 35 48 113
3.122960 259 35 47 113
3.124960 259 35 47 113
3.126960 259 35 47 113
3.128960 259 35 46 113
3.130960 259 35 46 113
3.132960 259 34 46 113
3.134960 259 34 46 113
3.136960 259 34 46 113
3.138960 259 34 46 113
3.140960 259 34 46 113
3.142960 259 34 46 113
3.144960 258 34 46 113
3.146960 258 34 46 113
3.148960 258 34 46 113
3.150960 258 34 47 113
3.152960 258 34 47 113
3.154960 258 34 47 113
3.156960 257 34 47 113
3.158960 257 34 47 113
3.160960 257 34 47 113
3.162960 257 34 47 113
3.164960 257 34 47 113
3.166960 257 34 47 113
3.168960 257 34 47 113
3.170960 257 34 47 113
3.172960 257 34 47 113
3.174960 257 34 47 113
3.176960 257 34 47 113
3.178960 257 34 47 113
3.180960 257 34 47 113
3.182960 257 34 46 113
3.184960 257 34 46 113
3.186960 257 34 46 113
3.188960 257 34 46 113
3.190960 257 34 46 113
3.192960 257 34 46 113
3.194960 257 34 46 113
3.196960 257 34 46 113
3.198960 257 34 46 113
3.200960 258 34 45 113
3.202960 258 34 45 113
3.204960 258 34 45 113
3.206960 258 34 45 113
3.208960 258 34 44 113
3.210960 258 34 44 113
3.212960 258 34 44 113
3.214960 258 34 44 113
3.216960 258 34 43 113
3.218960 258 34 43 113
3.220960 258 34 43 113
3.222960 258 34 43 113
3.224960 258 34 42 113
3.226960 258 34 42 113
3.228960 258 34 42 113
3.230960 258 34 42 113
3.232960 259 33 42 113
3.234960 259 33 42 113
3.236960 259 33 42 113
3.238960 259 33 42 113
3.240960 259 33 42 113
3.242960 259 33 42 113
3.244960 259 33 42 114
3.246960 259 33 42 114
3.248960 259 33 42 114
3.250960 259 32 42 114
3.252960 259 32 42 114
3.254960 259 32 42 114
3.256960 259 32 42 115
3.258960 259 32 42 115
3.260960 259 32 42 115
3.262960 259 32 42 115
3.264960 259 32 42 115
3.266960 258 32 42 116
3.268960 258 32 42 116
3.270960 258 32 42 116
3.272960 258 32 42 116
3.274960 257 32 42 116
3.276960 257 32 42 116
3.278960 257 32 42 116
3.280960 257 32 42 116
3.282960 256 33 42 116
3.284960 256 33 42 116
3.286960 256 33 42 116
3.288960 256 33 42 116
3.290960 256 33 42 116
3.292960 255 33 42 116
3.294960 255 33 42 116
3.296960 255 33 42 116
3.298960 255 33 42 116
3.300960 255 33 41 115
3.302960 255 33 41 115
3.304960 255 33 40 115
3.306960 255 33 40 115
3.308960 255 33 39 115
3.310960 255 33 39 115
3.312960 255 33 38 115
3.314960 255 33 38 115
3.316960 256 32 37 115
3.318960 256 32 37 115
3.320960 256 32 36 115
3.322960 256 32 36 115
3.324960 256 32 35 115
3.326960 256 32 35 115
3.328960 256 32 34 115
3.330960 256 32 34 115
3.332960 256 32 34 115
3.334960 256 32 34 115
3.336960 256 32 34 115
3.338960 256 32 34 115
3.340960 256 32 34 115
3.342960 256 32 34 115
3.344960 255 32 34 115
3.346960 255 32 34 115
3.348960 255 32 34 115
3.350960 255 33 34 115
3.352960 255 33 34 115
3.354960 255 33 34 115
3.356960 254 33 34 115
3.358960 254 33 34 115
3.360960 254 33 34 115
3.362960 254 33 34 115
3.364960 254 33 34 115
3.366960 253 34 33 115
3.368960 253 34 33 115
3.370960 253 34 33 115
3.372960 253 34 33 115
3.374960 253 34 32 115
3.376960 253 34 32 115
3.378960 253 34 32 115
3.380960 253 34 32 115
3.382960 253 34 31 115
3.384960 253 34 31 115
3.386960 253 34 31 115
3.388960 253 34 31 115
3.390960 253 34 31 115
3.392960 253 34 30 115
3.394960 253 34 30 115
3.396960 253 34 30 115
3.398960 253 34 30 115
3.400960 252 33 29 115
3.402960 252 33 29 115
3.404960 252 33 29 115
3.406960 252 33 29 115
3.408960 252 33 29 115
3.410960 252 33 28 115
3.412960 252 33 28 115
3.414960 252 33 28 115
3.416960 252 33 28 115
3.418960 252 33 28 115
3.420960 252 33 28 115
3.422960 252 33 27 115
3.424960 252 33 27 115
3.426960 252 33 27 115
3.428960 252 33 27 115
3.430960 252 33 27 115
3.432960 251 33 27 115
3.434960 251 33 27 115
3.436960 251 33 27 115
3.438960 251 33 27 115
3.440960 251 33 27 115
3.442960 251 33 27 115
3.444960 251 33 27 115
3.446960 251 33 27 115
3.448960 251 33 27 115
3.450960 251 33 27 115
3.452960 251 33 27 115
3.454960 251 33 27 115
3.456960 251 33 27 115
3.458960 251 33 27 115
3.460960 251 33 27 115
3.462960 251 33 27 115
3.464960 251 33 27 115
3.466960 250 34 27 114
3.468960 250 34 27 114
3.470960 250 34 27 114
3.472960 250 34 27 114
3.474960 250 34 27 114
3.476960 250 34 27 114
3.478960 250 34 27 114
3.480960 250 34 27 114
3.482960 250 34 27 114
3.484960 250 34 27 114
3.486960 250 34 27 114
3.488960 250 34 27 114
3.490960 250 34 27 114
3.492960 250 34 27 114
3.494960 250 34 27 114
3.496960 250 34 27 114
3.498960 250 34 27 114
3.500960 249 33 27 114
3.502960 249 33 27 114
3.504960 249 33 27 114
3.506960 249 33 27 114
3.508960 248 33 28 114
3.510960 248 33 28 114
3.512960 248 33 28 114
3.514960 248 33 28 114
3.516960 247 33 29 114
3.518960 247 33 29 114
3.520960 247 33 29 114
3.522960 247 33 29 114
3.524960 246 33 30 114
3.526960 246 33 30 114
3.528960 246 33 30 114
3.530960 246 33 30 114
3.532960 245 33 31 113
3.534960 245 33 31 113
3.536960 244 33 32 113
3.538960 244 33 32 113
3.540960 243 33 33 113
3.542960 242 33 34 113
3.544960 242 33 34 113
3.546960 241 33 35 113
3.548960 241 33 36 113
3.550960 240 33 36 113
3.552960 239 33 37 113
3.554960 239 33 38 113
3.556960 238 33 38 113
3.558960 238 33 39 113
3.560960 237 33 40 113
3.562960 236 33 40 113
3.564960 236 33 41 113
3.566960 235 34 42 113
3.568960 235 34 42 113
3.570960 235 34 42 113
3.572960 234 34 43 113
3.574960 234 34 43 113
3.576960 234 34 43 113
3.578960 233 34 43 113
3.580960 233 34 44 113
3.582960 232 34 44 114
3.584960 232 34 44 114
3.586960 232 34 45 114
3.588960 231 34 45 114
3.590960 231 34 45 114
3.592960 231 34 46 114
3.594960 230 34 46 114
3.596960 230 34 46 114
3.598960 230 34 46 114
3.600960 230 34 46 114
3.602960 230 34 46 114
3.604960 230 34 46 114
3.606960 230 34 46 114
3.608960 230 34 46 114
3.610960 230 34 46 114
3.612960 230 34 46 114
3.614960 230 34 46 114
3.616960 230 34 45 113
3.618960 230 34 45 113
3.620960 230 34 45 113
3.622960 230 34 45 113
3.624960 230 34 45 113
3.626960 230 34 45 113
3.628960 230 34 45 113
3.630960 230 34 45 113
