0.037336 298 40 48 160
0.039336 297 39 48 160
0.041336 297 39 48 160
0.043336 297 39 48 160
0.045336 297 39 48 160
0.047336 297 39 48 160
0.049336 297 39 48 161
0.051336 297 39 48 161
0.053336 297 39 48 161
0.055336 297 39 48 161
0.057336 297 39 48 161
0.059336 297 39 48 161
0.061336 296 39 48 162
0.063336 296 39 48 162
0.065336 296 39 48 162
0.067336 296 39 48 162
0.069336 296 39 48 162
0.071336 296 39 48 162
0.073336 296 39 48 163
0.075336 296 39 48 163
0.077336 296 39 48 163
0.079336 296 39 48 163
0.081336 296 39 48 163
0.083336 296 39 48 163
0.085336 295 38 49 164
0.087336 295 38 49 164
0.089336 295 38 49 164
0.091336 295 38 49 164
0.093336 295 38 49 164
0.095336 295 38 49 164
0.097336 295 38 49 164
0.099336 295 38 49 164
0.101336 294 38 49 164
0.103336 294 38 49 164
0.105336 294 38 49 164
0.107336 294 38 49 164
0.109336 294 38 50 164
0.111336 294 38 50 164
0.113336 294 38 50 164
0.115336 294 38 50 164
0.117336 293 38 50 164
0.119336 293 38 50 164
0.121336 293 38 50 164
0.123336 293 38 50 164
0.125336 293 38 50 164
0.127336 293 38 50 164
0.129336 293 38 50 164
0.131336 293 38 50 164
0.133336 292 37 51 163
0.135336 292 37 51 163
0.137336 292 37 51 163
0.139336 292 37 51 163
0.141336 292 37 51 163
0.143336 292 37 51 163
0.145336 292 37 51 163
0.147336 292 37 51 163
0.149336 292 37 51 163
0.151336 292 37 51 163
0.153336 292 37 51 163
0.155336 292 37 51 163
0.157336 291 37 52 163
0.159336 291 37 52 163
0.161336 291 37 52 163
0.163336 291 37 52 163
0.165336 291 37 52 163
0.167336 291 37 52 163
0.169336 291 37 52 163
0.171336 291 37 52 163
0.173336 291 37 52 163
0.175336 291 37 52 163
0.177336 291 37 52 163
0.179336 290 37 53 162
0.181336 290 37 53 162
0.183336 290 37 53 162
0.185336 290 37 53 162
0.187336 290 37 53 162
0.189336 290 37 53 162
0.191336 289 37 53 162
0.193336 289 37 53 162
0.195336 289 37 53 162
0.197336 289 37 53 162
0.199336 289 37 53 162
0.201336 289 37 53 162
0.203336 288 37 53 162
0.205336 288 37 53 162
0.207336 288 37 53 162
0.209336 288 37 53 162
0.211336 288 37 53 162
0.213336 288 37 53 162
0.215336 287 37 53 162
0.217336 287 37 53 162
0.219336 287 37 53 162
0.221336 287 37 53 162
0.223336 287 37 53 162
0.225336 287 37 53 162
0.227336 286 36 52 161
0.229336 286 36 52 161
0.231336 286 36 52 161
0.233336 286 36 52 161
0.235336 286 36 52 161
0.237336 286 36 52 161
0.239336 286 36 52 161
0.241336 286 36 52 161
0.243336 285 36 52 161
0.245336 285 36 52 161
0.247336 285 36 52 161
0.249336 285 36 52 161
0.251336 285 36 52 161
0.253336 285 36 52 161
0.255336 285 36 52 161
0.257336 285 36 52 161
0.259336 284 36 52 161
0.261336 284 36 52 161
0.263336 284 36 52 161
0.265336 284 36 52 161
0.267336 284 36 52 161
0.269336 284 36 52 161
0.271336 284 36 52 161
0.273336 284 36 52 161
0.275336 283 35 51 161
0.277336 283 35 51 161
0.279336 283 35 51 161
0.281336 283 35 51 161
0.283336 282 35 51 161
0.285336 282 35 51 161
0.287336 282 35 51 161
0.289336 282 35 51 161
0.291336 282 35 51 161
0.293336 281 35 51 161
0.295336 281 35 51 161
0.297336 281 35 51 161
0.299336 281 35 51 161
0.301336 281 35 51 161
0.303336 280 35 51 161
0.305336 280 35 51 161
0.307336 280 35 51 161
0.309336 280 35 51 161
0.311336 279 35 51 161
0.313336 279 35 51 161
0.315336 279 35 51 161
0.317336 279 35 51 161
0.319336 279 35 51 161
0.321336 278 34 50 162
0.323336 278 34 50 162
0.325336 278 34 50 162
0.327336 278 34 50 162
0.329336 278 34 50 162
0.331336 278 34 50 162
0.333336 278 34 50 163
0.335336 278 34 50 163
0.337336 278 33 49 163
0.339336 278 33 49 163
0.341336 278 33 49 163
0.343336 278 33 49 163
0.345336 277 33 49 164
0.347336 277 33 49 164
0.349336 277 33 49 164
0.351336 277 33 49 164
0.353336 277 32 48 164
0.355336 277 32 48 164
0.357336 277 32 48 165
0.359336 277 32 48 165
0.361336 277 32 48 165
0.363336 277 32 48 165
0.365336 277 32 48 165
0.367336 277 32 48 165
0.369336 276 31 48 166
0.371336 276 31 48 166
0.373336 275 31 48 167
0.375336 275 31 48 167
0.377336 275 31 49 168
0.379336 274 31 49 168
0.381336 274 30 49 169
0.383336 274 30 49 169
0.385336 273 30 49 170
0.387336 273 30 50 170
0.389336 272 30 50 171
0.391336 272 30 50 171
0.393336 272 29 50 171
0.395336 271 29 50 172
0.397336 271 29 51 172
0.399336 270 29 51 173
0.401336 270 29 51 173
0.403336 270 28 51 174
0.405336 269 28 51 174
0.407336 269 28 52 175
0.409336 269 28 52 175
0.411336 268 28 52 176
0.413336 268 28 52 176
0.415336 267 28 53 176
0.417336 267 28 53 176
0.419336 267 28 53 176
0.421336 267 28 53 176
0.423336 266 29 53 176
0.425336 266 29 53 176
0.427336 266 29 53 176
0.429336 266 29 53 176
0.431336 265 30 54 175
0.433336 265 30 54 175
0.435336 265 30 54 175
0.437336 265 30 54 175
0.439336 264 31 54 175
0.441336 264 31 54 175
0.443336 264 31 54 175
0.445336 264 31 54 175
0.447336 263 32 55 174
0.449336 263 32 55 174
0.451336 263 32 55 174
0.453336 263 32 55 174
0.455336 262 33 55 174
0.457336 262 33 55 174
0.459336 262 33 55 174
0.461336 262 33 55 174
0.463336 261 33 56 174
0.465336 261 33 56 174
0.467336 261 33 56 174
0.469336 261 33 56 174
0.471336 261 33 56 174
0.473336 260 33 56 174
0.475336 260 32 57 174
0.477336 260 32 57 174
0.479336 260 32 57 175
0.481336 259 32 57 175
0.483336 259 32 57 175
0.485336 259 32 57 175
0.487336 259 31 58 175
0.489336 259 31 58 175
0.491336 258 31 58 175
0.493336 258 31 58 175
0.495336 258 31 58 176
0.497336 258 31 58 176
0.499336 258 30 59 176
0.501336 257 30 59 176
0.503336 257 30 59 176
0.505336 257 30 59 176
0.507336 257 30 59 176
0.509336 257 30 59 176
0.511336 256 29 60 177
0.513336 255 29 61 177
0.515336 254 29 62 178
0.517336 253 28 62 178
0.519336 253 28 63 179
0.521336 252 27 64 180
0.523336 251 27 64 180
0.525336 250 27 65 181
0.527336 249 26 66 181
0.529336 249 26 67 182
0.531336 248 26 67 182
0.533336 247 25 68 183
0.535336 246 25 69 183
0.537336 245 25 70 184
0.539336 244 24 70 184
0.541336 244 24 71 185
0.543336 243 24 72 185
0.545336 242 23 72 186
0.547336 241 23 73 186
0.549336 240 23 74 187
0.551336 240 22 75 187
0.553336 239 22 75 188
0.555336 238 22 76 188
0.557336 237 21 77 189
0.559336 237 21 77 189
0.561336 237 21 77 189
0.563336 236 21 78 189
0.565336 236 21 78 189
0.567336 235 21 79 189
0.569336 235 21 79 189
0.571336 235 21 79 189
0.573336 234 21 80 189
0.575336 234 21 80 189
0.577336 234 21 80 189
0.579336 233 21 81 189
0.581336 233 20 81 189
0.583336 232 20 82 189
0.585336 232 20 82 189
0.587336 232 20 82 189
0.589336 231 20 83 189
0.591336 231 20 83 189
0.593336 231 20 83 189
0.595336 230 20 84 189
0.597336 230 20 84 189
0.599336 229 20 85 189
0.601336 229 20 85 189
0.603336 229 20 85 189
0.605336 228 20 86 189
0.607336 228 20 86 189
0.609336 228 20 86 189
0.611336 228 20 86 189
0.613336 228 20 86 189
0.615336 228 20 87 189
0.617336 228 20 87 189
0.619336 228 20 87 189
0.621336 228 20 87 189
0.623336 228 20 88 189
0.625336 228 20 88 189
0.627336 228 20 88 189
0.629336 227 20 88 188
0.631336 227 20 88 188
0.633336 227 20 89 188
0.635336 227 20 89 188
0.637336 227 20 89 188
0.639336 227 20 89 188
0.641336 227 20 89 188
0.643336 227 20 90 188
0.645336 227 20 90 188
0.647336 227 20 90 188
0.649336 227 20 90 188
0.651336 227 19 90 187
0.653336 227 19 90 187
0.655336 227 19 90 187
0.657336 227 19 90 187
0.659336 227 19 89 187
0.661336 227 19 89 187
0.663336 227 19 89 187
0.665336 227 19 88 187
0.667336 227 19 88 187
0.669336 227 19 88 187
0.671336 227 19 88 187
0.673336 227 19 87 187
0.675336 228 19 87 187
0.677336 228 19 87 187
0.679336 228 19 86 187
0.681336 228 19 86 187
0.683336 228 19 86 187
0.685336 228 19 85 187
0.687336 228 19 85 187
0.689336 228 19 85 187
0.691336 228 19 85 187
0.693336 228 19 84 187
0.695336 228 19 84 187
0.697336 228 19 84 187
0.699336 228 18 84 187
0.701336 228 18 84 187
0.703336 227 18 84 187
0.705336 227 18 85 187
0.707336 227 18 85 188
0.709336 226 18 85 188
0.711336 226 18 86 188
0.713336 225 18 86 188
0.715336 225 18 86 189
0.717336 224 18 87 189
0.719336 224 18 87 189
0.721336 224 18 87 189
0.723336 223 18 88 190
0.725336 223 18 88 190
0.727336 222 18 88 190
0.729336 222 18 89 190
0.731336 222 18 89 191
0.733336 221 18 89 191
0.735336 221 18 90 191
0.737336 220 18 90 191
0.739336 220 18 90 192
0.741336 219 18 91 192
0.743336 219 18 91 192
0.745336 219 18 91 192
0.747336 218 17 91 192
0.749336 218 17 91 192
0.751336 218 17 91 192
0.753336 218 17 91 192
0.755336 217 17 90 192
0.757336 217 17 90 192
0.759336 217 17 90 192
0.761336 217 16 90 192
0.763336 217 16 90 192
0.765336 216 16 89 192
0.767336 216 16 89 192
0.769336 216 16 89 192
0.771336 216 16 89 192
0.773336 216 16 89 192
0.775336 215 16 88 192
0.777336 215 15 88 192
0.779336 215 15 88 192
0.781336 215 15 88 192
0.783336 214 15 87 192
0.785336 214 15 87 192
0.787336 214 15 87 192
0.789336 214 15 87 192
0.791336 214 15 87 192
0.793336 213 15 86 192
0.795336 213 15 86 192
0.797336 213 15 86 192
0.799336 213 15 86 192
0.801336 212 15 86 192
0.803336 212 15 86 192
0.805336 212 15 86 192
0.807336 211 15 86 192
0.809336 211 15 85 192
0.811336 211 15 85 192
0.813336 210 15 85 192
0.815336 210 15 85 192
0.817336 210 15 85 193
0.819336 210 15 85 193
0.821336 209 15 85 193
0.823336 209 15 85 193
0.825336 209 15 84 193
0.827336 208 15 84 193
0.829336 208 15 84 193
0.831336 208 15 84 193
0.833336 207 15 84 193
0.835336 207 15 84 193
0.837336 207 15 84 193
0.839336 207 15 84 193
0.841336 206 14 84 194
0.843336 206 14 84 194
0.845336 205 14 84 194
0.847336 205 14 85 194
0.849336 205 14 85 194
0.851336 204 14 85 194
0.853336 204 14 86 194
0.855336 203 14 86 194
0.857336 203 14 86 195
0.859336 202 14 87 195
0.861336 202 14 87 195
0.863336 202 14 87 195
0.865336 201 14 88 195
0.867336 201 14 88 195
0.869336 200 14 88 195
0.871336 200 14 89 195
0.873336 199 14 89 196
0.875336 199 14 89 196
0.877336 199 14 90 196
0.879336 198 14 90 196
0.881336 198 14 91 196
0.883336 197 14 91 196
0.885336 197 14 91 196
0.887336 196 13 91 197
0.889336 196 13 91 197
0.891336 196 13 90 197
0.893336 196 13 90 197
0.895336 196 13 89 198
0.897336 195 13 88 198
0.899336 195 12 88 198
0.901336 195 12 87 198
0.903336 195 12 86 199
0.905336 195 12 86 199
0.907336 194 12 85 199
0.909336 194 12 84 199
0.911336 194 11 84 200
0.913336 194 11 83 200
0.915336 194 11 83 200
0.917336 193 11 82 200
0.919336 193 11 81 201
0.921336 193 11 81 201
0.923336 193 10 80 201
0.925336 192 10 79 201
0.927336 192 10 79 202
0.929336 192 10 78 202
0.931336 192 10 77 202
0.933336 192 10 77 202
0.935336 191 9 76 203
0.937336 191 9 76 203
0.939336 191 9 76 204
0.941336 191 9 76 204
0.943336 191 9 76 205
0.945336 191 9 76 205
0.947336 190 9 76 206
0.949336 190 9 76 206
0.951336 190 8 76 206
0.953336 190 8 76 207
0.955336 190 8 76 207
0.957336 190 8 76 208
0.959336 189 8 75 208
0.961336 189 8 75 209
0.963336 189 8 75 209
0.965336 189 8 75 210
0.967336 189 7 75 210
0.969336 189 7 75 211
0.971336 188 7 75 211
0.973336 188 7 75 212
0.975336 188 7 75 212
0.977336 188 7 75 212
0.979336 188 7 75 213
0.981336 188 7 75 213
0.983336 187 6 74 213
0.985336 187 6 74 213
0.987336 187 6 74 213
0.989336 186 6 74 213
0.991336 186 6 74 213
0.993336 186 6 74 213
0.995336 185 6 74 213
0.997336 185 6 74 213
0.999336 185 6 74 213
1.001336 185 6 74 213
1.003336 184 6 74 213
1.005336 184 5 74 213
1.007336 184 5 74 213
1.009336 183 5 74 213
1.011336 183 5 74 213
1.013336 183 5 74 213
1.015336 183 5 74 213
1.017336 182 5 74 213
1.019336 182 5 74 213
1.021336 182 5 74 213
1.023336 181 5 74 213
1.025336 181 5 74 213
1.027336 181 5 74 213
1.029336 180 5 74 213
1.031336 180 5 74 213
1.033336 179 5 75 213
1.035336 179 5 75 213
1.037336 178 5 76 213
1.039336 177 5 76 213
1.041336 177 5 77 213
1.043336 176 5 77 213
1.045336 176 5 78 213
1.047336 175 5 79 213
1.049336 174 5 79 213
1.051336 174 5 80 213
1.053336 173 5 80 213
1.055336 173 5 81 213
1.057336 172 5 81 213
1.059336 171 5 82 213
1.061336 171 5 82 213
1.063336 170 5 83 213
1.065336 170 5 84 213
1.067336 169 5 84 213
1.069336 168 5 85 213
1.071336 168 5 85 213
1.073336 167 5 86 213
1.075336 167 5 86 213
1.077336 166 4 87 213
1.079336 166 4 88 213
1.081336 165 4 88 213
1.083336 164 4 89 213
1.085336 164 4 89 213
1.087336 163 4 90 213
1.089336 163 4 91 213
1.091336 162 4 91 213
1.093336 162 4 92 213
1.095336 161 4 93 213
1.097336 161 4 93 213
1.099336 160 4 94 213
1.101336 160 3 95 213
1.103336 159 3 95 213
1.105336 158 3 96 213
1.107336 158 3 96 213
1.109336 157 3 97 213
1.111336 157 3 98 213
1.113336 156 3 98 213
1.115336 156 3 99 213
1.117336 155 3 100 213
1.119336 155 3 100 213
1.121336 154 3 101 213
1.123336 153 3 101 214
1.125336 153 3 101 214
1.127336 153 3 101 214
1.129336 153 3 101 214
1.131336 153 3 101 214
1.133336 153 3 101 214
1.135336 153 3 101 214
1.137336 153 3 101 214
1.139336 153 3 100 215
1.141336 153 3 100 215
1.143336 153 3 100 215
1.145336 153 3 100 215
1.147336 152 4 100 215
1.149336 152 4 100 215
1.151336 152 4 100 215
1.153336 152 4 100 215
1.155336 152 4 99 216
1.157336 152 4 99 216
1.159336 152 4 99 216
1.161336 152 4 99 216
1.163336 152 4 99 216
1.165336 152 4 99 216
1.167336 152 4 99 216
1.169336 152 4 99 216
1.171336 151 4 99 216
1.173336 151 4 99 216
1.175336 151 4 99 216
1.177336 151 4 100 216
1.179336 151 4 100 216
1.181336 150 4 100 216
1.183336 150 4 100 216
1.185336 150 4 101 216
1.187336 150 4 101 216
1.189336 150 4 101 216
1.191336 149 4 102 216
1.193336 149 4 102 216
1.195336 149 3 102 215
1.197336 149 3 102 215
1.199336 148 3 103 215
1.201336 148 3 103 215
1.203336 148 3 103 215
1.205336 148 3 104 215
1.207336 148 3 104 215
1.209336 147 3 104 215
1.211336 147 3 105 215
1.213336 147 3 105 215
1.215336 147 3 105 215
1.217336 147 3 105 215
1.219336 146 2 105 215
1.221336 146 2 105 215
1.223336 146 2 105 215
1.225336 146 2 105 215
1.227336 146 2 105 215
1.229336 146 2 105 215
1.231336 146 2 104 215
1.233336 146 2 104 215
1.235336 145 2 104 215
1.237336 145 2 104 215
1.239336 145 2 104 215
1.241336 145 1 103 215
1.243336 145 1 103 215
1.245336 145 1 103 215
1.247336 145 1 103 215
1.249336 144 1 103 215
1.251336 144 1 103 215
1.253336 144 1 102 215
1.255336 144 1 102 215
1.257336 144 1 102 215
1.259336 144 1 102 215
1.261336 144 1 102 215
1.263336 144 1 102 215
1.265336 143 1 101 215
1.267336 143 1 101 215
1.269336 143 1 101 215
1.271336 143 1 101 216
1.273336 143 1 101 216
1.275336 142 1 101 216
1.277336 142 1 100 217
1.279336 142 1 100 217
1.281336 142 1 100 217
1.283336 142 1 100 218
1.285336 141 1 100 218
1.287336 141 1 100 218
1.289336 141 1 99 219
1.291336 141 1 99 219
1.293336 140 1 99 219
1.295336 140 1 99 220
1.297336 140 1 99 220
1.299336 140 1 99 220
1.301336 140 1 98 221
1.303336 139 1 98 221
1.305336 139 1 98 221
1.307336 139 1 98 222
1.309336 139 1 98 222
1.311336 139 1 98 222
1.313336 138 1 97 222
1.315336 138 1 97 222
1.317336 138 1 97 222
1.319336 138 1 97 222
1.321336 138 1 97 222
1.323336 138 1 96 221
1.325336 138 1 96 221
1.327336 138 1 96 221
1.329336 137 1 96 221
1.331336 137 1 95 220
1.333336 137 1 95 220
1.335336 137 1 95 220
1.337336 137 1 95 220
1.339336 137 1 95 220
1.341336 137 1 94 219
1.343336 137 1 94 219
1.345336 136 1 94 219
1.347336 136 1 94 219
1.349336 136 1 94 219
1.351336 136 1 93 218
1.353336 136 1 93 218
1.355336 136 1 93 218
1.357336 136 1 93 218
1.359336 136 1 93 218
1.361336 135 1 92 218
1.363336 134 1 92 218
1.365336 134 1 91 218
1.367336 133 1 91 218
1.369336 133 1 91 218
1.371336 132 1 90 219
1.373336 131 1 90 219
1.375336 131 1 89 219
1.377336 130 1 89 219
1.379336 130 1 89 219
1.381336 129 1 88 219
1.383336 128 1 88 220
1.385336 128 1 88 220
1.387336 127 1 87 220
1.389336 127 1 87 220
1.391336 126 1 86 220
1.393336 125 1 86 220
1.395336 125 1 86 221
1.397336 124 1 85 221
1.399336 124 1 85 221
1.401336 123 1 84 221
1.403336 122 1 84 221
1.405336 122 1 84 221
1.407336 121 1 83 221
1.409336 121 1 83 221
1.411336 121 1 83 220
1.413336 121 1 83 219
1.415336 121 1 83 219
1.417336 121 1 83 218
1.419336 121 2 83 218
1.421336 121 2 83 217
1.423336 121 2 83 217
1.425336 121 2 83 216
1.427336 121 2 83 215
1.429336 121 2 83 215
1.431336 121 3 82 214
1.433336 121 3 82 214
1.435336 121 3 82 213
1.437336 121 3 82 212
1.439336 121 3 82 212
1.441336 121 3 82 211
1.443336 121 4 82 211
1.445336 121 4 82 210
1.447336 121 4 82 209
1.449336 121 4 82 209
1.451336 121 4 82 208
1.453336 121 4 82 208
1.455336 120 4 81 208
1.457336 120 4 81 208
1.459336 120 4 81 208
1.461336 119 4 81 209
1.463336 119 4 81 209
1.465336 119 4 81 209
1.467336 118 4 81 210
1.469336 118 4 81 210
1.471336 118 4 80 210
1.473336 118 4 80 210
1.475336 117 4 80 211
1.477336 117 4 80 211
1.479336 117 4 80 211
1.481336 116 4 80 212
1.483336 116 4 80 212
1.485336 116 4 79 212
1.487336 116 4 79 212
1.489336 115 4 79 213
1.491336 115 4 79 213
1.493336 115 4 79 213
1.495336 114 4 79 214
1.497336 114 4 79 214
1.499336 114 4 79 214
1.501336 113 4 79 215
1.503336 113 4 79 215
1.505336 113 4 79 215
1.507336 113 4 79 215
1.509336 112 4 79 215
1.511336 112 4 79 215
1.513336 112 4 79 215
1.515336 112 4 79 215
1.517336 111 4 79 216
1.519336 111 4 79 216
1.521336 111 4 79 216
1.523336 111 4 79 216
1.525336 110 4 80 216
1.527336 110 4 80 216
1.529336 110 4 80 216
1.531336 110 4 80 216
1.533336 109 4 80 217
1.535336 109 4 80 217
1.537336 109 4 80 217
1.539336 109 4 80 217
1.541336 108 4 80 217
1.543336 108 4 80 217
1.545336 108 4 80 217
1.547336 108 4 80 217
1.549336 107 4 81 218
1.551336 106 4 82 218
1.553336 105 4 82 218
1.555336 105 4 83 218
1.557336 104 4 84 218
1.559336 103 4 85 218
1.561336 102 3 85 218
1.563336 101 3 86 218
1.565336 101 3 87 218
1.567336 100 3 87 218
1.569336 99 3 88 218
1.571336 98 3 89 218
1.573336 97 2 90 218
1.575336 97 2 90 218
1.577336 96 2 91 218
1.579336 95 2 92 218
1.581336 94 2 92 218
1.583336 93 2 93 218
1.585336 93 1 94 218
1.587336 92 1 95 218
1.589336 91 1 95 218
1.591336 90 1 96 218
1.593336 89 1 97 218
1.595336 89 1 97 218
1.597336 88 1 98 218
1.599336 87 1 99 218
1.601336 86 1 100 218
1.603336 86 1 101 219
1.605336 85 1 101 219
1.607336 84 1 102 219
1.609336 84 1 103 219
1.611336 83 1 104 220
1.613336 82 1 104 220
1.615336 82 1 105 220
1.617336 81 1 106 220
1.619336 80 1 107 221
1.621336 80 1 107 221
1.623336 79 1 108 221
1.625336 78 1 109 221
1.627336 78 1 110 222
1.629336 77 1 110 222
1.631336 76 1 111 222
1.633336 76 1 112 222
1.635336 75 1 113 223
1.637336 74 1 113 223
1.639336 74 1 114 223
1.641336 73 1 115 223
1.643336 72 1 116 223
1.645336 72 1 116 223
1.647336 72 1 116 223
1.649336 72 1 116 223
1.651336 72 1 116 223
1.653336 72 1 116 223
1.655336 72 1 116 223
1.657336 72 1 116 223
1.659336 72 1 116 222
1.661336 72 1 116 222
1.663336 72 1 116 222
1.665336 72 1 116 222
1.667336 71 2 116 222
1.669336 71 2 116 222
1.671336 71 2 116 222
1.673336 71 2 116 222
1.675336 71 2 116 221
1.677336 71 2 116 221
1.679336 71 2 116 221
1.681336 71 2 116 221
1.683336 71 2 116 221
1.685336 71 2 116 221
1.687336 71 2 116 221
1.689336 71 2 116 221
1.691336 70 2 117 221
1.693336 70 2 117 221
1.695336 70 2 117 221
1.697336 70 2 117 221
1.699336 70 2 117 221
1.701336 70 2 117 221
1.703336 70 2 117 221
1.705336 70 2 117 221
1.707336 70 2 117 221
1.709336 70 2 117 221
1.711336 70 2 117 221
1.713336 70 2 117 221
1.715336 69 1 117 222
1.717336 69 1 117 222
1.719336 69 1 117 222
1.721336 69 1 117 222
1.723336 69 1 117 222
1.725336 69 1 117 222
1.727336 69 1 117 222
1.729336 69 1 117 222
1.731336 69 1 117 222
1.733336 69 1 117 222
1.735336 69 1 117 222
1.737336 68 1 116 223
1.739336 68 1 116 223
1.741336 68 1 116 223
1.743336 68 1 116 223
1.745336 68 1 116 223
1.747336 68 1 116 223
1.749336 68 1 116 223
1.751336 68 1 116 223
1.753336 68 1 116 223
1.755336 68 1 116 223
1.757336 68 1 116 223
1.759336 68 1 116 223
1.761336 67 1 116 224
1.763336 67 1 116 224
1.765336 67 1 116 224
1.767336 67 1 116 224
1.769336 67 1 116 224
1.771336 67 1 116 224
1.773336 67 1 116 224
1.775336 67 1 116 224
1.777336 67 1 116 224
1.779336 67 1 116 224
1.781336 67 1 116 224
1.783336 67 1 116 224
1.785336 66 1 116 224
1.787336 66 1 116 224
1.789336 66 1 116 224
1.791336 66 1 116 224
1.793336 66 1 116 224
1.795336 66 1 116 224
1.797336 66 1 116 224
1.799336 66 1 116 224
1.801336 66 1 116 224
1.803336 66 1 116 224
1.805336 66 1 116 224
1.807336 66 1 116 224
1.809336 66 1 116 224
1.811336 66 1 116 224
1.813336 66 1 116 224
1.815336 66 1 116 224
1.817336 66 1 116 224
1.819336 66 1 116 224
1.821336 66 1 116 224
1.823336 66 1 116 224
1.825336 66 1 116 224
1.827336 66 1 116 224
1.829336 66 1 116 224
1.831336 66 1 116 224
1.833336 66 1 115 224
1.835336 66 1 114 224
1.837336 66 1 113 224
1.839336 66 1 113 224
1.841336 66 1 112 224
1.843336 66 1 111 224
1.845336 66 1 110 224
1.847336 66 1 109 225
1.849336 66 1 109 225
1.851336 66 1 108 225
1.853336 66 1 107 225
1.855336 66 1 106 225
1.857336 66 1 106 225
1.859336 66 1 105 225
1.861336 66 1 104 225
1.863336 66 1 103 226
1.865336 66 1 103 226
1.867336 66 1 102 226
1.869336 66 1 101 226
1.871336 66 1 100 226
1.873336 66 1 100 226
1.875336 66 1 99 226
1.877336 66 1 98 226
1.879336 66 1 97 226
1.881336 66 1 97 226
1.883336 65 1 97 226
1.885336 65 1 97 226
1.887336 64 1 96 226
1.889336 64 1 96 226
1.891336 63 1 96 226
1.893336 63 1 96 226
1.895336 62 1 95 226
1.897336 62 1 95 226
1.899336 61 1 95 226
1.901336 61 1 95 226
1.903336 60 1 94 225
1.905336 60 1 94 225
1.907336 59 1 94 225
1.909336 59 1 94 225
1.911336 58 1 93 225
1.913336 58 1 93 225
1.915336 57 1 93 225
1.917336 57 1 93 225
1.919336 56 1 92 225
1.921336 56 1 92 225
1.923336 55 1 92 225
1.925336 55 1 92 225
1.927336 54 1 91 224
1.929336 54 1 91 224
1.931336 54 1 90 224
1.933336 54 1 90 224
1.935336 54 1 89 223
1.937336 54 1 89 223
1.939336 54 1 88 223
1.941336 54 1 88 223
1.943336 54 1 87 222
1.945336 54 1 87 222
1.947336 54 1 86 222
1.949336 54 1 86 222
1.951336 53 1 85 221
1.953336 53 1 85 221
1.955336 53 1 84 221
1.957336 53 1 84 221
1.959336 53 1 83 220
1.961336 53 1 83 220
1.963336 53 1 82 220
1.965336 53 1 81 219
1.967336 53 1 81 219
1.969336 53 1 80 219
1.971336 53 1 80 219
1.973336 52 1 79 219
1.975336 52 1 79 219
1.977336 52 1 79 219
1.979336 52 1 79 219
1.981336 52 1 79 219
1.983336 52 1 79 219
1.985336 52 1 78 219
1.987336 52 1 78 219
1.989336 51 1 78 219
1.991336 51 1 78 219
1.993336 51 1 78 219
1.995336 51 1 78 219
1.997336 51 1 77 219
1.999336 51 1 77 219
2.001336 51 1 77 219
2.003336 51 1 77 219
2.005336 50 1 77 219
2.007336 50 1 77 219
2.009336 50 1 76 219
2.011336 50 1 76 219
2.013336 50 1 76 219
2.015336 50 1 76 219
2.017336 50 1 76 219
2.019336 50 1 76 219
2.021336 49 1 75 218
2.023336 49 1 75 218
2.025336 49 1 74 218
2.027336 49 1 74 217
2.029336 49 1 73 217
2.031336 49 1 73 217
2.033336 48 1 72 217
2.035336 48 1 72 216
2.037336 48 1 72 216
2.039336 48 1 71 216
2.041336 48 1 71 215
2.043336 48 1 70 215
2.045336 47 2 70 215
2.047336 47 2 69 215
2.049336 47 2 69 214
2.051336 47 2 68 214
2.053336 47 2 68 214
2.055336 47 2 67 213
2.057336 46 2 67 213
2.059336 46 2 66 213
2.061336 46 2 66 212
2.063336 46 2 65 212
2.065336 46 2 65 212
2.067336 46 2 65 212
2.069336 45 2 65 212
2.071336 45 2 65 212
2.073336 45 2 65 212
2.075336 45 2 65 212
2.077336 44 2 65 212
2.079336 44 2 65 212
2.081336 44 2 65 212
2.083336 44 2 65 212
2.085336 44 2 65 212
2.087336 43 2 65 212
2.089336 43 2 65 212
2.091336 43 1 66 213
2.093336 43 1 66 213
2.095336 43 1 66 213
2.097336 42 1 66 213
2.099336 42 1 66 213
2.101336 42 1 66 213
2.103336 42 1 66 213
2.105336 42 1 66 213
2.107336 41 1 66 213
2.109336 41 1 66 213
2.111336 41 1 66 213
2.113336 41 1 66 213
2.115336 40 1 67 213
2.117336 40 1 67 213
2.119336 39 1 67 213
2.121336 39 1 67 213
2.123336 38 1 68 213
2.125336 38 1 68 213
2.127336 37 1 68 213
2.129336 37 1 69 213
2.131336 36 1 69 213
2.133336 36 1 69 213
2.135336 35 1 70 213
2.137336 35 1 70 213
2.139336 34 1 70 213
2.141336 34 1 70 213
2.143336 33 1 71 213
2.145336 33 1 71 213
2.147336 32 1 71 213
2.149336 32 1 72 213
2.151336 31 1 72 213
2.153336 31 1 72 213
2.155336 30 1 73 213
2.157336 30 1 73 213
2.159336 29 1 73 213
2.161336 29 1 73 213
2.163336 28 2 74 212
2.165336 28 2 74 212
2.167336 28 2 74 212
2.169336 27 2 74 212
2.171336 27 2 74 212
2.173336 27 2 74 212
2.175336 27 3 74 212
2.177336 26 3 74 212
2.179336 26 3 74 212
2.181336 26 3 74 212
2.183336 25 3 74 212
2.185336 25 3 74 212
2.187336 25 4 74 212
2.189336 24 4 74 212
2.191336 24 4 74 212
2.193336 24 4 74 212
2.195336 24 4 74 212
2.197336 23 4 74 212
2.199336 23 5 74 212
2.201336 23 5 74 212
2.203336 22 5 74 212
2.205336 22 5 74 212
2.207336 22 5 74 212
2.209336 21 6 74 212
2.211336 21 6 74 212
2.213336 21 6 74 212
2.215336 21 6 74 212
2.217336 21 6 74 212
2.219336 21 6 74 213
2.221336 21 6 74 213
2.223336 21 6 74 213
2.225336 21 6 73 213
2.227336 21 6 73 213
2.229336 21 6 73 214
2.231336 21 6 73 214
2.233336 21 6 73 214
2.235336 21 6 73 214
2.237336 21 6 73 214
2.239336 21 6 73 215
2.241336 21 6 72 215
2.243336 21 6 72 215
2.245336 21 6 72 215
2.247336 21 6 72 216
2.249336 21 6 72 216
2.251336 21 6 72 216
2.253336 21 6 72 216
2.255336 21 6 72 216
2.257336 20 6 72 216
2.259336 20 6 72 216
2.261336 20 6 72 216
2.263336 20 6 72 215
2.265336 20 6 72 215
2.267336 20 6 72 215
2.269336 20 6 72 215
2.271336 20 6 72 214
2.273336 19 6 72 214
2.275336 19 6 72 214
2.277336 19 6 72 213
2.279336 19 6 72 213
2.281336 19 7 72 213
2.283336 19 7 72 213
2.285336 19 7 72 212
2.287336 19 7 72 212
2.289336 18 7 72 212
2.291336 18 7 72 211
2.293336 18 7 72 211
2.295336 18 7 72 211
2.297336 18 7 72 210
2.299336 18 7 72 210
2.301336 18 7 72 210
2.303336 18 7 72 210
2.305336 17 8 73 209
2.307336 17 8 73 209
2.309336 17 8 73 209
2.311336 17 9 74 209
2.313336 16 9 74 208
2.315336 16 9 74 208
2.317336 16 10 75 208
2.319336 16 10 75 208
2.321336 15 10 75 208
2.323336 15 11 76 207
2.325336 15 11 76 207
2.327336 14 12 77 207
2.329336 14 12 77 207
2.331336 14 12 77 207
2.333336 14 13 78 206
2.335336 13 13 78 206
2.337336 13 13 78 206
2.339336 13 14 79 206
2.341336 13 14 79 206
2.343336 12 14 79 205
2.345336 12 15 80 205
2.347336 12 15 80 205
2.349336 12 15 80 205
2.351336 11 16 81 205
2.353336 11 16 81 205
2.355336 11 16 81 205
2.357336 11 16 81 205
2.359336 11 16 81 205
2.361336 11 16 81 205
2.363336 11 16 81 205
2.365336 11 16 81 205
2.367336 11 16 81 205
2.369336 11 16 81 205
2.371336 11 16 81 205
2.373336 11 16 81 205
2.375336 11 16 81 206
2.377336 11 16 81 206
2.379336 11 16 81 206
2.381336 11 16 81 206
2.383336 11 16 81 206
2.385336 11 16 81 206
2.387336 11 16 81 206
2.389336 11 16 81 206
2.391336 11 16 81 206
2.393336 11 16 81 206
2.395336 11 16 81 206
2.397336 11 16 81 206
2.399336 10 16 81 206
2.401336 10 16 81 206
2.403336 10 16 81 205
2.405336 10 16 81 205
2.407336 10 16 81 204
2.409336 10 17 81 204
2.411336 10 17 80 203
2.413336 10 17 80 203
2.415336 9 17 80 202
2.417336 9 18 80 202
2.419336 9 18 80 202
2.421336 9 18 80 201
2.423336 9 18 79 201
2.425336 9 18 79 200
2.427336 9 19 79 200
2.429336 9 19 79 199
2.431336 8 19 79 199
2.433336 8 19 79 198
2.435336 8 19 78 198
2.437336 8 20 78 197
2.439336 8 20 78 197
2.441336 8 20 78 196
2.443336 8 20 78 196
2.445336 7 21 77 195
2.447336 7 21 77 195
2.449336 7 21 77 195
2.451336 7 21 76 195
2.453336 7 21 76 195
2.455336 7 21 75 195
2.457336 6 21 75 194
2.459336 6 21 74 194
2.461336 6 21 74 194
2.463336 6 21 73 194
2.465336 6 21 73 194
2.467336 6 21 72 194
2.469336 5 22 72 193
2.471336 5 22 71 193
2.473336 5 22 71 193
2.475336 5 22 71 193
2.477336 5 22 70 193
2.479336 5 22 70 193
2.481336 4 22 69 192
2.483336 4 22 69 192
2.485336 4 22 68 192
2.487336 4 22 68 192
2.489336 4 22 67 192
2.491336 4 22 67 192
2.493336 3 23 66 191
2.495336 3 23 66 191
2.497336 3 23 66 191
2.499336 3 23 66 191
2.501336 3 23 65 191
2.503336 3 23 65 191
2.505336 3 23 65 191
2.507336 3 23 65 191
2.509336 3 23 64 191
2.511336 3 23 64 191
2.513336 3 23 64 191
2.515336 3 23 64 191
2.517336 3 23 63 190
2.519336 3 23 63 190
2.521336 3 23 63 190
2.523336 3 23 63 190
2.525336 3 23 62 190
2.527336 3 23 62 190
2.529336 3 23 62 190
2.531336 3 23 62 190
2.533336 3 23 61 190
2.535336 3 23 61 190
2.537336 3 23 61 190
2.539336 3 23 61 190
2.541336 2 24 60 189
2.543336 2 24 60 189
2.545336 2 24 60 189
2.547336 2 24 60 189
2.549336 2 24 60 189
2.551336 2 24 60 189
2.553336 2 24 60 189
2.555336 2 24 60 189
2.557336 2 24 59 189
2.559336 2 24 59 189
2.561336 2 24 59 189
2.563336 2 24 59 189
2.565336 2 25 59 188
2.567336 2 25 59 188
2.569336 2 25 59 188
2.571336 2 25 58 188
2.573336 2 25 58 188
2.575336 2 25 58 188
2.577336 2 25 58 188
2.579336 2 25 58 188
2.581336 2 25 58 188
2.583336 2 25 58 188
2.585336 2 25 58 188
2.587336 2 26 57 187
2.589336 2 26 57 187
2.591336 2 26 57 187
2.593336 2 26 57 187
2.595336 2 26 57 187
2.597336 2 26 57 187
2.599336 2 26 57 186
2.601336 2 26 57 186
2.603336 2 26 57 186
2.605336 2 26 57 186
2.607336 2 26 57 186
2.609336 2 26 57 186
2.611336 2 26 56 185
2.613336 2 26 56 185
2.615336 2 26 56 185
2.617336 2 26 56 185
2.619336 2 26 56 185
2.621336 2 26 56 185
2.623336 2 26 56 184
2.625336 2 26 56 184
2.627336 2 26 56 184
2.629336 2 26 56 184
2.631336 2 26 56 184
2.633336 2 26 56 184
2.635336 1 27 56 184
2.637336 1 27 56 184
2.639336 1 27 56 184
2.641336 1 27 56 184
2.643336 1 27 56 184
2.645336 1 27 56 184
2.647336 1 27 56 184
2.649336 1 27 56 184
2.651336 1 27 56 184
2.653336 1 27 56 184
2.655336 1 27 56 184
2.657336 1 27 56 184
2.659336 1 27 56 184
2.661336 1 27 56 184
2.663336 1 27 56 184
2.665336 1 27 56 184
2.667336 1 27 56 184
2.669336 1 27 56 184
2.671336 1 27 56 184
2.673336 1 27 56 184
2.675336 1 27 56 184
2.677336 1 27 56 184
2.679336 1 27 56 184
2.681336 1 27 56 184
2.683336 1 28 55 183
2.685336 1 28 55 183
2.687336 1 28 55 182
2.689336 1 28 55 182
2.691336 1 28 55 182
2.693336 1 29 54 181
2.695336 1 29 54 181
2.697336 1 29 54 181
2.699336 1 29 54 180
2.701336 1 29 54 180
2.703336 1 29 54 180
2.705336 1 30 53 179
2.707336 1 30 53 179
2.709336 1 30 53 179
2.711336 1 30 53 178
2.713336 1 30 53 178
2.715336 1 30 53 178
2.717336 1 31 52 177
2.719336 1 31 52 177
2.721336 1 31 52 177
2.723336 1 31 52 176
2.725336 1 31 52 176
2.727336 1 31 52 176
2.729336 1 32 51 176
2.731336 1 32 51 176
2.733336 1 32 51 176
2.735336 1 32 51 176
2.737336 1 33 51 176
2.739336 1 33 50 176
2.741336 1 33 50 176
2.743336 1 34 50 176
2.745336 1 34 50 176
2.747336 1 34 50 176
2.749336 1 35 49 176
2.751336 1 35 49 176
2.753336 1 35 49 176
2.755336 1 35 49 176
2.757336 1 36 48 176
2.759336 1 36 48 176
2.761336 1 36 48 176
2.763336 1 37 48 176
2.765336 1 37 48 176
2.767336 1 37 47 176
2.769336 1 38 47 176
2.771336 1 38 47 176
2.773336 1 38 47 176
2.775336 1 38 47 176
