0.035272 308 88 37 75
0.037272 308 87 36 75
0.039272 308 87 36 75
0.041272 308 87 36 75
0.043272 308 87 36 75
0.045272 308 87 36 75
0.047272 308 87 36 75
0.049272 308 87 36 75
0.051272 308 87 36 75
0.053272 308 87 36 75
0.055272 308 87 36 76
0.057272 308 87 36 76
0.059272 308 87 36 76
0.061272 308 86 36 76
0.063272 308 86 36 76
0.065272 308 86 36 76
0.067272 308 86 36 76
0.069272 308 86 36 76
0.071272 308 86 36 76
0.073272 308 86 36 77
0.075272 308 86 36 77
0.077272 308 86 36 77
0.079272 308 86 36 77
0.081272 308 86 36 77
0.083272 308 86 36 77
0.085272 308 85 36 77
0.087272 308 85 36 77
0.089272 308 85 36 77
0.091272 308 85 36 78
0.093272 308 85 36 78
0.095272 308 85 36 78
0.097272 308 85 36 78
0.099272 308 85 36 78
0.101272 308 85 36 78
0.103272 308 85 36 78
0.105272 308 85 36 78
0.107272 308 85 36 78
0.109272 307 84 36 79
0.111272 307 84 36 79
0.113272 307 84 36 79
0.115272 307 84 36 79
0.117272 307 84 36 79
0.119272 307 84 36 79
0.121272 307 84 36 79
0.123272 307 84 36 79
0.125272 307 84 36 79
0.127272 307 84 36 79
0.129272 307 84 36 79
0.131272 307 84 36 79
0.133272 307 84 36 79
0.135272 307 84 36 79
0.137272 307 84 36 79
0.139272 307 84 36 79
0.141272 307 84 36 79
0.143272 307 84 36 79
0.145272 307 84 36 79
0.147272 307 84 36 79
0.149272 307 84 36 79
0.151272 307 84 36 79
0.153272 307 84 36 79
0.155272 307 84 36 79
0.157272 307 84 36 79
0.159272 307 84 36 79
0.161272 307 84 36 79
0.163272 307 84 36 79
0.165272 307 84 36 79
0.167272 307 84 36 79
0.169272 307 84 36 79
0.171272 307 84 36 79
0.173272 307 84 36 79
0.175272 307 84 36 79
0.177272 307 84 36 79
0.179272 307 84 36 79
0.181272 306 84 37 80
0.183272 306 84 37 80
0.185272 306 84 37 80
0.187272 306 84 37 80
0.189272 306 84 37 80
0.191272 306 84 37 80
0.193272 306 84 37 80
0.195272 306 84 37 80
0.197272 306 84 37 80
0.199272 306 84 37 80
0.201272 306 84 37 80
0.203272 306 84 37 80
0.205272 306 84 37 80
0.207272 305 84 37 80
0.209272 305 84 37 80
0.211272 305 84 37 80
0.213272 305 84 37 80
0.215272 305 84 37 80
0.217272 305 84 37 80
0.219272 305 84 38 80
0.221272 305 84 38 80
0.223272 305 84 38 80
0.225272 305 84 38 80
0.227272 305 84 38 80
0.229272 305 84 38 80
0.231272 304 84 38 80
0.233272 304 84 38 80
0.235272 304 84 38 80
0.237272 304 84 38 80
0.239272 304 84 38 80
0.241272 304 84 38 80
0.243272 304 84 38 80
0.245272 304 84 38 80
0.247272 304 84 38 80
0.249272 304 84 38 80
0.251272 304 84 38 80
0.253272 304 84 38 80
0.255272 303 83 38 80
0.257272 303 83 38 80
0.259272 303 83 38 80
0.261272 303 83 38 80
0.263272 303 83 38 80
0.265272 303 83 38 80
0.267272 303 83 38 80
0.269272 303 83 38 80
0.271272 303 83 38 80
0.273272 303 83 38 80
0.275272 303 83 38 80
0.277272 303 83 38 80
0.279272 303 83 38 80
0.281272 303 83 38 80
0.283272 303 83 38 80
0.285272 303 83 38 80
0.287272 303 83 38 80
0.289272 303 83 38 80
0.291272 303 83 38 80
0.293272 303 83 38 80
0.295272 303 83 38 80
0.297272 303 83 38 80
0.299272 303 83 38 80
0.301272 303 83 38 80
0.303272 303 83 38 80
0.305272 303 83 38 80
0.307272 303 83 38 80
0.309272 303 83 38 80
0.311272 303 83 38 80
0.313272 303 83 38 80
0.315272 303 83 38 80
0.317272 303 83 38 80
0.319272 303 83 38 80
0.321272 303 83 38 80
0.323272 303 83 38 80
0.325272 303 83 38 80
0.327272 302 83 37 80
0.329272 302 83 37 80
0.331272 302 83 37 80
0.333272 302 83 37 80
0.335272 302 83 37 80
0.337272 302 83 37 80
0.339272 302 83 37 80
0.341272 302 83 37 80
0.343272 301 83 37 80
0.345272 301 83 37 80
0.347272 301 83 37 80
0.349272 301 83 37 80
0.351272 301 83 37 80
0.353272 301 83 37 80
0.355272 301 83 37 80
0.357272 300 83 37 80
0.359272 300 83 37 80
0.361272 300 83 37 80
0.363272 300 83 37 80
0.365272 300 84 37 80
0.367272 300 84 37 80
0.369272 300 84 37 80
0.371272 299 84 37 80
0.373272 299 84 37 80
0.375272 299 84 37 80
0.377272 299 84 37 80
0.379272 299 84 37 80
0.381272 299 84 37 80
0.383272 299 84 37 80
0.385272 299 84 37 80
0.387272 298 84 37 80
0.389272 298 84 37 80
0.391272 298 84 37 80
0.393272 298 84 37 80
0.395272 298 84 37 80
0.397272 298 84 37 80
0.399272 298 84 37 80
0.401272 297 85 36 79
0.403272 297 85 36 79
0.405272 297 85 36 79
0.407272 297 85 36 79
0.409272 296 85 36 79
0.411272 296 85 36 79
0.413272 296 85 36 79
0.415272 296 85 36 79
0.417272 296 85 36 79
0.419272 295 85 36 79
0.421272 295 85 36 79
0.423272 295 85 36 79
0.425272 295 85 36 79
0.427272 295 85 36 79
0.429272 294 85 36 79
0.431272 294 85 36 79
0.433272 294 85 36 79
0.435272 294 85 36 79
0.437272 293 85 36 79
0.439272 293 85 36 79
0.441272 293 85 36 79
0.443272 293 85 36 79
0.445272 293 85 36 79
0.447272 292 85 36 79
0.449272 292 85 36 79
0.451272 292 85 36 79
0.453272 292 85 36 79
0.455272 291 85 36 79
0.457272 291 85 36 79
0.459272 291 85 36 79
0.461272 291 85 36 79
0.463272 291 85 36 79
0.465272 290 85 36 79
0.467272 290 85 36 79
0.469272 290 85 36 79
0.471272 290 85 36 79
0.473272 289 86 36 79
0.475272 289 86 36 79
0.477272 289 86 36 79
0.479272 289 86 36 79
0.481272 289 86 36 79
0.483272 289 86 36 79
0.485272 289 86 36 79
0.487272 289 86 36 79
0.489272 289 86 36 79
0.491272 288 86 37 79
0.493272 288 86 37 79
0.495272 288 86 37 79
0.497272 288 86 37 79
0.499272 288 86 37 79
0.501272 288 86 37 79
0.503272 288 86 37 79
0.505272 288 86 37 79
0.507272 288 86 37 79
0.509272 288 86 37 79
0.511272 287 86 38 79
0.513272 287 86 38 79
0.515272 287 86 38 79
0.517272 287 86 38 79
0.519272 287 86 38 79
0.521272 287 86 38 79
0.523272 287 86 38 79
0.525272 287 86 38 79
0.527272 287 86 38 79
0.529272 286 86 39 79
0.531272 286 86 39 79
0.533272 286 86 39 79
0.535272 286 86 39 79
0.537272 286 86 39 79
0.539272 286 86 39 79
0.541272 286 86 39 79
0.543272 286 86 39 79
0.545272 286 86 39 79
0.547272 285 87 39 79
0.549272 285 87 39 79
0.551272 285 87 39 79
0.553272 285 87 39 79
0.555272 285 87 39 79
0.557272 285 87 39 79
0.559272 285 87 39 79
0.561272 285 87 39 79
0.563272 285 87 39 79
0.565272 285 87 39 79
0.567272 285 87 39 79
0.569272 285 87 39 79
0.571272 285 87 39 79
0.573272 285 87 39 79
0.575272 285 87 39 79
0.577272 285 87 39 79
0.579272 285 87 39 79
0.581272 285 87 39 79
0.583272 284 87 39 79
0.585272 284 87 39 79
0.587272 284 87 39 79
0.589272 284 87 39 79
0.591272 284 87 39 79
0.593272 284 87 39 79
0.595272 284 87 39 79
0.597272 284 87 39 79
0.599272 284 87 39 79
0.601272 284 87 39 79
0.603272 284 87 39 79
0.605272 284 87 39 79
0.607272 284 87 39 79
0.609272 284 87 39 79
0.611272 284 87 39 79
0.613272 284 87 39 79
0.615272 284 87 39 79
0.617272 284 87 39 79
0.619272 283 87 38 79
0.621272 283 87 38 79
0.623272 283 87 38 79
0.625272 283 87 38 79
0.627272 283 87 38 79
0.629272 283 87 38 79
0.631272 283 87 38 79
0.633272 283 87 38 79
0.635272 283 87 38 79
0.637272 283 87 38 79
0.639272 283 87 38 79
0.641272 283 87 38 79
0.643272 283 87 37 79
0.645272 283 87 37 79
0.647272 283 87 37 79
0.649272 283 87 37 79
0.651272 283 87 37 79
0.653272 283 87 37 79
0.655272 283 87 37 79
0.657272 282 87 37 78
0.659272 282 87 37 78
0.661272 282 87 37 78
0.663272 282 87 37 78
0.665272 282 87 37 78
0.667272 282 87 37 78
0.669272 282 87 36 78
0.671272 282 87 36 78
0.673272 282 87 36 78
0.675272 282 87 36 78
0.677272 282 87 36 78
0.679272 282 87 36 78
0.681272 282 87 36 78
0.683272 282 87 36 78
0.685272 282 87 36 78
0.687272 282 87 36 78
0.689272 282 87 36 78
0.691272 282 87 36 78
0.693272 281 86 35 78
0.695272 281 86 35 78
0.697272 281 86 35 78
0.699272 281 86 35 78
0.701272 281 86 35 78
0.703272 281 86 35 78
0.705272 281 86 35 78
0.707272 281 86 35 78
0.709272 281 86 35 78
0.711272 281 86 34 78
0.713272 281 86 34 78
0.715272 281 86 34 78
0.717272 280 86 34 79
0.719272 280 86 34 79
0.721272 280 86 34 79
0.723272 280 86 34 79
0.725272 280 86 34 79
0.727272 280 86 34 79
0.729272 280 85 33 79
0.731272 280 85 33 79
0.733272 280 85 33 79
0.735272 280 85 33 79
0.737272 280 85 33 79
0.739272 280 85 33 79
0.741272 279 85 33 80
0.743272 279 85 33 80
0.745272 279 85 33 80
0.747272 279 85 32 80
0.749272 279 85 32 80
0.751272 279 85 32 80
0.753272 279 85 32 80
0.755272 279 85 32 80
0.757272 279 85 32 80
0.759272 279 85 32 80
0.761272 279 85 32 80
0.763272 279 85 32 80
0.765272 278 85 31 81
0.767272 278 85 31 81
0.769272 278 85 31 81
0.771272 278 85 31 81
0.773272 278 85 31 81
0.775272 278 85 31 81
0.777272 277 85 31 81
0.779272 277 85 31 81
0.781272 277 85 31 81
0.783272 277 85 31 81
0.785272 277 85 31 81
0.787272 277 85 31 81
0.789272 276 85 31 81
0.791272 276 85 31 81
0.793272 276 85 31 81
0.795272 276 85 31 81
0.797272 276 85 31 81
0.799272 276 85 31 81
0.801272 276 85 31 81
0.803272 275 85 31 81
0.805272 275 85 31 81
0.807272 275 85 31 81
0.809272 275 85 31 81
0.811272 275 85 31 81
0.813272 275 85 31 81
0.815272 274 85 31 81
0.817272 274 85 31 81
0.819272 274 85 31 81
0.821272 274 85 31 81
0.823272 274 85 31 81
0.825272 274 85 31 81
0.827272 273 85 31 81
0.829272 273 85 31 81
0.831272 273 85 31 81
0.833272 273 85 31 81
0.835272 273 85 31 81
0.837272 273 85 31 81
0.839272 272 85 31 82
0.841272 272 85 31 82
0.843272 272 85 31 82
0.845272 272 85 31 82
0.847272 272 85 31 82
0.849272 271 85 31 82
0.851272 271 85 31 82
0.853272 271 85 31 82
0.855272 271 85 31 82
0.857272 271 85 32 82
0.859272 270 85 32 82
0.861272 270 85 32 82
0.863272 270 85 32 82
0.865272 270 85 32 82
0.867272 270 85 32 82
0.869272 269 85 32 82
0.871272 269 85 32 82
0.873272 269 85 32 82
0.875272 269 85 33 82
0.877272 269 85 33 82
0.879272 269 85 33 82
0.881272 268 85 33 82
0.883272 268 85 33 82
0.885272 268 85 33 82
0.887272 268 85 33 82
0.889272 268 85 33 82
0.891272 267 85 33 82
0.893272 267 85 34 82
0.895272 267 85 34 82
0.897272 267 85 34 82
0.899272 267 85 34 82
0.901272 266 85 34 82
0.903272 266 85 34 82
0.905272 266 85 34 82
0.907272 266 85 34 82
0.909272 266 85 34 82
0.911272 265 86 35 82
0.913272 265 86 35 82
0.915272 265 86 35 82
0.917272 265 86 35 82
0.919272 265 86 35 82
0.921272 265 86 35 82
0.923272 264 86 35 82
0.925272 264 86 35 82
0.927272 264 86 35 82
0.929272 264 86 35 82
0.931272 264 86 35 82
0.933272 264 86 35 82
0.935272 263 86 36 82
0.937272 263 86 36 82
0.939272 263 86 36 82
0.941272 263 86 36 82
0.943272 263 86 36 82
0.945272 263 86 36 82
0.947272 262 86 36 82
0.949272 262 86 36 82
0.951272 262 86 36 82
0.953272 262 86 36 82
0.955272 262 86 36 82
0.957272 262 86 36 82
0.959272 262 86 36 82
0.961272 261 86 37 82
0.963272 261 86 37 82
0.965272 261 86 37 82
0.967272 261 86 37 82
0.969272 261 86 37 82
0.971272 261 86 37 82
0.973272 260 86 37 82
0.975272 260 86 37 82
0.977272 260 86 37 82
0.979272 260 86 37 82
0.981272 260 86 37 82
0.983272 260 86 37 82
0.985272 259 86 38 82
0.987272 259 86 38 82
0.989272 259 86 38 82
0.991272 259 86 38 82
0.993272 259 86 38 82
0.995272 259 86 38 82
0.997272 259 86 38 82
0.999272 259 86 38 82
1.001272 259 86 38 82
1.003272 259 86 38 82
1.005272 259 86 38 82
1.007272 259 86 38 82
1.009272 259 86 38 82
1.011272 259 86 38 82
1.013272 259 86 38 82
1.015272 259 86 38 82
1.017272 259 86 38 82
1.019272 259 86 38 82
1.021272 259 86 38 82
1.023272 259 86 38 82
1.025272 259 86 38 82
1.027272 259 86 38 82
1.029272 259 86 38 82
1.031272 259 86 38 82
1.033272 259 86 38 82
1.035272 259 86 38 82
1.037272 259 86 38 82
1.039272 259 86 38 82
1.041272 259 86 38 82
1.043272 259 86 38 82
1.045272 259 86 38 82
1.047272 259 86 38 82
1.049272 259 86 38 82
1.051272 259 86 38 82
1.053272 259 86 38 82
1.055272 259 86 38 82
1.057272 258 85 38 83
1.059272 258 85 38 83
1.061272 258 85 38 83
1.063272 258 85 38 83
1.065272 258 85 38 83
1.067272 258 85 38 83
1.069272 257 85 38 83
1.071272 257 85 38 83
1.073272 257 85 38 83
1.075272 257 85 38 83
1.077272 257 85 38 83
1.079272 257 85 38 83
1.081272 256 85 38 83
1.083272 256 85 38 83
1.085272 256 85 38 83
1.087272 256 85 38 83
1.089272 256 85 38 83
1.091272 256 85 38 83
1.093272 255 84 38 83
1.095272 255 84 38 83
1.097272 255 84 38 83
1.099272 255 84 38 83
1.101272 255 84 38 83
1.103272 255 84 38 83
1.105272 255 84 38 83
1.107272 254 84 38 83
1.109272 254 84 38 83
1.111272 254 84 38 83
1.113272 254 84 38 83
1.115272 254 84 38 83
1.117272 254 84 38 83
1.119272 253 84 38 83
1.121272 253 84 38 83
1.123272 253 84 38 83
1.125272 253 84 38 83
1.127272 253 84 38 83
1.129272 253 84 38 83
1.131272 252 83 37 83
1.133272 252 83 37 83
1.135272 252 83 37 83
1.137272 252 83 37 83
1.139272 252 83 36 83
1.141272 252 83 36 83
1.143272 252 83 36 83
1.145272 252 83 36 83
1.147272 252 83 36 83
1.149272 252 83 35 83
1.151272 252 83 35 83
1.153272 252 83 35 83
1.155272 252 83 35 84
1.157272 252 83 34 84
1.159272 252 83 34 84
1.161272 252 83 34 84
1.163272 252 83 34 84
1.165272 252 83 34 84
1.167272 252 82 33 84
1.169272 252 82 33 84
1.171272 252 82 33 84
1.173272 252 82 33 84
1.175272 252 82 32 84
1.177272 252 82 32 84
1.179272 252 82 32 85
1.181272 252 82 32 85
1.183272 252 82 32 85
1.185272 252 82 31 85
1.187272 252 82 31 85
1.189272 252 82 31 85
1.191272 252 82 31 85
1.193272 252 82 31 85
1.195272 252 82 30 85
1.197272 252 82 30 85
1.199272 252 82 30 85
1.201272 252 82 30 85
1.203272 251 81 29 86
1.205272 251 81 29 86
1.207272 251 81 29 86
1.209272 251 81 29 86
1.211272 251 81 29 86
1.213272 251 81 29 86
1.215272 251 81 29 86
1.217272 251 81 29 86
1.219272 251 81 29 86
1.221272 250 81 29 86
1.223272 250 81 29 86
1.225272 250 81 29 86
1.227272 250 81 29 86
1.229272 250 81 29 86
1.231272 250 81 29 86
1.233272 250 81 29 86
1.235272 250 81 29 86
1.237272 250 81 29 86
1.239272 249 81 29 87
1.241272 249 81 29 87
1.243272 249 81 29 87
1.245272 249 81 29 87
1.247272 249 81 29 87
1.249272 249 81 29 87
1.251272 249 81 29 87
1.253272 249 81 29 87
1.255272 249 81 29 87
1.257272 249 81 29 87
1.259272 248 81 29 87
1.261272 248 81 29 87
1.263272 248 81 29 87
1.265272 248 81 29 87
1.267272 248 81 29 87
1.269272 248 81 29 87
1.271272 248 81 29 87
1.273272 248 81 29 87
1.275272 248 81 29 87
1.277272 247 81 29 87
1.279272 247 81 29 87
1.281272 246 81 29 87
1.283272 246 81 30 87
1.285272 246 81 30 87
1.287272 245 81 30 87
1.289272 245 81 31 87
1.291272 244 81 31 87
1.293272 244 81 31 87
1.295272 244 81 32 87
1.297272 243 81 32 87
1.299272 243 81 32 87
1.301272 243 82 33 87
1.303272 242 82 33 87
1.305272 242 82 33 87
1.307272 241 82 34 87
1.309272 241 82 34 87
1.311272 241 82 34 87
1.313272 240 82 35 87
1.315272 240 82 35 87
1.317272 239 82 35 87
1.319272 239 82 36 87
1.321272 239 82 36 87
1.323272 238 82 36 87
1.325272 238 83 37 87
1.327272 238 83 37 87
1.329272 237 83 37 87
1.331272 237 83 38 87
1.333272 236 83 38 87
1.335272 236 83 38 87
1.337272 236 83 39 87
1.339272 235 83 39 87
1.341272 235 83 39 87
1.343272 235 83 40 87
1.345272 234 83 40 87
1.347272 234 83 40 87
1.349272 233 83 41 87
1.351272 233 83 41 87
1.353272 233 83 41 87
1.355272 233 83 41 87
1.357272 233 83 41 87
1.359272 233 83 41 87
1.361272 233 83 41 87
1.363272 233 83 41 87
1.365272 233 83 41 87
1.367272 232 83 42 87
1.369272 232 83 42 87
1.371272 232 83 42 87
1.373272 232 83 42 87
1.375272 232 83 42 87
1.377272 232 83 42 87
1.379272 232 83 42 87
1.381272 232 83 42 87
1.383272 232 83 42 87
1.385272 231 83 43 87
1.387272 231 83 43 87
1.389272 231 83 43 87
1.391272 231 83 43 87
1.393272 231 83 43 87
1.395272 231 83 43 87
1.397272 231 83 43 87
1.399272 231 83 43 87
1.401272 231 83 43 87
1.403272 230 83 44 87
1.405272 230 83 44 87
1.407272 230 83 44 87
1.409272 230 83 44 87
1.411272 230 83 44 87
1.413272 230 83 44 87
1.415272 230 83 44 87
1.417272 230 83 44 87
1.419272 230 83 44 87
1.421272 230 83 44 87
1.423272 229 83 45 86
1.425272 229 83 45 86
1.427272 229 83 45 86
1.429272 229 83 45 86
1.431272 229 83 45 86
1.433272 229 83 45 86
1.435272 229 83 45 86
1.437272 229 83 45 86
1.439272 229 83 45 86
1.441272 228 83 45 86
1.443272 228 83 45 86
1.445272 228 83 45 86
1.447272 228 84 45 86
1.449272 228 84 45 86
1.451272 228 84 45 86
1.453272 228 84 45 86
1.455272 228 84 45 86
1.457272 228 84 45 86
1.459272 227 84 45 85
1.461272 227 84 45 85
1.463272 227 84 45 85
1.465272 227 84 45 85
1.467272 227 84 45 85
1.469272 227 84 45 85
1.471272 227 85 45 85
1.473272 227 85 45 85
1.475272 227 85 45 85
1.477272 226 85 45 85
1.479272 226 85 45 85
1.481272 226 85 45 85
1.483272 226 85 45 85
1.485272 226 85 45 85
1.487272 226 85 45 85
1.489272 226 85 45 85
1.491272 226 85 45 85
1.493272 226 85 45 85
1.495272 225 86 44 85
1.497272 225 86 44 85
1.499272 225 86 44 85
1.501272 225 86 44 85
1.503272 225 86 44 85
1.505272 225 86 44 85
1.507272 225 86 44 85
1.509272 225 86 44 85
1.511272 225 86 44 85
1.513272 225 86 44 85
1.515272 225 86 44 85
1.517272 225 86 44 85
1.519272 225 86 44 85
1.521272 225 86 44 85
1.523272 225 86 44 85
1.525272 225 86 44 85
1.527272 225 86 44 85
1.529272 225 86 44 85
1.531272 224 86 43 85
1.533272 224 86 43 85
1.535272 224 86 43 85
1.537272 224 86 43 85
1.539272 224 86 43 85
1.541272 224 86 43 85
1.543272 224 86 43 85
1.545272 224 86 43 85
1.547272 224 86 43 85
1.549272 224 86 43 85
1.551272 224 86 43 85
1.553272 224 86 43 85
1.555272 224 86 43 85
1.557272 224 86 43 85
1.559272 224 86 43 85
1.561272 224 86 43 85
1.563272 224 86 43 85
1.565272 224 86 43 85
1.567272 224 86 43 85
1.569272 223 85 42 86
1.571272 223 85 42 86
1.573272 223 85 42 86
1.575272 223 85 42 86
1.577272 223 85 42 86
1.579272 223 85 42 86
1.581272 223 85 41 86
1.583272 223 85 41 86
1.585272 223 85 41 86
1.587272 223 85 41 86
1.589272 223 85 41 86
1.591272 223 85 41 86
1.593272 223 85 40 86
1.595272 223 85 40 86
1.597272 223 85 40 86
1.599272 223 85 40 86
1.601272 223 85 40 86
1.603272 223 85 40 86
1.605272 222 84 39 87
1.607272 222 84 39 87
1.609272 222 84 39 87
1.611272 222 84 39 87
1.613272 222 84 39 87
1.615272 222 84 39 87
1.617272 222 84 38 87
1.619272 222 84 38 87
1.621272 222 84 38 87
1.623272 222 84 38 87
1.625272 222 84 38 87
1.627272 222 84 38 87
1.629272 222 84 37 87
1.631272 222 84 37 87
1.633272 222 84 37 87
1.635272 222 84 37 87
1.637272 222 84 37 87
1.639272 222 84 37 87
1.641272 221 83 36 88
1.643272 221 83 36 88
1.645272 221 83 36 88
1.647272 221 83 36 88
1.649272 221 83 36 88
1.651272 220 83 35 88
1.653272 220 83 35 88
1.655272 220 83 35 88
1.657272 220 83 35 88
1.659272 220 83 35 89
1.661272 219 83 34 89
1.663272 219 83 34 89
1.665272 219 83 34 89
1.667272 219 83 34 89
1.669272 219 83 34 89
1.671272 219 83 34 89
1.673272 218 83 33 89
1.675272 218 83 33 89
1.677272 218 82 33 90
1.679272 218 82 33 90
1.681272 218 82 33 90
1.683272 217 82 32 90
1.685272 217 82 32 90
1.687272 217 82 32 90
1.689272 217 82 32 90
1.691272 217 82 32 90
1.693272 216 82 31 90
1.695272 216 82 31 91
1.697272 216 82 31 91
1.699272 216 82 31 91
1.701272 216 82 31 91
1.703272 215 82 30 91
1.705272 215 82 30 91
1.707272 215 82 30 91
1.709272 215 82 30 91
1.711272 215 82 30 91
1.713272 214 82 30 91
1.715272 214 82 30 91
1.717272 214 82 30 91
1.719272 214 82 30 91
1.721272 214 82 30 91
1.723272 213 82 30 91
1.725272 213 82 30 91
1.727272 213 82 30 91
1.729272 213 82 31 91
1.731272 213 82 31 91
1.733272 212 82 31 91
1.735272 212 82 31 91
1.737272 212 82 31 91
1.739272 212 82 31 91
1.741272 211 82 31 91
1.743272 211 82 32 91
1.745272 211 82 32 91
1.747272 211 82 32 91
1.749272 211 82 32 91
1.751272 210 82 32 91
1.753272 210 82 32 91
1.755272 210 82 32 91
1.757272 210 82 33 91
1.759272 209 82 33 91
1.761272 209 82 33 91
1.763272 209 82 33 91
1.765272 209 82 33 91
1.767272 209 82 33 91
1.769272 208 82 33 91
1.771272 208 82 33 91
1.773272 208 82 34 91
1.775272 208 82 34 91
1.777272 207 82 34 91
1.779272 207 82 34 91
1.781272 207 82 34 91
1.783272 207 82 34 91
1.785272 207 82 34 91
1.787272 206 83 35 91
1.789272 206 83 35 91
1.791272 206 83 35 91
1.793272 206 83 35 91
1.795272 205 83 35 91
1.797272 205 83 36 91
1.799272 205 83 36 91
1.801272 205 83 36 91
1.803272 204 83 36 91
1.805272 204 83 36 91
1.807272 204 83 37 91
1.809272 204 83 37 91
1.811272 203 83 37 91
1.813272 203 83 37 91
1.815272 203 83 37 91
1.817272 203 83 37 91
1.819272 202 83 38 91
1.821272 202 83 38 91
1.823272 202 83 38 91
1.825272 202 83 38 91
1.827272 201 83 38 91
1.829272 201 83 39 91
1.831272 201 83 39 91
1.833272 201 83 39 91
1.835272 200 83 39 91
1.837272 200 83 39 91
1.839272 200 83 40 91
1.841272 200 83 40 91
1.843272 199 83 40 91
1.845272 199 83 40 91
1.847272 199 83 40 91
1.849272 199 83 41 91
1.851272 198 83 41 91
1.853272 198 83 41 91
1.855272 198 83 41 91
1.857272 198 83 41 91
1.859272 197 84 42 90
1.861272 197 84 42 90
1.863272 197 84 42 90
1.865272 197 84 42 90
1.867272 197 84 42 90
1.869272 197 84 42 90
1.871272 197 84 42 90
1.873272 197 84 42 90
1.875272 196 84 43 90
1.877272 196 84 43 90
1.879272 196 84 43 90
1.881272 196 84 43 90
1.883272 196 84 43 90
1.885272 196 84 43 90
1.887272 196 84 43 90
1.889272 195 84 44 90
1.891272 195 84 44 90
1.893272 195 84 44 90
1.895272 195 84 44 90
1.897272 195 84 44 90
1.899272 195 84 44 90
1.901272 195 84 44 90
1.903272 194 84 45 90
1.905272 194 84 45 90
1.907272 194 84 45 90
1.909272 194 84 45 90
1.911272 194 84 45 90
1.913272 194 84 45 90
1.915272 194 84 45 90
1.917272 194 84 45 90
1.919272 193 84 46 90
1.921272 193 84 46 90
1.923272 193 84 46 90
1.925272 193 84 46 90
1.927272 193 84 46 90
1.929272 193 84 46 90
1.931272 193 84 46 90
1.933272 192 84 47 90
1.935272 192 84 47 90
1.937272 192 84 47 90
1.939272 192 84 47 90
1.941272 192 84 47 90
1.943272 192 84 47 90
1.945272 192 84 47 90
1.947272 191 84 47 90
1.949272 191 84 47 90
1.951272 191 84 47 90
1.953272 191 84 47 90
1.955272 191 84 47 90
1.957272 191 84 47 90
1.959272 191 84 47 90
1.961272 191 84 47 90
1.963272 190 84 47 90
1.965272 190 84 47 90
1.967272 190 84 47 90
1.969272 190 84 47 91
1.971272 190 84 47 91
1.973272 190 84 47 91
1.975272 190 84 47 91
1.977272 189 84 47 91
1.979272 189 84 47 91
1.981272 189 84 47 91
1.983272 189 84 47 91
1.985272 189 84 47 91
1.987272 189 84 47 91
1.989272 189 84 47 91
1.991272 188 84 47 91
1.993272 188 84 47 91
1.995272 188 84 47 91
1.997272 188 84 47 91
1.999272 188 84 47 91
2.001272 188 84 47 91
2.003272 188 84 47 91
2.005272 188 84 47 91
2.007272 188 84 47 91
2.009272 188 84 47 91
2.011272 188 84 47 91
2.013272 188 84 46 91
2.015272 188 84 46 91
2.017272 188 84 46 91
2.019272 188 84 45 91
2.021272 188 84 45 91
2.023272 188 84 45 91
2.025272 188 84 44 91
2.027272 188 84 44 91
2.029272 188 84 44 91
2.031272 188 84 44 91
2.033272 188 84 43 91
2.035272 188 84 43 91
2.037272 188 84 43 91
2.039272 188 84 42 91
2.041272 188 84 42 91
2.043272 189 84 42 90
2.045272 189 84 41 90
2.047272 189 84 41 90
2.049272 189 84 41 90
2.051272 189 84 41 90
2.053272 189 84 40 90
2.055272 189 84 40 90
2.057272 189 84 40 90
2.059272 189 84 39 90
2.061272 189 84 39 90
2.063272 189 84 39 90
2.065272 189 84 38 90
2.067272 189 84 38 90
2.069272 189 84 38 90
2.071272 189 84 38 90
2.073272 189 84 37 90
2.075272 189 84 37 90
2.077272 189 84 37 90
2.079272 189 84 36 90
2.081272 189 84 36 90
2.083272 189 84 36 90
2.085272 189 84 36 90
2.087272 189 84 36 90
2.089272 189 84 36 90
2.091272 189 84 36 90
2.093272 188 84 35 90
2.095272 188 84 35 90
2.097272 188 84 35 90
2.099272 188 84 35 90
2.101272 188 84 35 90
2.103272 188 84 35 90
2.105272 188 84 35 90
2.107272 187 84 34 90
2.109272 187 84 34 90
2.111272 187 84 34 90
2.113272 187 84 34 90
2.115272 187 84 34 91
2.117272 187 84 34 91
2.119272 187 84 34 91
2.121272 187 84 34 91
2.123272 186 84 33 91
2.125272 186 84 33 91
2.127272 186 84 33 91
2.129272 186 84 33 91
2.131272 186 84 33 91
2.133272 186 84 33 91
2.135272 186 84 33 91
2.137272 185 84 32 91
2.139272 185 84 32 91
2.141272 185 84 32 91
2.143272 185 84 32 91
2.145272 185 84 32 91
2.147272 185 84 32 91
2.149272 185 84 32 91
2.151272 184 83 32 92
2.153272 184 83 32 92
2.155272 184 83 32 92
2.157272 184 83 32 92
2.159272 184 83 32 92
2.161272 183 83 32 92
2.163272 183 83 32 92
2.165272 183 83 32 92
2.167272 183 83 32 92
2.169272 182 83 32 92
2.171272 182 83 32 92
2.173272 182 83 32 92
2.175272 182 83 32 92
2.177272 182 83 33 92
2.179272 181 83 33 92
2.181272 181 83 33 92
2.183272 181 83 33 92
2.185272 181 83 33 92
2.187272 181 83 33 92
2.189272 180 83 33 92
2.191272 180 83 33 92
2.193272 180 83 33 92
2.195272 180 83 33 92
2.197272 179 83 33 92
2.199272 179 83 33 92
2.201272 179 83 34 92
2.203272 179 83 34 92
2.205272 179 83 34 92
2.207272 178 83 34 92
2.209272 178 83 34 92
2.211272 178 83 34 92
2.213272 178 83 34 92
2.215272 177 83 34 92
2.217272 177 83 34 92
2.219272 177 83 34 92
2.221272 177 83 34 92
2.223272 177 83 34 92
2.225272 176 83 35 92
2.227272 176 83 35 92
2.229272 176 83 35 92
2.231272 175 83 36 92
2.233272 175 83 36 92
2.235272 175 83 36 92
2.237272 174 83 37 92
2.239272 174 83 37 92
2.241272 174 83 37 92
2.243272 173 83 37 92
2.245272 173 83 38 92
2.247272 173 83 38 92
2.249272 172 83 38 92
2.251272 172 83 39 92
2.253272 172 83 39 92
2.255272 171 83 39 92
2.257272 171 83 40 92
2.259272 171 83 40 92
2.261272 170 83 40 91
2.263272 170 83 40 91
2.265272 170 83 41 91
2.267272 169 83 41 91
2.269272 169 83 41 91
2.271272 169 83 42 91
2.273272 168 83 42 91
2.275272 168 83 42 91
2.277272 168 83 43 91
2.279272 167 83 43 91
2.281272 167 83 43 91
2.283272 167 83 43 91
2.285272 166 83 44 91
2.287272 166 83 44 91
2.289272 166 83 44 91
2.291272 165 83 45 91
2.293272 165 83 45 91
2.295272 165 83 45 91
2.297272 164 84 46 91
2.299272 164 84 46 91
2.301272 164 84 46 91
2.303272 164 84 46 91
2.305272 164 84 46 91
2.307272 164 84 46 91
2.309272 164 84 46 91
2.311272 164 84 46 91
2.313272 163 84 46 91
2.315272 163 84 46 91
2.317272 163 84 46 91
2.319272 163 84 46 91
2.321272 163 84 47 91
2.323272 163 84 47 91
2.325272 163 84 47 91
2.327272 162 84 47 91
2.329272 162 84 47 91
2.331272 162 84 47 91
2.333272 162 84 47 91
2.335272 162 84 47 91
2.337272 162 84 47 91
2.339272 162 84 47 91
2.341272 161 84 47 91
2.343272 161 84 47 91
2.345272 161 84 47 91
2.347272 161 84 48 91
2.349272 161 84 48 91
2.351272 161 84 48 91
2.353272 161 84 48 91
2.355272 161 84 48 91
2.357272 160 84 48 91
2.359272 160 84 48 91
2.361272 160 84 48 91
2.363272 160 84 48 91
2.365272 160 84 48 91
2.367272 160 84 48 91
2.369272 160 84 48 91
2.371272 159 84 48 90
2.373272 159 84 48 90
2.375272 159 84 48 90
2.377272 159 84 48 90
2.379272 159 84 48 90
2.381272 159 84 48 90
2.383272 159 84 48 90
2.385272 159 84 48 90
2.387272 159 84 48 90
2.389272 159 84 48 90
2.391272 159 84 48 90
2.393272 159 84 48 90
2.395272 158 84 48 90
2.397272 158 84 48 90
2.399272 158 84 48 90
2.401272 158 84 48 90
2.403272 158 84 48 90
2.405272 158 84 48 90
2.407272 158 85 48 89
2.409272 158 85 48 89
2.411272 158 85 48 89
2.413272 158 85 48 89
2.415272 158 85 48 89
2.417272 158 85 48 89
2.419272 157 85 48 89
2.421272 157 85 48 89
2.423272 157 85 48 89
2.425272 157 85 48 89
2.427272 157 85 48 89
2.429272 157 85 48 89
2.431272 157 85 48 89
2.433272 157 85 48 89
2.435272 157 85 48 89
2.437272 157 85 48 89
2.439272 157 85 48 89
2.441272 157 85 48 89
2.443272 156 85 47 89
2.445272 156 85 47 89
2.447272 156 85 47 89
2.449272 156 85 47 89
2.451272 156 85 47 89
2.453272 156 85 47 89
2.455272 156 85 47 89
2.457272 156 85 47 89
2.459272 156 85 47 89
2.461272 156 85 46 89
2.463272 156 85 46 89
2.465272 156 85 46 89
2.467272 155 85 46 89
2.469272 155 85 46 89
2.471272 155 85 46 89
2.473272 155 85 46 89
2.475272 155 85 46 89
2.477272 155 85 46 89
2.479272 155 85 46 89
2.481272 155 84 45 89
2.483272 155 84 45 89
2.485272 155 84 45 89
2.487272 155 84 45 89
2.489272 155 84 45 89
2.491272 155 84 45 89
2.493272 154 84 45 89
2.495272 154 84 45 89
2.497272 154 84 45 89
2.499272 154 84 44 89
2.501272 154 84 44 89
2.503272 154 84 44 89
2.505272 154 84 44 89
2.507272 154 84 44 89
2.509272 154 84 44 89
2.511272 154 84 44 89
2.513272 154 84 44 89
2.515272 154 84 44 89
2.517272 153 83 43 90
2.519272 153 83 43 90
2.521272 153 83 43 90
2.523272 153 83 43 90
2.525272 153 83 43 90
2.527272 153 83 43 90
2.529272 152 83 43 90
2.531272 152 83 42 90
2.533272 152 83 42 90
2.535272 152 83 42 90
2.537272 152 83 42 90
2.539272 152 83 42 90
2.541272 151 83 42 90
2.543272 151 83 42 90
2.545272 151 83 41 90
2.547272 151 83 41 90
2.549272 151 83 41 90
2.551272 151 83 41 90
2.553272 150 83 41 91
2.555272 150 83 41 91
2.557272 150 83 41 91
2.559272 150 83 41 91
2.561272 150 83 40 91
2.563272 150 83 40 91
2.565272 149 83 40 91
2.567272 149 83 40 91
2.569272 149 83 40 91
2.571272 149 83 40 91
2.573272 149 83 40 91
2.575272 149 83 39 91
2.577272 148 83 39 91
2.579272 148 83 39 91
2.581272 148 83 39 91
2.583272 148 83 39 91
2.585272 148 83 39 91
2.587272 148 83 39 91
2.589272 147 83 38 92
2.591272 147 83 38 92
2.593272 147 83 38 92
2.595272 147 83 38 92
2.597272 147 83 38 92
2.599272 146 83 38 92
2.601272 146 83 38 92
2.603272 146 83 38 92
2.605272 146 83 38 92
2.607272 146 83 37 92
2.609272 146 83 37 92
2.611272 145 83 37 92
2.613272 145 83 37 92
2.615272 145 83 37 92
2.617272 145 83 37 92
2.619272 145 83 37 92
2.621272 144 83 37 92
2.623272 144 83 37 92
2.625272 144 83 36 92
2.627272 144 83 36 92
2.629272 144 83 36 92
2.631272 143 83 36 92
2.633272 143 83 36 92
2.635272 143 83 36 92
2.637272 143 83 36 92
2.639272 143 83 36 92
2.641272 142 83 36 92
2.643272 142 83 36 92
2.645272 142 83 35 92
2.647272 142 83 35 92
2.649272 142 83 35 92
2.651272 142 83 35 92
2.653272 141 83 35 92
2.655272 141 83 35 92
2.657272 141 83 35 92
2.659272 141 83 35 92
2.661272 141 83 35 92
2.663272 140 84 35 92
2.665272 140 84 35 92
2.667272 140 84 35 92
2.669272 140 84 35 92
2.671272 140 84 35 92
2.673272 140 84 35 92
2.675272 139 84 35 92
2.677272 139 84 35 92
2.679272 139 84 35 92
2.681272 139 84 35 92
2.683272 139 84 35 92
2.685272 139 84 35 92
2.687272 138 84 36 92
2.689272 138 84 36 92
2.691272 138 84 36 92
2.693272 138 84 36 92
2.695272 138 84 36 92
2.697272 138 84 36 92
2.699272 137 84 36 92
2.701272 137 84 36 92
2.703272 137 84 36 92
2.705272 137 84 36 92
2.707272 137 84 36 92
2.709272 137 84 36 92
2.711272 136 84 37 92
2.713272 136 84 37 92
2.715272 136 84 37 92
2.717272 136 84 37 92
2.719272 136 84 37 92
2.721272 136 84 37 92
2.723272 135 84 37 92
2.725272 135 84 37 92
2.727272 135 84 37 92
2.729272 135 84 37 92
2.731272 135 84 37 92
2.733272 135 84 37 92
2.735272 134 84 38 91
2.737272 134 84 38 91
2.739272 134 84 38 91
2.741272 134 84 38 91
2.743272 133 84 39 91
2.745272 133 84 39 91
2.747272 133 84 39 91
2.749272 132 84 40 91
2.751272 132 84 40 91
2.753272 132 84 40 91
2.755272 131 84 40 91
2.757272 131 84 41 91
2.759272 131 84 41 91
2.761272 130 84 41 91
2.763272 130 84 41 91
2.765272 130 84 42 91
2.767272 130 84 42 91
2.769272 129 84 42 91
2.771272 129 84 43 91
2.773272 129 84 43 91
2.775272 128 84 43 91
2.777272 128 84 43 91
2.779272 128 84 44 91
2.781272 127 84 44 91
2.783272 127 84 44 91
2.785272 127 84 44 91
2.787272 127 84 45 91
2.789272 126 84 45 91
2.791272 126 84 45 91
2.793272 126 84 46 91
2.795272 125 84 46 91
2.797272 125 84 46 91
2.799272 125 84 46 91
2.801272 124 84 47 91
2.803272 124 84 47 91
2.805272 124 84 47 91
2.807272 124 84 47 91
2.809272 123 84 48 91
2.811272 123 84 48 91
2.813272 123 84 48 91
2.815272 123 84 48 91
2.817272 123 84 48 91
2.819272 123 84 48 91
2.821272 122 84 48 91
2.823272 122 84 48 91
2.825272 122 84 48 91
2.827272 122 84 48 91
2.829272 122 84 48 91
2.831272 122 84 48 91
2.833272 121 84 49 91
2.835272 121 84 49 91
2.837272 121 84 49 91
2.839272 121 84 49 91
2.841272 121 84 49 91
2.843272 121 84 49 91
2.845272 120 84 49 91
2.847272 120 84 49 91
2.849272 120 84 49 91
2.851272 120 84 49 91
2.853272 120 84 49 91
2.855272 120 84 49 91
2.857272 119 84 50 91
2.859272 119 84 50 91
2.861272 119 84 50 91
2.863272 119 84 50 91
2.865272 119 84 50 91
2.867272 119 84 50 91
2.869272 118 84 50 91
2.871272 118 84 50 91
2.873272 118 84 50 91
2.875272 118 84 50 91
2.877272 118 84 50 91
2.879272 118 84 50 91
2.881272 117 84 50 91
2.883272 117 84 50 91
2.885272 117 84 50 91
2.887272 117 84 50 91
2.889272 117 84 50 91
2.891272 117 84 50 91
2.893272 117 84 50 91
2.895272 117 84 49 91
2.897272 117 84 49 91
2.899272 117 84 49 91
2.901272 117 84 49 91
2.903272 117 84 49 91
2.905272 117 84 49 91
2.907272 117 84 49 91
2.909272 117 84 49 91
2.911272 117 84 48 91
2.913272 117 84 48 91
2.915272 117 84 48 91
2.917272 116 84 48 91
2.919272 116 84 48 91
2.921272 116 84 48 91
2.923272 116 84 48 91
2.925272 116 84 47 91
2.927272 116 84 47 91
2.929272 116 84 47 91
2.931272 116 84 47 91
2.933272 116 84 47 91
2.935272 116 84 47 91
2.937272 116 84 47 91
2.939272 116 84 46 91
2.941272 116 84 46 91
2.943272 116 84 46 91
2.945272 116 84 46 91
2.947272 116 84 46 91
2.949272 116 84 46 91
2.951272 116 84 46 91
2.953272 116 84 46 91
2.955272 115 85 45 91
2.957272 115 85 45 91
2.959272 115 85 45 91
2.961272 115 85 45 91
2.963272 115 85 45 91
2.965272 114 85 45 91
2.967272 114 85 45 91
2.969272 114 85 45 91
2.971272 114 85 45 91
2.973272 114 85 44 91
2.975272 113 85 44 91
2.977272 113 85 44 91
2.979272 113 85 44 91
2.981272 113 85 44 91
2.983272 113 85 44 91
2.985272 112 85 44 91
2.987272 112 85 44 91
2.989272 112 85 44 91
2.991272 112 85 43 91
2.993272 112 85 43 91
2.995272 111 85 43 91
2.997272 111 85 43 91
2.999272 111 85 43 91
3.001272 111 85 43 91
3.003272 111 85 43 91
3.005272 111 85 43 91
3.007272 110 85 43 91
3.009272 110 85 42 91
3.011272 110 85 42 91
3.013272 110 85 42 91
3.015272 110 85 42 91
3.017272 109 85 42 91
3.019272 109 85 42 91
3.021272 109 85 42 91
3.023272 109 85 42 91
3.025272 109 85 42 91
3.027272 108 84 41 91
3.029272 108 84 41 91
3.031272 108 84 41 91
3.033272 108 84 41 91
3.035272 108 84 40 91
3.037272 108 84 40 91
3.039272 108 84 40 91
3.041272 108 84 40 91
3.043272 108 84 39 91
3.045272 108 84 39 91
3.047272 108 84 39 91
3.049272 108 84 39 91
3.051272 108 84 38 92
3.053272 108 84 38 92
3.055272 108 84 38 92
3.057272 108 84 38 92
3.059272 108 84 37 92
3.061272 108 84 37 92
3.063272 107 83 37 92
3.065272 107 83 37 92
3.067272 107 83 36 92
3.069272 107 83 36 92
3.071272 107 83 36 92
3.073272 107 83 36 92
3.075272 107 83 35 93
3.077272 107 83 35 93
3.079272 107 83 35 93
3.081272 107 83 35 93
3.083272 107 83 34 93
3.085272 107 83 34 93
3.087272 107 83 34 93
3.089272 107 83 34 93
3.091272 107 83 34 93
3.093272 107 83 33 93
3.095272 107 83 33 93
3.097272 107 83 33 93
3.099272 107 83 33 93
3.101272 106 83 33 93
3.103272 106 83 33 93
3.105272 106 83 33 93
3.107272 106 83 33 93
3.109272 105 83 33 93
3.111272 105 83 33 93
3.113272 105 83 33 93
3.115272 105 84 33 93
3.117272 105 84 33 93
3.119272 104 84 34 92
3.121272 104 84 34 92
3.123272 104 84 34 92
3.125272 104 84 34 92
3.127272 103 84 34 92
3.129272 103 85 34 92
3.131272 103 85 34 92
3.133272 103 85 34 92
3.135272 103 85 34 92
3.137272 102 85 35 91
3.139272 102 85 35 91
3.141272 102 85 35 91
3.143272 102 86 35 91
3.145272 101 86 35 91
3.147272 101 86 35 91
3.149272 101 86 35 91
3.151272 101 86 35 91
3.153272 101 86 35 91
3.155272 100 86 36 90
3.157272 100 86 36 90
3.159272 100 87 36 90
3.161272 100 87 36 90
3.163272 100 87 36 90
3.165272 99 87 36 90
3.167272 99 87 36 90
3.169272 99 87 36 90
3.171272 99 87 36 90
3.173272 98 87 37 90
3.175272 98 87 37 90
3.177272 98 87 37 90
3.179272 98 87 37 90
3.181272 97 87 38 90
3.183272 97 87 38 90
3.185272 97 87 38 90
3.187272 97 87 38 90
3.189272 96 87 39 90
3.191272 96 87 39 90
3.193272 96 87 39 90
3.195272 96 87 39 90
3.197272 95 87 40 90
3.199272 95 87 40 90
3.201272 95 87 40 90
3.203272 95 87 40 90
3.205272 94 87 41 90
3.207272 94 87 41 90
3.209272 94 87 41 90
3.211272 94 87 41 90
3.213272 93 87 42 90
3.215272 93 87 42 90
3.217272 93 87 42 90
3.219272 93 87 42 90
3.221272 92 87 43 90
3.223272 92 87 43 90
3.225272 92 87 43 90
3.227272 92 87 43 90
3.229272 91 87 44 90
3.231272 91 87 44 90
3.233272 91 87 44 90
3.235272 91 87 44 90
3.237272 90 87 45 90
3.239272 90 87 45 90
3.241272 90 87 45 90
3.243272 90 87 45 90
3.245272 90 87 45 90
3.247272 89 86 46 91
3.249272 89 86 46 91
3.251272 89 86 46 91
3.253272 89 86 46 91
3.255272 89 86 46 91
3.257272 89 86 46 91
3.259272 89 86 46 91
3.261272 88 86 46 91
3.263272 88 86 46 91
3.265272 88 86 46 91
3.267272 88 86 46 91
3.269272 88 86 46 91
3.271272 88 86 46 91
3.273272 88 86 46 91
3.275272 87 86 46 91
3.277272 87 86 46 91
3.279272 87 86 46 91
3.281272 87 86 46 91
3.283272 87 86 47 91
3.285272 87 86 47 91
3.287272 87 86 47 91
3.289272 86 86 47 91
3.291272 86 86 47 91
3.293272 86 86 47 91
3.295272 86 86 47 91
3.297272 86 86 47 91
3.299272 86 86 47 91
3.301272 86 86 47 91
3.303272 86 86 47 91
3.305272 85 86 47 91
3.307272 85 86 47 91
3.309272 85 86 47 91
3.311272 85 86 47 91
3.313272 85 86 47 91
3.315272 85 86 47 91
3.317272 85 86 47 91
3.319272 84 86 47 90
3.321272 84 86 47 90
3.323272 84 86 47 90
3.325272 84 86 47 90
3.327272 84 86 47 90
3.329272 84 86 47 90
3.331272 84 86 47 90
3.333272 84 86 47 90
3.335272 84 86 47 90
3.337272 84 86 47 90
3.339272 84 86 47 90
3.341272 84 86 47 90
3.343272 84 87 47 90
3.345272 84 87 47 90
3.347272 84 87 47 90
3.349272 84 87 47 90
3.351272 84 87 47 90
3.353272 84 87 47 90
3.355272 83 87 46 89
3.357272 83 87 46 89
3.359272 83 87 46 89
3.361272 83 87 46 89
3.363272 83 87 46 89
3.365272 83 87 46 89
3.367272 83 88 46 89
3.369272 83 88 46 89
3.371272 83 88 46 89
3.373272 83 88 46 89
3.375272 83 88 46 89
3.377272 83 88 46 89
3.379272 83 88 46 89
3.381272 83 88 46 89
3.383272 83 88 46 89
3.385272 83 88 46 89
3.387272 83 88 46 89
3.389272 83 88 46 89
3.391272 82 88 45 89
3.393272 82 88 45 89
3.395272 82 88 45 89
3.397272 82 88 45 89
3.399272 82 88 45 89
3.401272 82 88 45 89
3.403272 82 88 45 89
3.405272 82 88 45 89
3.407272 82 88 44 89
3.409272 82 88 44 89
3.411272 82 88 44 89
3.413272 82 88 44 89
3.415272 82 88 44 89
3.417272 81 88 44 89
3.419272 81 88 44 89
3.421272 81 88 43 89
3.423272 81 88 43 89
3.425272 81 88 43 89
3.427272 81 88 43 89
3.429272 81 87 43 89
3.431272 81 87 43 89
3.433272 81 87 43 89
3.435272 81 87 42 89
3.437272 81 87 42 89
3.439272 81 87 42 89
3.441272 80 87 42 89
3.443272 80 87 42 89
3.445272 80 87 42 89
3.447272 80 87 42 89
3.449272 80 87 42 89
3.451272 80 87 41 89
3.453272 80 87 41 89
3.455272 80 87 41 89
3.457272 80 87 41 89
3.459272 80 87 41 89
3.461272 80 87 41 89
3.463272 80 87 41 89
3.465272 79 87 40 89
3.467272 79 87 40 89
3.469272 79 87 40 89
3.471272 79 87 40 89
3.473272 78 87 40 89
3.475272 78 87 40 89
3.477272 78 87 39 89
3.479272 78 87 39 89
3.481272 77 87 39 89
3.483272 77 87 39 89
3.485272 77 87 39 89
3.487272 77 87 39 89
3.489272 76 87 38 89
3.491272 76 87 38 89
3.493272 76 87 38 89
3.495272 76 87 38 89
3.497272 75 87 38 89
3.499272 75 87 38 89
3.501272 75 87 37 90
3.503272 75 87 37 90
3.505272 74 87 37 90
3.507272 74 87 37 90
3.509272 74 87 37 90
3.511272 74 87 37 90
3.513272 73 87 36 90
3.515272 73 87 36 90
3.517272 73 87 36 90
3.519272 73 87 36 90
3.521272 72 87 36 90
3.523272 72 87 36 90
3.525272 72 87 35 90
3.527272 72 87 35 90
3.529272 71 87 35 90
3.531272 71 87 35 90
3.533272 71 87 35 90
3.535272 71 87 35 90
3.537272 70 87 34 90
3.539272 70 87 34 90
3.541272 70 87 34 90
3.543272 70 87 34 90
3.545272 70 87 34 90
3.547272 70 87 34 90
3.549272 70 87 34 90
3.551272 70 87 34 90
3.553272 70 87 34 90
3.555272 70 87 34 90
3.557272 70 87 34 90
3.559272 70 87 34 90
3.561272 70 87 34 90
3.563272 69 87 34 90
3.565272 69 87 34 90
3.567272 69 87 34 90
3.569272 69 87 34 90
3.571272 69 87 34 90
3.573272 69 87 34 90
3.575272 69 87 34 89
3.577272 69 87 34 89
3.579272 69 87 34 89
3.581272 69 87 34 89
3.583272 69 87 34 89
3.585272 69 87 34 89
3.587272 68 87 34 89
3.589272 68 87 34 89
3.591272 68 87 34 89
3.593272 68 87 34 89
3.595272 68 87 34 89
3.597272 68 87 34 89
3.599272 68 87 34 89
3.601272 68 87 34 89
3.603272 68 87 34 89
3.605272 68 87 34 89
3.607272 68 87 34 89
3.609272 68 87 34 89
3.611272 67 88 34 89
3.613272 67 88 34 89
3.615272 67 88 34 89
3.617272 67 88 34 89
3.619272 66 88 35 89
3.621272 66 88 35 89
3.623272 66 88 35 89
3.625272 65 88 35 89
3.627272 65 88 36 89
3.629272 65 88 36 89
3.631272 65 88 36 89
3.633272 64 88 36 89
3.635272 64 88 37 89
3.637272 64 88 37 89
3.639272 64 88 37 89
3.641272 63 88 37 89
3.643272 63 88 38 89
3.645272 63 88 38 89
3.647272 62 88 38 89
3.649272 62 88 38 89
3.651272 62 88 39 89
3.653272 62 88 39 89
3.655272 61 88 39 89
3.657272 61 88 39 89
3.659272 61 88 40 89
3.661272 60 88 40 89
3.663272 60 88 40 89
3.665272 60 88 40 89
3.667272 60 88 41 89
3.669272 59 88 41 89
3.671272 59 88 41 89
3.673272 59 88 41 89
3.675272 59 88 42 89
3.677272 58 88 42 89
3.679272 58 88 42 89
3.681272 58 88 42 89
3.683272 57 88 43 89
3.685272 57 88 43 89
3.687272 57 88 43 89
3.689272 57 88 43 89
3.691272 57 88 43 89
3.693272 56 88 43 89
3.695272 56 88 44 89
3.697272 56 88 44 89
3.699272 56 88 44 89
3.701272 56 88 44 89
3.703272 55 88 44 89
3.705272 55 88 45 89
3.707272 55 88 45 89
3.709272 55 88 45 89
3.711272 54 88 45 89
3.713272 54 88 45 89
3.715272 54 88 46 89
3.717272 54 88 46 89
3.719272 54 88 46 89
3.721272 53 88 46 90
3.723272 53 88 46 90
3.725272 53 88 47 90
3.727272 53 88 47 90
3.729272 52 88 47 90
3.731272 52 88 47 90
3.733272 52 88 47 90
3.735272 52 88 48 90
3.737272 52 88 48 90
3.739272 51 88 48 90
3.741272 51 88 48 90
3.743272 51 88 48 90
3.745272 51 88 48 90
3.747272 50 88 49 90
3.749272 50 88 49 90
3.751272 50 88 49 90
3.753272 50 88 49 90
3.755272 50 88 49 90
3.757272 49 88 50 91
3.759272 49 88 50 91
3.761272 49 88 50 91
3.763272 49 88 50 91
3.765272 49 88 50 91
3.767272 48 88 50 91
3.769272 48 88 50 91
3.771272 48 88 50 92
3.773272 48 88 50 92
3.775272 48 88 50 92
3.777272 47 88 50 92
3.779272 47 88 50 92
3.781272 47 88 51 92
3.783272 47 88 51 92
3.785272 47 88 51 93
3.787272 47 88 51 93
3.789272 46 88 51 93
3.791272 46 88 51 93
3.793272 46 88 51 93
3.795272 46 88 51 93
3.797272 46 88 51 93
3.799272 45 88 51 93
3.801272 45 88 51 94
3.803272 45 88 51 94
3.805272 45 88 52 94
3.807272 45 88 52 94
3.809272 44 88 52 94
3.811272 44 88 52 94
3.813272 44 88 52 94
3.815272 44 88 52 95
3.817272 44 88 52 95
3.819272 43 88 52 95
3.821272 43 88 52 95
3.823272 43 88 52 95
3.825272 43 88 52 95
3.827272 43 88 52 95
3.829272 42 89 52 95
3.831272 42 89 52 95
3.833272 42 89 52 95
3.835272 42 89 52 95
3.837272 42 89 52 95
3.839272 42 89 52 95
3.841272 42 89 52 94
3.843272 42 89 52 94
3.845272 42 89 51 94
3.847272 42 89 51 94
3.849272 42 89 51 94
3.851272 42 89 51 93
3.853272 42 89 51 93
3.855272 41 89 51 93
3.857272 41 89 51 93
3.859272 41 89 50 93
3.861272 41 89 50 92
3.863272 41 89 50 92
3.865272 41 89 50 92
3.867272 41 89 50 92
3.869272 41 89 50 92
3.871272 41 89 50 91
3.873272 41 89 49 91
3.875272 41 89 49 91
3.877272 41 89 49 91
3.879272 40 89 49 91
3.881272 40 89 49 90
3.883272 40 89 49 90
3.885272 40 89 49 90
3.887272 40 89 49 90
3.889272 40 89 48 90
3.891272 40 89 48 90
3.893272 40 89 48 89
3.895272 40 89 48 89
3.897272 40 89 48 89
3.899272 40 89 48 89
3.901272 40 89 48 89
3.903272 39 89 47 89
3.905272 39 89 47 89
3.907272 39 89 47 89
3.909272 39 89 47 89
3.911272 39 89 46 89
3.913272 39 89 46 89
3.915272 39 89 46 89
3.917272 39 89 46 89
3.919272 39 89 46 89
3.921272 39 89 45 89
3.923272 39 89 45 89
3.925272 39 89 45 89
3.927272 39 89 45 89
3.929272 39 89 45 89
3.931272 39 89 44 89
3.933272 39 89 44 89
3.935272 39 89 44 89
3.937272 39 89 44 89
3.939272 38 89 43 90
3.941272 38 89 43 90
3.943272 38 89 43 90
3.945272 38 89 43 90
3.947272 38 89 43 90
3.949272 38 89 42 90
3.951272 38 89 42 90
3.953272 38 89 42 90
3.955272 38 89 42 90
3.957272 38 89 41 90
3.959272 38 89 41 90
3.961272 38 89 41 90
3.963272 38 89 41 90
3.965272 38 89 41 90
3.967272 38 89 40 90
3.969272 38 89 40 90
3.971272 38 89 40 90
3.973272 38 89 40 90
3.975272 37 88 39 91
3.977272 37 88 39 91
3.979272 37 88 39 91
3.981272 37 88 39 91
3.983272 37 88 39 91
3.985272 37 88 39 91
3.987272 36 88 39 91
3.989272 36 88 39 91
3.991272 36 88 39 91
3.993272 36 88 39 91
3.995272 36 88 39 91
3.997272 36 88 39 91
3.999272 35 88 39 91
4.001272 35 88 39 91
4.003272 35 88 39 91
4.005272 35 88 39 91
4.007272 35 88 39 91
4.009272 35 88 39 91
4.011272 35 88 39 91
4.013272 34 88 38 92
4.015272 34 88 38 92
4.017272 34 88 38 92
4.019272 34 88 38 92
4.021272 34 88 38 92
4.023272 34 88 38 92
4.025272 33 88 38 92
4.027272 33 88 38 92
4.029272 33 88 38 92
4.031272 33 88 38 92
4.033272 33 88 38 92
4.035272 33 88 38 92
4.037272 32 88 38 92
4.039272 32 88 38 92
4.041272 32 88 38 92
4.043272 32 88 38 92
4.045272 32 88 38 92
4.047272 32 88 38 92
4.049272 31 88 38 92
4.051272 31 88 38 92
4.053272 31 88 38 92
4.055272 31 88 38 92
4.057272 31 88 38 92
4.059272 31 88 38 92
4.061272 30 88 38 91
4.063272 30 88 38 91
4.065272 30 88 38 91
4.067272 30 88 38 91
4.069272 30 88 38 91
4.071272 30 88 38 91
4.073272 29 89 38 90
4.075272 29 89 38 90
4.077272 29 89 38 90
4.079272 29 89 38 90
4.081272 29 89 38 90
4.083272 29 89 38 90
4.085272 28 89 38 89
4.087272 28 89 38 89
4.089272 28 89 38 89
4.091272 28 89 38 89
4.093272 28 89 38 89
4.095272 28 89 38 89
4.097272 27 90 38 88
4.099272 27 90 38 88
4.101272 27 90 38 88
4.103272 27 90 38 88
4.105272 27 90 38 88
4.107272 27 90 38 88
4.109272 26 90 38 87
4.111272 26 90 38 87
4.113272 26 90 38 87
4.115272 26 90 38 87
4.117272 26 90 38 87
4.119272 26 90 38 87
4.121272 25 91 39 86
4.123272 25 91 39 86
4.125272 25 91 39 86
4.127272 25 91 39 86
4.129272 25 91 39 86
4.131272 25 91 39 86
4.133272 25 91 39 86
4.135272 25 91 39 86
4.137272 24 91 39 86
4.139272 24 91 39 86
4.141272 24 91 39 86
4.143272 24 91 39 86
4.145272 24 91 39 86
4.147272 24 91 39 86
4.149272 24 91 39 86
4.151272 23 91 39 86
4.153272 23 91 39 86
4.155272 23 91 39 86
4.157272 23 91 39 86
4.159272 23 91 40 86
4.161272 23 91 40 86
4.163272 23 91 40 86
4.165272 22 91 40 86
4.167272 22 91 40 86
4.169272 22 91 40 86
4.171272 22 91 40 86
4.173272 22 91 40 86
4.175272 22 91 40 86
4.177272 22 91 40 86
4.179272 21 91 40 86
4.181272 21 91 40 86
4.183272 21 91 40 86
4.185272 21 91 40 86
4.187272 21 91 40 86
4.189272 21 91 40 86
4.191272 21 91 40 86
4.193272 21 91 40 86
4.195272 20 92 41 85
4.197272 20 92 41 85
4.199272 20 92 41 85
4.201272 20 92 41 85
4.203272 20 92 41 85
4.205272 20 92 41 85
4.207272 20 92 41 85
4.209272 20 92 41 85
4.211272 20 92 41 85
4.213272 20 92 41 85
4.215272 20 92 41 85
4.217272 20 92 41 85
4.219272 19 92 42 85
4.221272 19 92 42 85
4.223272 19 92 42 85
4.225272 19 92 42 85
4.227272 19 92 42 85
4.229272 19 92 42 85
4.231272 19 92 42 85
4.233272 19 92 42 85
4.235272 19 92 42 85
4.237272 19 92 42 85
4.239272 19 92 42 85
4.241272 19 92 42 85
4.243272 18 92 43 85
4.245272 18 92 43 85
4.247272 18 92 43 85
4.249272 18 92 43 85
4.251272 18 92 43 85
4.253272 18 92 43 85
4.255272 18 92 43 85
4.257272 18 92 43 85
4.259272 18 92 43 85
4.261272 18 92 43 85
4.263272 18 92 43 85
4.265272 18 92 43 85
4.267272 17 92 43 85
4.269272 17 92 43 85
4.271272 17 92 43 85
4.273272 17 92 43 85
4.275272 17 92 43 85
4.277272 17 92 43 85
4.279272 17 92 43 85
4.281272 17 92 43 85
4.283272 17 92 43 85
4.285272 16 92 43 85
4.287272 16 92 43 85
4.289272 16 92 43 85
4.291272 16 92 43 85
4.293272 16 92 43 85
4.295272 16 92 43 85
4.297272 16 92 43 85
4.299272 16 92 43 85
4.301272 16 92 43 85
4.303272 15 92 42 85
4.305272 15 92 42 85
4.307272 15 92 42 85
4.309272 15 92 42 85
4.311272 15 92 42 85
4.313272 15 92 42 85
4.315272 15 92 42 85
4.317272 15 92 42 85
4.319272 15 92 42 85
4.321272 15 92 42 85
4.323272 14 92 42 85
4.325272 14 92 42 85
4.327272 14 92 42 85
4.329272 14 92 42 85
4.331272 14 92 42 85
4.333272 14 92 42 85
4.335272 14 92 42 85
4.337272 14 92 42 85
4.339272 14 92 42 85
4.341272 13 91 41 85
4.343272 13 91 41 85
4.345272 13 91 41 85
4.347272 13 91 41 85
4.349272 13 91 41 85
4.351272 13 91 41 85
4.353272 13 91 40 85
4.355272 13 91 40 85
4.357272 13 91 40 85
4.359272 13 91 40 85
4.361272 13 91 40 85
4.363272 13 91 40 85
4.365272 12 91 39 85
4.367272 12 91 39 85
4.369272 12 91 39 85
4.371272 12 91 39 85
4.373272 12 91 39 85
4.375272 12 91 39 85
4.377272 12 90 38 86
4.379272 12 90 38 86
4.381272 12 90 38 86
4.383272 12 90 38 86
4.385272 12 90 38 86
4.387272 12 90 38 86
4.389272 11 90 37 86
4.391272 11 90 37 86
4.393272 11 90 37 86
4.395272 11 90 37 86
4.397272 11 90 37 86
4.399272 11 90 37 86
4.401272 11 90 36 86
4.403272 11 90 36 86
4.405272 11 90 36 86
4.407272 11 90 36 86
4.409272 11 90 36 86
4.411272 11 90 36 86
4.413272 10 90 35 86
4.415272 10 90 35 86
4.417272 10 90 35 86
4.419272 10 90 35 86
4.421272 10 90 35 86
4.423272 10 90 35 86
4.425272 10 90 35 86
4.427272 9 90 35 86
4.429272 9 90 35 86
4.431272 9 91 35 85
4.433272 9 91 35 85
4.435272 9 91 35 85
4.437272 9 91 34 85
4.439272 9 91 34 85
4.441272 9 91 34 85
4.443272 8 91 34 85
4.445272 8 91 34 85
4.447272 8 91 34 85
4.449272 8 92 34 84
4.451272 8 92 34 84
4.453272 8 92 34 84
4.455272 8 92 34 84
4.457272 7 92 34 84
4.459272 7 92 34 84
4.461272 7 92 34 84
4.463272 7 92 33 84
4.465272 7 92 33 84
4.467272 7 92 33 84
4.469272 7 93 33 83
4.471272 6 93 33 83
4.473272 6 93 33 83
4.475272 6 93 33 83
4.477272 6 93 33 83
4.479272 6 93 33 83
4.481272 6 93 33 83
4.483272 6 93 33 83
4.485272 6 93 33 83
4.487272 5 93 33 83
4.489272 5 93 33 83
4.491272 5 93 33 83
4.493272 5 93 33 83
4.495272 5 93 33 83
4.497272 5 93 33 83
4.499272 5 93 33 83
4.501272 5 93 33 83
4.503272 5 93 33 83
4.505272 4 93 33 83
4.507272 4 93 33 83
4.509272 4 93 33 83
4.511272 4 93 34 83
4.513272 4 93 34 83
4.515272 4 93 34 83
4.517272 4 93 34 83
4.519272 4 93 34 83
4.521272 4 93 34 83
4.523272 3 92 34 83
4.525272 3 92 34 83
4.527272 3 92 34 83
4.529272 3 92 34 83
4.531272 3 92 34 83
4.533272 3 92 34 83
4.535272 3 92 35 83
4.537272 3 92 35 83
4.539272 3 92 35 83
4.541272 2 92 35 83
4.543272 2 92 35 83
4.545272 2 92 35 83
4.547272 2 92 35 83
4.549272 2 92 35 83
4.551272 2 92 35 83
4.553272 2 92 35 83
4.555272 2 92 35 83
4.557272 2 92 35 83
4.559272 1 92 35 83
4.561272 1 92 35 83
4.563272 1 92 35 83
4.565272 1 92 35 83
4.567272 1 92 35 83
4.569272 1 92 35 83
4.571272 1 92 35 83
4.573272 1 92 35 83
4.575272 1 92 35 83
4.577272 1 92 35 83
4.579272 1 92 35 83
4.581272 1 92 35 83
4.583272 1 92 35 83
4.585272 1 92 35 83
4.587272 1 92 35 83
4.589272 1 92 35 83
4.591272 1 92 35 83
4.593272 1 92 35 83
4.595272 1 92 35 83
4.597272 1 92 35 83
4.599272 1 92 35 83
4.601272 1 92 35 83
4.603272 1 92 35 83
4.605272 1 92 35 83
4.607272 1 92 35 83
4.609272 1 92 35 83
4.611272 1 92 35 83
4.613272 1 92 35 83
4.615272 1 92 35 83
4.617272 1 92 35 83
4.619272 1 92 35 83
4.621272 1 92 35 83
4.623272 1 92 35 83
4.625272 1 92 35 83
4.627272 1 92 35 83
4.629272 1 92 35 83
4.631272 1 92 35 83
