0.030480 256 211 20 27
0.032480 255 211 20 26
0.034480 255 211 20 26
0.036480 255 211 20 26
0.038480 255 211 20 26
0.040480 255 211 20 26
0.042480 254 211 21 25
0.044480 254 211 21 25
0.046480 254 211 21 25
0.048480 254 211 21 25
0.050480 254 211 21 25
0.052480 254 211 21 25
0.054480 253 211 22 24
0.056480 253 211 22 24
0.058480 253 211 22 24
0.060480 253 211 22 24
0.062480 253 211 22 24
0.064480 252 212 22 24
0.066480 252 212 22 24
0.068480 252 212 22 24
0.070480 252 212 22 24
0.072480 252 212 22 24
0.074480 252 212 22 24
0.076480 252 212 22 24
0.078480 252 212 22 24
0.080480 252 212 22 24
0.082480 252 212 22 24
0.084480 252 212 22 24
0.086480 252 212 22 24
0.088480 252 212 22 24
0.090480 252 212 22 24
0.092480 252 212 22 24
0.094480 252 212 22 24
0.096480 252 212 22 24
0.098480 251 212 22 24
0.100480 251 212 22 24
0.102480 251 212 22 24
0.104480 251 212 22 24
0.106480 251 212 22 24
0.108480 250 212 22 24
0.110480 250 212 22 24
0.112480 250 212 22 24
0.114480 250 212 23 24
0.116480 250 212 23 24
0.118480 250 212 23 24
0.120480 249 212 23 24
0.122480 249 212 23 24
0.124480 249 212 23 24
0.126480 249 212 23 24
0.128480 249 212 23 24
0.130480 248 212 24 24
0.132480 248 212 24 24
0.134480 248 212 24 24
0.136480 248 212 24 24
0.138480 248 212 24 24
0.140480 248 212 24 24
0.142480 248 212 24 24
0.144480 248 212 24 24
0.146480 248 212 24 24
0.148480 248 212 25 24
0.150480 248 212 25 24
0.152480 248 212 25 24
0.154480 248 212 25 24
0.156480 248 212 25 24
0.158480 248 212 25 24
0.160480 248 212 25 24
0.162480 248 212 25 24
0.164480 248 212 25 25
0.166480 248 212 25 25
0.168480 248 212 25 25
0.170480 248 212 25 25
0.172480 248 212 25 25
0.174480 248 212 25 25
0.176480 248 212 25 25
0.178480 248 212 25 25
0.180480 248 212 24 25
0.182480 248 212 24 25
0.184480 248 212 24 25
0.186480 248 212 24 25
0.188480 248 212 24 25
0.190480 248 212 24 25
0.192480 248 212 24 25
0.194480 248 212 24 25
0.196480 248 212 24 25
0.198480 247 211 23 25
0.200480 247 211 23 25
0.202480 247 211 23 25
0.204480 247 211 23 25
0.206480 247 211 23 25
0.208480 247 211 23 25
0.210480 247 211 23 25
0.212480 247 211 23 25
0.214480 247 211 23 25
0.216480 247 211 23 25
0.218480 247 211 23 25
0.220480 247 211 23 25
0.222480 247 211 23 25
0.224480 247 211 23 25
0.226480 247 211 23 25
0.228480 247 211 23 25
0.230480 246 211 23 25
0.232480 246 211 23 25
0.234480 246 211 23 25
0.236480 246 211 23 25
0.238480 246 211 23 25
0.240480 246 211 23 25
0.242480 246 211 23 25
0.244480 246 211 23 25
0.246480 246 211 23 25
0.248480 246 211 23 25
0.250480 246 211 23 25
0.252480 246 211 23 25
0.254480 246 211 23 25
0.256480 246 211 23 25
0.258480 246 211 23 25
0.260480 246 211 23 25
0.262480 246 211 23 25
0.264480 245 210 23 26
0.266480 245 210 23 26
0.268480 245 210 23 26
0.270480 245 210 23 26
0.272480 245 210 23 26
0.274480 245 210 23 26
0.276480 245 210 23 26
0.278480 245 210 23 26
0.280480 245 210 23 27
0.282480 245 210 23 27
0.284480 245 210 23 27
0.286480 245 210 23 27
0.288480 245 210 23 27
0.290480 245 210 23 27
0.292480 245 210 23 27
0.294480 245 210 23 27
0.296480 245 210 23 27
0.298480 244 210 23 27
0.300480 244 210 23 27
0.302480 244 210 23 27
0.304480 244 210 23 27
0.306480 244 210 23 27
0.308480 244 210 23 27
0.310480 244 210 23 27
0.312480 244 210 23 27
0.314480 243 210 23 26
0.316480 243 210 23 26
0.318480 243 210 23 26
0.320480 243 210 23 26
0.322480 243 210 23 26
0.324480 243 210 23 26
0.326480 243 210 23 26
0.328480 243 210 23 26
0.330480 242 210 23 26
0.332480 242 210 23 26
0.334480 242 210 23 26
0.336480 242 210 23 26
0.338480 242 210 24 26
0.340480 242 210 24 26
0.342480 241 210 24 26
0.344480 241 210 25 26
0.346480 241 210 25 26
0.348480 241 210 25 26
0.350480 241 210 26 26
0.352480 241 210 26 26
0.354480 240 210 26 26
0.356480 240 210 26 26
0.358480 240 210 27 26
0.360480 240 210 27 26
0.362480 240 210 27 26
0.364480 240 210 27 26
0.366480 240 210 27 26
0.368480 240 210 27 26
0.370480 240 210 26 26
0.372480 240 210 26 26
0.374480 240 210 26 26
0.376480 240 210 26 26
0.378480 240 210 25 26
0.380480 240 210 25 26
0.382480 240 210 25 26
0.384480 240 210 24 26
0.386480 240 210 24 26
0.388480 240 210 24 26
0.390480 240 210 23 26
0.392480 240 210 23 26
0.394480 240 210 23 26
0.396480 240 210 23 26
0.398480 240 209 22 26
0.400480 240 209 22 26
0.402480 240 209 22 26
0.404480 240 209 22 25
0.406480 240 209 22 25
0.408480 240 209 21 25
0.410480 240 209 21 24
0.412480 240 209 21 24
0.414480 239 209 21 24
0.416480 239 209 21 24
0.418480 239 209 21 23
0.420480 239 209 20 23
0.422480 239 209 20 23
0.424480 239 209 20 22
0.426480 239 209 20 22
0.428480 239 209 20 22
0.430480 238 209 20 22
0.432480 238 209 20 22
0.434480 238 209 20 22
0.436480 238 209 20 22
0.438480 238 209 20 22
0.440480 238 209 20 22
0.442480 238 209 20 22
0.444480 238 209 20 22
0.446480 238 209 20 22
0.448480 237 209 20 22
0.450480 237 209 20 22
0.452480 237 209 20 22
0.454480 237 209 20 22
0.456480 237 209 20 22
0.458480 237 209 20 22
0.460480 237 209 20 22
0.462480 237 209 20 22
0.464480 236 210 21 23
0.466480 236 210 21 23
0.468480 236 210 21 23
0.470480 236 210 21 23
0.472480 236 210 21 23
0.474480 236 210 21 23
0.476480 236 210 21 23
0.478480 236 210 21 23
0.480480 236 210 21 23
0.482480 236 210 21 23
0.484480 236 210 21 23
0.486480 236 210 21 23
0.488480 236 210 21 23
0.490480 236 210 21 23
0.492480 236 210 21 23
0.494480 236 210 21 23
0.496480 236 210 21 23
0.498480 235 210 22 23
0.500480 235 210 22 23
0.502480 235 210 22 23
0.504480 235 210 22 23
0.506480 235 210 22 23
0.508480 234 210 22 23
0.510480 234 210 22 23
0.512480 234 210 22 23
0.514480 234 210 22 24
0.516480 234 210 22 24
0.518480 234 210 22 24
0.520480 233 210 22 24
0.522480 233 210 22 24
0.524480 233 210 22 24
0.526480 233 210 22 24
0.528480 233 210 22 24
0.530480 232 209 23 25
0.532480 232 209 23 25
0.534480 232 209 23 25
0.536480 232 209 23 25
0.538480 232 209 23 25
0.540480 232 209 24 25
0.542480 232 209 24 25
0.544480 232 209 24 25
0.546480 232 209 24 25
0.548480 231 209 25 25
0.550480 231 209 25 25
0.552480 231 209 25 25
0.554480 231 209 25 25
0.556480 231 209 26 25
0.558480 231 209 26 25
0.560480 231 209 26 25
0.562480 231 209 26 25
0.564480 230 209 26 24
0.566480 230 209 26 24
0.568480 230 209 26 24
0.570480 230 209 26 24
0.572480 230 209 26 24
0.574480 230 209 26 24
0.576480 230 209 26 24
0.578480 230 209 26 24
0.580480 230 209 26 24
0.582480 230 209 26 24
0.584480 230 209 26 24
0.586480 230 209 26 24
0.588480 230 209 26 24
0.590480 230 209 26 24
0.592480 230 209 26 24
0.594480 230 209 26 24
0.596480 230 209 26 24
0.598480 229 209 25 24
0.600480 229 209 25 24
0.602480 229 209 25 24
0.604480 229 209 25 24
0.606480 229 209 25 24
0.608480 229 209 24 25
0.610480 229 209 24 25
0.612480 229 209 24 25
0.614480 229 209 24 25
0.616480 229 209 24 25
0.618480 229 209 24 25
0.620480 229 209 23 26
0.622480 229 209 23 26
0.624480 229 209 23 26
0.626480 229 209 23 26
0.628480 229 209 23 26
0.630480 228 209 23 26
0.632480 228 209 23 26
0.634480 228 209 23 26
0.636480 228 209 23 26
0.638480 228 209 23 26
0.640480 228 209 23 25
0.642480 228 209 23 25
0.644480 228 209 23 25
0.646480 228 209 23 25
0.648480 227 209 23 24
0.650480 227 209 23 24
0.652480 227 209 23 24
0.654480 227 209 23 24
0.656480 227 209 23 23
0.658480 227 209 23 23
0.660480 227 209 23 23
0.662480 227 209 23 23
0.664480 226 209 23 23
0.666480 226 209 23 23
0.668480 226 209 23 23
0.670480 226 209 23 23
0.672480 226 209 23 23
0.674480 226 209 23 23
0.676480 226 209 24 23
0.678480 226 209 24 23
0.680480 225 209 24 23
0.682480 225 209 24 23
0.684480 225 209 24 23
0.686480 225 209 25 23
0.688480 225 209 25 23
0.690480 225 209 25 23
0.692480 225 209 25 23
0.694480 225 209 25 23
0.696480 225 209 25 23
0.698480 224 209 25 22
0.700480 224 209 25 22
0.702480 224 209 25 22
0.704480 224 209 25 22
0.706480 224 209 25 22
0.708480 224 209 24 22
0.710480 224 209 24 22
0.712480 224 209 24 22
0.714480 223 209 24 22
0.716480 223 209 24 22
0.718480 223 209 24 22
0.720480 223 209 23 22
0.722480 223 209 23 22
0.724480 223 209 23 22
0.726480 223 209 23 22
0.728480 223 209 23 22
0.730480 222 209 23 22
0.732480 222 209 23 22
0.734480 222 209 23 22
0.736480 222 209 23 22
0.738480 222 209 23 22
0.740480 222 209 23 22
0.742480 221 209 23 22
0.744480 221 209 23 22
0.746480 221 209 23 22
0.748480 221 209 24 23
0.750480 221 209 24 23
0.752480 221 209 24 23
0.754480 220 209 24 23
0.756480 220 209 24 23
0.758480 220 209 24 23
0.760480 220 209 24 23
0.762480 220 209 24 23
0.764480 220 208 24 23
0.766480 220 208 24 23
0.768480 220 208 24 23
0.770480 220 208 24 23
0.772480 220 208 24 23
0.774480 220 208 24 23
0.776480 220 208 23 23
0.778480 220 208 23 23
0.780480 220 208 23 23
0.782480 220 208 23 23
0.784480 220 208 23 23
0.786480 220 208 22 23
0.788480 220 208 22 23
0.790480 220 208 22 23
0.792480 220 208 22 23
0.794480 220 208 22 23
0.796480 220 208 22 23
0.798480 219 207 22 23
0.800480 219 207 22 23
0.802480 219 207 22 23
0.804480 219 207 22 23
0.806480 219 207 22 23
0.808480 219 207 22 23
0.810480 219 207 22 23
0.812480 219 207 22 23
0.814480 218 207 23 24
0.816480 218 207 23 24
0.818480 218 207 23 24
0.820480 218 207 23 24
0.822480 218 207 23 24
0.824480 218 207 23 24
0.826480 218 207 23 24
0.828480 218 207 23 24
0.830480 217 207 24 25
0.832480 217 207 24 25
0.834480 217 207 24 25
0.836480 217 207 24 25
0.838480 217 207 24 25
0.840480 217 207 24 25
0.842480 216 207 25 25
0.844480 216 207 25 25
0.846480 216 207 25 25
0.848480 216 207 25 25
0.850480 216 207 25 25
0.852480 216 207 25 25
0.854480 215 207 26 25
0.856480 215 207 26 25
0.858480 215 207 26 25
0.860480 215 207 26 25
0.862480 215 207 26 25
0.864480 214 207 26 24
0.866480 214 207 26 24
0.868480 214 207 26 24
0.870480 214 207 26 24
0.872480 214 207 26 24
0.874480 214 207 26 24
0.876480 213 207 26 24
0.878480 213 207 26 24
0.880480 213 207 26 24
0.882480 213 207 26 24
0.884480 213 207 26 24
0.886480 212 207 26 24
0.888480 212 207 26 24
0.890480 212 207 26 24
0.892480 212 207 26 24
0.894480 212 207 26 24
0.896480 212 207 26 24
0.898480 212 207 26 24
0.900480 212 207 26 24
0.902480 212 207 26 24
0.904480 212 207 26 24
0.906480 212 207 26 24
0.908480 212 207 26 24
0.910480 212 207 26 24
0.912480 212 207 26 24
0.914480 212 207 26 24
0.916480 212 207 26 24
0.918480 212 207 26 24
0.920480 212 207 26 24
0.922480 212 207 26 24
0.924480 212 207 26 24
0.926480 212 207 26 24
0.928480 212 207 26 24
0.930480 211 206 25 25
0.932480 211 206 25 25
0.934480 211 206 25 25
0.936480 211 206 25 25
0.938480 211 206 25 25
0.940480 211 206 25 25
0.942480 210 206 25 25
0.944480 210 206 25 25
0.946480 210 206 25 25
0.948480 210 206 24 26
0.950480 210 206 24 26
0.952480 210 206 24 26
0.954480 209 206 24 26
0.956480 209 206 24 26
0.958480 209 206 24 26
0.960480 209 206 24 26
0.962480 209 206 24 26
0.964480 208 206 24 26
0.966480 208 206 24 26
0.968480 208 206 24 26
0.970480 208 206 24 26
0.972480 208 206 24 26
0.974480 208 206 24 26
0.976480 208 206 24 26
0.978480 208 206 24 26
0.980480 208 206 24 26
0.982480 208 206 24 26
0.984480 208 206 24 26
0.986480 208 206 24 26
0.988480 208 206 24 26
0.990480 208 206 24 26
0.992480 208 206 24 26
0.994480 208 206 24 26
0.996480 208 206 24 26
0.998480 207 206 25 25
1.000480 207 206 25 25
1.002480 207 206 25 25
1.004480 207 206 25 25
1.006480 207 206 25 25
1.008480 207 206 25 25
1.010480 207 206 25 25
1.012480 207 206 25 25
1.014480 207 206 25 25
1.016480 207 206 25 25
1.018480 207 206 25 25
1.020480 207 206 25 25
1.022480 207 206 25 25
1.024480 207 206 25 25
1.026480 207 206 25 25
1.028480 207 206 25 25
1.030480 206 206 26 25
1.032480 206 206 26 25
1.034480 206 206 26 25
1.036480 206 206 26 25
1.038480 206 206 26 25
1.040480 206 206 26 25
1.042480 205 206 26 25
1.044480 205 206 26 25
1.046480 205 206 26 25
1.048480 205 207 26 25
1.050480 205 207 26 25
1.052480 205 207 26 25
1.054480 204 207 26 25
1.056480 204 207 26 25
1.058480 204 207 26 25
1.060480 204 207 26 25
1.062480 204 207 26 25
1.064480 203 207 25 25
1.066480 203 207 25 25
1.068480 203 207 25 25
1.070480 203 207 25 25
1.072480 203 207 25 25
1.074480 203 207 25 25
1.076480 203 207 25 25
1.078480 203 207 25 25
1.080480 202 207 25 25
1.082480 202 207 25 25
1.084480 202 207 25 25
1.086480 202 207 25 25
1.088480 202 207 25 25
1.090480 202 207 25 25
1.092480 202 207 25 25
1.094480 202 207 25 25
1.096480 202 207 25 25
1.098480 201 206 25 25
1.100480 201 206 25 25
1.102480 201 206 25 25
1.104480 201 206 25 25
1.106480 201 205 25 25
1.108480 201 205 25 26
1.110480 201 205 25 26
1.112480 201 205 25 26
1.114480 200 204 25 26
1.116480 200 204 25 26
1.118480 200 204 25 26
1.120480 200 204 25 27
1.122480 200 203 25 27
1.124480 200 203 25 27
1.126480 200 203 25 27
1.128480 200 203 25 27
1.130480 199 203 24 28
1.132480 199 203 24 28
1.134480 199 203 24 28
1.136480 199 203 24 28
1.138480 199 203 24 28
1.140480 199 203 24 28
1.142480 199 203 24 28
1.144480 199 203 24 28
1.146480 199 203 24 28
1.148480 198 203 24 28
1.150480 198 203 24 28
1.152480 198 203 24 28
1.154480 198 203 24 28
1.156480 198 203 24 28
1.158480 198 203 24 28
1.160480 198 203 24 28
1.162480 198 203 24 28
1.164480 197 202 24 28
1.166480 197 202 24 28
1.168480 197 202 24 28
1.170480 197 202 24 28
1.172480 197 202 24 28
1.174480 197 202 24 28
1.176480 197 202 24 28
1.178480 197 202 24 28
1.180480 196 201 24 28
1.182480 196 201 24 28
1.184480 196 201 24 28
1.186480 196 201 24 28
1.188480 196 201 24 28
1.190480 196 201 24 28
1.192480 196 201 24 28
1.194480 196 201 24 28
1.196480 196 201 24 28
1.198480 195 201 25 29
1.200480 195 201 25 29
1.202480 195 201 25 29
1.204480 195 201 25 29
1.206480 195 201 25 29
1.208480 195 201 25 29
1.210480 195 201 25 29
1.212480 195 201 25 29
1.214480 194 201 25 29
1.216480 194 201 25 29
1.218480 194 201 25 29
1.220480 194 201 25 29
1.222480 194 201 25 29
1.224480 194 201 25 29
1.226480 194 201 25 29
1.228480 194 201 25 29
1.230480 193 201 26 28
1.232480 193 201 26 28
1.234480 193 201 26 28
1.236480 193 201 26 28
1.238480 193 201 26 28
1.240480 193 201 26 28
1.242480 193 201 26 28
1.244480 193 201 26 28
1.246480 193 201 26 28
1.248480 192 202 26 27
1.250480 192 202 26 27
1.252480 192 202 26 27
1.254480 192 202 26 27
1.256480 192 202 26 27
1.258480 192 202 26 27
1.260480 192 202 26 27
1.262480 192 202 26 27
1.264480 191 202 26 27
1.266480 191 202 26 27
1.268480 191 202 26 27
1.270480 191 202 26 27
1.272480 191 202 26 27
1.274480 191 202 26 27
1.276480 191 202 26 27
1.278480 191 202 26 27
1.280480 191 202 26 27
1.282480 191 202 26 27
1.284480 191 202 26 27
1.286480 191 202 26 27
1.288480 191 202 26 27
1.290480 191 202 26 27
1.292480 191 202 26 27
1.294480 191 202 26 27
1.296480 191 202 26 27
1.298480 190 202 26 28
1.300480 190 202 26 28
1.302480 190 202 26 28
1.304480 190 202 26 28
1.306480 190 202 26 28
1.308480 190 202 26 28
1.310480 190 202 26 28
1.312480 190 202 26 28
1.314480 189 202 26 28
1.316480 189 202 26 28
1.318480 189 202 26 28
1.320480 189 202 26 28
1.322480 189 202 26 28
1.324480 189 202 26 28
1.326480 189 202 26 28
1.328480 189 202 26 28
1.330480 188 201 26 28
1.332480 188 201 26 28
1.334480 188 201 26 28
1.336480 188 201 26 28
1.338480 188 201 26 28
1.340480 187 201 26 28
1.342480 187 201 26 28
1.344480 187 201 26 28
1.346480 187 201 26 28
1.348480 186 200 26 28
1.350480 186 200 26 28
1.352480 186 200 26 28
1.354480 186 200 26 28
1.356480 185 200 26 28
1.358480 185 200 26 28
1.360480 185 200 26 28
1.362480 185 200 26 28
1.364480 184 200 27 28
1.366480 184 200 27 28
1.368480 184 200 27 28
1.370480 184 200 27 28
1.372480 184 200 27 28
1.374480 184 200 27 28
1.376480 184 200 27 28
1.378480 184 200 27 28
1.380480 184 200 27 28
1.382480 184 200 27 28
1.384480 184 200 27 28
1.386480 184 200 27 28
1.388480 184 200 27 28
1.390480 184 200 27 28
1.392480 184 200 27 28
1.394480 184 200 27 28
1.396480 184 200 27 28
1.398480 183 201 26 28
1.400480 183 201 26 28
1.402480 183 201 26 28
1.404480 183 201 26 28
1.406480 183 201 26 28
1.408480 183 201 26 28
1.410480 183 201 26 28
1.412480 183 201 26 28
1.414480 183 201 26 28
1.416480 183 201 26 28
1.418480 183 201 26 28
1.420480 183 201 26 28
1.422480 183 201 26 28
1.424480 183 201 26 28
1.426480 183 201 26 28
1.428480 183 201 26 28
1.430480 182 200 25 28
1.432480 182 200 25 28
1.434480 182 200 25 28
1.436480 182 200 25 28
1.438480 182 200 25 28
1.440480 182 200 25 28
1.442480 182 200 25 28
1.444480 182 200 25 28
1.446480 182 200 25 28
1.448480 182 200 25 28
1.450480 182 200 25 28
1.452480 182 200 25 28
1.454480 182 200 25 28
1.456480 182 200 25 28
1.458480 182 200 25 28
1.460480 182 200 25 28
1.462480 182 200 25 28
1.464480 181 200 25 28
1.466480 181 200 25 28
1.468480 181 200 25 28
1.470480 181 200 25 28
1.472480 181 200 25 28
1.474480 181 200 25 28
1.476480 181 200 25 28
1.478480 181 200 25 28
1.480480 181 200 25 28
1.482480 181 200 25 28
1.484480 181 200 25 28
1.486480 181 200 25 28
1.488480 181 200 25 28
1.490480 181 200 25 28
1.492480 181 200 25 28
1.494480 181 200 25 28
1.496480 181 200 25 28
1.498480 180 199 24 28
1.500480 180 199 24 28
1.502480 180 199 24 28
1.504480 180 199 24 28
1.506480 180 199 24 28
1.508480 179 199 24 28
1.510480 179 199 24 28
1.512480 179 199 24 28
1.514480 179 199 24 28
1.516480 179 199 24 28
1.518480 179 199 24 28
1.520480 178 199 24 28
1.522480 178 199 24 28
1.524480 178 199 24 28
1.526480 178 199 24 28
1.528480 178 199 24 28
1.530480 177 199 24 29
1.532480 177 199 24 29
1.534480 177 199 24 29
1.536480 177 199 24 29
1.538480 177 199 24 29
1.540480 177 199 24 29
1.542480 177 199 24 29
1.544480 177 199 24 29
1.546480 177 199 24 29
1.548480 177 199 24 29
1.550480 177 199 24 29
1.552480 177 199 24 29
1.554480 177 199 24 29
1.556480 177 199 24 29
1.558480 177 199 24 29
1.560480 177 199 24 29
1.562480 177 199 24 29
1.564480 176 199 24 28
1.566480 176 199 24 28
1.568480 176 199 24 28
1.570480 176 199 24 28
1.572480 176 199 24 28
1.574480 176 199 24 28
1.576480 176 199 24 28
1.578480 176 199 24 28
1.580480 176 199 24 28
1.582480 176 199 24 28
1.584480 176 199 24 28
1.586480 176 199 24 28
1.588480 176 199 24 28
1.590480 176 199 24 28
1.592480 176 199 24 28
1.594480 176 199 24 28
1.596480 176 199 24 28
1.598480 175 200 24 28
1.600480 175 200 24 28
1.602480 175 200 24 28
1.604480 175 200 24 28
1.606480 175 200 24 28
1.608480 175 200 24 28
1.610480 175 200 24 28
1.612480 175 200 24 28
1.614480 174 200 24 28
1.616480 174 200 24 28
1.618480 174 200 24 28
1.620480 174 200 24 28
1.622480 174 200 24 28
1.624480 174 200 24 28
1.626480 174 200 24 28
1.628480 174 200 24 28
1.630480 173 200 23 27
1.632480 173 200 23 27
1.634480 173 200 23 27
1.636480 173 200 23 27
1.638480 173 200 23 27
1.640480 173 200 23 27
1.642480 173 200 23 27
1.644480 173 200 23 27
1.646480 173 200 23 27
1.648480 173 200 23 27
1.650480 173 200 23 27
1.652480 173 200 23 27
1.654480 173 200 23 27
1.656480 173 200 23 27
1.658480 173 200 23 27
1.660480 173 200 23 27
1.662480 173 200 23 27
1.664480 172 201 23 27
1.666480 172 201 23 27
1.668480 172 201 23 27
1.670480 172 201 23 27
1.672480 172 201 23 27
1.674480 172 201 23 27
1.676480 172 201 23 27
1.678480 172 201 23 27
1.680480 172 201 23 27
1.682480 172 201 23 27
1.684480 172 201 23 27
1.686480 172 201 23 27
1.688480 172 201 23 27
1.690480 172 201 23 27
1.692480 172 201 23 27
1.694480 172 201 23 27
1.696480 172 201 23 27
1.698480 171 200 24 27
1.700480 171 200 24 27
1.702480 171 200 24 27
1.704480 171 200 24 27
1.706480 171 200 24 27
1.708480 171 200 24 27
1.710480 171 200 24 27
1.712480 171 200 24 27
1.714480 170 199 24 27
1.716480 170 199 24 27
1.718480 170 199 24 27
1.720480 170 199 24 27
1.722480 170 199 24 27
1.724480 170 199 24 27
1.726480 170 199 24 27
1.728480 170 199 24 27
1.730480 169 199 23 27
1.732480 169 199 23 27
1.734480 169 199 23 27
1.736480 169 199 23 27
1.738480 169 199 23 27
1.740480 169 199 23 27
1.742480 169 199 23 27
1.744480 169 199 23 27
1.746480 169 199 23 27
1.748480 168 199 23 27
1.750480 168 199 23 27
1.752480 168 199 23 27
1.754480 168 199 23 27
1.756480 168 199 23 27
1.758480 168 199 23 27
1.760480 168 199 23 27
1.762480 168 199 23 27
1.764480 167 199 23 27
1.766480 167 199 23 27
1.768480 167 199 23 27
1.770480 167 199 23 27
1.772480 167 199 23 27
1.774480 167 199 23 27
1.776480 167 199 23 27
1.778480 167 199 23 27
1.780480 167 199 23 26
1.782480 167 199 23 26
1.784480 167 199 23 26
1.786480 167 199 23 26
1.788480 167 199 23 26
1.790480 167 199 23 26
1.792480 167 199 23 26
1.794480 167 199 23 26
1.796480 167 199 23 26
1.798480 166 200 22 26
1.800480 166 200 22 26
1.802480 166 200 22 26
1.804480 166 200 22 26
1.806480 166 200 22 26
1.808480 166 200 22 26
1.810480 166 200 22 26
1.812480 166 200 22 26
1.814480 166 200 22 26
1.816480 166 200 22 26
1.818480 166 200 22 26
1.820480 166 200 22 26
1.822480 166 200 22 26
1.824480 166 200 22 26
1.826480 166 200 22 26
1.828480 166 200 22 26
1.830480 165 199 22 26
1.832480 165 199 22 26
1.834480 165 199 22 26
1.836480 165 199 22 26
1.838480 165 199 22 26
1.840480 165 199 22 26
1.842480 165 199 22 26
1.844480 165 199 22 26
1.846480 165 199 22 26
1.848480 165 199 22 26
1.850480 165 199 22 26
1.852480 165 199 22 26
1.854480 165 199 22 26
1.856480 165 199 22 26
1.858480 165 199 22 26
1.860480 165 199 22 26
1.862480 165 199 22 26
1.864480 164 199 22 26
1.866480 164 199 22 26
1.868480 164 199 22 26
1.870480 164 199 22 26
1.872480 164 199 22 26
1.874480 164 199 22 26
1.876480 164 199 22 26
1.878480 164 199 22 26
1.880480 163 199 22 26
1.882480 163 199 22 26
1.884480 163 199 22 26
1.886480 163 199 22 26
1.888480 163 199 22 26
1.890480 163 199 22 26
1.892480 163 199 22 26
1.894480 163 199 22 26
1.896480 163 199 22 26
1.898480 163 199 22 27
1.900480 163 199 22 27
1.902480 163 199 22 27
1.904480 163 199 22 27
1.906480 163 199 22 27
1.908480 163 199 22 27
1.910480 163 199 22 27
1.912480 163 199 22 27
1.914480 163 199 22 27
1.916480 163 199 22 27
1.918480 163 199 22 27
1.920480 163 199 22 27
1.922480 163 199 22 27
1.924480 163 199 22 27
1.926480 163 199 22 27
1.928480 163 199 22 27
1.930480 162 199 21 27
1.932480 162 199 21 27
1.934480 162 199 21 27
1.936480 162 199 21 27
1.938480 162 199 21 27
1.940480 162 199 21 27
1.942480 162 199 21 27
1.944480 162 199 21 27
1.946480 162 199 21 27
1.948480 162 199 21 27
1.950480 162 199 21 27
1.952480 162 199 21 27
1.954480 162 199 21 27
1.956480 162 199 21 27
1.958480 162 199 21 27
1.960480 162 199 21 27
1.962480 162 199 21 27
1.964480 161 199 21 27
1.966480 161 199 21 27
1.968480 161 199 21 27
1.970480 161 199 21 27
1.972480 161 199 21 27
1.974480 161 199 21 27
1.976480 161 199 21 27
1.978480 161 199 21 27
1.980480 160 199 21 27
1.982480 160 199 21 27
1.984480 160 199 21 27
1.986480 160 199 21 27
1.988480 160 199 21 27
1.990480 160 199 21 27
1.992480 160 199 21 27
1.994480 160 199 21 27
1.996480 160 199 21 27
1.998480 160 198 21 27
2.000480 160 198 21 27
2.002480 160 198 21 27
2.004480 160 198 21 27
2.006480 160 198 21 27
2.008480 160 198 21 27
2.010480 160 198 21 27
2.012480 160 198 21 27
2.014480 160 198 21 27
2.016480 160 198 21 27
2.018480 160 198 21 27
2.020480 160 198 21 27
2.022480 160 198 21 27
2.024480 160 198 21 27
2.026480 160 198 21 27
2.028480 160 198 21 27
2.030480 159 198 20 26
2.032480 159 198 20 26
2.034480 159 198 20 26
2.036480 159 198 20 26
2.038480 159 198 20 26
2.040480 159 198 20 26
2.042480 159 198 20 26
2.044480 159 198 20 26
2.046480 159 198 20 26
2.048480 158 198 20 26
2.050480 158 198 20 26
2.052480 158 198 20 26
2.054480 158 198 20 26
2.056480 158 198 20 26
2.058480 158 198 20 26
2.060480 158 198 20 26
2.062480 158 198 20 26
2.064480 157 198 20 26
2.066480 157 198 20 26
2.068480 157 198 20 26
2.070480 157 198 20 26
2.072480 157 198 20 26
2.074480 157 198 20 26
2.076480 157 198 20 26
2.078480 157 198 20 26
2.080480 157 198 20 26
2.082480 157 198 20 26
2.084480 157 198 20 26
2.086480 157 198 20 26
2.088480 157 198 20 26
2.090480 157 198 20 26
2.092480 157 198 20 26
2.094480 157 198 20 26
2.096480 157 198 20 26
2.098480 156 198 20 26
2.100480 156 198 20 26
2.102480 156 198 20 26
2.104480 156 198 20 26
2.106480 156 198 20 26
2.108480 156 198 20 26
2.110480 156 198 20 26
2.112480 156 198 20 26
2.114480 156 198 20 26
2.116480 156 198 20 26
2.118480 156 198 20 26
2.120480 156 198 20 26
2.122480 156 198 20 26
2.124480 156 198 20 26
2.126480 156 198 20 26
2.128480 156 198 20 26
2.130480 155 198 20 26
2.132480 155 198 20 26
2.134480 155 198 20 26
2.136480 155 198 20 26
2.138480 155 198 20 26
2.140480 155 198 20 26
2.142480 155 198 20 26
2.144480 155 198 20 26
2.146480 155 198 20 26
2.148480 155 198 20 26
2.150480 155 198 20 26
2.152480 155 198 20 26
2.154480 155 198 20 26
2.156480 155 198 20 26
2.158480 155 198 20 26
2.160480 155 198 20 26
2.162480 155 198 20 26
2.164480 154 197 20 26
2.166480 154 197 20 26
2.168480 154 197 20 26
2.170480 154 197 20 26
2.172480 154 197 20 26
2.174480 154 197 20 26
2.176480 154 197 20 26
2.178480 154 197 20 26
2.180480 154 197 20 26
2.182480 154 197 20 26
2.184480 154 197 20 26
2.186480 154 197 20 26
2.188480 154 197 20 26
2.190480 154 197 20 26
2.192480 154 197 20 26
2.194480 154 197 20 26
2.196480 154 197 20 26
2.198480 153 197 20 25
2.200480 153 197 20 25
2.202480 153 197 20 25
2.204480 153 197 20 25
2.206480 153 197 20 25
2.208480 153 197 20 25
2.210480 153 197 20 25
2.212480 153 197 20 25
2.214480 153 197 20 25
2.216480 153 197 20 25
2.218480 153 197 20 25
2.220480 153 197 20 25
2.222480 153 197 20 25
2.224480 153 197 20 25
2.226480 153 197 20 25
2.228480 153 197 20 25
2.230480 152 198 20 25
2.232480 152 198 20 25
2.234480 152 198 20 25
2.236480 152 198 20 25
2.238480 152 198 20 25
2.240480 152 198 20 25
2.242480 152 198 20 25
2.244480 152 198 20 25
2.246480 152 198 20 25
2.248480 151 198 20 25
2.250480 151 198 20 25
2.252480 151 198 20 25
2.254480 151 198 20 25
2.256480 151 198 20 25
2.258480 151 198 20 25
2.260480 151 198 20 25
2.262480 151 198 20 25
2.264480 150 197 20 26
2.266480 150 197 20 26
2.268480 150 197 20 26
2.270480 150 197 20 26
2.272480 150 197 20 26
2.274480 150 197 20 26
2.276480 150 197 20 26
2.278480 150 197 20 26
2.280480 150 197 20 26
2.282480 150 197 20 26
2.284480 150 197 20 26
2.286480 150 197 20 26
2.288480 150 197 20 26
2.290480 150 197 20 26
2.292480 150 197 20 26
2.294480 150 197 20 26
2.296480 150 197 20 26
2.298480 150 197 19 26
2.300480 150 197 19 26
2.302480 150 197 19 26
2.304480 150 197 19 26
2.306480 150 197 19 26
2.308480 150 197 19 26
2.310480 150 197 19 26
2.312480 150 197 19 26
2.314480 150 197 19 26
2.316480 150 197 19 26
2.318480 150 197 19 26
2.320480 150 197 19 26
2.322480 150 197 19 26
2.324480 150 197 19 26
2.326480 150 197 19 26
2.328480 150 197 19 26
2.330480 149 197 19 25
2.332480 149 197 19 25
2.334480 149 197 19 25
2.336480 149 197 19 25
2.338480 149 197 19 25
2.340480 149 197 19 25
2.342480 149 197 19 25
2.344480 149 197 19 25
2.346480 149 197 19 25
2.348480 149 197 19 25
2.350480 149 197 19 25
2.352480 149 197 19 25
2.354480 149 197 19 25
2.356480 149 197 19 25
2.358480 149 197 19 25
2.360480 149 197 19 25
2.362480 149 197 19 25
2.364480 148 197 19 25
2.366480 148 197 19 25
2.368480 148 197 19 25
2.370480 148 197 19 25
2.372480 148 197 19 25
2.374480 148 197 19 25
2.376480 148 197 19 25
2.378480 148 197 19 25
2.380480 148 197 19 25
2.382480 148 197 19 25
2.384480 148 197 19 25
2.386480 148 197 19 25
2.388480 148 197 19 25
2.390480 148 197 19 25
2.392480 148 197 19 25
2.394480 148 197 19 25
2.396480 148 197 19 25
2.398480 147 197 19 25
2.400480 147 197 19 25
2.402480 147 197 19 25
2.404480 147 197 19 25
2.406480 147 197 19 25
2.408480 147 197 19 25
2.410480 147 197 19 25
2.412480 147 197 19 25
2.414480 147 197 19 25
2.416480 147 197 19 25
2.418480 147 197 19 25
2.420480 147 197 19 25
2.422480 147 197 19 25
2.424480 147 197 19 25
2.426480 147 197 19 25
2.428480 147 197 19 25
2.430480 146 197 18 25
2.432480 146 197 18 25
2.434480 146 197 18 25
2.436480 146 197 18 25
2.438480 146 197 18 25
2.440480 146 197 18 25
2.442480 146 197 18 25
2.444480 146 197 18 25
2.446480 146 197 18 25
2.448480 146 197 18 25
2.450480 146 197 18 25
2.452480 146 197 18 25
2.454480 146 197 18 25
2.456480 146 197 18 25
2.458480 146 197 18 25
2.460480 146 197 18 25
2.462480 146 197 18 25
2.464480 145 196 18 25
2.466480 145 196 18 25
2.468480 145 196 18 25
2.470480 145 196 18 25
2.472480 145 196 18 25
2.474480 145 196 18 25
2.476480 145 196 18 25
2.478480 145 196 18 25
2.480480 145 196 18 25
2.482480 145 196 18 25
2.484480 145 196 18 25
2.486480 145 196 18 25
2.488480 145 196 18 25
2.490480 145 196 18 25
2.492480 145 196 18 25
2.494480 145 196 18 25
2.496480 145 196 18 25
2.498480 145 196 18 25
2.500480 145 196 18 25
2.502480 145 196 18 25
2.504480 145 196 18 25
2.506480 145 196 18 25
2.508480 145 196 18 25
2.510480 145 196 18 25
2.512480 145 196 18 25
2.514480 145 196 18 25
2.516480 145 196 18 25
2.518480 145 196 18 25
2.520480 145 196 18 25
2.522480 145 196 18 25
2.524480 145 196 18 25
2.526480 145 196 18 25
2.528480 145 196 18 25
2.530480 145 196 18 25
2.532480 145 196 18 25
2.534480 145 196 18 25
2.536480 145 196 18 25
2.538480 145 196 18 25
2.540480 145 196 18 25
2.542480 145 196 18 25
2.544480 145 196 18 25
2.546480 145 196 18 25
2.548480 145 196 18 25
2.550480 145 196 18 25
2.552480 145 196 18 25
2.554480 145 196 18 25
2.556480 145 196 18 25
2.558480 145 196 18 25
2.560480 145 196 18 25
2.562480 145 196 18 25
2.564480 144 196 17 25
2.566480 144 196 17 25
2.568480 144 196 17 25
2.570480 144 196 17 25
2.572480 144 196 17 25
2.574480 144 196 17 25
2.576480 144 196 17 25
2.578480 144 196 17 25
2.580480 144 196 17 25
2.582480 144 196 17 25
2.584480 144 196 17 25
2.586480 144 196 17 25
2.588480 144 196 17 25
2.590480 144 196 17 25
2.592480 144 196 17 25
2.594480 144 196 17 25
2.596480 144 196 17 25
2.598480 143 196 17 25
2.600480 143 196 17 25
2.602480 143 196 17 25
2.604480 143 196 17 25
2.606480 143 196 17 25
2.608480 143 196 17 25
2.610480 143 196 17 25
2.612480 143 196 17 25
2.614480 143 196 17 25
2.616480 143 196 17 25
2.618480 143 196 17 25
2.620480 143 196 17 25
2.622480 143 196 17 25
2.624480 143 196 17 25
2.626480 143 196 17 25
2.628480 143 196 17 25
2.630480 143 196 16 24
2.632480 143 196 16 24
2.634480 143 196 16 24
2.636480 143 196 16 24
2.638480 143 196 16 24
2.640480 143 196 16 24
2.642480 143 196 16 24
2.644480 143 196 16 24
2.646480 143 196 16 24
2.648480 143 196 16 24
2.650480 143 196 16 24
2.652480 143 196 16 24
2.654480 143 196 16 24
2.656480 143 196 16 24
2.658480 143 196 16 24
2.660480 143 196 16 24
2.662480 143 196 16 24
2.664480 142 195 16 24
2.666480 142 195 16 24
2.668480 142 195 16 24
2.670480 142 195 16 24
2.672480 142 195 16 24
2.674480 142 195 16 24
2.676480 142 195 16 24
2.678480 142 195 16 24
2.680480 142 195 16 24
2.682480 142 195 16 24
2.684480 142 195 16 24
2.686480 142 195 16 24
2.688480 142 195 16 24
2.690480 142 195 16 24
2.692480 142 195 16 24
2.694480 142 195 16 24
2.696480 142 195 16 24
2.698480 142 195 15 24
2.700480 142 195 15 24
2.702480 142 195 15 24
2.704480 142 195 15 24
2.706480 142 195 15 24
2.708480 142 195 15 24
2.710480 142 195 15 24
2.712480 142 195 15 24
2.714480 142 195 15 24
2.716480 142 195 15 24
2.718480 142 195 15 24
2.720480 142 195 15 24
2.722480 142 195 15 24
2.724480 142 195 15 24
2.726480 142 195 15 24
2.728480 142 195 15 24
2.730480 141 195 15 24
2.732480 141 195 15 24
2.734480 141 195 15 24
2.736480 141 195 15 24
2.738480 141 195 15 24
2.740480 141 195 15 24
2.742480 141 195 15 24
2.744480 141 195 15 24
2.746480 141 195 15 24
2.748480 141 195 15 24
2.750480 141 195 15 24
2.752480 141 195 15 24
2.754480 141 195 15 24
2.756480 141 195 15 24
2.758480 141 195 15 24
2.760480 141 195 15 24
2.762480 141 195 15 24
2.764480 140 195 15 24
2.766480 140 195 15 24
2.768480 140 195 15 24
2.770480 140 195 15 24
2.772480 140 195 15 24
2.774480 140 195 15 24
2.776480 140 195 15 24
2.778480 140 195 15 24
2.780480 140 195 15 24
2.782480 140 195 15 24
2.784480 140 195 15 24
2.786480 140 195 15 24
2.788480 140 195 15 24
2.790480 140 195 15 24
2.792480 140 195 15 24
2.794480 140 195 15 24
2.796480 140 195 15 24
2.798480 140 195 14 24
2.800480 140 195 14 24
2.802480 140 195 14 24
2.804480 140 195 14 24
2.806480 140 195 14 24
2.808480 140 195 14 24
2.810480 140 195 14 24
2.812480 140 195 14 24
2.814480 140 195 14 24
2.816480 140 195 14 24
2.818480 140 195 14 24
2.820480 140 195 14 24
2.822480 140 195 14 24
2.824480 140 195 14 24
2.826480 140 195 14 24
2.828480 140 195 14 24
2.830480 140 195 14 25
2.832480 140 195 14 25
2.834480 140 195 14 25
2.836480 140 195 14 25
2.838480 140 195 14 25
2.840480 140 195 14 25
2.842480 140 195 14 25
2.844480 140 195 14 25
2.846480 140 195 14 25
2.848480 140 195 14 25
2.850480 140 195 14 25
2.852480 140 195 14 25
2.854480 140 195 14 25
2.856480 140 195 14 25
2.858480 140 195 14 25
2.860480 140 195 14 25
2.862480 140 195 14 25
2.864480 139 195 14 24
2.866480 139 195 14 24
2.868480 139 195 14 24
2.870480 139 195 14 24
2.872480 139 195 14 24
2.874480 139 195 14 24
2.876480 139 195 14 24
2.878480 139 195 14 24
2.880480 139 195 14 23
2.882480 139 195 14 23
2.884480 139 195 14 23
2.886480 139 195 14 23
2.888480 139 195 14 23
2.890480 139 195 14 23
2.892480 139 195 14 23
2.894480 139 195 14 23
2.896480 139 195 14 23
2.898480 139 194 14 23
2.900480 139 194 14 23
2.902480 139 194 14 23
2.904480 139 194 14 23
2.906480 139 194 14 23
2.908480 139 194 14 23
2.910480 139 194 14 23
2.912480 139 194 14 23
2.914480 139 194 14 23
2.916480 139 194 14 23
2.918480 139 194 14 23
2.920480 139 194 14 23
2.922480 139 194 14 23
2.924480 139 194 14 23
2.926480 139 194 14 23
2.928480 139 194 14 23
2.930480 138 194 14 24
2.932480 138 194 14 24
2.934480 138 194 14 24
2.936480 138 194 14 24
2.938480 138 194 14 24
2.940480 138 194 14 24
2.942480 138 194 14 24
2.944480 138 194 14 24
2.946480 138 194 14 24
2.948480 138 194 14 24
2.950480 138 194 14 24
2.952480 138 194 14 24
2.954480 138 194 14 24
2.956480 138 194 14 24
2.958480 138 194 14 24
2.960480 138 194 14 24
2.962480 138 194 14 24
2.964480 138 194 13 24
2.966480 138 194 13 24
2.968480 138 194 13 24
2.970480 138 194 13 24
2.972480 138 194 13 24
2.974480 138 194 13 24
2.976480 138 194 13 24
2.978480 138 194 13 24
2.980480 138 194 13 24
2.982480 138 194 13 24
2.984480 138 194 13 24
2.986480 138 194 13 24
2.988480 138 194 13 24
2.990480 138 194 13 24
2.992480 138 194 13 24
2.994480 138 194 13 24
2.996480 138 194 13 24
2.998480 138 194 12 24
3.000480 138 194 12 24
3.002480 138 194 12 24
3.004480 138 194 12 24
3.006480 138 194 12 24
3.008480 138 194 12 24
3.010480 138 194 12 24
3.012480 138 194 12 24
3.014480 138 194 12 24
3.016480 138 194 12 24
3.018480 138 194 12 24
3.020480 138 194 12 24
3.022480 138 194 12 24
3.024480 138 194 12 24
3.026480 138 194 12 24
3.028480 138 194 12 24
3.030480 138 194 12 24
3.032480 138 194 12 24
3.034480 138 194 12 24
3.036480 138 194 12 24
3.038480 138 194 12 24
3.040480 138 194 12 24
3.042480 138 194 12 24
3.044480 138 194 12 24
3.046480 138 194 12 24
3.048480 138 194 12 24
3.050480 138 194 12 24
3.052480 138 194 12 24
3.054480 138 194 12 24
3.056480 138 194 12 24
3.058480 138 194 12 24
3.060480 138 194 12 24
3.062480 138 194 12 24
3.064480 137 193 12 24
3.066480 137 193 12 24
3.068480 137 193 12 24
3.070480 137 193 12 24
3.072480 137 193 12 24
3.074480 137 193 12 24
3.076480 137 193 12 24
3.078480 137 193 12 24
3.080480 137 193 12 24
3.082480 137 193 12 24
3.084480 137 193 12 24
3.086480 137 193 12 24
3.088480 137 193 12 24
3.090480 137 193 12 24
3.092480 137 193 12 24
3.094480 137 193 12 24
3.096480 137 193 12 24
3.098480 137 193 12 24
3.100480 137 193 12 24
3.102480 137 193 12 24
3.104480 137 193 12 24
3.106480 137 193 12 24
3.108480 137 193 12 24
3.110480 137 193 12 24
3.112480 137 193 12 24
3.114480 137 193 12 24
3.116480 137 193 12 24
3.118480 137 193 12 24
3.120480 137 193 12 24
3.122480 137 193 12 24
3.124480 137 193 12 24
3.126480 137 193 12 24
3.128480 137 193 12 24
3.130480 137 193 12 24
3.132480 137 193 12 24
3.134480 137 193 12 24
3.136480 137 193 12 24
3.138480 137 193 12 24
3.140480 137 193 12 24
3.142480 137 193 12 24
3.144480 137 193 12 24
3.146480 137 193 12 24
3.148480 137 193 12 24
3.150480 137 193 12 24
3.152480 137 193 12 24
3.154480 137 193 12 24
3.156480 137 193 12 24
3.158480 137 193 12 24
3.160480 137 193 12 24
3.162480 137 193 12 24
3.164480 137 192 11 24
3.166480 137 192 11 24
3.168480 137 192 11 24
3.170480 137 192 11 24
3.172480 137 192 11 24
3.174480 137 192 11 24
3.176480 137 192 11 24
3.178480 137 192 11 24
3.180480 137 192 11 24
3.182480 137 192 11 24
3.184480 137 192 11 24
3.186480 137 192 11 24
3.188480 137 192 11 24
3.190480 137 192 11 24
3.192480 137 192 11 24
3.194480 137 192 11 24
3.196480 137 192 11 24
3.198480 137 192 11 23
3.200480 137 192 11 23
3.202480 137 192 11 23
3.204480 137 192 11 23
3.206480 137 192 11 23
3.208480 137 192 11 23
3.210480 137 192 11 23
3.212480 137 192 11 23
3.214480 137 192 11 23
3.216480 137 192 11 23
3.218480 137 192 11 23
3.220480 137 192 11 23
3.222480 137 192 11 23
3.224480 137 192 11 23
3.226480 137 192 11 23
3.228480 137 192 11 23
3.230480 137 192 11 23
3.232480 137 192 11 23
3.234480 137 192 11 23
3.236480 137 192 11 23
3.238480 137 192 11 23
3.240480 137 192 11 23
3.242480 137 192 11 23
3.244480 137 192 11 23
3.246480 137 192 11 23
3.248480 137 192 11 23
3.250480 137 192 11 23
3.252480 137 192 11 23
3.254480 137 192 11 23
3.256480 137 192 11 23
3.258480 137 192 11 23
3.260480 137 192 11 23
3.262480 137 192 11 23
3.264480 137 192 11 23
3.266480 137 192 11 23
3.268480 137 192 11 23
3.270480 137 192 11 23
3.272480 137 192 11 23
3.274480 137 192 11 23
3.276480 137 192 11 23
3.278480 137 192 11 23
3.280480 137 192 11 23
3.282480 137 192 11 23
3.284480 137 192 11 23
3.286480 137 192 11 23
3.288480 137 192 11 23
3.290480 137 192 11 23
3.292480 137 192 11 23
3.294480 137 192 11 23
3.296480 137 192 11 23
3.298480 137 192 11 23
3.300480 137 192 11 23
3.302480 137 192 11 23
3.304480 137 192 11 23
3.306480 137 192 11 23
3.308480 137 192 11 23
3.310480 137 192 11 23
3.312480 137 192 11 23
3.314480 137 192 11 23
3.316480 137 192 11 23
3.318480 137 192 11 23
3.320480 137 192 11 23
3.322480 137 192 11 23
3.324480 137 192 11 23
3.326480 137 192 11 23
3.328480 137 192 11 23
3.330480 136 192 11 23
3.332480 136 192 11 23
3.334480 136 192 11 23
3.336480 136 192 11 23
3.338480 136 192 11 23
3.340480 136 192 11 23
3.342480 136 192 11 23
3.344480 136 192 11 23
3.346480 136 192 11 23
3.348480 136 192 11 23
3.350480 136 192 11 23
3.352480 136 192 11 23
3.354480 136 192 11 23
3.356480 136 192 11 23
3.358480 136 192 11 23
3.360480 136 192 11 23
3.362480 136 192 11 23
3.364480 136 191 11 23
3.366480 136 191 11 23
3.368480 136 191 11 23
3.370480 136 191 11 23
3.372480 136 191 11 23
3.374480 136 191 11 23
3.376480 136 191 11 23
3.378480 136 191 11 23
3.380480 136 191 11 23
3.382480 136 191 11 23
3.384480 136 191 11 23
3.386480 136 191 11 23
3.388480 136 191 11 23
3.390480 136 191 11 23
3.392480 136 191 11 23
3.394480 136 191 11 23
3.396480 136 191 11 23
3.398480 136 191 11 23
3.400480 136 191 11 23
3.402480 136 191 11 23
3.404480 136 191 11 23
3.406480 136 191 11 23
3.408480 136 191 11 23
3.410480 136 191 11 23
3.412480 136 191 11 23
3.414480 136 191 11 23
3.416480 136 191 11 23
3.418480 136 191 11 23
3.420480 136 191 11 23
3.422480 136 191 11 23
3.424480 136 191 11 23
3.426480 136 191 11 23
3.428480 136 191 11 23
3.430480 137 191 10 23
3.432480 137 191 10 23
3.434480 137 191 10 23
3.436480 137 191 10 23
3.438480 137 191 10 23
3.440480 137 191 10 23
3.442480 137 191 10 23
3.444480 137 191 10 23
3.446480 137 191 10 23
3.448480 137 191 10 23
3.450480 137 191 10 23
3.452480 137 191 10 23
3.454480 137 191 10 23
3.456480 137 191 10 23
3.458480 137 191 10 23
3.460480 137 191 10 23
3.462480 137 191 10 23
3.464480 136 191 10 23
3.466480 136 191 10 23
3.468480 136 191 10 23
3.470480 136 191 10 23
3.472480 136 191 10 23
3.474480 136 191 10 23
3.476480 136 191 10 23
3.478480 136 191 10 23
3.480480 136 191 10 23
3.482480 136 191 10 23
3.484480 136 191 10 23
3.486480 136 191 10 23
3.488480 136 191 10 23
3.490480 136 191 10 23
3.492480 136 191 10 23
3.494480 136 191 10 23
3.496480 136 191 10 23
3.498480 136 190 11 23
3.500480 136 190 11 23
3.502480 136 190 11 23
3.504480 136 190 11 23
3.506480 136 190 11 23
3.508480 136 190 11 23
3.510480 136 190 11 23
3.512480 136 190 11 23
3.514480 136 190 11 23
3.516480 136 190 11 23
3.518480 136 190 11 23
3.520480 136 190 11 23
3.522480 136 190 11 23
3.524480 136 190 11 23
3.526480 136 190 11 23
3.528480 136 190 11 23
3.530480 136 190 10 23
3.532480 136 190 10 23
3.534480 136 190 10 23
3.536480 136 190 10 23
3.538480 136 190 10 23
3.540480 136 190 10 23
3.542480 136 190 10 23
3.544480 136 190 10 23
3.546480 136 190 10 23
3.548480 136 190 10 23
3.550480 136 190 10 23
3.552480 136 190 10 23
3.554480 136 190 10 23
3.556480 136 190 10 23
3.558480 136 190 10 23
3.560480 136 190 10 23
3.562480 136 190 10 23
3.564480 136 190 10 23
3.566480 136 190 10 23
3.568480 136 190 10 23
3.570480 136 190 10 23
3.572480 136 190 10 23
3.574480 136 190 10 23
3.576480 136 190 10 23
3.578480 136 190 10 23
3.580480 136 190 10 23
3.582480 136 190 10 23
3.584480 136 190 10 23
3.586480 136 190 10 23
3.588480 136 190 10 23
3.590480 136 190 10 23
3.592480 136 190 10 23
3.594480 136 190 10 23
3.596480 136 190 10 23
3.598480 136 190 10 22
3.600480 136 190 10 22
3.602480 136 190 10 22
3.604480 136 190 10 22
3.606480 136 190 10 22
3.608480 136 190 10 22
3.610480 136 190 10 22
3.612480 136 190 10 22
3.614480 136 190 10 22
3.616480 136 190 10 22
3.618480 136 190 10 22
3.620480 136 190 10 22
3.622480 136 190 10 22
3.624480 136 190 10 22
3.626480 136 190 10 22
3.628480 136 190 10 22
3.630480 136 190 10 22
3.632480 136 190 10 22
3.634480 136 190 10 22
3.636480 136 190 10 22
3.638480 136 190 10 22
3.640480 136 190 10 22
3.642480 136 190 10 22
3.644480 136 190 10 22
3.646480 136 190 10 22
3.648480 136 190 10 22
3.650480 136 190 10 22
3.652480 136 190 10 22
3.654480 136 190 10 22
3.656480 136 190 10 22
3.658480 136 190 10 22
3.660480 136 190 10 22
3.662480 136 190 10 22
3.664480 136 190 10 22
3.666480 136 190 10 22
3.668480 136 190 10 22
3.670480 136 190 10 22
3.672480 136 190 10 22
3.674480 136 190 10 22
3.676480 136 190 10 22
3.678480 136 190 10 22
3.680480 136 190 10 22
3.682480 136 190 10 22
3.684480 136 190 10 22
3.686480 136 190 10 22
3.688480 136 190 10 22
3.690480 136 190 10 22
3.692480 136 190 10 22
3.694480 136 190 10 22
3.696480 136 190 10 22
3.698480 136 190 10 22
3.700480 136 190 10 22
3.702480 136 190 10 22
3.704480 136 190 10 22
3.706480 136 190 10 22
3.708480 136 190 10 22
3.710480 136 190 10 22
3.712480 136 190 10 22
3.714480 136 190 10 22
3.716480 136 190 10 22
3.718480 136 190 10 22
3.720480 136 190 10 22
3.722480 136 190 10 22
3.724480 136 190 10 22
3.726480 136 190 10 22
3.728480 136 190 10 22
3.730480 136 190 10 22
3.732480 136 190 10 22
3.734480 136 190 10 22
3.736480 136 190 10 22
3.738480 136 190 10 22
3.740480 136 190 10 22
3.742480 136 190 10 22
3.744480 136 190 10 22
3.746480 136 190 10 22
3.748480 136 190 10 22
3.750480 136 190 10 22
3.752480 136 190 10 22
3.754480 136 190 10 22
3.756480 136 190 10 22
3.758480 136 190 10 22
3.760480 136 190 10 22
3.762480 136 190 10 22
3.764480 136 189 10 22
3.766480 136 189 10 22
3.768480 136 189 10 22
3.770480 136 189 10 22
3.772480 136 189 10 22
3.774480 136 189 10 22
3.776480 136 189 10 22
3.778480 136 189 10 22
3.780480 136 189 10 22
3.782480 136 189 10 22
3.784480 136 189 10 22
3.786480 136 189 10 22
3.788480 136 189 10 22
3.790480 136 189 10 22
3.792480 136 189 10 22
3.794480 136 189 10 22
3.796480 136 189 10 22
3.798480 136 189 11 22
3.800480 136 189 11 22
3.802480 136 189 11 22
3.804480 136 189 11 22
3.806480 136 189 11 22
3.808480 136 189 11 22
3.810480 136 189 11 22
3.812480 136 189 11 22
3.814480 136 189 11 22
3.816480 136 189 11 22
3.818480 136 189 11 22
3.820480 136 189 11 22
3.822480 136 189 11 22
3.824480 136 189 11 22
3.826480 136 189 11 22
3.828480 136 189 11 22
3.830480 136 189 11 22
3.832480 136 189 11 22
3.834480 136 189 11 22
3.836480 136 189 11 22
3.838480 136 189 11 22
3.840480 136 189 11 22
3.842480 136 189 11 22
3.844480 136 189 11 22
3.846480 136 189 11 22
3.848480 136 189 11 22
3.850480 136 189 11 22
3.852480 136 189 11 22
3.854480 136 189 11 22
3.856480 136 189 11 22
3.858480 136 189 11 22
3.860480 136 189 11 22
3.862480 136 189 11 22
3.864480 136 189 11 22
3.866480 136 189 11 22
3.868480 136 189 11 22
3.870480 136 189 11 22
3.872480 136 189 11 22
3.874480 136 189 11 22
3.876480 136 189 11 22
3.878480 136 189 11 22
3.880480 136 189 11 22
3.882480 136 189 11 22
3.884480 136 189 11 22
3.886480 136 189 11 22
3.888480 136 189 11 22
3.890480 136 189 11 22
3.892480 136 189 11 22
3.894480 136 189 11 22
3.896480 136 189 11 22
3.898480 136 189 11 22
3.900480 136 189 11 22
3.902480 136 189 11 22
3.904480 136 189 11 22
3.906480 136 189 11 22
3.908480 136 189 11 22
3.910480 136 189 11 22
3.912480 136 189 11 22
3.914480 136 189 11 22
3.916480 136 189 11 22
3.918480 136 189 11 22
3.920480 136 189 11 22
3.922480 136 189 11 22
3.924480 136 189 11 22
3.926480 136 189 11 22
3.928480 136 189 11 22
3.930480 136 189 10 22
3.932480 136 189 10 22
3.934480 136 189 10 22
3.936480 136 189 10 22
3.938480 136 189 10 22
3.940480 136 189 10 22
3.942480 136 189 10 22
3.944480 136 189 10 22
3.946480 136 189 10 22
3.948480 136 189 10 22
3.950480 136 189 10 22
3.952480 136 189 10 22
3.954480 136 189 10 22
3.956480 136 189 10 22
3.958480 136 189 10 22
3.960480 136 189 10 22
3.962480 136 189 10 22
3.964480 137 189 10 22
3.966480 137 189 10 22
3.968480 137 189 10 22
3.970480 137 189 10 22
3.972480 137 189 10 22
3.974480 137 189 10 22
3.976480 137 189 10 22
3.978480 137 189 10 22
3.980480 137 189 10 22
3.982480 137 189 10 22
3.984480 137 189 10 22
3.986480 137 189 10 22
3.988480 137 189 10 22
3.990480 137 189 10 22
3.992480 137 189 10 22
3.994480 137 189 10 22
3.996480 137 189 10 22
3.998480 137 189 11 22
4.000480 137 189 11 22
4.002480 137 189 11 22
4.004480 137 189 11 22
4.006480 137 189 11 22
4.008480 137 189 11 22
4.010480 137 189 11 22
4.012480 137 189 11 22
4.014480 137 189 11 22
4.016480 137 189 11 22
4.018480 137 189 11 22
4.020480 137 189 11 22
4.022480 137 189 11 22
4.024480 137 189 11 22
4.026480 137 189 11 22
4.028480 137 189 11 22
4.030480 137 188 11 22
4.032480 137 188 11 22
4.034480 137 188 11 22
4.036480 137 188 11 22
4.038480 137 188 11 22
4.040480 137 188 11 22
4.042480 137 188 11 22
4.044480 137 188 11 22
4.046480 137 188 11 22
4.048480 137 188 11 22
4.050480 137 188 11 22
4.052480 137 188 11 22
4.054480 137 188 11 22
4.056480 137 188 11 22
4.058480 137 188 11 22
4.060480 137 188 11 22
4.062480 137 188 11 22
4.064480 137 188 11 22
4.066480 137 188 11 22
4.068480 137 188 11 22
4.070480 137 188 11 22
4.072480 137 188 11 22
4.074480 137 188 11 22
4.076480 137 188 11 22
4.078480 137 188 11 22
4.080480 137 188 11 22
4.082480 137 188 11 22
4.084480 137 188 11 22
4.086480 137 188 11 22
4.088480 137 188 11 22
4.090480 137 188 11 22
4.092480 137 188 11 22
4.094480 137 188 11 22
4.096480 137 188 11 22
4.098480 137 188 10 22
4.100480 137 188 10 22
4.102480 137 188 10 22
4.104480 137 188 10 22
4.106480 137 188 10 22
4.108480 137 188 10 22
4.110480 137 188 10 22
4.112480 137 188 10 22
4.114480 137 188 10 22
4.116480 137 188 10 22
4.118480 137 188 10 22
4.120480 137 188 10 22
4.122480 137 188 10 22
4.124480 137 188 10 22
4.126480 137 188 10 22
4.128480 137 188 10 22
4.130480 138 188 10 22
4.132480 138 188 10 22
4.134480 138 188 10 22
4.136480 138 188 10 22
4.138480 138 188 10 22
4.140480 138 188 10 22
4.142480 138 188 10 22
4.144480 138 188 10 22
4.146480 138 188 10 22
4.148480 138 188 10 22
4.150480 138 188 10 22
4.152480 138 188 10 22
4.154480 138 188 10 22
4.156480 138 188 10 22
4.158480 138 188 10 22
4.160480 138 188 10 22
4.162480 138 188 10 22
4.164480 139 188 10 21
4.166480 139 188 10 21
4.168480 139 188 10 21
4.170480 139 188 10 21
4.172480 139 188 10 21
4.174480 139 188 10 21
4.176480 139 188 10 21
4.178480 139 188 10 21
4.180480 139 188 10 21
4.182480 139 188 10 21
4.184480 139 188 10 21
4.186480 139 188 10 21
4.188480 139 188 10 21
4.190480 139 188 10 21
4.192480 139 188 10 21
4.194480 139 188 10 21
4.196480 139 188 10 21
4.198480 139 188 10 21
4.200480 139 188 10 21
4.202480 139 188 10 21
4.204480 139 188 10 21
4.206480 139 188 10 21
4.208480 139 188 10 21
4.210480 139 188 10 21
4.212480 139 188 10 21
4.214480 139 188 10 21
4.216480 139 188 10 21
4.218480 139 188 10 21
4.220480 139 188 10 21
4.222480 139 188 10 21
4.224480 139 188 10 21
4.226480 139 188 10 21
4.228480 139 188 10 21
4.230480 139 187 11 21
4.232480 139 187 11 21
4.234480 139 187 11 21
4.236480 139 187 11 21
4.238480 139 187 11 21
4.240480 139 187 11 21
4.242480 139 187 11 21
4.244480 139 187 11 21
4.246480 139 187 11 21
4.248480 139 187 11 21
4.250480 139 187 11 21
4.252480 139 187 11 21
4.254480 139 187 11 21
4.256480 139 187 11 21
4.258480 139 187 11 21
4.260480 139 187 11 21
4.262480 139 187 11 21
4.264480 139 187 11 21
4.266480 139 187 11 21
4.268480 139 187 11 21
4.270480 139 187 11 21
4.272480 139 187 11 21
4.274480 139 187 11 21
4.276480 139 187 11 21
4.278480 139 187 11 21
4.280480 139 187 11 21
4.282480 139 187 11 21
4.284480 139 187 11 21
4.286480 139 187 11 21
4.288480 139 187 11 21
4.290480 139 187 11 21
4.292480 139 187 11 21
4.294480 139 187 11 21
4.296480 139 187 11 21
4.298480 140 186 11 22
4.300480 140 186 11 22
4.302480 140 186 11 22
4.304480 140 186 11 22
4.306480 140 186 11 22
4.308480 140 186 11 22
4.310480 140 186 11 22
4.312480 140 186 11 22
4.314480 140 186 11 22
4.316480 140 186 11 22
4.318480 140 186 11 22
4.320480 140 186 11 22
4.322480 140 186 11 22
4.324480 140 186 11 22
4.326480 140 186 11 22
4.328480 140 186 11 22
4.330480 140 185 11 22
4.332480 140 185 11 22
4.334480 140 185 11 22
4.336480 140 185 11 22
4.338480 140 185 11 22
4.340480 140 185 11 22
4.342480 140 185 11 22
4.344480 140 185 11 22
4.346480 140 185 11 22
4.348480 140 184 11 23
4.350480 140 184 11 23
4.352480 140 184 11 23
4.354480 140 184 11 23
4.356480 140 184 11 23
4.358480 140 184 11 23
4.360480 140 184 11 23
4.362480 140 184 11 23
4.364480 141 184 11 23
4.366480 141 184 11 23
4.368480 141 184 11 23
4.370480 141 184 11 23
4.372480 141 184 11 23
4.374480 141 184 11 23
4.376480 141 185 11 23
4.378480 141 185 11 23
4.380480 141 185 11 22
4.382480 141 185 11 22
4.384480 141 185 11 22
4.386480 141 186 11 22
4.388480 141 186 11 22
4.390480 141 186 11 22
4.392480 141 186 11 22
4.394480 141 186 11 22
4.396480 141 186 11 22
4.398480 141 186 11 22
4.400480 141 186 11 22
4.402480 141 186 11 22
4.404480 141 186 11 22
4.406480 141 186 11 22
4.408480 141 186 11 22
4.410480 141 186 11 22
4.412480 141 186 11 22
4.414480 141 186 11 22
4.416480 141 186 11 22
4.418480 141 186 11 22
4.420480 141 186 11 22
4.422480 141 186 11 22
4.424480 141 186 11 22
4.426480 141 186 11 22
4.428480 141 186 11 22
4.430480 141 185 11 22
4.432480 141 185 11 22
4.434480 141 185 11 22
4.436480 141 185 11 22
4.438480 141 185 11 22
4.440480 141 185 11 22
4.442480 141 184 11 22
4.444480 141 184 11 22
4.446480 141 184 11 22
4.448480 141 184 11 23
4.450480 141 184 11 23
4.452480 141 184 11 23
4.454480 141 183 11 23
4.456480 141 183 11 23
4.458480 141 183 11 23
4.460480 141 183 11 23
4.462480 141 183 11 23
4.464480 142 183 11 23
4.466480 142 183 11 23
4.468480 142 183 11 23
4.470480 142 183 11 23
4.472480 142 183 11 23
4.474480 142 183 11 23
4.476480 142 183 11 23
4.478480 142 183 11 23
4.480480 143 184 11 23
4.482480 143 184 11 23
4.484480 143 184 11 23
4.486480 143 184 11 23
4.488480 143 184 11 23
4.490480 143 184 11 23
4.492480 143 184 11 23
4.494480 143 184 11 23
4.496480 143 184 11 23
4.498480 144 185 11 22
4.500480 144 185 11 22
4.502480 144 185 11 22
4.504480 144 185 11 22
4.506480 144 185 11 22
4.508480 144 185 11 22
4.510480 144 185 11 22
4.512480 144 185 11 22
4.514480 144 185 11 21
4.516480 144 185 11 21
4.518480 144 185 11 21
4.520480 144 185 11 21
4.522480 144 185 11 21
4.524480 144 185 11 21
4.526480 144 185 11 21
4.528480 144 185 11 21
4.530480 144 185 11 21
4.532480 144 185 11 21
4.534480 144 185 11 21
4.536480 144 185 11 21
4.538480 144 185 11 21
4.540480 144 185 11 21
4.542480 144 185 11 21
4.544480 144 185 11 21
4.546480 144 185 11 21
4.548480 144 185 11 21
4.550480 144 185 11 21
4.552480 144 185 11 21
4.554480 144 185 11 21
4.556480 144 185 11 21
4.558480 144 185 11 21
4.560480 144 185 11 21
4.562480 144 185 11 21
4.564480 144 184 11 22
4.566480 144 184 11 22
4.568480 144 184 11 22
4.570480 144 184 11 22
4.572480 144 184 11 22
4.574480 144 184 11 22
4.576480 144 184 11 22
4.578480 144 184 11 22
4.580480 144 184 11 22
4.582480 144 184 11 22
4.584480 144 184 11 22
4.586480 144 184 11 22
4.588480 144 184 11 22
4.590480 144 184 11 22
4.592480 144 184 11 22
4.594480 144 184 11 22
4.596480 144 184 11 22
4.598480 144 184 12 22
4.600480 144 184 12 22
4.602480 144 184 12 22
4.604480 144 184 12 22
4.606480 144 184 12 22
4.608480 144 184 12 22
4.610480 144 184 12 22
4.612480 144 184 12 22
4.614480 144 184 12 22
4.616480 144 184 12 22
4.618480 144 184 12 22
4.620480 144 184 12 22
4.622480 144 184 12 22
4.624480 144 184 12 22
4.626480 144 184 12 22
4.628480 144 184 12 22
4.630480 145 184 11 22
4.632480 145 184 11 22
4.634480 145 184 11 22
4.636480 145 184 11 22
4.638480 145 184 11 22
4.640480 145 184 11 22
4.642480 145 184 11 22
4.644480 145 184 11 22
4.646480 145 184 11 22
4.648480 145 184 11 22
4.650480 145 184 11 22
4.652480 145 184 11 22
4.654480 145 184 11 22
4.656480 145 184 11 22
4.658480 145 184 11 22
4.660480 145 184 11 22
4.662480 145 184 11 22
4.664480 146 184 11 21
4.666480 146 184 11 21
4.668480 146 184 11 21
4.670480 146 184 11 21
4.672480 146 184 11 21
4.674480 146 184 11 21
4.676480 146 184 11 21
4.678480 146 184 11 21
4.680480 146 184 11 21
4.682480 146 184 11 21
4.684480 146 184 11 21
4.686480 146 184 11 21
4.688480 146 184 11 21
4.690480 146 184 11 21
4.692480 146 184 11 21
4.694480 146 184 11 21
4.696480 146 184 11 21
4.698480 146 184 11 21
4.700480 146 184 11 21
4.702480 146 184 11 21
4.704480 146 184 11 21
4.706480 146 184 11 21
4.708480 146 184 11 21
4.710480 146 184 11 21
4.712480 146 184 11 21
4.714480 146 184 11 21
4.716480 146 184 11 21
4.718480 146 184 11 21
4.720480 146 184 11 21
4.722480 146 184 11 21
4.724480 146 184 11 21
4.726480 146 184 11 21
4.728480 146 184 11 21
4.730480 147 184 11 21
4.732480 147 184 11 21
4.734480 147 184 11 21
4.736480 147 184 11 21
4.738480 147 184 11 21
4.740480 147 184 11 21
4.742480 147 184 11 21
4.744480 147 184 11 21
4.746480 147 184 11 21
4.748480 147 184 11 21
4.750480 147 184 11 21
4.752480 147 184 11 21
4.754480 147 184 11 21
4.756480 147 184 11 21
4.758480 147 184 11 21
4.760480 147 184 11 21
4.762480 147 184 11 21
4.764480 147 184 11 21
4.766480 147 184 11 21
4.768480 147 184 11 21
4.770480 147 184 11 21
4.772480 147 184 11 21
4.774480 147 184 11 21
4.776480 147 184 11 21
4.778480 147 184 11 21
4.780480 147 184 11 21
4.782480 147 184 11 21
4.784480 147 184 11 21
4.786480 147 184 11 21
4.788480 147 184 11 21
4.790480 147 184 11 21
4.792480 147 184 11 21
4.794480 147 184 11 21
4.796480 147 184 11 21
4.798480 148 184 11 21
4.800480 148 184 11 21
4.802480 148 184 11 21
4.804480 148 184 11 21
4.806480 148 184 11 21
4.808480 148 184 11 21
4.810480 148 184 11 21
4.812480 148 184 11 21
4.814480 148 184 11 21
4.816480 148 184 11 21
4.818480 148 184 11 21
4.820480 148 184 11 21
4.822480 148 184 11 21
4.824480 148 184 11 21
4.826480 148 184 11 21
4.828480 148 184 11 21
4.830480 149 184 11 21
4.832480 149 184 11 21
4.834480 149 184 11 21
4.836480 149 184 11 21
4.838480 149 184 11 21
4.840480 149 184 11 21
4.842480 149 184 11 21
4.844480 149 184 11 21
4.846480 149 184 11 21
4.848480 149 184 11 21
4.850480 149 184 11 21
4.852480 149 184 11 21
4.854480 149 184 11 21
4.856480 149 184 11 21
4.858480 149 184 11 21
4.860480 149 184 11 21
4.862480 149 184 11 21
4.864480 150 184 11 20
4.866480 150 184 11 20
4.868480 150 184 11 20
4.870480 150 184 11 20
4.872480 150 184 11 20
4.874480 150 184 11 20
4.876480 150 184 11 20
4.878480 150 184 11 20
4.880480 150 184 11 20
4.882480 150 184 11 20
4.884480 150 184 11 20
4.886480 150 184 11 20
4.888480 150 184 11 20
4.890480 150 184 11 20
4.892480 150 184 11 20
4.894480 150 184 11 20
4.896480 150 184 11 20
4.898480 150 184 11 20
4.900480 150 184 11 20
4.902480 150 184 11 20
4.904480 150 184 11 20
4.906480 150 184 11 20
4.908480 150 184 11 20
4.910480 150 184 11 20
4.912480 150 184 11 20
4.914480 150 184 11 20
4.916480 150 184 11 20
4.918480 150 184 11 20
4.920480 150 184 11 20
4.922480 150 184 11 20
4.924480 150 184 11 20
4.926480 150 184 11 20
4.928480 150 184 11 20
4.930480 151 184 11 20
4.932480 151 184 11 20
4.934480 151 184 11 20
4.936480 151 184 11 20
4.938480 151 184 11 20
4.940480 151 184 11 20
4.942480 151 184 11 20
4.944480 151 184 11 20
4.946480 151 184 11 20
4.948480 151 184 11 20
4.950480 151 184 11 20
4.952480 151 184 11 20
4.954480 151 184 11 20
4.956480 151 184 11 20
4.958480 151 184 11 20
4.960480 151 184 11 20
4.962480 151 184 11 20
4.964480 151 184 11 20
4.966480 151 184 11 20
4.968480 151 184 11 20
4.970480 151 184 11 20
4.972480 151 184 11 20
4.974480 151 184 11 20
4.976480 151 184 11 20
4.978480 151 184 11 20
4.980480 151 184 11 20
4.982480 151 184 11 20
4.984480 151 184 11 20
4.986480 151 184 11 20
4.988480 151 184 11 20
4.990480 151 184 11 20
4.992480 151 184 11 20
4.994480 151 184 11 20
4.996480 151 184 11 20
4.998480 152 184 11 20
5.000480 152 184 11 20
5.002480 152 184 11 20
5.004480 152 184 11 20
5.006480 152 184 11 20
5.008480 152 184 11 20
5.010480 152 184 11 20
5.012480 152 184 11 20
5.014480 152 184 11 20
5.016480 152 184 11 20
5.018480 152 184 11 20
5.020480 152 184 11 20
5.022480 152 184 11 20
5.024480 152 184 11 20
5.026480 152 184 11 20
5.028480 152 184 11 20
5.030480 153 183 11 20
5.032480 153 183 11 20
5.034480 153 183 11 20
5.036480 153 183 11 20
5.038480 153 183 11 20
5.040480 153 183 11 20
5.042480 153 183 11 20
5.044480 153 183 11 20
5.046480 153 183 11 20
5.048480 153 183 11 20
5.050480 153 183 11 20
5.052480 153 183 11 20
5.054480 153 183 11 20
5.056480 153 183 11 20
5.058480 153 183 11 20
5.060480 153 183 11 20
5.062480 153 183 11 20
5.064480 154 183 10 19
5.066480 154 183 10 19
5.068480 154 183 10 19
5.070480 154 183 10 19
5.072480 154 183 10 19
5.074480 154 183 10 19
5.076480 154 183 10 19
5.078480 154 183 10 19
5.080480 154 183 10 19
5.082480 154 183 10 19
5.084480 154 183 10 19
5.086480 154 183 10 19
5.088480 154 183 10 19
5.090480 154 183 10 19
5.092480 154 183 10 19
5.094480 154 183 10 19
5.096480 154 183 10 19
5.098480 155 184 10 19
5.100480 155 184 10 19
5.102480 155 184 10 19
5.104480 155 184 10 19
5.106480 155 184 10 19
5.108480 155 184 10 19
5.110480 155 184 10 19
5.112480 155 184 10 19
5.114480 155 184 10 19
5.116480 155 184 10 19
5.118480 155 184 10 19
5.120480 155 184 10 19
5.122480 155 184 10 19
5.124480 155 184 10 19
5.126480 155 184 10 19
5.128480 155 184 10 19
5.130480 155 183 10 19
5.132480 155 183 10 19
5.134480 155 183 10 19
5.136480 155 183 10 19
5.138480 155 183 10 19
5.140480 155 183 10 19
5.142480 155 183 10 19
5.144480 155 183 10 19
5.146480 155 183 10 19
5.148480 156 183 10 19
5.150480 156 183 10 19
5.152480 156 183 10 19
5.154480 156 183 10 19
5.156480 156 183 10 19
5.158480 156 183 10 19
5.160480 156 183 10 19
5.162480 156 183 10 19
5.164480 157 183 10 19
5.166480 157 183 10 19
5.168480 157 183 10 19
5.170480 157 183 10 19
5.172480 157 183 10 19
5.174480 157 183 10 19
5.176480 157 183 10 19
5.178480 157 183 10 19
5.180480 157 183 10 19
5.182480 157 183 10 19
5.184480 157 183 10 19
5.186480 157 183 10 19
5.188480 157 183 10 19
5.190480 157 183 10 19
5.192480 157 183 10 19
5.194480 157 183 10 19
5.196480 157 183 10 19
5.198480 157 183 10 19
5.200480 157 183 10 19
5.202480 157 183 10 19
5.204480 157 183 10 19
5.206480 157 183 10 19
5.208480 157 183 10 19
5.210480 157 183 10 19
5.212480 157 183 10 19
5.214480 157 183 10 19
5.216480 157 183 10 19
5.218480 157 183 10 19
5.220480 157 183 10 19
5.222480 157 183 10 19
5.224480 157 183 10 19
5.226480 157 183 10 19
5.228480 157 183 10 19
5.230480 158 183 10 19
5.232480 158 183 10 19
5.234480 158 183 10 19
5.236480 158 183 10 19
5.238480 158 183 10 19
5.240480 158 183 10 19
5.242480 158 183 10 19
5.244480 158 183 10 19
5.246480 158 183 10 19
5.248480 158 183 10 19
5.250480 158 183 10 19
5.252480 158 183 10 19
5.254480 158 183 10 19
5.256480 158 183 10 19
5.258480 158 183 10 19
5.260480 158 183 10 19
5.262480 158 183 10 19
5.264480 159 183 10 19
5.266480 159 183 10 19
5.268480 159 183 10 19
5.270480 159 183 10 19
5.272480 159 183 10 19
5.274480 159 183 10 19
5.276480 159 183 10 19
5.278480 159 183 10 19
5.280480 159 183 10 19
5.282480 159 183 10 19
5.284480 159 183 10 19
5.286480 159 183 10 19
5.288480 159 183 10 19
5.290480 159 183 10 19
5.292480 159 183 10 19
5.294480 159 183 10 19
5.296480 159 183 10 19
5.298480 159 184 10 19
5.300480 159 184 10 19
5.302480 159 184 10 19
5.304480 159 184 10 19
5.306480 159 184 10 19
5.308480 159 184 10 19
5.310480 159 184 10 19
5.312480 159 184 10 19
5.314480 159 184 10 19
5.316480 159 184 10 19
5.318480 159 184 10 19
5.320480 159 184 10 19
5.322480 159 184 10 19
5.324480 159 184 10 19
5.326480 159 184 10 19
5.328480 159 184 10 19
5.330480 160 183 10 19
5.332480 160 183 10 19
5.334480 160 183 10 19
5.336480 160 183 10 19
5.338480 160 183 10 19
5.340480 160 183 10 19
5.342480 160 183 10 19
5.344480 160 183 10 19
5.346480 160 183 10 19
5.348480 160 182 10 19
5.350480 160 182 10 19
5.352480 160 182 10 19
5.354480 160 182 10 19
5.356480 160 182 10 19
5.358480 160 182 10 19
5.360480 160 182 10 19
5.362480 160 182 10 19
5.364480 161 182 10 19
5.366480 161 182 10 19
5.368480 161 182 10 19
5.370480 161 182 10 19
5.372480 161 182 10 19
5.374480 161 182 10 19
5.376480 161 182 10 19
5.378480 161 182 10 19
5.380480 161 182 10 19
5.382480 161 182 10 19
5.384480 161 182 10 19
5.386480 161 182 10 19
5.388480 161 182 10 19
5.390480 161 182 10 19
5.392480 161 182 10 19
5.394480 161 182 10 19
5.396480 161 182 10 19
5.398480 162 182 10 18
5.400480 162 182 10 18
5.402480 162 182 10 18
5.404480 162 182 10 18
5.406480 162 182 10 18
5.408480 162 182 10 18
5.410480 162 182 10 18
5.412480 162 182 10 18
5.414480 162 182 10 18
5.416480 162 182 10 18
5.418480 162 182 10 18
5.420480 162 182 10 18
5.422480 162 182 10 18
5.424480 162 182 10 18
5.426480 162 182 10 18
5.428480 162 182 10 18
5.430480 163 182 10 18
5.432480 163 182 10 18
5.434480 163 182 10 18
5.436480 163 182 10 18
5.438480 163 182 10 18
5.440480 163 182 10 18
5.442480 163 182 10 18
5.444480 163 182 10 18
5.446480 163 182 10 18
5.448480 163 182 10 18
5.450480 163 182 10 18
5.452480 163 182 10 18
5.454480 163 182 10 18
5.456480 163 182 10 18
5.458480 163 182 10 18
5.460480 163 182 10 18
5.462480 163 182 10 18
5.464480 163 182 10 18
5.466480 163 182 10 18
5.468480 163 182 10 18
5.470480 163 182 10 18
5.472480 163 182 10 18
5.474480 163 182 10 18
5.476480 163 182 10 18
5.478480 163 182 10 18
5.480480 163 182 10 18
5.482480 163 182 10 18
5.484480 163 182 10 18
5.486480 163 182 10 18
5.488480 163 182 10 18
5.490480 163 182 10 18
5.492480 163 182 10 18
5.494480 163 182 10 18
5.496480 163 182 10 18
5.498480 164 183 10 18
5.500480 164 183 10 18
5.502480 164 183 10 18
5.504480 164 183 10 18
5.506480 164 183 10 18
5.508480 164 183 10 18
5.510480 164 183 10 18
5.512480 164 183 10 18
5.514480 164 183 10 18
5.516480 164 183 10 18
5.518480 164 183 10 18
5.520480 164 183 10 18
5.522480 164 183 10 18
5.524480 164 183 10 18
5.526480 164 183 10 18
5.528480 164 183 10 18
5.530480 164 182 10 18
5.532480 164 182 10 18
5.534480 164 182 10 18
5.536480 164 182 10 18
5.538480 164 182 10 18
5.540480 164 182 10 18
5.542480 164 182 10 18
5.544480 164 182 10 18
5.546480 164 182 10 18
5.548480 164 182 10 18
5.550480 164 182 10 18
5.552480 164 182 10 18
5.554480 164 182 10 18
5.556480 164 182 10 18
5.558480 164 182 10 18
5.560480 164 182 10 18
5.562480 164 182 10 18
5.564480 165 182 10 18
5.566480 165 182 10 18
5.568480 165 182 10 18
5.570480 165 182 10 18
5.572480 165 182 10 18
5.574480 165 182 10 18
5.576480 165 182 10 18
5.578480 165 182 10 18
5.580480 165 182 10 18
5.582480 165 182 10 18
5.584480 165 182 10 18
5.586480 165 182 10 18
5.588480 165 182 10 18
5.590480 165 182 10 18
5.592480 165 182 10 18
5.594480 165 182 10 18
5.596480 165 182 10 18
5.598480 166 183 10 17
5.600480 166 183 10 17
5.602480 166 183 10 17
5.604480 166 183 10 17
5.606480 166 183 10 17
5.608480 166 183 10 17
5.610480 166 183 10 17
5.612480 166 183 10 17
5.614480 166 183 10 17
5.616480 166 183 10 17
5.618480 166 183 10 17
5.620480 166 183 10 17
5.622480 166 183 10 17
5.624480 166 183 10 17
5.626480 166 183 10 17
5.628480 166 183 10 17
5.630480 167 182 10 17
5.632480 167 182 10 17
5.634480 167 182 10 17
5.636480 167 182 10 17
5.638480 167 182 10 17
5.640480 167 182 10 17
5.642480 167 182 10 17
5.644480 167 182 10 17
5.646480 167 182 10 17
5.648480 167 182 10 17
5.650480 167 182 10 17
5.652480 167 182 10 17
5.654480 167 182 10 17
5.656480 167 182 10 17
5.658480 167 182 10 17
5.660480 167 182 10 17
5.662480 167 182 10 17
5.664480 167 182 10 18
5.666480 167 182 10 18
5.668480 167 182 10 18
5.670480 167 182 10 18
5.672480 167 182 10 18
5.674480 167 182 10 18
5.676480 167 182 10 18
5.678480 167 182 10 18
5.680480 167 182 10 18
5.682480 167 182 10 18
5.684480 167 182 10 18
5.686480 167 182 10 18
5.688480 167 182 10 18
5.690480 167 182 10 18
5.692480 167 182 10 18
5.694480 167 182 10 18
5.696480 167 182 10 18
5.698480 168 182 10 17
5.700480 168 182 10 17
5.702480 168 182 10 17
5.704480 168 182 10 17
5.706480 168 182 10 17
5.708480 168 182 10 17
5.710480 168 182 10 17
5.712480 168 182 10 17
5.714480 168 182 10 17
5.716480 168 182 10 17
5.718480 168 182 10 17
5.720480 168 182 10 17
5.722480 168 182 10 17
5.724480 168 182 10 17
5.726480 168 182 10 17
5.728480 168 182 10 17
5.730480 168 182 10 17
5.732480 168 182 10 17
5.734480 168 182 10 17
5.736480 168 182 10 17
5.738480 168 182 10 17
5.740480 168 182 10 17
5.742480 168 182 10 17
5.744480 168 182 10 17
5.746480 168 182 10 17
5.748480 168 182 10 17
5.750480 168 182 10 17
5.752480 168 182 10 17
5.754480 168 182 10 17
5.756480 168 182 10 17
5.758480 168 182 10 17
5.760480 168 182 10 17
5.762480 168 182 10 17
5.764480 169 182 10 17
5.766480 169 182 10 17
5.768480 169 182 10 17
5.770480 169 182 10 17
5.772480 169 182 10 17
5.774480 169 182 10 17
5.776480 169 182 10 17
5.778480 169 182 10 17
5.780480 169 182 10 17
5.782480 169 182 10 17
5.784480 169 182 10 17
5.786480 169 182 10 17
5.788480 169 182 10 17
5.790480 169 182 10 17
5.792480 169 182 10 17
5.794480 169 182 10 17
5.796480 169 182 10 17
5.798480 170 181 10 17
5.800480 170 181 10 17
5.802480 170 181 10 17
5.804480 170 181 10 17
5.806480 170 181 10 17
5.808480 170 181 10 17
5.810480 170 181 10 17
5.812480 170 181 10 17
5.814480 170 181 10 17
5.816480 170 181 10 17
5.818480 170 181 10 17
5.820480 170 181 10 17
5.822480 170 181 10 17
5.824480 170 181 10 17
5.826480 170 181 10 17
5.828480 170 181 10 17
5.830480 171 181 10 18
5.832480 171 181 10 18
5.834480 171 181 10 18
5.836480 171 181 10 18
5.838480 171 181 10 18
5.840480 171 181 10 18
5.842480 171 181 10 18
5.844480 171 181 10 18
5.846480 171 181 10 18
5.848480 171 181 10 18
5.850480 171 181 10 18
5.852480 171 181 10 18
5.854480 171 181 10 18
5.856480 171 181 10 18
5.858480 171 181 10 18
5.860480 171 181 10 18
5.862480 171 181 10 18
5.864480 171 182 10 17
5.866480 171 182 10 17
5.868480 171 182 10 17
5.870480 171 182 10 17
5.872480 171 182 10 17
5.874480 171 182 10 17
5.876480 171 182 10 17
5.878480 171 182 10 17
5.880480 171 182 10 17
5.882480 171 182 10 17
5.884480 171 182 10 17
5.886480 171 182 10 17
5.888480 171 182 10 17
5.890480 171 182 10 17
5.892480 171 182 10 17
5.894480 171 182 10 17
5.896480 171 182 10 17
5.898480 172 182 10 17
5.900480 172 182 10 17
5.902480 172 182 10 17
5.904480 172 182 10 17
5.906480 172 182 10 17
5.908480 172 182 10 17
5.910480 172 182 10 17
5.912480 172 182 10 17
5.914480 172 182 10 17
5.916480 172 182 10 17
5.918480 172 182 10 17
5.920480 172 182 10 17
5.922480 172 182 10 17
5.924480 172 182 10 17
5.926480 172 182 10 17
5.928480 172 182 10 17
5.930480 172 181 10 17
5.932480 172 181 10 17
5.934480 172 181 10 17
5.936480 172 181 10 17
5.938480 172 181 10 17
5.940480 172 181 10 17
5.942480 172 181 10 17
5.944480 172 181 10 17
5.946480 172 181 10 17
5.948480 173 180 10 18
5.950480 173 180 10 18
5.952480 173 180 10 18
5.954480 173 180 10 18
5.956480 173 180 10 18
5.958480 173 180 10 18
5.960480 173 180 10 18
5.962480 173 180 10 18
5.964480 174 180 10 18
5.966480 174 180 10 18
5.968480 174 180 10 18
5.970480 174 180 10 18
5.972480 174 180 10 18
5.974480 174 180 10 18
5.976480 174 180 10 18
5.978480 174 180 10 18
5.980480 174 180 10 18
5.982480 174 180 10 18
5.984480 174 180 10 18
5.986480 174 180 10 18
5.988480 174 180 10 18
5.990480 174 180 10 18
5.992480 174 180 10 18
5.994480 174 180 10 18
5.996480 174 180 10 18
5.998480 175 180 10 18
6.000480 175 180 10 18
6.002480 175 180 10 18
6.004480 175 180 10 18
6.006480 175 180 10 18
6.008480 175 180 10 18
6.010480 175 180 10 18
6.012480 175 180 10 18
6.014480 175 180 10 18
6.016480 175 180 10 18
6.018480 175 180 10 18
6.020480 175 180 10 18
6.022480 175 180 10 18
6.024480 175 180 10 18
6.026480 175 180 10 18
6.028480 175 180 10 18
6.030480 175 180 10 18
6.032480 175 180 10 18
6.034480 175 180 10 18
6.036480 175 180 10 18
6.038480 175 180 10 18
6.040480 175 180 10 18
6.042480 175 180 10 18
6.044480 175 180 10 18
6.046480 175 180 10 18
6.048480 175 180 10 18
6.050480 175 180 10 18
6.052480 175 180 10 18
6.054480 175 180 10 18
6.056480 175 180 10 18
6.058480 175 180 10 18
6.060480 175 180 10 18
6.062480 175 180 10 18
6.064480 175 180 10 18
6.066480 175 180 10 18
6.068480 175 180 10 18
6.070480 175 180 10 18
6.072480 175 180 10 18
6.074480 175 180 10 18
6.076480 175 180 10 18
6.078480 175 180 10 18
6.080480 175 180 10 17
6.082480 175 180 10 17
6.084480 175 180 10 17
6.086480 175 180 10 17
6.088480 175 180 10 17
6.090480 175 180 10 17
6.092480 175 180 10 17
6.094480 175 180 10 17
6.096480 175 180 10 17
6.098480 176 181 10 17
6.100480 176 181 10 17
6.102480 176 181 10 17
6.104480 176 181 10 17
6.106480 176 181 10 17
6.108480 176 181 10 17
6.110480 176 181 10 17
6.112480 176 181 10 17
6.114480 176 181 10 17
6.116480 176 181 10 17
6.118480 176 181 10 17
6.120480 176 181 10 17
6.122480 176 181 10 17
6.124480 176 181 10 17
6.126480 176 181 10 17
6.128480 176 181 10 17
6.130480 177 181 10 16
6.132480 177 181 10 16
6.134480 177 181 10 16
6.136480 177 181 10 16
6.138480 177 181 10 16
6.140480 177 181 10 16
6.142480 177 181 10 16
6.144480 177 181 10 16
6.146480 177 181 10 16
6.148480 177 181 10 16
6.150480 177 181 10 16
6.152480 177 181 10 16
6.154480 177 181 10 16
6.156480 177 181 10 16
6.158480 177 181 10 16
6.160480 177 181 10 16
6.162480 177 181 10 16
6.164480 177 181 10 16
6.166480 177 181 10 16
6.168480 177 181 10 16
6.170480 177 181 10 16
6.172480 177 181 10 16
6.174480 177 181 10 16
6.176480 177 181 10 16
6.178480 177 181 10 16
6.180480 177 181 10 16
6.182480 177 181 10 16
6.184480 177 181 10 16
6.186480 177 181 10 16
6.188480 177 181 10 16
6.190480 177 181 10 16
6.192480 177 181 10 16
6.194480 177 181 10 16
6.196480 177 181 10 16
6.198480 178 181 10 16
6.200480 178 181 10 16
6.202480 178 181 10 16
6.204480 178 181 10 16
6.206480 178 181 10 16
6.208480 178 181 10 16
6.210480 178 181 10 16
6.212480 178 181 10 16
6.214480 178 181 10 16
6.216480 178 181 10 16
6.218480 178 181 10 16
6.220480 178 181 10 16
6.222480 178 181 10 16
6.224480 178 181 10 16
6.226480 178 181 10 16
6.228480 178 181 10 16
6.230480 179 180 9 16
6.232480 179 180 9 16
6.234480 179 180 9 16
6.236480 179 180 9 16
6.238480 179 180 9 16
6.240480 179 180 9 16
6.242480 179 180 9 16
6.244480 179 180 9 16
6.246480 179 180 9 16
6.248480 179 179 9 17
6.250480 179 179 9 17
6.252480 179 179 9 17
6.254480 179 179 9 17
6.256480 179 179 9 17
6.258480 179 179 9 17
6.260480 179 179 9 17
6.262480 179 179 9 17
6.264480 179 179 9 18
6.266480 179 179 9 18
6.268480 179 179 9 18
6.270480 179 179 9 18
6.272480 179 179 9 18
6.274480 179 179 9 18
6.276480 179 179 9 18
6.278480 179 179 9 18
6.280480 179 179 9 18
6.282480 179 179 9 18
6.284480 179 179 9 18
6.286480 179 179 9 18
6.288480 179 179 9 18
6.290480 179 179 9 18
6.292480 179 179 9 18
6.294480 179 179 9 18
6.296480 179 179 9 18
6.298480 179 179 10 18
6.300480 179 179 10 18
6.302480 179 179 10 18
6.304480 179 179 10 18
6.306480 179 179 10 18
6.308480 179 179 10 18
6.310480 179 179 10 18
6.312480 179 179 10 18
6.314480 179 179 10 18
6.316480 179 179 10 18
6.318480 179 179 10 18
6.320480 179 179 10 18
6.322480 179 179 10 18
6.324480 179 179 10 18
6.326480 179 179 10 18
6.328480 179 179 10 18
6.330480 180 178 10 18
6.332480 180 178 10 18
6.334480 180 178 10 18
6.336480 180 178 10 18
6.338480 180 178 10 18
6.340480 180 178 10 18
6.342480 180 178 10 18
6.344480 180 178 10 18
6.346480 180 178 10 18
6.348480 180 178 10 18
6.350480 180 178 10 18
6.352480 180 178 10 18
6.354480 180 178 10 18
6.356480 180 178 10 18
6.358480 180 178 10 18
6.360480 180 178 10 18
6.362480 180 178 10 18
6.364480 181 178 10 18
6.366480 181 178 10 18
6.368480 181 178 10 18
6.370480 181 178 10 18
6.372480 181 178 10 18
6.374480 181 178 10 18
6.376480 181 178 10 18
6.378480 181 178 10 18
6.380480 181 178 10 18
6.382480 181 178 10 18
6.384480 181 178 10 18
6.386480 181 178 10 18
6.388480 181 178 10 18
6.390480 181 178 10 18
6.392480 181 178 10 18
6.394480 181 178 10 18
6.396480 181 178 10 18
6.398480 181 178 10 18
6.400480 181 178 10 18
6.402480 181 178 10 18
6.404480 181 178 10 18
6.406480 181 178 10 18
6.408480 181 178 10 18
6.410480 181 178 10 18
6.412480 181 178 10 18
6.414480 182 178 10 18
6.416480 182 178 10 18
6.418480 182 178 10 18
6.420480 182 178 10 18
6.422480 182 178 10 18
6.424480 182 178 10 18
6.426480 182 178 10 18
6.428480 182 178 10 18
6.430480 182 178 10 18
6.432480 182 178 10 18
6.434480 182 178 10 18
6.436480 182 178 10 18
6.438480 182 178 10 18
6.440480 182 178 10 18
6.442480 182 178 10 18
6.444480 182 178 10 18
6.446480 182 178 10 18
6.448480 182 178 10 18
6.450480 182 178 10 18
6.452480 182 178 10 18
6.454480 182 178 10 18
6.456480 182 178 10 18
6.458480 182 178 10 18
6.460480 182 178 10 18
6.462480 182 178 10 18
6.464480 182 178 10 18
6.466480 182 178 10 18
6.468480 182 178 10 18
6.470480 182 178 10 18
6.472480 182 178 10 18
6.474480 182 178 10 18
6.476480 182 178 10 18
6.478480 182 178 10 18
6.480480 183 178 10 18
6.482480 183 178 10 18
6.484480 183 178 10 18
6.486480 183 178 10 18
6.488480 183 178 10 18
6.490480 183 178 10 18
6.492480 183 178 10 18
6.494480 183 178 10 18
6.496480 183 178 10 18
6.498480 184 178 10 18
6.500480 184 178 10 18
6.502480 184 178 10 18
6.504480 184 178 10 18
6.506480 184 178 10 18
6.508480 184 178 10 18
6.510480 184 178 10 18
6.512480 184 178 10 18
6.514480 184 178 10 18
6.516480 184 178 10 18
6.518480 184 178 10 18
6.520480 184 178 10 18
6.522480 184 178 10 18
6.524480 184 178 10 18
6.526480 184 178 10 18
6.528480 184 178 10 18
6.530480 184 177 10 18
6.532480 184 177 10 18
6.534480 184 177 10 18
6.536480 184 177 10 18
6.538480 184 177 10 18
6.540480 184 177 10 18
6.542480 184 177 10 18
6.544480 184 177 10 18
6.546480 184 177 10 18
6.548480 184 177 10 18
6.550480 184 177 10 18
6.552480 184 177 10 18
6.554480 184 177 10 18
6.556480 184 177 10 18
6.558480 184 177 10 18
6.560480 184 177 10 18
6.562480 184 177 10 18
6.564480 185 177 10 18
6.566480 185 177 10 18
6.568480 185 177 10 18
6.570480 185 177 10 18
6.572480 185 177 10 18
6.574480 185 177 10 18
6.576480 185 177 10 18
6.578480 185 177 10 18
6.580480 185 177 10 18
6.582480 185 177 10 18
6.584480 185 177 10 18
6.586480 185 177 10 18
6.588480 185 177 10 18
6.590480 185 177 10 18
6.592480 185 177 10 18
6.594480 185 177 10 18
6.596480 185 177 10 18
6.598480 186 178 10 18
6.600480 186 178 10 18
6.602480 186 178 10 18
6.604480 186 178 10 18
6.606480 186 178 10 18
6.608480 186 178 10 18
6.610480 186 178 10 18
6.612480 186 178 10 18
6.614480 186 178 10 18
6.616480 186 178 10 18
6.618480 186 178 10 18
6.620480 186 178 10 18
6.622480 186 178 10 18
6.624480 186 178 10 18
6.626480 186 178 10 18
6.628480 186 178 10 18
6.630480 186 178 10 18
6.632480 186 178 10 18
6.634480 186 178 10 18
6.636480 186 178 10 18
6.638480 186 178 10 18
6.640480 186 178 10 18
6.642480 186 178 10 18
6.644480 186 178 10 18
6.646480 186 178 10 18
6.648480 186 178 10 18
6.650480 186 178 10 18
6.652480 186 178 10 18
6.654480 186 178 10 18
6.656480 186 178 10 18
6.658480 186 178 10 18
6.660480 186 178 10 18
6.662480 186 178 10 18
6.664480 186 178 10 17
6.666480 186 178 10 17
6.668480 186 178 10 17
6.670480 186 178 10 17
6.672480 186 178 10 17
6.674480 186 178 10 17
6.676480 186 178 10 17
6.678480 186 178 10 17
6.680480 187 178 10 17
6.682480 187 178 10 17
6.684480 187 178 10 17
6.686480 187 178 10 17
6.688480 187 178 10 17
6.690480 187 178 10 17
6.692480 187 178 10 17
6.694480 187 178 10 17
6.696480 187 178 10 17
6.698480 188 178 10 17
6.700480 188 178 10 17
6.702480 188 178 10 17
6.704480 188 178 10 17
6.706480 188 178 10 17
6.708480 188 178 10 17
6.710480 188 178 10 17
6.712480 188 178 10 17
6.714480 188 178 10 17
6.716480 188 178 10 17
6.718480 188 178 10 17
6.720480 188 178 10 17
6.722480 188 178 10 17
6.724480 188 178 10 17
6.726480 188 178 10 17
6.728480 188 178 10 17
6.730480 188 178 10 17
6.732480 188 178 10 17
6.734480 188 178 10 17
6.736480 188 178 10 17
6.738480 188 178 10 17
6.740480 188 178 10 17
6.742480 188 178 10 17
6.744480 188 178 10 17
6.746480 188 178 10 17
6.748480 188 178 10 17
6.750480 188 178 10 17
6.752480 188 178 10 17
6.754480 188 178 10 17
6.756480 188 178 10 17
6.758480 188 178 10 17
6.760480 188 178 10 17
6.762480 188 178 10 17
6.764480 189 178 10 17
6.766480 189 178 10 17
6.768480 189 178 10 17
6.770480 189 178 10 17
6.772480 189 178 10 17
6.774480 189 178 10 17
6.776480 189 178 10 17
6.778480 189 178 10 17
6.780480 189 178 10 17
6.782480 189 178 10 17
6.784480 189 178 10 17
6.786480 189 178 10 17
6.788480 189 178 10 17
6.790480 189 178 10 17
6.792480 189 178 10 17
6.794480 189 178 10 17
6.796480 189 178 10 17
6.798480 189 178 10 16
6.800480 189 178 10 16
6.802480 189 178 10 16
6.804480 189 178 10 16
6.806480 189 178 10 16
6.808480 189 178 10 16
6.810480 189 178 10 16
6.812480 189 178 10 16
6.814480 189 178 10 16
6.816480 189 178 10 16
6.818480 189 178 10 16
6.820480 189 178 10 16
6.822480 189 178 10 16
6.824480 189 178 10 16
6.826480 189 178 10 16
6.828480 189 178 10 16
6.830480 190 178 10 16
6.832480 190 178 10 16
6.834480 190 178 10 16
6.836480 190 178 10 16
6.838480 190 178 10 16
6.840480 190 178 10 16
6.842480 190 178 10 16
6.844480 190 178 10 16
6.846480 190 178 10 16
6.848480 190 178 10 16
6.850480 190 178 10 16
6.852480 190 178 10 16
6.854480 190 178 10 16
6.856480 190 178 10 16
6.858480 190 178 10 16
6.860480 190 178 10 16
6.862480 190 178 10 16
6.864480 191 178 10 16
6.866480 191 178 10 16
6.868480 191 178 10 16
6.870480 191 178 10 16
6.872480 191 178 10 16
6.874480 191 178 10 16
6.876480 191 178 10 16
6.878480 191 178 10 16
6.880480 191 177 10 16
6.882480 191 177 10 16
6.884480 191 177 10 16
6.886480 191 177 10 16
6.888480 191 177 10 16
6.890480 191 177 10 16
6.892480 191 177 10 16
6.894480 191 177 10 16
6.896480 191 177 10 16
6.898480 191 177 10 17
6.900480 191 177 10 17
6.902480 191 177 10 17
6.904480 191 177 10 17
6.906480 191 177 10 17
6.908480 191 177 10 17
6.910480 191 177 10 17
6.912480 191 177 10 17
6.914480 191 177 10 17
6.916480 191 177 10 17
6.918480 191 177 10 17
6.920480 191 177 10 17
6.922480 191 177 10 17
6.924480 191 177 10 17
6.926480 191 177 10 17
6.928480 191 177 10 17
6.930480 192 177 10 17
6.932480 192 177 10 17
6.934480 192 177 10 17
6.936480 192 177 10 17
6.938480 192 177 10 17
6.940480 192 177 10 17
6.942480 192 177 10 17
6.944480 192 177 10 17
6.946480 192 177 10 17
6.948480 192 177 10 17
6.950480 192 177 10 17
6.952480 192 177 10 17
6.954480 192 177 10 17
6.956480 192 177 10 17
6.958480 192 177 10 17
6.960480 192 177 10 17
6.962480 192 177 10 17
6.964480 193 177 10 16
6.966480 193 177 10 16
6.968480 193 177 10 16
6.970480 193 177 10 16
6.972480 193 177 10 16
6.974480 193 177 10 16
6.976480 193 177 10 16
6.978480 193 177 10 16
6.980480 193 177 10 16
6.982480 193 177 10 16
6.984480 193 177 10 16
6.986480 193 177 10 16
6.988480 193 177 10 16
6.990480 193 177 10 16
6.992480 193 177 10 16
6.994480 193 177 10 16
6.996480 193 177 10 16
6.998480 194 177 10 15
7.000480 194 177 10 15
7.002480 194 177 10 15
7.004480 194 177 10 15
7.006480 194 177 10 15
7.008480 194 177 10 15
7.010480 194 177 10 15
7.012480 194 177 10 15
7.014480 194 178 10 15
7.016480 194 178 10 15
7.018480 194 178 10 15
7.020480 194 178 10 15
7.022480 194 178 10 15
7.024480 194 178 10 15
7.026480 194 178 10 15
7.028480 194 178 10 15
7.030480 194 178 10 15
7.032480 194 178 10 15
7.034480 194 178 10 15
7.036480 194 178 10 15
7.038480 194 178 10 15
7.040480 194 178 10 15
7.042480 194 178 10 15
7.044480 194 178 10 15
7.046480 194 178 10 15
7.048480 194 178 10 15
7.050480 194 178 10 15
7.052480 194 178 10 15
7.054480 194 178 10 15
7.056480 194 178 10 15
7.058480 194 178 10 15
7.060480 194 178 10 15
7.062480 194 178 10 15
7.064480 195 177 10 16
7.066480 195 177 10 16
7.068480 195 177 10 16
7.070480 195 177 10 16
7.072480 195 177 10 16
7.074480 195 177 10 16
7.076480 195 177 10 16
7.078480 195 177 10 16
7.080480 195 176 10 16
7.082480 195 176 10 16
7.084480 195 176 10 16
7.086480 195 176 10 16
7.088480 195 176 10 16
7.090480 195 176 10 16
7.092480 195 176 10 16
7.094480 195 176 10 16
7.096480 195 176 10 16
7.098480 195 176 10 16
7.100480 195 176 10 16
7.102480 195 176 10 16
7.104480 195 176 10 16
7.106480 195 176 10 16
7.108480 195 176 10 16
7.110480 195 176 10 16
7.112480 195 176 10 16
7.114480 196 176 10 16
7.116480 196 176 10 16
7.118480 196 176 10 16
7.120480 196 176 10 16
7.122480 196 176 10 16
7.124480 196 176 10 16
7.126480 196 176 10 16
7.128480 196 176 10 16
7.130480 197 176 10 16
7.132480 197 176 10 16
7.134480 197 176 10 16
7.136480 197 176 10 16
7.138480 197 176 10 16
7.140480 197 176 10 16
7.142480 197 176 10 16
7.144480 197 176 10 16
7.146480 197 176 10 16
7.148480 197 176 10 16
7.150480 197 176 10 16
7.152480 197 176 10 16
7.154480 197 176 10 16
7.156480 197 176 10 16
7.158480 197 176 10 16
7.160480 197 176 10 16
7.162480 197 176 10 16
7.164480 197 177 10 15
7.166480 197 177 10 15
7.168480 197 177 10 15
7.170480 197 177 10 15
7.172480 197 177 10 15
7.174480 197 177 10 15
7.176480 197 177 10 15
7.178480 197 177 10 15
7.180480 197 177 10 15
7.182480 197 177 10 15
7.184480 197 177 10 15
7.186480 197 177 10 15
7.188480 197 177 10 15
7.190480 197 177 10 15
7.192480 197 177 10 15
7.194480 197 177 10 15
7.196480 197 177 10 15
7.198480 197 177 10 15
7.200480 197 177 10 15
7.202480 197 177 10 15
7.204480 197 177 10 15
7.206480 197 177 10 15
7.208480 197 177 10 15
7.210480 197 177 10 15
7.212480 197 177 10 15
7.214480 197 177 10 15
7.216480 197 177 10 15
7.218480 197 177 10 15
7.220480 197 177 10 15
7.222480 197 177 10 15
7.224480 197 177 10 15
7.226480 197 177 10 15
7.228480 197 177 10 15
7.230480 198 176 9 15
7.232480 198 176 9 15
7.234480 198 176 9 15
7.236480 198 176 9 15
7.238480 198 176 9 15
7.240480 198 176 9 15
7.242480 198 175 8 16
7.244480 198 175 8 16
7.246480 198 175 8 16
7.248480 198 175 8 16
7.250480 198 175 8 16
7.252480 198 175 8 16
7.254480 198 174 7 17
7.256480 198 174 7 17
7.258480 198 174 7 17
7.260480 198 174 7 17
7.262480 198 174 7 17
7.264480 199 174 7 17
7.266480 199 174 7 17
7.268480 199 174 7 17
7.270480 199 174 7 17
7.272480 199 174 7 17
7.274480 199 174 7 17
7.276480 199 174 8 17
7.278480 199 174 8 17
7.280480 199 175 8 16
7.282480 199 175 8 16
7.284480 199 175 8 16
7.286480 199 175 9 16
7.288480 199 175 9 16
7.290480 199 175 9 16
7.292480 199 175 9 16
7.294480 199 175 9 16
7.296480 199 175 9 16
7.298480 199 175 10 16
7.300480 199 175 10 16
7.302480 199 175 10 16
7.304480 199 175 10 16
7.306480 199 175 10 16
7.308480 199 175 10 16
7.310480 199 175 10 16
7.312480 199 175 10 16
7.314480 199 175 10 16
7.316480 199 175 10 16
7.318480 199 175 10 16
7.320480 199 175 10 16
7.322480 199 175 10 16
7.324480 199 175 10 16
7.326480 199 175 10 16
7.328480 199 175 10 16
7.330480 200 175 10 16
7.332480 200 175 10 16
7.334480 200 175 10 16
7.336480 200 175 10 16
7.338480 200 175 10 16
7.340480 200 175 10 16
7.342480 200 175 10 16
7.344480 200 175 10 16
7.346480 200 175 10 16
7.348480 200 175 10 16
7.350480 200 175 10 16
7.352480 200 175 10 16
7.354480 200 175 10 16
7.356480 200 175 10 16
7.358480 200 175 10 16
7.360480 200 175 10 16
7.362480 200 175 10 16
7.364480 200 175 10 15
7.366480 200 175 10 15
7.368480 200 175 10 15
7.370480 200 175 10 15
7.372480 200 175 10 15
7.374480 200 175 10 15
7.376480 200 175 10 15
7.378480 200 175 10 15
7.380480 201 175 10 15
7.382480 201 175 10 15
7.384480 201 175 10 15
7.386480 201 175 10 15
7.388480 201 175 10 15
7.390480 201 175 10 15
7.392480 201 175 10 15
7.394480 201 175 10 15
7.396480 201 175 10 15
7.398480 202 175 10 15
7.400480 202 175 10 15
7.402480 202 175 10 15
7.404480 202 175 10 15
7.406480 202 175 10 15
7.408480 202 175 10 15
7.410480 202 175 10 15
7.412480 202 175 10 15
7.414480 202 175 10 15
7.416480 202 175 10 15
7.418480 202 175 10 15
7.420480 202 175 10 15
7.422480 202 175 10 15
7.424480 202 175 10 15
7.426480 202 175 10 15
7.428480 202 175 10 15
7.430480 202 175 10 16
7.432480 202 175 10 16
7.434480 202 175 10 16
7.436480 202 175 10 16
7.438480 202 175 10 16
7.440480 202 175 10 16
7.442480 202 175 10 16
7.444480 202 175 10 16
7.446480 202 175 10 16
7.448480 202 175 10 16
7.450480 202 175 10 16
7.452480 202 175 10 16
7.454480 202 175 10 16
7.456480 202 175 10 16
7.458480 202 175 10 16
7.460480 202 175 10 16
7.462480 202 175 10 16
7.464480 202 175 10 15
7.466480 202 175 10 15
7.468480 202 175 10 15
7.470480 202 175 10 15
7.472480 202 175 10 15
7.474480 202 175 10 15
7.476480 202 175 10 15
7.478480 202 175 10 15
7.480480 202 175 10 15
7.482480 202 175 10 15
7.484480 202 175 10 15
7.486480 202 175 10 15
7.488480 202 175 10 15
7.490480 202 175 10 15
7.492480 202 175 10 15
7.494480 202 175 10 15
7.496480 202 175 10 15
7.498480 203 175 10 15
7.500480 203 175 10 15
7.502480 203 175 10 15
7.504480 203 175 10 15
7.506480 203 175 10 15
7.508480 203 175 10 15
7.510480 203 175 10 15
7.512480 203 175 10 15
7.514480 203 175 10 15
7.516480 203 175 10 15
7.518480 203 175 10 15
7.520480 203 175 10 15
7.522480 203 175 10 15
7.524480 203 175 10 15
7.526480 203 175 10 15
7.528480 203 175 10 15
7.530480 204 175 10 15
7.532480 204 175 10 15
7.534480 204 175 10 15
7.536480 204 175 10 15
7.538480 204 175 10 15
7.540480 204 175 10 15
7.542480 204 175 10 15
7.544480 204 175 10 15
7.546480 204 175 10 15
7.548480 204 175 10 15
7.550480 204 175 10 15
7.552480 204 175 10 15
7.554480 204 175 10 15
7.556480 204 175 10 15
7.558480 204 175 10 15
7.560480 204 175 10 15
7.562480 204 175 10 15
7.564480 204 174 10 15
7.566480 204 174 10 15
7.568480 204 174 10 15
7.570480 204 174 10 15
7.572480 204 174 10 15
7.574480 204 174 10 15
7.576480 204 174 10 15
7.578480 204 174 10 15
7.580480 205 174 10 15
7.582480 205 174 10 15
7.584480 205 174 10 15
7.586480 205 174 10 15
7.588480 205 174 10 15
7.590480 205 174 10 15
7.592480 205 174 10 15
7.594480 205 174 10 15
7.596480 205 174 10 15
7.598480 206 174 10 15
7.600480 206 174 10 15
7.602480 206 174 10 15
7.604480 206 174 10 15
7.606480 206 174 10 15
7.608480 206 174 10 15
7.610480 206 174 10 15
7.612480 206 174 10 15
7.614480 206 174 10 15
7.616480 206 174 10 15
7.618480 206 174 10 15
7.620480 206 174 10 15
7.622480 206 174 10 15
7.624480 206 174 10 15
7.626480 206 174 10 15
7.628480 206 174 10 15
7.630480 206 175 10 15
7.632480 206 175 10 15
7.634480 206 175 10 15
7.636480 206 175 10 15
7.638480 206 175 10 15
7.640480 206 175 10 15
7.642480 206 175 10 15
7.644480 206 175 10 15
7.646480 206 175 10 15
7.648480 206 175 10 15
7.650480 206 175 10 15
7.652480 206 175 10 15
7.654480 206 175 10 15
7.656480 206 175 10 15
7.658480 206 175 10 15
7.660480 206 175 10 15
7.662480 206 175 10 15
7.664480 206 175 10 14
7.666480 206 175 10 14
7.668480 206 175 10 14
7.670480 206 175 10 14
7.672480 206 175 10 14
7.674480 206 175 10 14
7.676480 206 175 10 14
7.678480 206 175 10 14
7.680480 206 175 10 14
7.682480 206 175 10 14
7.684480 206 175 10 14
7.686480 206 175 10 14
7.688480 206 175 10 14
7.690480 206 175 10 14
7.692480 206 175 10 14
7.694480 206 175 10 14
7.696480 206 175 10 14
7.698480 206 174 10 14
7.700480 206 174 10 14
7.702480 206 174 10 14
7.704480 206 174 10 14
7.706480 206 174 10 14
7.708480 206 174 10 14
7.710480 206 174 10 14
7.712480 206 174 10 14
7.714480 206 174 10 14
7.716480 206 174 10 14
7.718480 206 174 10 14
7.720480 206 174 10 14
7.722480 206 174 10 14
7.724480 206 174 10 14
7.726480 206 174 10 14
7.728480 206 174 10 14
7.730480 207 174 10 15
7.732480 207 174 10 15
7.734480 207 174 10 15
7.736480 207 174 10 15
7.738480 207 174 10 15
7.740480 207 174 10 15
7.742480 207 174 10 15
7.744480 207 174 10 15
7.746480 207 174 10 15
7.748480 207 174 10 15
7.750480 207 174 10 15
7.752480 207 174 10 15
7.754480 207 174 10 15
7.756480 207 174 10 15
7.758480 207 174 10 15
7.760480 207 174 10 15
7.762480 207 174 10 15
7.764480 208 174 10 15
7.766480 208 174 10 15
7.768480 208 174 10 15
7.770480 208 174 10 15
7.772480 208 174 10 15
7.774480 208 174 10 15
7.776480 208 174 10 15
7.778480 208 174 10 15
7.780480 208 174 10 15
7.782480 208 174 10 15
7.784480 208 174 10 15
7.786480 208 174 10 15
7.788480 208 174 10 15
7.790480 208 174 10 15
7.792480 208 174 10 15
7.794480 208 174 10 15
7.796480 208 174 10 15
7.798480 208 174 10 15
7.800480 208 174 10 15
7.802480 208 174 10 15
7.804480 208 174 10 15
7.806480 208 174 10 15
7.808480 208 174 10 15
7.810480 208 174 10 15
7.812480 208 174 10 15
7.814480 208 174 10 15
7.816480 208 174 10 15
7.818480 208 174 10 15
7.820480 208 174 10 15
7.822480 208 174 10 15
7.824480 208 174 10 15
7.826480 208 174 10 15
7.828480 208 174 10 15
7.830480 209 174 10 15
7.832480 209 174 10 15
7.834480 209 174 10 15
7.836480 209 174 10 15
7.838480 209 174 10 15
7.840480 209 174 10 15
7.842480 209 174 10 15
7.844480 209 174 10 15
7.846480 209 174 10 15
7.848480 209 174 10 15
7.850480 209 174 10 15
7.852480 209 174 10 15
7.854480 209 174 10 15
7.856480 209 174 10 15
7.858480 209 174 10 15
7.860480 209 174 10 15
7.862480 209 174 10 15
7.864480 209 174 10 14
7.866480 209 174 10 14
7.868480 209 174 10 14
7.870480 209 174 10 14
7.872480 209 174 10 14
7.874480 209 174 10 14
7.876480 209 174 10 14
7.878480 209 174 10 14
7.880480 209 174 10 13
7.882480 209 174 10 13
7.884480 209 174 10 13
7.886480 209 174 10 13
7.888480 209 174 10 13
7.890480 209 174 10 13
7.892480 209 174 10 13
7.894480 209 174 10 13
7.896480 209 174 10 13
7.898480 210 175 10 13
7.900480 210 175 10 13
7.902480 210 175 10 13
7.904480 210 175 10 13
7.906480 210 175 10 13
7.908480 210 175 10 13
7.910480 210 175 10 13
7.912480 210 175 10 13
7.914480 210 175 10 13
7.916480 210 175 10 13
7.918480 210 175 10 13
7.920480 210 175 10 13
7.922480 210 175 10 13
7.924480 210 175 10 13
7.926480 210 175 10 13
7.928480 210 175 10 13
7.930480 211 174 10 14
7.932480 211 174 10 14
7.934480 211 174 10 14
7.936480 211 174 10 14
7.938480 211 174 10 14
7.940480 211 174 10 14
7.942480 211 174 10 14
7.944480 211 174 10 14
7.946480 211 174 10 14
7.948480 211 174 10 14
7.950480 211 174 10 14
7.952480 211 174 10 14
7.954480 211 174 10 14
7.956480 211 174 10 14
7.958480 211 174 10 14
7.960480 211 174 10 14
7.962480 211 174 10 14
7.964480 211 174 10 14
7.966480 211 174 10 14
7.968480 211 174 10 14
7.970480 211 174 10 14
7.972480 211 174 10 14
7.974480 211 174 10 14
7.976480 211 174 10 14
7.978480 211 174 10 14
7.980480 211 174 10 14
7.982480 211 174 10 14
7.984480 211 174 10 14
7.986480 211 174 10 14
7.988480 211 174 10 14
7.990480 211 174 10 14
7.992480 211 174 10 14
7.994480 211 174 10 14
7.996480 211 174 10 14
7.998480 212 174 10 14
8.000480 212 174 10 14
8.002480 212 174 10 14
8.004480 212 174 10 14
8.006480 212 174 10 14
8.008480 212 174 10 14
8.010480 212 174 10 14
8.012480 212 174 10 14
8.014480 212 174 10 14
8.016480 212 174 10 14
8.018480 212 174 10 14
8.020480 212 174 10 14
8.022480 212 174 10 14
8.024480 212 174 10 14
8.026480 212 174 10 14
8.028480 212 174 10 14
8.030480 213 175 9 14
8.032480 213 175 9 14
8.034480 213 175 9 14
8.036480 213 175 9 14
8.038480 213 175 9 14
8.040480 213 175 9 14
8.042480 213 175 8 14
8.044480 213 175 8 14
8.046480 213 175 8 14
8.048480 213 175 8 14
8.050480 213 175 8 14
8.052480 213 175 8 14
8.054480 213 175 7 14
8.056480 213 175 7 14
8.058480 213 175 7 14
8.060480 213 175 7 14
8.062480 213 175 7 14
8.064480 212 175 7 13
8.066480 212 175 7 13
8.068480 212 175 7 13
8.070480 212 175 7 13
8.072480 212 175 7 13
8.074480 212 175 7 13
8.076480 212 175 8 13
8.078480 212 175 8 13
8.080480 212 175 8 13
8.082480 212 175 8 13
8.084480 212 175 8 13
8.086480 212 175 9 13
8.088480 212 175 9 13
8.090480 212 175 9 13
8.092480 212 175 9 13
8.094480 212 175 9 13
8.096480 212 175 9 13
8.098480 212 175 10 13
8.100480 212 175 10 13
8.102480 212 175 10 13
8.104480 212 175 10 13
8.106480 212 175 10 13
8.108480 212 175 10 13
8.110480 212 175 10 13
8.112480 212 175 10 13
8.114480 212 175 10 13
8.116480 212 175 10 13
8.118480 212 175 10 13
8.120480 212 175 10 13
8.122480 212 175 10 13
8.124480 212 175 10 13
8.126480 212 175 10 13
8.128480 212 175 10 13
8.130480 213 175 10 13
8.132480 213 175 10 13
8.134480 213 175 10 13
8.136480 213 175 10 13
8.138480 213 175 10 13
8.140480 213 175 10 13
8.142480 213 175 10 13
8.144480 213 175 10 13
8.146480 213 175 10 13
8.148480 213 175 10 13
8.150480 213 175 10 13
8.152480 213 175 10 13
8.154480 213 175 10 13
8.156480 213 175 10 13
8.158480 213 175 10 13
8.160480 213 175 10 13
8.162480 213 175 10 13
8.164480 214 175 10 13
8.166480 214 175 10 13
8.168480 214 175 10 13
8.170480 214 175 10 13
8.172480 214 175 10 13
8.174480 214 175 10 13
8.176480 214 175 10 13
8.178480 214 175 10 13
8.180480 214 175 10 13
8.182480 214 175 10 13
8.184480 214 175 10 13
8.186480 214 175 10 13
8.188480 214 175 10 13
8.190480 214 175 10 13
8.192480 214 175 10 13
8.194480 214 175 10 13
8.196480 214 175 10 13
8.198480 214 174 10 13
8.200480 214 174 10 13
8.202480 214 174 10 13
8.204480 214 174 10 13
8.206480 214 174 10 13
8.208480 214 174 10 13
8.210480 214 174 10 13
8.212480 214 174 10 13
8.214480 214 174 10 13
8.216480 214 174 10 13
8.218480 214 174 10 13
8.220480 214 174 10 13
8.222480 214 174 10 13
8.224480 214 174 10 13
8.226480 214 174 10 13
8.228480 214 174 10 13
8.230480 214 174 10 13
8.232480 214 174 10 13
8.234480 214 174 10 13
8.236480 214 174 10 13
8.238480 214 174 10 13
8.240480 214 174 10 13
8.242480 214 174 10 13
8.244480 214 174 10 13
8.246480 214 174 10 13
8.248480 214 174 10 13
8.250480 214 174 10 13
8.252480 214 174 10 13
8.254480 214 174 10 13
8.256480 214 174 10 13
8.258480 214 174 10 13
8.260480 214 174 10 13
8.262480 214 174 10 13
8.264480 215 174 9 13
8.266480 215 174 9 13
8.268480 215 174 9 13
8.270480 215 174 8 13
8.272480 215 174 8 13
8.274480 215 174 8 13
8.276480 215 173 8 13
8.278480 215 173 7 13
8.280480 216 173 7 14
8.282480 216 173 7 14
8.284480 216 173 6 14
8.286480 216 172 6 14
8.288480 216 172 6 14
8.290480 216 172 5 14
8.292480 216 172 5 14
8.294480 216 172 5 14
8.296480 216 172 5 14
