0.033772 93 62 58 184
0.035772 93 62 58 183
0.037772 94 62 58 182
0.039772 94 63 59 181
0.041772 95 63 59 180
0.043772 95 63 59 179
0.045772 96 64 60 178
0.047772 96 64 60 178
0.049772 96 64 60 178
0.051772 96 64 60 178
0.053772 96 64 60 178
0.055772 96 64 60 178
0.057772 96 64 60 178
0.059772 96 64 60 178
0.061772 96 64 60 177
0.063772 96 64 60 177
0.065772 96 65 60 177
0.067772 96 65 60 177
0.069772 96 65 60 177
0.071772 96 65 61 177
0.073772 96 65 61 177
0.075772 96 65 61 177
0.077772 96 65 61 176
0.079772 96 65 61 176
0.081772 96 65 61 176
0.083772 97 66 61 176
0.085772 97 66 61 176
0.087772 97 66 61 176
0.089772 97 66 61 176
0.091772 97 66 61 175
0.093772 97 66 61 175
0.095772 97 66 61 175
0.097772 97 66 62 175
0.099772 97 66 62 175
0.101772 97 66 62 175
0.103772 97 67 62 175
0.105772 97 67 62 175
0.107772 97 67 62 174
0.109772 97 67 62 174
0.111772 97 67 62 174
0.113772 97 67 62 174
0.115772 97 67 62 174
0.117772 97 67 62 174
0.119772 97 67 62 174
0.121772 97 67 62 174
0.123772 98 68 63 173
0.125772 98 68 63 173
0.127772 98 68 63 173
0.129772 98 68 63 173
0.131772 98 68 63 173
0.133772 98 68 63 173
0.135772 98 68 63 172
0.137772 98 68 63 172
0.139772 98 68 63 172
0.141772 98 68 63 172
0.143772 98 68 63 172
0.145772 98 68 63 171
0.147772 98 68 63 171
0.149772 98 69 64 171
0.151772 98 69 64 171
0.153772 98 69 64 171
0.155772 98 69 64 171
0.157772 98 69 64 170
0.159772 98 69 64 170
0.161772 98 69 64 170
0.163772 99 69 64 170
0.165772 99 69 64 170
0.167772 99 69 64 169
0.169772 99 69 64 169
0.171772 99 69 64 169
0.173772 99 69 64 169
0.175772 99 70 65 169
0.177772 99 70 65 169
0.179772 99 70 65 168
0.181772 99 70 65 168
0.183772 99 70 65 168
0.185772 99 70 65 168
0.187772 99 70 65 168
0.189772 99 70 65 168
0.191772 99 70 65 167
0.193772 99 70 65 167
0.195772 99 70 65 167
0.197772 99 70 65 167
0.199772 99 70 65 167
0.201772 100 71 65 166
0.203772 100 71 65 166
0.205772 100 71 65 166
0.207772 100 71 65 166
0.209772 100 71 65 166
0.211772 101 71 65 166
0.213772 101 71 65 166
0.215772 101 71 65 166
0.217772 101 71 65 166
0.219772 102 71 65 166
0.221772 102 71 64 166
0.223772 102 71 64 166
0.225772 102 71 64 166
0.227772 103 71 64 165
0.229772 103 71 64 165
0.231772 103 71 64 165
0.233772 103 71 64 165
0.235772 103 71 64 165
0.237772 104 71 64 165
0.239772 104 71 64 165
0.241772 104 71 63 165
0.243772 104 71 63 165
0.245772 105 71 63 165
0.247772 105 71 63 165
0.249772 105 71 63 165
0.251772 105 71 63 165
0.253772 106 71 63 164
0.255772 106 71 63 164
0.257772 106 71 63 164
0.259772 106 71 63 164
0.261772 106 71 62 164
0.263772 107 71 62 164
0.265772 107 71 62 164
0.267772 107 71 62 164
0.269772 107 71 62 164
0.271772 108 71 62 164
0.273772 108 71 62 164
0.275772 108 71 62 164
0.277772 108 71 62 164
0.279772 109 71 61 163
0.281772 109 71 61 163
0.283772 109 71 61 163
0.285772 110 71 61 163
0.287772 110 71 61 163
0.289772 110 71 61 163
0.291772 111 71 61 163
0.293772 111 71 61 163
0.295772 111 71 61 163
0.297772 112 71 61 163
0.299772 112 71 60 163
0.301772 112 71 60 163
0.303772 113 71 60 163
0.305772 113 71 60 163
0.307772 114 71 60 163
0.309772 114 71 60 163
0.311772 114 71 60 163
0.313772 115 71 60 163
0.315772 115 71 60 163
0.317772 115 71 60 163
0.319772 116 71 59 162
0.321772 116 71 59 162
0.323772 116 71 59 162
0.325772 117 71 59 162
0.327772 117 71 59 162
0.329772 117 71 59 162
0.331772 118 71 59 162
0.333772 118 71 59 162
0.335772 119 71 59 162
0.337772 119 71 59 162
0.339772 119 71 58 162
0.341772 120 71 58 162
0.343772 120 71 58 162
0.345772 120 71 58 162
0.347772 121 71 58 162
0.349772 121 71 58 162
0.351772 121 71 58 162
0.353772 122 71 58 162
0.355772 122 71 58 162
0.357772 122 71 58 162
0.359772 123 71 58 161
0.361772 123 71 58 161
0.363772 123 71 58 161
0.365772 123 71 58 161
0.367772 123 71 58 161
0.369772 123 71 58 161
0.371772 123 71 58 161
0.373772 123 71 59 161
0.375772 123 71 59 161
0.377772 124 71 59 161
0.379772 124 71 59 161
0.381772 124 71 59 161
0.383772 124 71 59 161
0.385772 124 71 59 160
0.387772 124 71 59 160
0.389772 124 71 60 160
0.391772 124 71 60 160
0.393772 124 71 60 160
0.395772 124 71 60 160
0.397772 125 71 60 160
0.399772 125 71 60 160
0.401772 125 71 60 160
0.403772 125 71 60 160
0.405772 125 71 61 160
0.407772 125 71 61 160
0.409772 125 71 61 160
0.411772 125 71 61 159
0.413772 125 71 61 159
0.415772 125 71 61 159
0.417772 126 71 61 159
0.419772 126 71 61 159
0.421772 126 71 62 159
0.423772 126 71 62 159
0.425772 126 71 62 159
0.427772 126 71 62 159
0.429772 126 71 62 159
0.431772 126 71 62 159
0.433772 126 71 62 159
0.435772 126 71 62 159
0.437772 127 71 63 158
0.439772 127 71 63 158
0.441772 127 71 63 158
0.443772 127 71 63 158
0.445772 127 71 63 158
0.447772 127 71 63 158
0.449772 127 71 64 158
0.451772 127 71 64 158
0.453772 127 71 64 158
0.455772 127 71 64 158
0.457772 127 71 64 158
0.459772 127 71 64 158
0.461772 127 71 64 158
0.463772 127 72 65 157
0.465772 127 72 65 157
0.467772 127 72 65 157
0.469772 127 72 65 157
0.471772 127 72 65 157
0.473772 127 72 65 157
0.475772 127 72 66 157
0.477772 127 72 66 157
0.479772 127 72 66 157
0.481772 127 72 66 157
0.483772 127 72 66 157
0.485772 127 72 66 157
0.487772 127 72 66 157
0.489772 127 73 67 156
0.491772 127 73 67 156
0.493772 127 73 67 156
0.495772 127 73 67 156
0.497772 127 73 67 156
0.499772 127 73 67 156
0.501772 127 73 68 156
0.503772 127 73 68 156
0.505772 127 73 68 156
0.507772 127 73 68 156
0.509772 127 73 68 156
0.511772 127 73 68 156
0.513772 127 73 68 156
0.515772 127 74 68 155
0.517772 127 74 68 155
0.519772 127 74 68 155
0.521772 127 74 68 155
0.523772 127 74 68 155
0.525772 127 74 68 155
0.527772 127 74 68 155
0.529772 127 74 68 155
0.531772 127 74 68 155
0.533772 127 74 68 155
0.535772 127 75 68 154
0.537772 127 75 68 154
0.539772 127 75 68 154
0.541772 127 75 68 154
0.543772 127 75 68 154
0.545772 127 75 68 154
0.547772 127 75 68 154
0.549772 127 75 68 154
0.551772 127 75 68 154
0.553772 127 75 68 154
0.555772 127 76 68 153
0.557772 127 76 68 153
0.559772 127 76 68 153
0.561772 127 76 68 153
0.563772 127 76 68 153
0.565772 127 76 68 153
0.567772 127 76 68 153
0.569772 127 76 68 153
0.571772 127 76 68 153
0.573772 127 77 68 152
0.575772 127 77 68 152
0.577772 127 77 68 152
0.579772 127 77 68 152
0.581772 127 77 68 152
0.583772 127 77 68 152
0.585772 127 77 68 152
0.587772 127 77 68 152
0.589772 127 77 68 152
0.591772 127 77 68 152
0.593772 127 78 67 151
0.595772 127 78 67 151
0.597772 127 78 67 151
0.599772 127 78 67 151
0.601772 127 78 67 151
0.603772 127 78 67 151
0.605772 127 78 67 151
0.607772 127 78 67 151
0.609772 127 78 67 151
0.611772 127 78 67 151
0.613772 127 78 67 150
0.615772 127 78 67 150
0.617772 127 78 67 150
0.619772 127 78 67 150
0.621772 127 78 67 150
0.623772 127 78 67 150
0.625772 127 78 67 150
0.627772 127 78 67 150
0.629772 127 78 67 150
0.631772 127 78 67 150
0.633772 128 78 67 149
0.635772 128 78 67 149
0.637772 128 78 67 149
0.639772 128 78 67 149
0.641772 128 78 67 149
0.643772 128 78 67 149
0.645772 128 78 67 149
0.647772 128 78 67 149
0.649772 128 78 67 149
0.651772 128 78 67 149
0.653772 128 78 67 148
0.655772 128 78 67 148
0.657772 128 78 67 148
0.659772 128 78 67 148
0.661772 128 78 67 148
0.663772 128 78 67 148
0.665772 128 78 67 148
0.667772 128 78 67 148
0.669772 128 78 67 148
0.671772 129 78 66 147
0.673772 129 78 66 147
0.675772 129 78 66 147
0.677772 129 78 66 147
0.679772 129 78 66 147
0.681772 129 78 66 147
0.683772 129 78 66 147
0.685772 129 78 66 147
0.687772 129 78 66 147
0.689772 129 78 66 147
0.691772 129 78 66 147
0.693772 129 78 66 147
0.695772 129 78 66 147
0.697772 130 78 65 147
0.699772 130 78 65 147
0.701772 130 78 65 147
0.703772 130 78 65 147
0.705772 130 78 65 147
0.707772 130 78 65 147
0.709772 130 78 65 147
0.711772 130 78 65 146
0.713772 130 78 65 146
0.715772 130 78 65 146
0.717772 130 78 65 146
0.719772 130 78 65 146
0.721772 130 78 65 146
0.723772 131 78 64 146
0.725772 131 78 64 146
0.727772 131 78 64 146
0.729772 131 78 64 146
0.731772 131 78 64 146
0.733772 131 78 64 146
0.735772 131 78 64 146
0.737772 131 78 64 146
0.739772 131 78 64 146
0.741772 131 78 64 146
0.743772 131 78 64 146
0.745772 131 78 64 146
0.747772 131 78 64 146
0.749772 131 78 64 146
0.751772 132 78 63 145
0.753772 132 78 63 145
0.755772 132 78 63 145
0.757772 132 78 63 145
0.759772 132 78 63 144
0.761772 133 78 62 144
0.763772 133 78 62 144
0.765772 133 78 62 144
0.767772 133 78 62 144
0.769772 133 78 62 143
0.771772 133 78 62 143
0.773772 134 78 61 143
0.775772 134 78 61 143
0.777772 134 78 61 143
0.779772 134 78 61 142
0.781772 134 78 61 142
0.783772 135 78 60 142
0.785772 135 78 60 142
0.787772 135 78 60 142
0.789772 135 78 60 141
0.791772 135 78 60 141
0.793772 135 78 60 141
0.795772 136 78 59 141
0.797772 136 78 59 141
0.799772 136 78 59 140
0.801772 136 78 59 140
0.803772 136 78 59 140
0.805772 137 78 58 140
0.807772 137 78 58 140
0.809772 137 78 58 139
0.811772 137 78 58 139
0.813772 137 78 58 139
0.815772 137 78 58 139
0.817772 138 78 57 139
0.819772 138 78 57 138
0.821772 138 78 57 138
0.823772 138 78 57 138
0.825772 138 78 57 138
0.827772 138 78 57 138
0.829772 139 79 56 137
0.831772 139 79 56 137
0.833772 139 79 56 137
0.835772 139 79 55 137
0.837772 139 79 55 137
0.839772 140 79 55 137
0.841772 140 79 54 137
0.843772 140 79 54 137
0.845772 140 79 54 137
0.847772 140 79 53 136
0.849772 140 79 53 136
0.851772 141 79 53 136
0.853772 141 79 53 136
0.855772 141 79 52 136
0.857772 141 79 52 136
0.859772 141 79 52 136
0.861772 142 79 51 136
0.863772 142 79 51 136
0.865772 142 79 51 136
0.867772 142 80 50 135
0.869772 142 80 50 135
0.871772 142 80 50 135
0.873772 143 80 50 135
0.875772 143 80 49 135
0.877772 143 80 49 135
0.879772 143 80 49 135
0.881772 143 80 48 135
0.883772 143 80 48 135
0.885772 144 80 48 135
0.887772 144 80 47 134
0.889772 144 80 47 134
0.891772 144 80 47 134
0.893772 144 80 46 134
0.895772 145 80 46 134
0.897772 145 80 46 134
0.899772 145 80 46 134
0.901772 145 80 45 134
0.903772 145 80 45 134
0.905772 145 80 45 134
0.907772 146 81 44 134
0.909772 146 81 44 134
0.911772 146 81 44 134
0.913772 146 81 44 134
0.915772 146 81 44 134
0.917772 147 81 43 134
0.919772 147 81 43 134
0.921772 147 81 43 134
0.923772 147 81 43 134
0.925772 147 81 43 134
0.927772 147 81 42 134
0.929772 148 81 42 134
0.931772 148 81 42 134
0.933772 148 81 42 134
0.935772 148 81 42 134
0.937772 148 81 41 134
0.939772 148 81 41 134
0.941772 149 81 41 134
0.943772 149 81 41 134
0.945772 149 81 40 134
0.947772 149 81 40 134
0.949772 149 81 40 134
0.951772 150 81 40 134
0.953772 150 81 40 134
0.955772 150 81 39 134
0.957772 150 81 39 134
0.959772 150 81 39 134
0.961772 150 81 39 134
0.963772 151 81 39 134
0.965772 151 81 38 134
0.967772 151 81 38 134
0.969772 151 81 38 134
0.971772 151 81 38 134
0.973772 152 81 38 134
0.975772 152 81 37 134
0.977772 152 81 37 134
0.979772 152 81 37 134
0.981772 152 81 37 134
0.983772 152 81 37 134
0.985772 153 81 36 133
0.987772 153 81 36 133
0.989772 153 81 36 133
0.991772 153 81 36 133
0.993772 153 81 36 133
0.995772 153 81 36 133
0.997772 153 81 36 133
0.999772 153 81 36 133
1.001772 153 81 36 132
1.003772 153 81 36 132
1.005772 154 82 36 132
1.007772 154 82 36 132
1.009772 154 82 36 132
1.011772 154 82 35 132
1.013772 154 82 35 132
1.015772 154 82 35 132
1.017772 154 82 35 131
1.019772 154 82 35 131
1.021772 154 82 35 131
1.023772 154 82 35 131
1.025772 155 83 35 131
1.027772 155 83 35 131
1.029772 155 83 35 131
1.031772 155 83 35 131
1.033772 155 83 35 130
1.035772 155 83 35 130
1.037772 155 83 34 130
1.039772 155 83 34 130
1.041772 155 83 34 130
1.043772 156 84 34 130
1.045772 156 84 34 130
1.047772 156 84 34 129
1.049772 156 84 34 129
1.051772 156 84 34 129
1.053772 156 84 34 129
1.055772 156 84 34 129
1.057772 156 84 34 129
1.059772 156 84 34 129
1.061772 156 84 34 129
1.063772 157 85 34 128
1.065772 157 85 34 128
1.067772 157 85 34 128
1.069772 157 85 34 128
1.071772 157 85 34 128
1.073772 157 85 34 128
1.075772 157 85 34 128
1.077772 157 85 34 128
1.079772 157 85 34 128
1.081772 157 85 34 128
1.083772 157 85 34 128
1.085772 157 85 34 128
1.087772 157 85 34 128
1.089772 157 85 34 128
1.091772 157 85 34 128
1.093772 157 85 34 128
1.095772 157 85 34 128
1.097772 157 85 34 128
1.099772 157 85 34 128
1.101772 157 85 34 128
1.103772 158 85 34 127
1.105772 158 85 34 127
1.107772 158 85 34 127
1.109772 158 85 34 127
1.111772 158 85 34 127
1.113772 158 85 34 127
1.115772 158 85 34 127
1.117772 158 85 34 127
1.119772 158 85 34 127
1.121772 158 85 34 127
1.123772 158 85 34 127
1.125772 158 85 34 127
1.127772 158 85 34 127
1.129772 158 85 34 127
1.131772 158 85 34 127
1.133772 158 85 34 127
1.135772 158 85 34 127
1.137772 158 85 34 127
1.139772 158 85 34 127
1.141772 159 86 34 126
1.143772 159 86 34 126
1.145772 159 86 34 126
1.147772 159 86 34 126
1.149772 159 86 34 126
1.151772 159 86 34 126
1.153772 159 86 34 126
1.155772 159 86 34 126
1.157772 159 86 34 126
1.159772 159 86 34 126
1.161772 159 86 34 126
1.163772 159 86 34 126
1.165772 159 86 34 126
1.167772 159 86 34 125
1.169772 159 86 34 125
1.171772 159 86 34 125
1.173772 159 86 34 125
1.175772 159 86 34 125
1.177772 159 86 34 125
1.179772 159 86 34 125
1.181772 160 87 34 125
1.183772 160 87 34 125
1.185772 160 87 34 125
1.187772 160 87 34 125
1.189772 160 87 34 125
1.191772 160 87 34 125
1.193772 160 87 34 125
1.195772 160 87 34 124
1.197772 160 87 34 124
1.199772 160 87 34 124
1.201772 160 87 34 124
1.203772 160 87 34 124
1.205772 160 87 34 124
1.207772 160 87 34 124
1.209772 160 87 34 124
1.211772 160 87 34 124
1.213772 160 87 34 124
1.215772 160 87 34 124
1.217772 160 87 34 124
1.219772 160 87 34 124
1.221772 161 88 35 123
1.223772 161 88 35 123
1.225772 161 88 35 123
1.227772 161 88 35 123
1.229772 161 88 35 123
1.231772 161 88 35 123
1.233772 161 88 35 123
1.235772 161 88 35 123
1.237772 161 88 35 123
1.239772 161 88 35 123
1.241772 161 88 35 123
1.243772 161 88 35 123
1.245772 161 88 35 123
1.247772 162 88 35 122
1.249772 162 88 35 122
1.251772 162 88 35 122
1.253772 162 88 35 122
1.255772 162 88 35 122
1.257772 162 88 35 122
1.259772 162 88 36 122
1.261772 162 88 36 122
1.263772 162 88 36 122
1.265772 162 88 36 122
1.267772 162 88 36 122
1.269772 162 88 36 122
1.271772 162 88 36 122
1.273772 163 88 36 121
1.275772 163 88 36 121
1.277772 163 88 36 121
1.279772 163 88 36 121
1.281772 163 88 36 121
1.283772 163 88 36 121
1.285772 163 88 36 121
1.287772 163 88 36 121
1.289772 163 88 36 121
1.291772 163 88 36 121
1.293772 163 88 36 121
1.295772 163 88 36 121
1.297772 163 88 36 121
1.299772 164 89 37 120
1.301772 164 89 37 120
1.303772 164 89 37 120
1.305772 164 89 37 120
1.307772 164 89 37 120
1.309772 164 89 37 120
1.311772 165 89 37 120
1.313772 165 89 37 120
1.315772 165 89 37 120
1.317772 165 89 37 120
1.319772 165 89 37 120
1.321772 165 89 37 120
1.323772 165 89 37 120
1.325772 166 89 38 120
1.327772 166 89 38 120
1.329772 166 89 38 120
1.331772 166 89 38 120
1.333772 166 89 38 120
1.335772 166 89 38 120
1.337772 167 89 38 119
1.339772 167 89 38 119
1.341772 167 89 38 119
1.343772 167 89 38 119
1.345772 167 89 38 119
1.347772 167 89 38 119
1.349772 167 89 38 119
1.351772 168 89 39 119
1.353772 168 89 39 119
1.355772 168 89 39 119
1.357772 168 89 39 119
1.359772 168 89 39 119
1.361772 168 89 39 119
1.363772 169 89 39 119
1.365772 169 89 39 119
1.367772 169 89 39 119
1.369772 169 89 39 119
1.371772 169 89 39 119
1.373772 169 89 39 119
1.375772 169 89 39 119
1.377772 169 90 40 118
1.379772 169 90 40 118
1.381772 169 90 40 118
1.383772 169 90 40 118
1.385772 169 90 40 118
1.387772 169 90 40 118
1.389772 169 90 40 118
1.391772 169 90 40 118
1.393772 169 90 40 118
1.395772 169 90 40 118
1.397772 169 90 40 117
1.399772 169 90 40 117
1.401772 169 90 40 117
1.403772 169 90 40 117
1.405772 169 90 40 117
1.407772 169 90 40 117
1.409772 169 90 40 117
1.411772 169 90 40 117
1.413772 169 90 40 117
1.415772 169 90 40 117
1.417772 169 90 41 116
1.419772 169 90 41 116
1.421772 169 90 41 116
1.423772 169 90 41 116
1.425772 169 90 41 116
1.427772 169 90 41 116
1.429772 169 90 41 116
1.431772 169 90 41 116
1.433772 169 90 41 116
1.435772 169 90 41 115
1.437772 169 90 41 115
1.439772 169 90 41 115
1.441772 169 90 41 115
1.443772 169 90 41 115
1.445772 169 90 41 115
1.447772 169 90 41 115
1.449772 169 90 41 115
1.451772 169 90 41 115
1.453772 169 90 41 115
1.455772 169 90 42 114
1.457772 169 90 42 114
1.459772 169 90 42 114
1.461772 169 90 42 114
1.463772 169 90 42 114
1.465772 169 90 42 114
1.467772 169 90 42 114
1.469772 169 90 43 114
1.471772 169 90 43 114
1.473772 169 90 43 114
1.475772 169 90 43 114
1.477772 169 90 43 114
1.479772 169 90 43 114
1.481772 169 90 44 113
1.483772 169 90 44 113
1.485772 169 90 44 113
1.487772 169 90 44 113
1.489772 169 90 44 113
1.491772 169 90 44 113
1.493772 169 90 44 113
1.495772 169 90 45 113
1.497772 169 90 45 113
1.499772 169 90 45 113
1.501772 169 90 45 113
1.503772 169 90 45 113
1.505772 169 90 45 113
1.507772 169 90 46 112
1.509772 169 90 46 112
1.511772 169 90 46 112
1.513772 169 90 46 112
1.515772 169 90 46 112
1.517772 169 90 46 112
1.519772 169 90 46 112
1.521772 169 90 47 112
1.523772 169 90 47 112
1.525772 169 90 47 112
1.527772 169 90 47 112
1.529772 169 90 47 112
1.531772 169 90 47 112
1.533772 169 90 48 111
1.535772 169 90 48 111
1.537772 169 90 48 111
1.539772 169 90 48 111
1.541772 169 90 48 111
1.543772 169 90 48 111
1.545772 169 90 48 111
1.547772 169 90 48 111
1.549772 169 90 48 111
1.551772 169 90 48 111
1.553772 169 90 49 111
1.555772 169 90 49 111
1.557772 169 90 49 111
1.559772 169 91 49 111
1.561772 169 91 49 111
1.563772 169 91 49 111
1.565772 169 91 49 111
1.567772 169 91 49 111
1.569772 169 91 49 111
1.571772 169 91 49 111
1.573772 169 91 50 110
1.575772 169 91 50 110
1.577772 169 91 50 110
1.579772 169 91 50 110
1.581772 169 91 50 110
1.583772 169 91 50 110
1.585772 169 92 50 110
1.587772 169 92 50 110
1.589772 169 92 50 110
1.591772 169 92 50 110
1.593772 169 92 51 110
1.595772 169 92 51 110
1.597772 169 92 51 110
1.599772 169 92 51 110
1.601772 169 92 51 110
1.603772 169 92 51 110
1.605772 169 92 51 110
1.607772 169 92 51 110
1.609772 169 92 51 110
1.611772 168 93 52 109
1.613772 168 93 52 109
1.615772 168 93 52 109
1.617772 168 93 52 109
1.619772 168 93 52 109
1.621772 168 93 52 109
1.623772 168 93 52 109
1.625772 168 93 52 109
1.627772 168 93 52 109
1.629772 168 93 52 109
1.631772 168 93 53 109
1.633772 168 93 53 109
1.635772 168 93 53 109
1.637772 168 93 53 109
1.639772 168 93 53 109
1.641772 168 93 53 109
1.643772 168 93 53 109
1.645772 168 93 53 109
1.647772 168 93 53 109
1.649772 168 93 53 109
1.651772 167 93 54 108
1.653772 167 93 54 108
1.655772 167 93 54 108
1.657772 167 93 54 108
1.659772 167 93 54 108
1.661772 167 93 54 108
1.663772 167 93 54 108
1.665772 167 93 54 108
1.667772 167 93 54 108
1.669772 167 93 54 108
1.671772 167 93 55 108
1.673772 167 93 55 108
1.675772 167 93 55 108
1.677772 167 93 55 108
1.679772 167 93 55 108
1.681772 167 93 55 108
1.683772 167 93 55 108
1.685772 167 93 55 108
1.687772 167 93 55 108
1.689772 167 93 55 108
1.691772 167 94 55 107
1.693772 167 94 55 107
1.695772 167 94 55 107
1.697772 167 94 55 106
1.699772 167 94 55 106
1.701772 167 94 55 106
1.703772 167 94 55 106
1.705772 168 95 55 105
1.707772 168 95 55 105
1.709772 168 95 55 105
1.711772 168 95 55 104
1.713772 168 95 55 104
1.715772 168 95 55 104
1.717772 168 95 54 104
1.719772 168 95 54 103
1.721772 169 96 54 103
1.723772 169 96 54 103
1.725772 169 96 54 102
1.727772 169 96 54 102
1.729772 169 96 54 102
1.731772 169 96 54 102
1.733772 169 96 54 101
1.735772 169 96 54 101
1.737772 170 97 54 101
1.739772 170 97 54 101
1.741772 170 97 54 100
1.743772 170 97 53 100
1.745772 170 97 53 100
1.747772 170 97 53 99
1.749772 170 97 53 99
1.751772 170 97 53 99
1.753772 171 98 53 99
1.755772 171 98 53 98
1.757772 171 98 53 98
1.759772 171 98 53 98
1.761772 171 98 53 97
1.763772 171 98 53 97
1.765772 171 98 53 97
1.767772 171 98 53 97
1.769772 171 98 52 97
1.771772 171 98 52 97
1.773772 171 98 52 97
1.775772 171 98 52 98
1.777772 171 98 52 98
1.779772 171 98 51 99
1.781772 171 98 51 99
1.783772 171 98 51 99
1.785772 171 98 51 100
1.787772 171 98 51 100
1.789772 171 98 51 100
1.791772 171 98 50 101
1.793772 171 98 50 101
1.795772 171 98 50 101
1.797772 171 98 50 102
1.799772 171 98 50 102
1.801772 171 98 50 102
1.803772 171 98 49 103
1.805772 171 98 49 103
1.807772 171 98 49 104
1.809772 171 98 49 104
1.811772 171 98 49 104
1.813772 171 98 48 105
1.815772 171 98 48 105
1.817772 171 98 48 105
1.819772 171 98 48 106
1.821772 171 98 48 106
1.823772 171 98 48 106
1.825772 171 98 47 107
1.827772 171 98 47 107
1.829772 171 98 47 107
1.831772 171 98 47 108
1.833772 171 98 47 108
1.835772 171 98 46 109
1.837772 171 98 46 109
1.839772 171 98 46 109
1.841772 171 98 46 110
1.843772 171 98 46 110
1.845772 171 98 46 110
1.847772 171 97 45 110
1.849772 171 97 45 110
1.851772 171 97 45 110
1.853772 171 97 45 110
1.855772 171 97 45 110
1.857772 171 97 45 109
1.859772 171 97 45 109
1.861772 171 97 45 109
1.863772 172 97 45 109
1.865772 172 97 45 109
1.867772 172 96 44 108
1.869772 172 96 44 108
1.871772 172 96 44 108
1.873772 172 96 44 108
1.875772 172 96 44 108
1.877772 172 96 44 107
1.879772 173 96 44 107
1.881772 173 96 44 107
1.883772 173 96 44 107
1.885772 173 96 44 107
1.887772 173 95 43 106
1.889772 173 95 43 106
1.891772 173 95 43 106
1.893772 173 95 43 106
1.895772 174 95 43 105
1.897772 174 95 43 105
1.899772 174 95 43 105
1.901772 174 95 43 105
1.903772 174 95 43 105
1.905772 174 94 42 104
1.907772 174 94 42 104
1.909772 175 94 42 104
1.911772 175 94 42 104
1.913772 175 94 42 104
1.915772 175 94 42 103
1.917772 175 94 42 103
1.919772 175 94 42 103
1.921772 175 94 42 103
1.923772 175 94 42 103
1.925772 175 94 41 102
1.927772 175 94 41 102
1.929772 175 94 41 102
1.931772 175 94 41 102
1.933772 175 94 41 102
1.935772 175 94 41 102
1.937772 175 95 41 102
1.939772 175 95 41 101
1.941772 175 95 41 101
1.943772 175 95 41 101
1.945772 175 95 41 101
1.947772 175 96 41 101
1.949772 175 96 41 101
1.951772 175 96 41 100
1.953772 175 96 41 100
1.955772 175 96 41 100
1.957772 175 96 41 100
1.959772 175 97 41 100
1.961772 175 97 41 100
1.963772 175 97 41 100
1.965772 175 97 41 99
1.967772 175 97 41 99
1.969772 175 97 41 99
1.971772 175 98 41 99
1.973772 175 98 41 99
1.975772 175 98 41 99
1.977772 175 98 41 98
1.979772 175 98 41 98
1.981772 175 99 41 98
1.983772 175 99 41 98
1.985772 175 99 41 98
1.987772 175 99 41 98
1.989772 175 99 41 98
1.991772 175 99 41 97
1.993772 175 100 41 97
1.995772 175 100 41 97
1.997772 175 100 41 97
1.999772 175 100 41 97
2.001772 175 100 41 97
2.003772 175 100 40 97
2.005772 175 100 40 97
2.007772 175 100 40 97
2.009772 175 100 40 97
2.011772 175 100 40 97
2.013772 175 100 40 97
2.015772 175 100 40 97
2.017772 175 100 40 97
2.019772 175 100 40 97
2.021772 175 100 40 97
2.023772 175 100 40 97
2.025772 175 100 40 97
2.027772 175 100 40 97
2.029772 175 100 40 97
2.031772 175 100 40 97
2.033772 175 100 40 97
2.035772 175 100 40 97
2.037772 175 100 40 97
2.039772 175 100 40 97
2.041772 175 100 40 97
2.043772 175 99 39 97
2.045772 175 99 39 97
2.047772 175 99 39 97
2.049772 175 99 39 97
2.051772 175 99 39 97
2.053772 175 99 39 97
2.055772 175 99 39 97
2.057772 175 99 39 97
2.059772 175 99 39 97
2.061772 175 99 39 97
2.063772 175 99 39 97
2.065772 175 99 39 97
2.067772 175 99 39 97
2.069772 175 99 39 97
2.071772 175 99 39 97
2.073772 175 99 39 97
2.075772 175 99 39 97
2.077772 175 99 39 97
2.079772 175 99 39 97
2.081772 175 99 39 97
2.083772 174 98 39 97
2.085772 174 98 39 97
2.087772 174 98 39 97
2.089772 174 98 39 97
2.091772 174 98 40 97
2.093772 174 98 40 97
2.095772 174 98 40 97
2.097772 173 98 40 97
2.099772 173 98 41 97
2.101772 173 98 41 97
2.103772 173 98 41 97
2.105772 173 98 41 97
2.107772 173 98 41 97
2.109772 173 98 42 98
2.111772 173 98 42 98
2.113772 172 98 42 98
2.115772 172 98 42 98
2.117772 172 98 43 98
2.119772 172 98 43 98
2.121772 172 98 43 98
2.123772 172 98 43 98
2.125772 172 98 44 98
2.127772 172 98 44 98
2.129772 171 98 44 98
2.131772 171 98 44 98
2.133772 171 98 44 98
2.135772 171 98 45 99
2.137772 171 98 45 99
2.139772 171 98 45 99
2.141772 171 98 45 99
2.143772 171 98 46 99
2.145772 170 98 46 99
2.147772 170 98 46 99
2.149772 170 98 46 99
2.151772 170 98 47 99
2.153772 170 98 47 99
2.155772 170 98 47 99
2.157772 170 98 47 99
2.159772 170 98 47 99
2.161772 170 98 47 99
2.163772 171 98 46 99
2.165772 171 98 46 99
2.167772 172 98 45 99
2.169772 172 98 45 99
2.171772 173 98 44 99
2.173772 173 98 43 99
2.175772 174 98 43 99
2.177772 174 98 42 98
2.179772 175 98 42 98
2.181772 176 98 41 98
2.183772 176 98 40 98
2.185772 177 98 40 98
2.187772 177 98 39 98
2.189772 178 98 38 98
2.191772 178 98 38 97
2.193772 179 98 37 97
2.195772 179 98 37 97
2.197772 180 98 36 97
2.199772 181 98 35 97
2.201772 181 98 35 97
2.203772 182 98 34 97
2.205772 182 98 34 97
2.207772 183 98 33 96
2.209772 183 98 32 96
2.211772 184 98 32 96
2.213772 185 98 31 96
2.215772 185 98 30 96
2.217772 186 98 30 96
2.219772 186 98 29 96
2.221772 187 98 29 96
2.223772 187 98 28 95
2.225772 188 98 27 95
2.227772 188 98 27 95
2.229772 189 98 26 95
2.231772 190 98 26 95
2.233772 190 98 25 95
2.235772 191 98 24 95
2.237772 191 98 24 95
2.239772 192 99 24 94
2.241772 192 99 24 94
2.243772 192 99 24 94
2.245772 192 99 24 94
2.247772 192 99 24 94
2.249772 192 99 24 94
2.251772 192 99 24 93
2.253772 192 99 24 93
2.255772 192 99 24 93
2.257772 192 99 24 93
2.259772 192 99 25 93
2.261772 192 99 25 93
2.263772 192 99 25 93
2.265772 192 99 25 92
2.267772 192 99 25 92
2.269772 192 99 25 92
2.271772 192 99 25 92
2.273772 192 99 25 92
2.275772 192 99 25 92
2.277772 192 99 26 91
2.279772 192 99 26 91
2.281772 192 99 26 91
2.283772 192 99 26 91
2.285772 192 99 26 91
2.287772 192 99 26 91
2.289772 192 99 26 91
2.291772 192 99 26 90
2.293772 192 99 26 90
2.295772 192 99 26 90
2.297772 192 99 27 90
2.299772 192 99 27 90
2.301772 192 99 27 90
2.303772 192 99 27 90
2.305772 192 99 27 89
2.307772 192 99 27 89
2.309772 192 99 27 89
2.311772 192 99 27 89
2.313772 192 99 27 89
2.315772 192 99 27 89
2.317772 192 100 28 89
2.319772 192 100 28 89
2.321772 192 100 28 89
2.323772 192 100 28 89
2.325772 192 100 28 89
2.327772 192 100 28 89
2.329772 192 100 28 89
2.331772 192 100 28 89
2.333772 192 100 29 89
2.335772 192 100 29 89
2.337772 192 100 29 89
2.339772 192 100 29 89
2.341772 192 100 29 89
2.343772 192 100 29 89
2.345772 192 100 29 89
2.347772 192 100 29 89
2.349772 192 100 30 89
2.351772 192 100 30 89
2.353772 192 100 30 89
2.355772 192 100 30 89
2.357772 193 101 30 89
2.359772 193 101 30 89
2.361772 193 101 30 89
2.363772 193 101 30 89
2.365772 193 101 31 89
2.367772 193 101 31 89
2.369772 193 101 31 89
2.371772 193 101 31 89
2.373772 193 101 31 89
2.375772 193 101 31 89
2.377772 193 101 31 89
2.379772 193 101 32 89
2.381772 193 101 32 89
2.383772 193 101 32 89
2.385772 193 101 32 89
2.387772 193 101 32 89
2.389772 193 101 32 89
2.391772 193 101 32 89
2.393772 193 101 32 89
2.395772 194 102 33 89
2.397772 194 102 33 89
2.399772 194 102 33 89
2.401772 194 102 33 89
2.403772 194 102 33 89
2.405772 194 102 33 89
2.407772 194 102 33 89
2.409772 194 102 33 89
2.411772 194 102 33 89
2.413772 194 102 33 89
2.415772 194 102 33 89
2.417772 194 102 33 89
2.419772 194 102 33 89
2.421772 194 102 33 89
2.423772 194 102 33 89
2.425772 194 102 33 89
2.427772 194 102 33 89
2.429772 194 102 33 89
2.431772 194 102 33 89
2.433772 194 102 33 89
2.435772 195 102 33 89
2.437772 195 102 33 89
2.439772 195 102 33 89
2.441772 195 102 33 89
2.443772 195 102 33 89
2.445772 195 102 33 89
2.447772 195 102 33 89
2.449772 195 102 33 89
2.451772 195 102 33 89
2.453772 195 102 33 89
2.455772 195 102 33 89
2.457772 195 102 33 89
2.459772 195 102 33 89
2.461772 195 102 33 89
2.463772 195 102 33 89
2.465772 195 102 33 89
2.467772 195 102 33 89
2.469772 195 102 33 89
2.471772 195 102 33 89
2.473772 196 102 33 89
2.475772 196 102 33 89
2.477772 196 102 33 89
2.479772 196 102 33 89
2.481772 196 102 33 89
2.483772 196 102 33 89
2.485772 196 102 33 89
2.487772 196 102 33 89
2.489772 196 102 33 89
2.491772 196 102 33 89
2.493772 196 102 33 89
2.495772 196 102 33 89
2.497772 196 102 33 89
2.499772 196 102 33 89
2.501772 196 102 33 89
2.503772 196 102 33 89
2.505772 196 102 33 89
2.507772 196 102 33 89
2.509772 196 102 33 89
2.511772 196 102 33 89
2.513772 196 102 33 89
2.515772 196 102 33 89
2.517772 196 102 33 89
2.519772 196 102 33 89
2.521772 196 102 33 89
2.523772 196 102 33 89
2.525772 196 102 33 89
2.527772 196 102 33 89
2.529772 196 102 33 89
2.531772 196 102 33 89
2.533772 196 102 33 89
2.535772 196 102 33 89
2.537772 196 102 33 89
2.539772 196 102 33 89
2.541772 196 102 33 89
2.543772 196 102 33 89
2.545772 196 102 33 89
2.547772 196 102 33 89
2.549772 196 102 33 89
2.551772 196 102 33 89
2.553772 197 102 33 89
2.555772 197 102 33 89
2.557772 197 102 33 89
2.559772 197 102 33 89
2.561772 197 102 33 89
2.563772 197 102 33 89
2.565772 197 102 33 89
2.567772 197 102 33 89
2.569772 197 102 33 89
2.571772 197 102 33 89
2.573772 197 102 33 89
2.575772 197 102 33 89
2.577772 197 102 33 89
2.579772 197 102 33 89
2.581772 197 102 33 89
2.583772 197 102 33 89
2.585772 197 102 33 89
2.587772 197 102 33 89
2.589772 197 102 33 89
2.591772 197 102 33 89
2.593772 197 102 33 89
2.595772 197 102 33 89
2.597772 197 102 33 89
2.599772 197 102 33 89
2.601772 197 102 33 89
2.603772 197 102 33 89
2.605772 197 102 33 89
2.607772 197 102 33 89
2.609772 197 102 33 89
2.611772 197 102 33 89
2.613772 197 102 33 89
2.615772 197 102 33 89
2.617772 197 102 33 89
2.619772 197 102 33 89
2.621772 197 102 33 89
2.623772 197 102 33 89
2.625772 197 102 33 89
2.627772 197 102 33 89
2.629772 197 102 33 89
2.631772 197 102 33 89
2.633772 197 102 33 89
2.635772 197 102 33 89
2.637772 197 102 33 89
2.639772 197 102 33 89
2.641772 197 102 33 89
2.643772 197 102 33 89
2.645772 197 102 33 89
2.647772 197 102 33 89
2.649772 197 102 33 89
2.651772 197 102 33 89
2.653772 197 102 33 89
2.655772 197 102 33 89
2.657772 197 102 33 89
2.659772 197 102 33 89
2.661772 197 102 33 89
2.663772 197 102 33 89
2.665772 197 102 33 89
2.667772 197 102 33 89
2.669772 197 102 33 89
2.671772 197 102 33 89
2.673772 197 102 33 89
2.675772 197 102 33 89
2.677772 197 102 33 89
2.679772 197 102 33 89
2.681772 197 102 33 89
2.683772 197 102 33 89
2.685772 197 102 33 89
2.687772 197 102 33 89
2.689772 197 102 33 89
2.691772 197 102 33 89
2.693772 197 102 33 89
2.695772 197 102 33 89
2.697772 197 102 33 89
2.699772 197 102 33 89
2.701772 197 102 33 89
2.703772 197 102 33 89
2.705772 197 102 33 89
2.707772 197 102 33 89
2.709772 197 102 33 89
2.711772 197 102 33 89
2.713772 197 102 33 89
2.715772 197 102 33 89
2.717772 197 102 33 89
2.719772 197 102 33 89
2.721772 197 102 33 89
2.723772 197 102 33 89
2.725772 197 102 33 89
2.727772 197 102 33 89
2.729772 197 102 33 89
2.731772 197 102 33 89
2.733772 197 102 33 89
2.735772 197 102 33 89
2.737772 197 102 33 89
2.739772 197 102 33 89
2.741772 197 102 33 89
2.743772 197 102 33 89
2.745772 197 102 33 89
2.747772 197 102 33 89
2.749772 197 102 33 89
2.751772 197 102 33 89
2.753772 197 102 33 89
2.755772 197 102 33 89
2.757772 197 102 33 89
2.759772 197 102 33 89
2.761772 197 102 33 89
2.763772 197 102 33 89
2.765772 197 102 33 89
2.767772 197 102 33 89
2.769772 197 102 33 89
2.771772 197 102 33 89
2.773772 197 102 33 89
2.775772 197 102 33 89
2.777772 197 102 33 89
2.779772 197 102 33 89
2.781772 197 102 33 89
2.783772 197 102 33 89
2.785772 197 102 33 89
2.787772 197 102 33 89
2.789772 197 102 33 89
2.791772 197 102 33 89
2.793772 197 102 33 89
2.795772 197 102 33 89
2.797772 197 102 33 89
2.799772 197 102 33 89
2.801772 197 102 33 89
2.803772 197 102 33 89
2.805772 197 102 33 89
2.807772 197 102 33 89
2.809772 197 102 33 89
2.811772 197 102 33 89
2.813772 197 102 33 89
2.815772 197 102 33 89
2.817772 197 102 33 89
2.819772 197 102 33 89
2.821772 197 102 33 89
2.823772 197 102 33 89
2.825772 197 102 33 89
2.827772 197 102 33 89
2.829772 197 102 33 89
2.831772 197 102 33 89
2.833772 197 102 33 89
2.835772 197 102 33 89
2.837772 197 102 33 89
2.839772 197 102 33 89
2.841772 197 102 33 89
2.843772 197 102 33 89
2.845772 197 102 33 89
2.847772 197 102 33 89
2.849772 197 102 33 89
2.851772 197 102 33 89
2.853772 197 102 33 89
2.855772 197 102 33 89
2.857772 197 102 33 89
2.859772 197 102 33 89
2.861772 197 102 33 89
2.863772 197 102 33 89
2.865772 198 101 33 89
2.867772 198 101 33 89
2.869772 198 101 33 89
2.871772 198 101 33 89
2.873772 198 101 33 89
2.875772 198 101 33 89
2.877772 198 101 33 89
2.879772 198 101 33 89
2.881772 198 101 33 89
2.883772 198 101 33 89
2.885772 198 101 33 89
2.887772 198 101 33 89
2.889772 198 101 33 89
2.891772 198 101 33 89
2.893772 198 101 33 89
2.895772 198 101 33 89
2.897772 198 101 33 89
2.899772 198 101 33 89
2.901772 198 101 33 89
2.903772 198 101 33 89
2.905772 199 101 33 89
2.907772 199 101 33 89
2.909772 199 101 33 89
2.911772 199 101 33 89
2.913772 199 101 33 89
2.915772 199 101 33 89
2.917772 199 101 33 89
2.919772 199 101 33 89
2.921772 199 101 33 89
2.923772 199 101 33 89
2.925772 199 101 33 89
2.927772 199 101 33 89
2.929772 199 101 33 89
2.931772 199 101 33 89
2.933772 199 101 33 89
2.935772 199 101 33 89
2.937772 199 101 33 89
2.939772 199 101 33 89
2.941772 199 101 33 89
2.943772 200 101 32 88
2.945772 200 101 32 88
2.947772 200 101 32 88
2.949772 200 101 32 88
2.951772 200 101 32 88
2.953772 200 101 32 87
2.955772 200 101 32 87
2.957772 200 101 32 87
2.959772 200 101 31 87
2.961772 200 101 31 87
2.963772 201 101 31 86
2.965772 201 101 31 86
2.967772 201 101 31 86
2.969772 201 101 31 86
2.971772 201 102 31 86
2.973772 201 102 31 85
2.975772 201 102 30 85
2.977772 201 102 30 85
2.979772 201 102 30 85
2.981772 201 102 30 85
2.983772 202 102 30 84
2.985772 202 102 30 84
2.987772 202 102 30 84
2.989772 202 102 30 84
2.991772 202 102 29 84
2.993772 202 102 29 83
2.995772 202 102 29 83
2.997772 202 103 29 83
2.999772 202 103 29 83
3.001772 202 103 29 83
3.003772 203 103 29 82
3.005772 203 103 29 82
3.007772 203 103 28 82
3.009772 203 103 28 82
3.011772 203 103 28 82
3.013772 203 103 28 81
3.015772 203 103 28 81
3.017772 203 103 28 81
3.019772 203 103 28 81
3.021772 203 103 28 81
3.023772 204 104 28 81
3.025772 204 104 28 81
3.027772 204 104 28 81
3.029772 204 104 28 81
3.031772 204 104 28 81
3.033772 204 104 28 81
3.035772 204 104 28 81
3.037772 204 104 28 81
3.039772 204 104 28 81
3.041772 204 104 28 81
3.043772 204 104 28 81
3.045772 204 104 28 81
3.047772 204 104 28 81
3.049772 204 104 28 81
3.051772 204 104 28 81
3.053772 204 104 28 81
3.055772 204 104 28 81
3.057772 204 104 28 81
3.059772 204 104 28 81
3.061772 205 104 28 81
3.063772 205 104 28 81
3.065772 205 104 28 81
3.067772 205 104 28 81
3.069772 205 104 28 81
3.071772 205 104 28 81
3.073772 205 104 28 81
3.075772 205 104 28 81
3.077772 205 104 28 81
3.079772 205 104 28 81
3.081772 205 104 28 81
3.083772 205 104 28 81
3.085772 205 104 28 81
3.087772 205 104 28 81
3.089772 205 104 28 81
3.091772 205 104 28 81
3.093772 205 104 28 81
3.095772 205 104 28 81
3.097772 205 104 28 81
3.099772 205 104 28 81
3.101772 206 104 28 81
3.103772 206 104 28 81
3.105772 206 104 28 81
3.107772 206 104 28 81
3.109772 206 104 28 81
3.111772 206 104 28 81
3.113772 206 104 28 81
3.115772 206 104 28 81
3.117772 206 104 28 81
3.119772 206 104 28 81
3.121772 206 104 28 81
3.123772 206 104 28 81
3.125772 206 104 28 81
3.127772 206 104 28 81
3.129772 206 104 28 81
3.131772 206 104 28 81
3.133772 206 104 28 81
3.135772 206 104 28 81
3.137772 206 104 28 81
3.139772 207 104 28 81
3.141772 207 104 28 81
3.143772 207 104 28 81
3.145772 207 104 28 81
3.147772 207 104 28 81
3.149772 207 104 28 81
3.151772 207 104 28 81
3.153772 207 104 28 81
3.155772 207 104 28 81
3.157772 207 104 28 81
3.159772 207 104 28 81
3.161772 207 104 28 81
3.163772 207 104 28 81
3.165772 207 104 28 81
3.167772 207 104 28 81
3.169772 207 104 28 81
3.171772 207 104 28 81
3.173772 207 104 28 81
3.175772 207 104 28 81
3.177772 207 104 28 81
3.179772 208 105 28 81
3.181772 208 105 28 81
3.183772 208 105 28 81
3.185772 208 105 28 81
3.187772 208 105 28 81
3.189772 208 105 28 81
3.191772 208 105 28 81
3.193772 208 105 28 81
3.195772 208 105 28 81
3.197772 208 105 28 81
3.199772 208 105 28 81
3.201772 208 105 28 81
3.203772 208 105 28 81
3.205772 208 105 28 81
3.207772 208 105 28 81
3.209772 208 105 28 81
3.211772 208 105 28 81
3.213772 208 105 28 81
3.215772 208 105 28 81
3.217772 208 105 28 81
3.219772 208 105 28 81
3.221772 208 105 28 81
3.223772 208 105 28 81
3.225772 208 105 28 81
3.227772 208 105 28 81
3.229772 208 105 28 81
3.231772 208 105 28 81
3.233772 208 105 28 81
3.235772 208 105 28 81
3.237772 208 105 28 81
3.239772 208 105 28 81
3.241772 208 105 28 81
3.243772 208 105 28 81
3.245772 208 105 28 81
3.247772 208 105 28 81
3.249772 208 105 28 81
3.251772 208 105 28 81
3.253772 208 105 28 81
3.255772 208 105 28 81
3.257772 208 105 27 80
3.259772 208 105 27 80
3.261772 208 105 27 80
3.263772 208 105 27 80
3.265772 208 105 27 80
3.267772 208 105 27 80
3.269772 208 105 27 80
3.271772 208 105 27 80
3.273772 208 105 27 80
3.275772 208 105 27 80
3.277772 208 105 27 79
3.279772 208 105 27 79
3.281772 208 105 27 79
3.283772 208 106 27 79
3.285772 208 106 27 79
3.287772 208 106 27 79
3.289772 208 106 27 79
3.291772 208 106 27 79
3.293772 208 106 27 79
3.295772 208 106 27 79
3.297772 209 106 26 78
3.299772 209 106 26 78
3.301772 209 106 26 78
3.303772 209 106 26 78
3.305772 209 106 26 78
3.307772 209 106 26 78
3.309772 209 107 26 78
3.311772 209 107 26 78
3.313772 209 107 26 78
3.315772 209 107 26 78
3.317772 209 107 26 77
3.319772 209 107 26 77
3.321772 209 107 26 77
3.323772 209 107 26 77
3.325772 209 107 26 77
3.327772 209 107 26 77
3.329772 209 107 26 77
3.331772 209 107 26 77
3.333772 209 107 26 77
3.335772 210 108 25 76
3.337772 210 108 25 76
3.339772 210 108 25 76
3.341772 210 108 25 76
3.343772 210 108 25 76
3.345772 210 108 25 76
3.347772 210 108 25 76
3.349772 210 108 25 76
3.351772 210 108 25 76
3.353772 210 108 25 76
3.355772 210 108 25 76
3.357772 210 108 25 76
3.359772 210 108 25 76
3.361772 210 108 25 76
3.363772 210 108 25 76
3.365772 210 108 25 76
3.367772 210 108 25 76
3.369772 210 108 25 76
3.371772 210 108 25 76
3.373772 210 108 25 76
3.375772 211 108 24 75
3.377772 211 108 24 75
3.379772 211 108 24 75
3.381772 211 108 24 75
3.383772 211 108 24 75
3.385772 211 108 24 75
3.387772 211 108 24 75
3.389772 211 108 24 75
3.391772 211 108 24 75
3.393772 211 108 24 75
3.395772 211 108 24 75
3.397772 211 108 24 75
3.399772 211 108 24 75
3.401772 211 108 24 75
3.403772 211 108 24 75
3.405772 211 108 24 75
3.407772 211 108 24 75
3.409772 211 108 24 75
3.411772 211 108 24 75
3.413772 211 108 24 75
3.415772 212 109 24 74
3.417772 212 109 24 74
3.419772 212 109 24 74
3.421772 212 109 24 74
3.423772 212 109 24 74
3.425772 212 109 24 74
3.427772 212 109 24 74
3.429772 212 109 24 74
3.431772 212 109 24 74
3.433772 212 109 24 74
3.435772 212 109 24 74
3.437772 212 109 24 74
3.439772 212 109 24 74
3.441772 212 109 24 74
3.443772 212 109 24 74
3.445772 212 109 24 74
3.447772 212 109 24 74
3.449772 212 109 24 74
3.451772 212 109 24 74
3.453772 212 109 24 74
3.455772 212 109 24 74
3.457772 212 109 24 74
3.459772 212 109 24 74
3.461772 212 109 24 74
3.463772 212 109 24 74
3.465772 212 109 24 74
3.467772 212 109 24 74
3.469772 212 109 24 74
3.471772 212 109 24 74
3.473772 212 109 24 74
3.475772 212 109 24 74
3.477772 212 109 24 74
3.479772 212 109 24 74
3.481772 212 109 24 74
3.483772 212 109 24 74
3.485772 212 109 24 74
3.487772 212 109 24 74
3.489772 212 109 24 74
3.491772 212 109 24 74
3.493772 213 109 24 73
3.495772 213 109 24 73
3.497772 213 109 24 73
3.499772 213 109 24 73
3.501772 213 109 24 73
3.503772 213 109 24 73
3.505772 213 109 24 73
3.507772 213 109 24 73
3.509772 213 109 24 73
3.511772 213 109 24 73
3.513772 213 109 24 73
3.515772 213 109 24 73
3.517772 213 109 24 73
3.519772 213 109 24 73
3.521772 213 109 24 73
3.523772 213 109 24 73
3.525772 213 109 24 73
3.527772 213 109 24 73
3.529772 213 109 24 73
3.531772 213 109 24 72
3.533772 213 109 24 72
3.535772 213 109 24 72
3.537772 213 109 24 72
3.539772 213 109 24 72
3.541772 213 109 24 72
3.543772 213 109 24 72
3.545772 213 109 24 72
3.547772 213 109 24 72
3.549772 213 109 24 72
3.551772 213 109 24 72
3.553772 213 109 24 72
3.555772 213 109 24 72
3.557772 213 109 24 72
3.559772 213 109 24 72
3.561772 213 109 24 72
3.563772 213 109 24 72
3.565772 213 109 24 72
3.567772 213 109 24 72
3.569772 213 109 24 72
3.571772 214 110 23 71
3.573772 214 110 23 71
3.575772 214 110 23 71
3.577772 214 110 23 71
3.579772 214 110 23 71
3.581772 214 110 23 71
3.583772 214 110 23 71
3.585772 214 110 23 71
3.587772 214 110 23 71
3.589772 214 110 23 71
3.591772 214 110 23 71
3.593772 214 110 23 71
3.595772 214 110 23 71
3.597772 214 110 23 71
3.599772 214 110 23 71
3.601772 214 110 23 71
3.603772 214 110 23 71
3.605772 214 110 23 71
3.607772 214 110 23 71
3.609772 214 110 23 71
3.611772 214 110 23 71
3.613772 214 110 23 71
3.615772 214 110 23 71
3.617772 214 110 23 71
3.619772 214 110 23 71
3.621772 214 110 23 71
3.623772 214 110 23 71
3.625772 214 110 23 71
3.627772 214 110 23 71
3.629772 214 110 23 71
3.631772 214 110 23 71
3.633772 214 110 23 71
3.635772 214 110 23 71
3.637772 214 110 23 71
3.639772 214 110 23 71
3.641772 214 110 23 71
3.643772 214 110 23 71
3.645772 214 110 23 71
3.647772 214 110 23 71
3.649772 215 111 23 70
3.651772 215 111 23 70
3.653772 215 111 23 70
3.655772 215 111 23 70
3.657772 215 111 23 70
3.659772 215 111 23 70
3.661772 215 111 23 70
3.663772 215 111 23 70
3.665772 215 111 23 70
3.667772 215 111 23 70
3.669772 215 111 23 69
3.671772 215 111 23 69
3.673772 215 111 23 69
3.675772 215 112 23 69
3.677772 215 112 23 69
3.679772 215 112 23 69
3.681772 215 112 23 69
3.683772 215 112 23 69
3.685772 215 112 23 69
3.687772 215 112 23 69
3.689772 215 112 23 68
3.691772 215 112 23 68
3.693772 215 112 23 68
3.695772 215 112 23 68
3.697772 215 112 23 68
3.699772 215 112 23 68
3.701772 215 113 23 68
3.703772 215 113 23 68
3.705772 215 113 23 68
3.707772 215 113 23 67
3.709772 215 113 23 67
3.711772 215 113 23 67
3.713772 215 113 23 67
3.715772 215 113 23 67
3.717772 215 113 23 67
3.719772 215 113 23 67
3.721772 215 113 23 67
3.723772 215 113 23 67
3.725772 215 113 23 67
3.727772 215 114 23 66
3.729772 215 114 23 66
3.731772 215 114 23 66
3.733772 215 114 23 66
3.735772 215 114 23 66
3.737772 215 114 23 66
3.739772 215 114 23 66
3.741772 215 114 23 66
3.743772 215 114 23 66
3.745772 215 114 23 66
3.747772 215 114 23 66
3.749772 215 114 23 66
3.751772 215 114 23 66
3.753772 215 114 23 66
3.755772 215 114 23 66
3.757772 215 114 23 66
3.759772 215 114 23 66
3.761772 215 114 23 66
3.763772 215 114 23 66
3.765772 215 114 23 66
3.767772 215 114 23 66
3.769772 215 114 23 66
3.771772 215 114 23 66
3.773772 215 114 23 66
3.775772 215 114 23 66
3.777772 215 114 23 66
3.779772 215 114 23 66
3.781772 215 114 23 66
3.783772 215 114 23 66
3.785772 215 114 23 66
3.787772 215 114 23 66
3.789772 215 114 23 66
3.791772 215 114 23 66
3.793772 215 114 23 66
3.795772 215 114 23 66
3.797772 215 114 23 66
3.799772 215 114 23 66
3.801772 215 114 23 66
3.803772 215 114 23 66
3.805772 216 114 23 66
3.807772 216 114 23 66
3.809772 216 114 23 66
3.811772 216 114 23 66
3.813772 216 114 23 66
3.815772 216 114 23 66
3.817772 216 114 23 67
3.819772 216 114 23 67
3.821772 216 113 23 67
3.823772 216 113 23 67
3.825772 216 113 23 67
3.827772 216 113 23 67
3.829772 216 113 23 68
3.831772 216 113 23 68
3.833772 216 113 23 68
3.835772 216 113 23 68
3.837772 216 112 23 68
3.839772 216 112 23 69
3.841772 216 112 23 69
3.843772 216 112 23 69
3.845772 216 112 23 69
3.847772 216 112 23 69
3.849772 216 112 23 69
3.851772 216 112 23 70
3.853772 216 111 23 70
3.855772 216 111 23 70
3.857772 216 111 23 70
3.859772 216 111 23 70
3.861772 216 111 23 71
3.863772 216 111 23 71
3.865772 216 111 23 71
3.867772 216 111 23 71
3.869772 216 110 23 71
3.871772 216 110 23 71
3.873772 216 110 23 72
3.875772 216 110 23 72
3.877772 216 110 23 72
3.879772 216 110 23 72
3.881772 216 110 23 72
3.883772 216 110 23 72
3.885772 216 110 23 72
3.887772 216 110 23 72
3.889772 216 110 23 72
3.891772 216 110 23 72
3.893772 216 110 23 72
3.895772 216 110 23 72
3.897772 216 110 23 71
3.899772 216 110 23 71
3.901772 216 110 23 71
3.903772 216 110 23 71
3.905772 216 110 23 71
3.907772 216 110 23 71
3.909772 216 110 23 71
3.911772 216 110 23 70
3.913772 216 110 23 70
3.915772 216 110 23 70
3.917772 216 110 23 70
3.919772 216 110 23 70
3.921772 216 110 23 70
3.923772 216 110 23 69
3.925772 216 110 23 69
3.927772 216 110 23 69
3.929772 216 110 23 69
3.931772 216 110 23 69
3.933772 216 110 23 69
3.935772 216 110 23 69
3.937772 216 110 23 68
3.939772 216 110 23 68
3.941772 216 110 23 68
3.943772 216 110 23 68
3.945772 216 110 23 68
3.947772 216 110 23 68
3.949772 216 110 23 67
3.951772 216 110 23 67
3.953772 216 110 23 67
3.955772 216 110 23 67
3.957772 216 110 23 67
3.959772 216 110 23 67
3.961772 216 110 23 67
3.963772 216 110 24 67
3.965772 216 110 24 67
3.967772 216 110 24 67
3.969772 216 110 24 67
3.971772 216 110 24 67
3.973772 216 110 24 67
3.975772 216 110 24 67
3.977772 216 110 24 67
3.979772 216 110 24 67
3.981772 216 110 24 67
3.983772 216 110 24 67
3.985772 216 110 24 67
3.987772 216 110 24 67
3.989772 217 110 24 67
3.991772 217 110 24 67
3.993772 217 110 24 67
3.995772 217 110 24 67
3.997772 217 110 24 67
3.999772 217 110 24 67
4.001772 217 110 24 67
4.003772 217 110 24 67
4.005772 217 110 24 67
4.007772 217 110 24 67
4.009772 217 110 24 67
4.011772 217 110 24 67
4.013772 217 110 24 67
4.015772 218 110 24 67
4.017772 218 110 24 67
4.019772 218 110 24 67
4.021772 218 110 24 67
4.023772 218 110 24 67
4.025772 218 110 24 67
4.027772 218 110 24 67
4.029772 218 110 24 67
4.031772 218 110 24 67
4.033772 218 110 24 67
4.035772 218 110 24 67
4.037772 218 110 24 67
4.039772 218 110 24 67
4.041772 219 109 23 67
4.043772 219 109 23 67
4.045772 219 109 23 67
4.047772 219 109 23 67
4.049772 219 109 23 67
4.051772 219 109 23 67
4.053772 219 109 23 67
4.055772 219 109 23 67
4.057772 219 109 23 67
4.059772 219 109 23 67
4.061772 219 109 22 67
4.063772 219 109 22 67
4.065772 219 109 22 67
4.067772 220 109 22 68
4.069772 220 109 22 68
4.071772 220 109 22 68
4.073772 220 109 22 68
4.075772 220 109 22 68
4.077772 220 109 22 68
4.079772 220 109 22 68
4.081772 220 109 21 68
4.083772 220 109 21 68
4.085772 220 109 21 68
4.087772 220 109 21 68
4.089772 220 109 21 68
4.091772 220 109 21 68
4.093772 221 109 21 69
4.095772 221 109 21 69
4.097772 221 109 21 69
4.099772 221 109 20 69
4.101772 221 109 20 69
4.103772 221 109 20 69
4.105772 221 109 20 69
4.107772 221 109 20 69
4.109772 221 109 20 69
4.111772 221 109 20 69
4.113772 221 109 20 69
4.115772 221 109 20 69
4.117772 221 109 20 69
4.119772 222 109 20 70
4.121772 222 109 20 70
4.123772 222 109 20 70
4.125772 222 109 20 70
4.127772 222 109 20 70
4.129772 222 109 20 70
4.131772 222 109 20 70
4.133772 222 109 20 70
4.135772 222 109 20 70
4.137772 222 109 20 70
4.139772 222 109 20 70
4.141772 222 109 20 70
4.143772 222 109 20 70
4.145772 222 109 20 70
4.147772 222 109 20 70
4.149772 222 109 20 70
4.151772 222 109 20 70
4.153772 222 109 20 70
4.155772 222 109 20 70
4.157772 222 109 20 70
4.159772 222 109 21 71
4.161772 222 109 21 71
4.163772 222 109 21 71
4.165772 222 109 21 71
4.167772 222 109 21 71
4.169772 222 109 21 71
4.171772 222 109 21 71
4.173772 222 109 21 71
4.175772 222 109 21 71
4.177772 222 109 21 71
4.179772 222 109 21 71
4.181772 222 109 21 71
4.183772 222 109 21 71
4.185772 222 109 21 71
4.187772 222 109 21 71
4.189772 222 109 21 71
4.191772 222 109 21 71
4.193772 222 109 21 71
4.195772 222 109 21 71
4.197772 222 110 22 71
4.199772 222 110 22 71
4.201772 222 110 22 71
4.203772 222 110 22 71
4.205772 222 110 22 71
4.207772 222 110 22 71
4.209772 222 110 22 71
4.211772 222 110 22 71
4.213772 222 110 22 71
4.215772 222 110 22 71
4.217772 222 110 22 71
4.219772 222 110 22 71
4.221772 222 110 22 71
4.223772 222 110 22 70
4.225772 222 110 22 70
4.227772 222 110 22 70
4.229772 222 110 22 70
4.231772 222 110 22 70
4.233772 222 110 22 70
4.235772 222 110 22 70
4.237772 222 110 22 70
4.239772 222 110 22 70
4.241772 222 110 22 70
4.243772 222 110 22 70
4.245772 222 110 22 70
4.247772 222 110 22 70
4.249772 222 110 22 69
4.251772 222 110 22 69
4.253772 222 110 22 69
4.255772 222 110 22 69
4.257772 222 110 22 69
4.259772 222 110 22 69
4.261772 222 110 22 69
4.263772 222 110 22 69
4.265772 222 110 22 69
4.267772 222 110 22 69
4.269772 222 110 22 69
4.271772 222 110 22 69
4.273772 222 110 22 69
4.275772 222 110 22 69
4.277772 222 110 21 69
4.279772 222 110 21 69
4.281772 222 110 21 69
4.283772 222 110 21 69
4.285772 222 110 21 69
4.287772 222 110 21 69
4.289772 222 110 21 69
4.291772 222 110 21 69
4.293772 222 110 21 69
4.295772 222 110 21 69
4.297772 222 110 21 69
4.299772 222 110 21 69
4.301772 222 110 21 69
4.303772 223 110 21 69
4.305772 223 110 21 69
4.307772 223 110 21 69
4.309772 223 110 21 69
4.311772 223 110 21 69
4.313772 223 110 21 69
4.315772 223 110 20 69
4.317772 223 110 20 69
4.319772 223 110 20 69
4.321772 223 110 20 69
4.323772 223 110 20 69
4.325772 223 110 20 69
4.327772 223 110 20 69
4.329772 224 110 20 69
4.331772 224 110 20 69
4.333772 224 110 20 69
4.335772 224 110 20 69
4.337772 224 110 20 69
4.339772 224 110 20 69
4.341772 224 110 20 69
4.343772 224 110 20 69
4.345772 224 110 20 69
4.347772 224 110 20 69
4.349772 224 110 20 69
4.351772 224 110 20 69
4.353772 224 110 20 69
4.355772 225 110 20 69
4.357772 225 110 20 69
4.359772 225 110 20 69
4.361772 225 110 20 69
4.363772 225 110 20 69
4.365772 225 110 20 69
4.367772 225 110 20 69
4.369772 225 110 20 69
4.371772 225 110 20 68
4.373772 225 110 20 68
4.375772 225 110 20 68
4.377772 225 110 20 68
4.379772 225 110 20 68
4.381772 225 110 21 68
4.383772 225 110 21 68
4.385772 225 110 21 67
4.387772 225 110 21 67
4.389772 225 110 21 67
4.391772 225 110 21 67
4.393772 225 110 21 67
4.395772 225 110 21 67
4.397772 225 110 21 67
4.399772 225 110 21 67
4.401772 225 110 21 66
4.403772 225 110 21 66
4.405772 225 110 21 66
4.407772 225 110 22 66
4.409772 225 110 22 66
4.411772 225 110 22 66
4.413772 225 110 22 66
4.415772 225 110 22 66
4.417772 225 110 22 65
4.419772 225 110 22 65
4.421772 225 110 22 65
4.423772 225 110 22 65
4.425772 225 110 22 65
4.427772 225 110 22 65
4.429772 225 110 22 65
4.431772 225 110 22 65
