0.020396 270 115 20 38
0.022396 269 115 20 37
0.024396 269 115 20 37
0.026396 269 115 20 37
0.028396 269 115 20 37
0.030396 269 115 20 37
0.032396 269 115 20 37
0.034396 269 115 20 37
0.036396 269 115 20 37
0.038396 269 115 20 37
0.040396 269 115 20 37
0.042396 269 115 20 37
0.044396 268 115 20 37
0.046396 268 115 20 37
0.048396 268 115 20 37
0.050396 268 115 20 37
0.052396 268 115 20 37
0.054396 268 115 20 37
0.056396 268 115 20 37
0.058396 268 115 20 37
0.060396 268 115 20 37
0.062396 268 115 20 37
0.064396 268 115 20 37
0.066396 268 115 20 37
0.068396 267 115 20 36
0.070396 267 115 20 36
0.072396 267 115 20 36
0.074396 267 115 20 36
0.076396 267 115 20 36
0.078396 267 115 20 36
0.080396 267 115 20 36
0.082396 267 115 20 36
0.084396 266 115 20 36
0.086396 266 115 20 36
0.088396 266 115 20 36
0.090396 266 115 20 36
0.092396 266 115 20 36
0.094396 266 115 20 36
0.096396 266 115 20 36
0.098396 266 115 20 36
0.100396 265 115 20 36
0.102396 265 115 20 36
0.104396 265 115 20 36
0.106396 265 115 20 36
0.108396 265 115 20 36
0.110396 265 115 20 36
0.112396 265 115 20 36
0.114396 265 115 20 36
0.116396 264 116 20 36
0.118396 264 116 20 36
0.120396 264 116 20 36
0.122396 264 116 20 36
0.124396 264 116 20 36
0.126396 264 116 20 36
0.128396 264 116 20 36
0.130396 264 116 20 36
0.132396 264 116 20 36
0.134396 264 116 20 36
0.136396 264 116 20 36
0.138396 264 116 20 36
0.140396 263 116 20 36
0.142396 263 116 20 36
0.144396 263 116 20 36
0.146396 263 116 20 36
0.148396 263 116 20 36
0.150396 263 116 20 36
0.152396 263 116 20 36
0.154396 263 116 20 36
0.156396 263 116 20 36
0.158396 263 116 20 36
0.160396 263 116 20 36
0.162396 262 115 20 36
0.164396 262 115 20 36
0.166396 262 115 20 36
0.168396 262 115 20 36
0.170396 262 115 20 36
0.172396 262 115 20 36
0.174396 261 115 20 36
0.176396 261 115 20 36
0.178396 261 115 20 36
0.180396 261 115 20 36
0.182396 261 115 20 36
0.184396 261 115 20 36
0.186396 260 115 20 36
0.188396 260 115 20 36
0.190396 260 115 20 36
0.192396 260 115 20 36
0.194396 260 115 20 36
0.196396 260 115 20 36
0.198396 259 115 20 36
0.200396 259 115 20 36
0.202396 259 115 20 36
0.204396 259 115 20 36
0.206396 259 115 20 36
0.208396 259 115 20 36
0.210396 258 114 20 36
0.212396 258 114 20 36
0.214396 258 114 20 36
0.216396 258 114 20 36
0.218396 258 114 20 36
0.220396 258 114 20 36
0.222396 257 114 20 36
0.224396 257 114 20 36
0.226396 257 114 20 36
0.228396 257 114 20 36
0.230396 257 114 20 36
0.232396 257 114 20 36
0.234396 256 114 20 37
0.236396 256 114 20 37
0.238396 256 114 20 37
0.240396 256 114 20 37
0.242396 256 114 20 37
0.244396 256 114 20 37
0.246396 255 114 20 37
0.248396 255 114 20 37
0.250396 255 114 20 37
0.252396 255 114 20 37
0.254396 255 114 20 37
0.256396 255 114 20 37
0.258396 255 114 19 38
0.260396 255 114 19 38
0.262396 255 114 19 38
0.264396 255 114 19 38
0.266396 255 114 19 38
0.268396 255 114 19 38
0.270396 255 114 19 38
0.272396 255 114 19 38
0.274396 255 114 19 38
0.276396 255 114 19 38
0.278396 255 114 19 38
0.280396 255 114 19 38
0.282396 255 114 19 38
0.284396 255 114 19 38
0.286396 255 114 19 38
0.288396 255 114 19 38
0.290396 255 114 19 38
0.292396 255 114 19 38
0.294396 255 114 19 38
0.296396 255 114 19 38
0.298396 255 114 19 38
0.300396 255 114 19 38
0.302396 255 114 19 38
0.304396 255 113 19 39
0.306396 255 113 19 39
0.308396 255 113 19 39
0.310396 255 113 19 39
0.312396 255 113 19 39
0.314396 254 113 19 39
0.316396 254 113 19 39
0.318396 254 113 19 39
0.320396 254 113 19 39
0.322396 254 113 19 39
0.324396 253 113 19 39
0.326396 253 113 19 39
0.328396 253 113 20 39
0.330396 253 113 20 39
0.332396 252 113 20 39
0.334396 252 113 20 39
0.336396 252 113 20 39
0.338396 252 113 20 39
0.340396 252 113 20 39
0.342396 251 113 20 39
0.344396 251 113 20 39
0.346396 251 113 20 39
0.348396 251 113 20 39
0.350396 251 113 20 39
0.352396 250 113 21 38
0.354396 250 113 21 38
0.356396 250 113 21 38
0.358396 250 113 21 38
0.360396 250 113 21 38
0.362396 250 113 21 38
0.364396 250 113 21 38
0.366396 250 113 21 38
0.368396 249 113 21 38
0.370396 249 113 21 38
0.372396 249 113 21 38
0.374396 249 113 21 38
0.376396 249 113 22 38
0.378396 249 113 22 38
0.380396 249 113 22 38
0.382396 248 113 22 38
0.384396 248 113 22 38
0.386396 248 113 22 38
0.388396 248 113 22 38
0.390396 248 113 22 38
0.392396 248 113 22 38
0.394396 248 113 22 38
0.396396 248 113 22 38
0.398396 247 113 22 38
0.400396 247 113 22 38
0.402396 247 113 22 38
0.404396 247 113 22 38
0.406396 247 113 22 38
0.408396 247 113 22 38
0.410396 247 113 22 38
0.412396 247 113 22 38
0.414396 247 113 22 38
0.416396 247 113 22 38
0.418396 247 113 22 38
0.420396 247 113 22 38
0.422396 247 113 21 38
0.424396 247 113 21 38
0.426396 247 113 21 38
0.428396 247 113 21 38
0.430396 247 113 21 38
0.432396 247 113 21 38
0.434396 247 113 21 38
0.436396 247 113 21 38
0.438396 247 113 21 38
0.440396 247 113 21 38
0.442396 247 113 21 38
0.444396 247 113 21 38
0.446396 246 114 21 37
0.448396 246 114 21 37
0.450396 246 114 21 37
0.452396 246 114 21 37
0.454396 246 114 21 37
0.456396 246 114 21 37
0.458396 246 114 21 37
0.460396 246 114 21 37
0.462396 245 114 21 36
0.464396 245 114 21 36
0.466396 245 114 21 36
0.468396 245 114 21 36
0.470396 245 114 21 36
0.472396 245 114 21 36
0.474396 245 114 21 36
0.476396 245 114 21 36
0.478396 244 114 21 35
0.480396 244 114 21 35
0.482396 244 114 21 35
0.484396 244 114 21 35
0.486396 244 114 21 35
0.488396 244 114 21 35
0.490396 244 114 21 35
0.492396 244 114 21 35
0.494396 243 114 20 35
0.496396 243 114 20 35
0.498396 243 114 20 35
0.500396 243 114 20 35
0.502396 243 114 20 35
0.504396 243 114 20 35
0.506396 243 114 20 35
0.508396 243 114 20 35
0.510396 243 114 20 35
0.512396 243 114 20 35
0.514396 243 114 20 35
0.516396 242 114 19 36
0.518396 242 114 19 36
0.520396 242 114 19 36
0.522396 242 114 19 36
0.524396 242 114 19 36
0.526396 242 114 19 36
0.528396 242 114 19 36
0.530396 242 114 19 36
0.532396 242 114 19 36
0.534396 242 114 19 36
0.536396 242 114 19 36
0.538396 242 114 19 36
0.540396 241 113 19 37
0.542396 241 113 19 37
0.544396 241 113 19 37
0.546396 241 113 19 37
0.548396 241 113 19 37
0.550396 241 113 19 37
0.552396 240 113 19 37
0.554396 240 113 19 37
0.556396 240 113 19 37
0.558396 240 113 19 37
0.560396 240 113 19 37
0.562396 240 113 19 37
0.564396 239 112 19 38
0.566396 239 112 19 38
0.568396 239 112 19 38
0.570396 239 112 19 38
0.572396 239 112 19 38
0.574396 239 112 19 38
0.576396 238 112 19 38
0.578396 238 112 19 38
0.580396 238 112 19 38
0.582396 238 112 19 38
0.584396 238 112 19 38
0.586396 238 112 19 38
0.588396 237 111 20 39
0.590396 237 111 20 39
0.592396 237 111 20 39
0.594396 237 111 20 39
0.596396 237 111 20 39
0.598396 237 111 20 39
0.600396 237 111 20 39
0.602396 237 111 20 39
0.604396 237 111 20 39
0.606396 237 111 20 39
0.608396 237 111 20 39
0.610396 237 111 20 39
0.612396 236 111 20 39
0.614396 236 111 20 39
0.616396 236 111 20 39
0.618396 236 111 20 39
0.620396 236 111 20 39
0.622396 236 111 20 39
0.624396 236 111 20 39
0.626396 236 111 20 39
0.628396 236 111 20 39
0.630396 236 111 20 39
0.632396 236 111 20 39
0.634396 235 111 20 39
0.636396 235 111 20 39
0.638396 235 111 20 39
0.640396 235 111 20 39
0.642396 235 111 20 39
0.644396 235 111 20 39
0.646396 235 111 20 39
0.648396 235 111 20 39
0.650396 234 111 21 39
0.652396 234 111 21 39
0.654396 234 111 21 39
0.656396 234 111 21 39
0.658396 234 111 21 39
0.660396 234 111 21 39
0.662396 234 111 21 39
0.664396 234 111 21 39
0.666396 233 111 22 39
0.668396 233 111 22 39
0.670396 233 111 22 39
0.672396 233 111 22 39
0.674396 233 111 22 39
0.676396 233 111 22 39
0.678396 233 111 22 39
0.680396 233 111 22 39
0.682396 232 112 23 39
0.684396 232 112 23 39
0.686396 232 112 23 39
0.688396 232 112 23 39
0.690396 232 112 23 39
0.692396 232 112 23 39
0.694396 232 112 23 39
0.696396 232 112 23 39
0.698396 232 112 23 39
0.700396 232 112 23 39
0.702396 232 112 23 39
0.704396 232 112 23 39
0.706396 232 112 23 39
0.708396 232 112 23 39
0.710396 232 112 23 39
0.712396 232 112 23 39
0.714396 232 112 23 39
0.716396 232 112 23 39
0.718396 232 112 23 39
0.720396 232 112 23 39
0.722396 232 112 23 39
0.724396 232 112 23 39
0.726396 232 112 23 39
0.728396 232 112 23 39
0.730396 231 112 23 39
0.732396 231 112 23 39
0.734396 231 112 23 39
0.736396 231 112 23 39
0.738396 231 112 23 39
0.740396 231 112 23 39
0.742396 231 112 23 39
0.744396 231 112 23 39
0.746396 231 112 23 39
0.748396 231 112 23 39
0.750396 231 112 23 39
0.752396 231 112 23 39
0.754396 231 112 23 39
0.756396 231 112 23 39
0.758396 231 112 23 39
0.760396 231 112 23 39
0.762396 231 112 23 39
0.764396 231 112 23 39
0.766396 231 112 23 39
0.768396 231 112 23 39
0.770396 231 112 23 39
0.772396 231 112 23 39
0.774396 231 112 23 39
0.776396 230 112 23 38
0.778396 230 112 23 38
0.780396 230 112 23 38
0.782396 230 112 23 38
0.784396 230 112 23 38
0.786396 230 112 23 38
0.788396 230 112 23 38
0.790396 230 112 23 38
0.792396 229 113 23 37
0.794396 229 113 23 37
0.796396 229 113 23 37
0.798396 229 113 23 37
0.800396 229 113 23 37
0.802396 229 113 23 37
0.804396 229 113 23 37
0.806396 229 113 23 37
0.808396 228 114 23 36
0.810396 228 114 23 36
0.812396 228 114 23 36
0.814396 228 114 23 36
0.816396 228 114 23 36
0.818396 228 114 23 36
0.820396 228 114 23 36
0.822396 228 114 23 36
0.824396 227 115 22 36
0.826396 227 115 22 36
0.828396 227 115 22 36
0.830396 227 115 22 36
0.832396 227 115 22 36
0.834396 227 115 22 36
0.836396 227 115 22 36
0.838396 227 115 22 36
0.840396 227 115 22 36
0.842396 227 115 22 36
0.844396 227 115 22 36
0.846396 227 115 22 36
0.848396 226 115 21 36
0.850396 226 115 21 36
0.852396 226 115 21 36
0.854396 226 115 21 36
0.856396 226 115 21 36
0.858396 226 115 21 36
0.860396 226 115 21 36
0.862396 226 115 21 36
0.864396 226 115 21 36
0.866396 226 115 21 36
0.868396 226 115 21 36
0.870396 225 114 20 37
0.872396 225 114 20 37
0.874396 225 114 20 37
0.876396 225 114 20 37
0.878396 225 114 20 37
0.880396 225 114 20 37
0.882396 225 114 20 37
0.884396 225 114 20 37
0.886396 224 113 20 38
0.888396 224 113 20 38
0.890396 224 113 20 38
0.892396 224 113 20 38
0.894396 224 113 19 38
0.896396 224 113 19 38
0.898396 224 113 19 38
0.900396 224 113 19 38
0.902396 223 112 19 39
0.904396 223 112 19 39
0.906396 223 112 19 39
0.908396 223 112 19 39
0.910396 223 112 19 39
0.912396 223 112 19 39
0.914396 223 112 19 39
0.916396 223 112 19 39
0.918396 222 112 19 39
0.920396 222 112 19 39
0.922396 222 112 19 39
0.924396 222 112 19 39
0.926396 222 112 19 39
0.928396 222 112 19 39
0.930396 222 112 19 39
0.932396 222 112 19 39
0.934396 222 112 19 39
0.936396 222 112 19 39
0.938396 222 112 19 39
0.940396 222 112 19 39
0.942396 221 113 19 38
0.944396 221 113 19 38
0.946396 221 113 19 38
0.948396 221 113 19 38
0.950396 221 113 19 38
0.952396 221 113 19 38
0.954396 221 113 19 38
0.956396 221 113 19 38
0.958396 221 113 19 38
0.960396 221 113 19 38
0.962396 221 113 19 38
0.964396 221 113 19 38
0.966396 220 113 18 38
0.968396 220 113 18 38
0.970396 220 113 18 38
0.972396 220 113 18 38
0.974396 220 113 18 38
0.976396 220 113 18 38
0.978396 220 113 18 38
0.980396 220 113 18 38
0.982396 219 113 18 38
0.984396 219 113 18 38
0.986396 219 113 18 38
0.988396 219 112 18 38
0.990396 219 112 18 38
0.992396 219 112 18 38
0.994396 219 112 18 38
0.996396 218 112 18 38
0.998396 218 112 18 38
1.000396 218 112 18 38
1.002396 218 112 18 38
1.004396 218 112 18 38
1.006396 218 112 18 38
1.008396 218 112 18 38
1.010396 218 112 18 38
1.012396 217 112 18 39
1.014396 217 112 18 39
1.016396 217 112 18 39
1.018396 217 112 18 39
1.020396 217 112 18 39
1.022396 217 112 18 39
1.024396 217 112 18 39
1.026396 217 112 18 39
1.028396 216 112 19 39
1.030396 216 112 19 39
1.032396 216 112 19 39
1.034396 216 112 19 39
1.036396 216 112 19 39
1.038396 216 112 19 39
1.040396 216 112 19 39
1.042396 216 112 19 39
1.044396 215 112 20 39
1.046396 215 112 20 39
1.048396 215 112 20 39
1.050396 215 112 20 39
1.052396 215 112 20 39
1.054396 215 112 20 39
1.056396 215 112 20 39
1.058396 215 112 20 39
1.060396 214 111 21 40
1.062396 214 111 21 40
1.064396 214 111 21 40
1.066396 214 111 21 40
1.068396 214 111 21 40
1.070396 214 111 21 40
1.072396 214 111 21 40
1.074396 214 111 21 40
1.076396 213 111 21 40
1.078396 213 111 21 40
1.080396 213 111 21 40
1.082396 213 111 21 40
1.084396 213 111 22 40
1.086396 213 111 22 40
1.088396 213 111 22 40
1.090396 213 111 22 40
1.092396 212 111 22 40
1.094396 212 111 22 40
1.096396 212 111 22 40
1.098396 212 111 22 40
1.100396 212 111 22 40
1.102396 212 111 22 40
1.104396 212 111 22 40
1.106396 212 111 22 39
1.108396 212 111 22 39
1.110396 212 111 22 39
1.112396 212 111 22 39
1.114396 212 111 22 39
1.116396 212 111 22 39
1.118396 212 111 22 39
1.120396 212 111 22 39
1.122396 212 111 21 39
1.124396 212 111 21 39
1.126396 212 111 21 39
1.128396 212 111 21 39
1.130396 212 111 21 39
1.132396 212 111 21 39
1.134396 212 111 21 39
1.136396 212 111 21 39
1.138396 212 111 20 39
1.140396 212 111 20 39
1.142396 212 111 20 39
1.144396 212 111 20 39
1.146396 212 111 20 39
1.148396 212 111 20 39
1.150396 212 111 20 39
1.152396 212 111 20 39
1.154396 211 112 20 38
1.156396 211 112 20 38
1.158396 211 112 20 38
1.160396 211 112 20 38
1.162396 211 112 20 38
1.164396 211 112 20 38
1.166396 210 112 20 38
1.168396 210 112 20 38
1.170396 210 112 20 38
1.172396 210 112 20 38
1.174396 210 112 20 38
1.176396 210 112 20 38
1.178396 209 113 20 37
1.180396 209 113 20 37
1.182396 209 113 20 37
1.184396 209 113 20 37
1.186396 209 113 20 37
1.188396 209 113 20 37
1.190396 208 113 20 37
1.192396 208 113 20 37
1.194396 208 113 20 37
1.196396 208 113 20 37
1.198396 208 113 20 37
1.200396 208 113 20 37
1.202396 207 114 20 37
1.204396 207 114 20 37
1.206396 207 114 20 37
1.208396 207 114 20 37
1.210396 207 114 20 37
1.212396 207 114 20 37
1.214396 207 114 20 37
1.216396 207 114 20 37
1.218396 207 114 19 37
1.220396 207 114 19 37
1.222396 207 114 19 37
1.224396 206 114 19 37
1.226396 206 114 19 37
1.228396 206 114 19 37
1.230396 206 114 19 37
1.232396 206 114 18 37
1.234396 206 114 18 37
1.236396 206 114 18 37
1.238396 206 114 18 37
1.240396 206 114 18 37
1.242396 206 114 18 37
1.244396 206 114 18 37
1.246396 206 114 18 37
1.248396 205 114 18 37
1.250396 205 114 18 37
1.252396 205 114 18 37
1.254396 205 114 18 37
1.256396 205 114 18 37
1.258396 205 114 18 37
1.260396 204 114 18 37
1.262396 204 114 18 37
1.264396 204 114 18 37
1.266396 204 114 18 37
1.268396 204 114 18 37
1.270396 204 114 18 37
1.272396 203 114 18 37
1.274396 203 114 18 37
1.276396 203 114 18 37
1.278396 203 114 18 37
1.280396 203 114 18 37
1.282396 203 114 18 37
1.284396 202 114 18 37
1.286396 202 114 18 37
1.288396 202 114 18 37
1.290396 202 114 18 37
1.292396 202 114 18 37
1.294396 202 114 18 37
1.296396 201 114 18 37
1.298396 201 114 18 37
1.300396 201 114 18 37
1.302396 201 114 18 37
1.304396 201 114 18 37
1.306396 201 114 18 37
1.308396 201 114 18 37
1.310396 201 114 18 37
1.312396 200 114 18 37
1.314396 200 114 18 37
1.316396 200 114 18 37
1.318396 200 114 18 37
1.320396 200 114 19 37
1.322396 200 114 19 37
1.324396 200 114 19 37
1.326396 200 114 19 37
1.328396 199 114 19 37
1.330396 199 114 19 37
1.332396 199 114 19 37
1.334396 199 114 19 37
1.336396 199 114 19 37
1.338396 199 114 19 37
1.340396 199 114 19 37
1.342396 199 114 19 37
1.344396 198 113 20 38
1.346396 198 113 20 38
1.348396 198 113 20 38
1.350396 198 113 20 38
1.352396 198 113 20 38
1.354396 198 113 20 38
1.356396 198 113 20 38
1.358396 197 113 21 39
1.360396 197 113 21 39
1.362396 197 113 21 39
1.364396 197 113 21 39
1.366396 197 112 21 39
1.368396 197 112 21 39
1.370396 197 112 21 39
1.372396 197 112 21 39
1.374396 196 112 22 40
1.376396 196 112 22 40
1.378396 196 112 22 40
1.380396 196 112 22 40
1.382396 196 112 22 40
1.384396 196 112 22 40
1.386396 196 112 22 40
1.388396 196 112 22 40
1.390396 195 112 23 40
1.392396 195 112 23 40
1.394396 195 112 23 40
1.396396 195 112 23 40
1.398396 195 112 23 40
1.400396 195 112 23 40
1.402396 195 112 23 40
1.404396 195 112 23 40
1.406396 195 112 23 40
1.408396 195 112 23 40
1.410396 195 112 23 40
1.412396 195 112 23 40
1.414396 195 112 23 40
1.416396 195 112 23 40
1.418396 195 112 23 40
1.420396 195 112 23 40
1.422396 195 112 23 40
1.424396 195 112 23 40
1.426396 195 112 23 40
1.428396 195 112 23 40
1.430396 195 112 23 40
1.432396 195 112 23 40
1.434396 195 112 23 40
1.436396 195 112 23 40
1.438396 194 112 23 39
1.440396 194 112 23 39
1.442396 194 112 23 39
1.444396 194 112 23 39
1.446396 194 112 23 39
1.448396 194 112 23 39
1.450396 194 112 23 39
1.452396 194 112 23 39
1.454396 194 112 23 39
1.456396 194 112 23 39
1.458396 194 112 23 39
1.460396 194 112 23 39
1.462396 193 113 23 38
1.464396 193 113 23 38
1.466396 193 113 23 38
1.468396 193 113 23 38
1.470396 193 113 23 38
1.472396 193 113 23 38
1.474396 193 113 23 38
1.476396 193 113 23 38
1.478396 193 113 23 38
1.480396 193 113 23 38
1.482396 193 113 23 38
1.484396 192 114 22 37
1.486396 192 114 22 37
1.488396 192 114 22 37
1.490396 192 114 22 37
1.492396 192 114 22 37
1.494396 192 114 22 37
1.496396 192 114 22 37
1.498396 192 114 22 37
1.500396 192 114 22 37
1.502396 192 114 22 37
1.504396 192 114 22 37
1.506396 192 114 22 37
1.508396 191 114 21 36
1.510396 191 114 21 36
1.512396 191 114 21 36
1.514396 191 114 21 36
1.516396 191 114 21 36
1.518396 191 114 21 36
1.520396 191 114 21 36
1.522396 191 114 21 36
1.524396 191 114 21 36
1.526396 191 114 21 36
1.528396 191 114 21 36
1.530396 191 114 21 36
1.532396 190 115 21 36
1.534396 190 115 21 36
1.536396 190 115 21 36
1.538396 190 115 21 36
1.540396 190 115 21 36
1.542396 190 115 21 36
1.544396 189 115 21 36
1.546396 189 115 21 36
1.548396 189 115 21 36
1.550396 189 115 21 36
1.552396 189 115 21 36
1.554396 189 115 21 36
1.556396 188 115 21 37
1.558396 188 115 21 37
1.560396 188 115 21 37
1.562396 188 115 21 37
1.564396 188 115 21 37
1.566396 188 115 21 37
1.568396 187 115 21 37
1.570396 187 115 21 37
1.572396 187 115 21 37
1.574396 187 115 21 37
1.576396 187 115 21 37
1.578396 187 115 21 37
1.580396 186 114 21 38
1.582396 186 114 21 38
1.584396 186 114 21 38
1.586396 186 114 21 38
1.588396 186 114 21 38
1.590396 186 114 21 38
1.592396 186 114 21 38
1.594396 186 114 21 38
1.596396 186 114 21 38
1.598396 186 114 21 38
1.600396 186 114 21 38
1.602396 185 113 20 39
1.604396 185 113 20 39
1.606396 185 113 20 39
1.608396 185 113 20 39
1.610396 185 113 20 39
1.612396 185 113 20 39
1.614396 185 113 20 39
1.616396 185 113 20 39
1.618396 185 113 20 39
1.620396 185 113 20 39
1.622396 185 113 20 39
1.624396 185 113 20 39
1.626396 184 113 20 40
1.628396 184 113 20 40
1.630396 184 113 20 40
1.632396 184 113 20 40
1.634396 183 113 20 40
1.636396 183 113 20 40
1.638396 183 113 20 40
1.640396 183 113 20 40
1.642396 182 113 20 40
1.644396 182 113 20 40
1.646396 182 113 20 40
1.648396 182 113 20 40
1.650396 181 113 20 41
1.652396 181 113 20 41
1.654396 181 113 20 41
1.656396 181 113 20 41
1.658396 180 113 20 41
1.660396 180 113 20 41
1.662396 180 113 20 41
1.664396 180 113 20 41
1.666396 179 113 20 41
1.668396 179 113 20 41
1.670396 179 113 20 41
1.672396 179 113 20 41
1.674396 178 112 21 42
1.676396 178 112 21 42
1.678396 178 112 21 42
1.680396 178 112 21 42
1.682396 178 112 21 42
1.684396 178 112 21 42
1.686396 178 112 21 42
1.688396 178 112 21 42
1.690396 178 112 21 42
1.692396 178 112 21 42
1.694396 178 112 21 42
1.696396 178 112 21 42
1.698396 177 112 21 42
1.700396 177 112 21 42
1.702396 177 112 21 42
1.704396 177 112 21 42
1.706396 177 112 21 42
1.708396 177 112 21 42
1.710396 177 112 21 42
1.712396 177 112 21 42
1.714396 177 112 21 42
1.716396 177 112 21 42
1.718396 177 112 21 42
1.720396 176 112 22 43
1.722396 176 112 22 43
1.724396 176 112 22 43
1.726396 176 112 22 43
1.728396 176 112 22 43
1.730396 176 112 22 43
1.732396 176 112 22 43
1.734396 176 112 22 43
1.736396 176 112 22 43
1.738396 176 112 22 43
1.740396 176 112 22 43
1.742396 176 112 22 43
1.744396 176 112 22 43
1.746396 176 112 22 43
1.748396 176 112 22 43
1.750396 176 112 22 43
1.752396 176 112 22 43
1.754396 176 112 22 43
1.756396 176 112 22 43
1.758396 176 112 22 43
1.760396 176 112 22 43
1.762396 176 112 22 43
1.764396 176 112 22 43
1.766396 176 112 22 43
1.768396 175 112 23 42
1.770396 175 112 23 42
1.772396 175 112 23 42
1.774396 175 112 23 42
1.776396 175 112 23 42
1.778396 175 112 23 42
1.780396 175 112 23 42
1.782396 175 112 23 42
1.784396 175 112 23 42
1.786396 175 112 23 42
1.788396 175 112 23 42
1.790396 175 112 23 42
1.792396 175 112 23 42
1.794396 175 112 23 42
1.796396 175 112 23 42
1.798396 175 112 23 42
1.800396 175 112 23 42
1.802396 175 112 23 42
1.804396 175 112 23 42
1.806396 175 112 23 42
1.808396 175 112 23 42
1.810396 175 112 23 42
1.812396 175 112 23 42
1.814396 175 112 23 42
1.816396 174 111 23 42
1.818396 174 111 23 42
1.820396 174 111 23 42
1.822396 174 111 23 42
1.824396 174 111 23 42
1.826396 174 111 23 42
1.828396 174 111 23 42
1.830396 174 111 23 42
1.832396 174 111 23 42
1.834396 174 111 23 42
1.836396 174 111 23 42
1.838396 173 111 23 43
1.840396 173 111 23 43
1.842396 173 111 23 43
1.844396 173 111 23 43
1.846396 173 111 23 43
1.848396 173 111 23 43
1.850396 173 111 23 43
1.852396 173 111 23 43
1.854396 173 111 23 43
1.856396 173 111 23 43
1.858396 173 111 23 43
1.860396 173 111 23 43
1.862396 172 111 23 43
1.864396 172 111 23 43
1.866396 172 111 23 43
1.868396 172 111 23 43
1.870396 172 111 22 43
1.872396 172 111 22 43
1.874396 171 111 22 42
1.876396 171 111 22 42
1.878396 171 111 21 42
1.880396 171 111 21 42
1.882396 171 111 21 42
1.884396 171 111 21 42
1.886396 170 112 20 41
1.888396 170 112 20 41
1.890396 170 112 20 41
1.892396 170 112 20 41
1.894396 170 112 19 41
1.896396 170 112 19 41
1.898396 169 112 19 40
1.900396 169 112 19 40
1.902396 169 112 18 40
1.904396 169 112 18 40
1.906396 169 112 18 40
1.908396 169 112 18 40
1.910396 168 113 17 39
1.912396 168 113 17 39
1.914396 168 113 17 39
1.916396 168 113 17 39
1.918396 168 113 17 39
1.920396 168 113 17 39
1.922396 168 113 17 38
1.924396 168 113 17 38
1.926396 168 113 17 38
1.928396 168 113 17 38
1.930396 168 113 17 38
1.932396 168 113 17 38
1.934396 168 113 16 37
1.936396 168 113 16 37
1.938396 168 113 16 37
1.940396 168 113 16 37
1.942396 168 113 16 37
1.944396 168 113 16 37
1.946396 168 113 16 36
1.948396 168 113 16 36
1.950396 168 113 16 36
1.952396 168 113 16 36
1.954396 168 113 16 36
1.956396 167 113 16 36
1.958396 167 113 16 36
1.960396 167 113 16 36
1.962396 167 113 16 36
1.964396 167 113 16 36
1.966396 167 113 16 36
1.968396 167 113 16 37
1.970396 167 113 16 37
1.972396 166 113 16 37
1.974396 166 113 16 37
1.976396 166 113 16 37
1.978396 166 113 16 37
1.980396 166 113 17 38
1.982396 166 113 17 38
1.984396 166 113 17 38
1.986396 166 113 17 38
1.988396 165 113 17 38
1.990396 165 113 17 38
1.992396 165 113 17 39
1.994396 165 113 17 39
1.996396 165 113 17 39
1.998396 165 113 17 39
2.000396 165 113 17 39
2.002396 165 113 17 39
2.004396 164 113 18 39
2.006396 164 113 18 39
2.008396 164 113 18 39
2.010396 164 113 18 39
2.012396 164 113 18 39
2.014396 164 113 19 39
2.016396 164 113 19 39
2.018396 164 113 19 39
2.020396 163 113 19 39
2.022396 163 113 20 39
2.024396 163 113 20 39
2.026396 163 113 20 39
2.028396 163 113 20 39
2.030396 163 113 20 39
2.032396 163 113 21 39
2.034396 163 113 21 39
2.036396 162 113 21 39
2.038396 162 113 21 39
2.040396 162 113 21 39
2.042396 162 113 22 39
2.044396 162 113 22 39
2.046396 162 113 22 39
2.048396 162 113 22 39
2.050396 162 113 22 39
2.052396 161 113 22 39
2.054396 161 113 22 39
2.056396 161 113 22 39
2.058396 161 113 22 39
2.060396 161 113 22 39
2.062396 161 113 22 39
2.064396 161 113 22 39
2.066396 160 113 21 39
2.068396 160 113 21 39
2.070396 160 113 21 39
2.072396 160 113 21 39
2.074396 160 113 21 39
2.076396 160 113 21 39
2.078396 160 113 21 39
2.080396 160 113 21 39
2.082396 159 113 20 39
2.084396 159 113 20 39
2.086396 159 113 20 39
2.088396 159 113 20 39
2.090396 159 113 20 39
2.092396 159 113 20 39
2.094396 159 113 20 39
2.096396 159 113 20 39
2.098396 158 112 20 40
2.100396 158 112 20 40
2.102396 158 112 20 40
2.104396 158 112 20 40
2.106396 158 112 20 40
2.108396 158 112 20 40
2.110396 158 112 20 40
2.112396 158 112 20 40
2.114396 158 112 20 40
2.116396 158 112 20 40
2.118396 158 112 20 40
2.120396 158 112 20 40
2.122396 158 112 20 40
2.124396 158 112 20 40
2.126396 158 112 20 40
2.128396 158 112 20 40
2.130396 158 112 20 40
2.132396 158 112 20 40
2.134396 158 112 20 40
2.136396 158 112 20 40
2.138396 158 112 20 40
2.140396 158 112 20 40
2.142396 158 112 20 40
2.144396 158 112 20 40
2.146396 157 112 21 40
2.148396 157 112 21 40
2.150396 157 112 21 40
2.152396 157 112 21 40
2.154396 157 112 21 40
2.156396 157 112 21 40
2.158396 156 112 21 39
2.160396 156 112 21 39
2.162396 156 112 21 39
2.164396 156 112 21 39
2.166396 156 112 21 39
2.168396 156 112 21 39
2.170396 155 112 21 38
2.172396 155 112 21 38
2.174396 155 112 21 38
2.176396 155 112 21 38
2.178396 155 112 21 38
2.180396 155 112 21 38
2.182396 154 112 21 37
2.184396 154 112 21 37
2.186396 154 112 21 37
2.188396 154 112 21 37
2.190396 154 112 21 37
2.192396 153 112 21 37
2.194396 153 112 21 37
2.196396 153 112 21 37
2.198396 153 112 21 37
2.200396 153 112 21 37
2.202396 153 112 21 37
2.204396 153 112 21 37
2.206396 153 112 21 37
2.208396 153 112 21 37
2.210396 153 112 21 37
2.212396 153 112 21 37
2.214396 153 112 21 37
2.216396 152 113 21 37
2.218396 152 113 21 37
2.220396 152 113 21 37
2.222396 152 113 21 37
2.224396 152 113 21 37
2.226396 152 113 21 37
2.228396 152 113 21 37
2.230396 152 113 21 37
2.232396 152 113 21 37
2.234396 152 113 21 37
2.236396 152 113 21 37
2.238396 152 113 21 37
2.240396 151 113 20 37
2.242396 151 113 20 37
2.244396 151 113 20 37
2.246396 151 113 20 37
2.248396 151 113 20 37
2.250396 151 113 20 37
2.252396 151 113 20 37
2.254396 151 113 20 37
2.256396 151 113 20 37
2.258396 151 113 20 37
2.260396 151 113 20 37
2.262396 151 113 20 37
2.264396 151 113 20 37
2.266396 151 113 20 37
2.268396 151 113 20 37
2.270396 151 113 20 37
2.272396 151 113 20 37
2.274396 151 113 20 37
2.276396 151 113 20 37
2.278396 151 113 20 37
2.280396 151 113 20 37
2.282396 151 113 20 37
2.284396 151 113 20 37
2.286396 151 113 20 37
2.288396 150 113 20 38
2.290396 150 113 20 38
2.292396 150 113 20 38
2.294396 150 113 20 38
2.296396 150 113 20 38
2.298396 150 113 20 38
2.300396 150 113 20 38
2.302396 150 113 20 38
2.304396 149 113 20 38
2.306396 149 113 20 38
2.308396 149 113 20 38
2.310396 149 113 20 38
2.312396 149 113 20 38
2.314396 149 113 20 38
2.316396 149 113 20 38
2.318396 148 113 20 38
2.320396 148 113 20 38
2.322396 148 113 20 38
2.324396 148 113 20 38
2.326396 148 113 20 38
2.328396 148 113 20 38
2.330396 148 113 20 38
2.332396 148 113 20 38
2.334396 147 112 19 38
2.336396 147 112 19 38
2.338396 147 112 19 38
2.340396 147 112 19 38
2.342396 147 112 19 38
2.344396 147 112 19 38
2.346396 147 112 19 38
2.348396 147 112 19 38
2.350396 146 112 19 38
2.352396 146 112 19 38
2.354396 146 112 19 38
2.356396 146 112 19 38
2.358396 146 112 18 38
2.360396 146 112 18 38
2.362396 146 112 18 38
2.364396 146 112 18 38
2.366396 145 112 18 38
2.368396 145 112 18 38
2.370396 145 112 18 38
2.372396 145 112 18 38
2.374396 145 112 18 38
2.376396 145 112 18 38
2.378396 145 112 18 38
2.380396 145 112 18 38
2.382396 144 112 18 38
2.384396 144 112 18 38
2.386396 144 112 18 38
2.388396 144 112 18 38
2.390396 144 112 18 38
2.392396 144 112 18 38
2.394396 144 112 18 38
2.396396 144 112 18 38
2.398396 143 112 18 38
2.400396 143 112 18 38
2.402396 143 112 18 38
2.404396 143 112 18 38
2.406396 143 112 19 38
2.408396 143 112 19 38
2.410396 143 112 19 38
2.412396 143 112 19 38
2.414396 142 112 19 38
2.416396 142 112 19 38
2.418396 142 112 19 38
2.420396 142 112 19 38
2.422396 142 112 19 38
2.424396 142 112 19 38
2.426396 142 112 19 38
2.428396 142 112 20 38
2.430396 142 112 20 38
2.432396 142 112 20 38
2.434396 142 112 20 38
2.436396 142 112 20 38
2.438396 142 112 20 38
2.440396 142 112 20 38
2.442396 142 112 20 38
2.444396 142 112 20 39
2.446396 142 112 20 39
2.448396 142 112 20 39
2.450396 142 112 20 39
2.452396 142 111 20 39
2.454396 142 111 20 39
2.456396 142 111 20 39
2.458396 142 111 20 39
2.460396 142 111 20 40
2.462396 142 111 20 40
2.464396 142 111 20 40
2.466396 142 111 20 40
2.468396 142 111 20 40
2.470396 142 111 20 40
2.472396 142 111 20 40
2.474396 142 111 20 40
2.476396 141 111 20 40
2.478396 141 111 20 40
2.480396 141 111 20 40
2.482396 141 111 20 40
2.484396 141 111 20 40
2.486396 141 111 20 40
2.488396 140 111 20 40
2.490396 140 111 20 40
2.492396 140 111 21 39
2.494396 140 111 21 39
2.496396 140 111 21 39
2.498396 140 111 21 39
2.500396 139 112 21 39
2.502396 139 112 21 39
2.504396 139 112 21 39
2.506396 139 112 21 39
2.508396 139 112 22 38
2.510396 139 112 22 38
2.512396 138 112 22 38
2.514396 138 112 22 38
2.516396 138 112 22 38
2.518396 138 112 22 38
2.520396 138 112 22 38
2.522396 138 112 22 38
2.524396 137 113 22 37
2.526396 137 113 22 37
2.528396 137 113 22 37
2.530396 137 113 22 37
2.532396 137 113 22 37
2.534396 137 113 22 37
2.536396 137 113 22 37
2.538396 137 113 22 37
2.540396 137 113 22 37
2.542396 137 113 22 37
2.544396 137 113 22 37
2.546396 137 113 22 37
2.548396 137 113 22 36
2.550396 137 113 22 36
2.552396 137 113 22 36
2.554396 137 113 22 36
2.556396 137 113 22 36
2.558396 137 113 22 36
2.560396 137 113 22 36
2.562396 137 113 22 36
2.564396 137 113 22 36
2.566396 137 113 22 36
2.568396 137 113 22 36
2.570396 136 114 21 36
2.572396 136 114 21 36
2.574396 136 114 21 36
2.576396 136 114 21 36
2.578396 136 114 21 36
2.580396 136 114 20 36
2.582396 135 114 20 36
2.584396 135 114 20 36
2.586396 135 114 20 36
2.588396 135 114 20 36
2.590396 135 114 19 36
2.592396 135 114 19 36
2.594396 134 114 19 37
2.596396 134 114 19 37
2.598396 134 114 18 37
2.600396 134 114 18 37
2.602396 134 114 18 37
2.604396 134 114 18 37
2.606396 133 114 18 37
2.608396 133 114 17 37
2.610396 133 114 17 37
2.612396 133 114 17 37
2.614396 133 114 17 37
2.616396 133 114 17 37
2.618396 132 114 16 38
2.620396 132 114 16 38
2.622396 132 114 16 38
2.624396 132 114 16 38
2.626396 132 114 16 38
2.628396 132 114 16 38
2.630396 132 114 16 39
2.632396 132 114 16 39
2.634396 131 114 16 39
2.636396 131 114 16 39
2.638396 131 114 16 39
2.640396 131 114 16 39
2.642396 131 113 16 40
2.644396 131 113 16 40
2.646396 131 113 16 40
2.648396 131 113 16 40
2.650396 130 113 16 40
2.652396 130 113 16 40
2.654396 130 113 16 41
2.656396 130 113 16 41
2.658396 130 113 16 41
2.660396 130 113 16 41
2.662396 130 113 16 41
2.664396 130 113 16 41
2.666396 129 113 16 42
2.668396 129 113 16 42
2.670396 129 113 16 42
2.672396 129 113 16 42
2.674396 129 113 16 42
2.676396 129 113 16 42
2.678396 129 113 16 42
2.680396 129 113 16 42
2.682396 129 113 16 42
2.684396 129 113 16 42
2.686396 129 113 16 42
2.688396 128 113 16 42
2.690396 128 113 16 42
2.692396 128 113 16 42
2.694396 128 113 16 42
2.696396 128 113 16 42
2.698396 128 113 16 42
2.700396 128 113 16 42
2.702396 128 113 16 42
2.704396 128 113 16 42
2.706396 128 113 16 42
2.708396 128 113 16 42
2.710396 128 113 16 42
2.712396 127 112 16 41
2.714396 127 112 16 41
2.716396 127 112 16 41
2.718396 127 112 16 41
2.720396 127 112 16 41
2.722396 127 112 16 41
2.724396 127 112 16 41
2.726396 127 112 16 41
2.728396 126 112 16 41
2.730396 126 112 16 41
2.732396 126 112 16 41
2.734396 126 112 16 41
2.736396 126 112 17 40
2.738396 126 112 17 40
2.740396 126 112 17 40
2.742396 126 112 17 40
2.744396 125 112 17 40
2.746396 125 112 17 40
2.748396 125 112 17 40
2.750396 125 112 17 40
2.752396 125 112 17 40
2.754396 125 112 17 40
2.756396 125 112 17 40
2.758396 125 112 17 40
2.760396 124 112 18 40
2.762396 124 112 18 40
2.764396 124 112 18 40
2.766396 124 112 18 40
2.768396 124 112 18 40
2.770396 124 112 18 40
2.772396 124 112 18 40
2.774396 124 112 18 40
2.776396 124 112 18 40
2.778396 124 112 18 40
2.780396 124 112 18 40
2.782396 124 112 18 40
2.784396 123 112 18 40
2.786396 123 112 18 40
2.788396 123 112 18 40
2.790396 123 112 18 40
2.792396 123 112 18 40
2.794396 123 112 18 40
2.796396 123 112 18 40
2.798396 123 112 18 40
2.800396 123 112 18 40
2.802396 123 112 18 40
2.804396 123 112 18 40
2.806396 122 112 18 39
2.808396 122 112 18 39
2.810396 122 112 18 39
2.812396 122 112 18 39
2.814396 122 112 18 39
2.816396 122 112 18 39
2.818396 122 112 18 39
2.820396 122 112 18 39
2.822396 122 112 18 39
2.824396 122 112 18 39
2.826396 122 112 18 39
2.828396 122 112 18 39
2.830396 121 112 18 39
2.832396 121 112 18 39
2.834396 121 112 18 39
2.836396 121 112 18 39
2.838396 121 112 18 39
2.840396 121 112 18 39
2.842396 121 112 18 39
2.844396 121 112 18 39
2.846396 121 112 18 39
2.848396 121 112 18 39
2.850396 121 112 18 39
2.852396 121 112 18 39
2.854396 120 113 19 39
2.856396 120 113 19 39
2.858396 120 113 19 39
2.860396 120 113 19 39
2.862396 120 113 19 39
2.864396 120 113 19 39
2.866396 120 113 19 39
2.868396 120 113 19 39
2.870396 119 113 19 39
2.872396 119 113 19 39
2.874396 119 113 19 39
2.876396 119 113 19 39
2.878396 119 114 19 39
2.880396 119 114 19 39
2.882396 119 114 19 39
2.884396 119 114 19 39
2.886396 118 114 19 39
2.888396 118 114 19 39
2.890396 118 114 19 39
2.892396 118 114 19 39
2.894396 118 114 19 39
2.896396 118 114 19 39
2.898396 118 114 19 39
2.900396 118 114 19 39
2.902396 117 115 18 38
2.904396 117 115 18 38
2.906396 117 115 18 38
2.908396 117 115 18 38
2.910396 117 115 18 38
2.912396 117 115 18 38
2.914396 117 115 18 38
2.916396 117 115 17 38
2.918396 117 115 17 38
2.920396 117 115 17 38
2.922396 117 115 17 38
2.924396 116 115 17 37
2.926396 116 115 17 37
2.928396 116 115 17 37
2.930396 116 115 17 37
2.932396 116 115 16 37
2.934396 116 115 16 37
2.936396 116 115 16 37
2.938396 116 115 16 37
2.940396 116 115 16 37
2.942396 116 115 16 37
2.944396 116 115 16 37
2.946396 116 115 16 37
2.948396 115 115 16 36
2.950396 115 115 16 36
2.952396 115 115 16 36
2.954396 115 115 16 36
2.956396 115 115 16 36
2.958396 115 115 16 36
2.960396 115 115 16 36
2.962396 115 115 16 36
2.964396 114 115 16 36
2.966396 114 115 16 36
2.968396 114 115 16 36
2.970396 114 115 16 36
2.972396 114 115 16 36
2.974396 114 115 16 36
2.976396 114 115 16 36
2.978396 114 115 16 36
2.980396 113 115 16 36
2.982396 113 115 16 36
2.984396 113 115 16 36
2.986396 113 115 16 36
2.988396 113 115 16 36
2.990396 113 115 16 36
2.992396 113 115 16 36
2.994396 113 115 16 36
2.996396 112 114 16 36
2.998396 112 114 16 36
3.000396 112 114 16 36
3.002396 112 114 16 36
3.004396 112 114 16 36
3.006396 112 114 16 36
3.008396 112 114 16 36
3.010396 112 114 16 36
3.012396 111 114 16 37
3.014396 111 114 16 37
3.016396 111 114 16 37
3.018396 111 114 16 37
3.020396 111 113 17 37
3.022396 111 113 17 37
3.024396 111 113 17 37
3.026396 111 113 17 37
3.028396 110 113 17 38
3.030396 110 113 17 38
3.032396 110 113 17 38
3.034396 110 113 17 38
3.036396 110 113 17 38
3.038396 110 113 17 38
3.040396 110 113 17 38
3.042396 109 113 18 38
3.044396 109 113 18 38
3.046396 109 113 18 38
3.048396 109 113 18 38
3.050396 109 113 18 38
3.052396 109 113 18 38
3.054396 108 113 18 38
3.056396 108 113 18 38
3.058396 108 113 18 38
3.060396 108 113 18 38
3.062396 108 113 18 38
3.064396 108 113 18 38
3.066396 107 113 18 38
3.068396 107 113 18 38
3.070396 107 113 18 38
3.072396 107 113 18 38
3.074396 107 113 18 38
3.076396 107 113 18 38
3.078396 106 113 18 38
3.080396 106 113 18 38
3.082396 106 113 18 38
3.084396 106 113 18 38
3.086396 106 113 18 38
3.088396 106 113 18 38
3.090396 105 113 18 38
3.092396 105 113 18 38
3.094396 105 113 18 38
3.096396 105 113 18 38
3.098396 105 113 18 38
3.100396 105 113 18 38
3.102396 105 113 18 38
3.104396 105 113 18 38
3.106396 105 113 18 38
3.108396 105 113 18 38
3.110396 105 113 18 38
3.112396 105 113 18 38
3.114396 104 113 18 38
3.116396 104 113 18 38
3.118396 104 113 18 38
3.120396 104 113 18 38
3.122396 104 113 18 38
3.124396 104 113 18 38
3.126396 104 113 18 38
3.128396 104 113 18 38
3.130396 104 113 18 38
3.132396 104 113 18 38
3.134396 104 113 18 38
3.136396 104 113 18 38
3.138396 103 113 18 38
3.140396 103 113 18 38
3.142396 103 113 18 38
3.144396 103 113 18 38
3.146396 103 113 18 38
3.148396 103 113 18 38
3.150396 103 113 18 38
3.152396 103 113 18 38
3.154396 103 113 18 38
3.156396 103 113 18 38
3.158396 103 113 18 38
3.160396 102 113 19 38
3.162396 102 113 19 38
3.164396 102 113 19 38
3.166396 102 113 19 38
3.168396 102 113 19 38
3.170396 102 113 19 38
3.172396 102 113 19 38
3.174396 102 113 19 38
3.176396 102 113 19 38
3.178396 102 113 19 38
3.180396 102 113 19 38
3.182396 102 113 19 38
3.184396 101 113 19 38
3.186396 101 113 19 38
3.188396 101 113 19 38
3.190396 101 113 19 38
3.192396 101 113 19 38
3.194396 101 113 19 38
3.196396 101 113 19 38
3.198396 101 113 19 38
3.200396 101 113 19 38
3.202396 101 113 19 38
3.204396 101 113 19 38
3.206396 101 113 19 38
3.208396 101 114 18 38
3.210396 101 114 18 38
3.212396 101 114 18 38
3.214396 101 114 18 38
3.216396 101 114 18 38
3.218396 101 114 18 38
3.220396 101 114 18 38
3.222396 101 114 18 38
3.224396 101 114 18 38
3.226396 101 114 18 38
3.228396 101 114 18 38
3.230396 101 114 18 38
3.232396 100 114 17 38
3.234396 100 114 17 38
3.236396 100 114 17 38
3.238396 100 114 17 38
3.240396 100 114 17 38
3.242396 100 114 17 38
3.244396 100 114 17 38
3.246396 100 114 17 38
3.248396 100 114 17 38
3.250396 100 114 17 38
3.252396 100 114 17 38
3.254396 100 114 17 38
3.256396 99 114 16 38
3.258396 99 114 16 38
3.260396 99 114 16 38
3.262396 99 114 16 38
3.264396 99 114 16 38
3.266396 99 114 16 38
3.268396 99 114 16 38
3.270396 99 114 16 38
3.272396 99 114 16 38
3.274396 99 114 16 38
3.276396 99 114 16 38
3.278396 98 114 16 38
3.280396 98 114 16 38
3.282396 98 114 16 38
3.284396 98 114 16 38
3.286396 98 114 16 38
3.288396 98 114 16 38
3.290396 98 114 16 38
3.292396 98 114 16 38
3.294396 97 114 16 38
3.296396 97 114 16 38
3.298396 97 114 16 38
3.300396 97 114 16 38
3.302396 97 114 16 38
3.304396 97 114 16 38
3.306396 97 114 16 38
3.308396 97 114 16 38
3.310396 96 114 16 38
3.312396 96 114 16 38
3.314396 96 114 16 38
3.316396 96 114 16 38
3.318396 96 114 16 38
3.320396 96 114 16 38
3.322396 96 114 16 38
3.324396 96 114 16 38
3.326396 95 115 16 38
3.328396 95 115 16 38
3.330396 95 115 16 38
3.332396 95 115 16 38
3.334396 95 115 16 38
3.336396 95 115 16 38
3.338396 94 115 16 38
3.340396 94 115 16 38
3.342396 94 115 16 38
3.344396 94 115 16 38
3.346396 94 115 16 38
3.348396 94 115 16 38
3.350396 93 115 17 38
3.352396 93 115 17 38
3.354396 93 115 17 38
3.356396 93 115 17 38
3.358396 93 115 17 38
3.360396 93 115 17 38
3.362396 92 115 17 38
3.364396 92 115 17 38
3.366396 92 115 17 38
3.368396 92 115 17 38
3.370396 92 115 17 38
3.372396 92 115 17 38
3.374396 91 116 18 38
3.376396 91 116 18 38
3.378396 91 116 18 38
3.380396 91 116 18 38
3.382396 91 116 18 38
3.384396 91 116 18 38
3.386396 91 116 18 38
3.388396 91 116 18 38
3.390396 90 116 18 38
3.392396 90 116 18 38
3.394396 90 116 18 38
3.396396 90 116 18 39
3.398396 90 116 18 39
3.400396 90 116 18 39
3.402396 90 116 18 39
3.404396 89 116 18 39
3.406396 89 116 18 39
3.408396 89 116 18 39
3.410396 89 116 18 39
3.412396 89 116 18 39
3.414396 89 116 18 39
3.416396 89 116 18 39
3.418396 89 116 18 39
3.420396 88 115 17 40
3.422396 88 115 17 40
3.424396 88 115 17 40
3.426396 88 115 17 40
3.428396 88 115 17 40
3.430396 88 115 17 40
3.432396 88 115 17 40
3.434396 88 115 17 40
3.436396 88 114 17 40
3.438396 88 114 17 40
3.440396 88 114 17 40
3.442396 88 114 17 40
3.444396 88 114 16 41
3.446396 88 114 16 41
3.448396 88 114 16 41
3.450396 88 114 16 41
3.452396 88 113 16 41
3.454396 88 113 16 41
3.456396 88 113 16 41
3.458396 88 113 16 41
3.460396 88 113 16 41
3.462396 88 113 16 41
3.464396 88 113 16 41
3.466396 88 113 16 41
3.468396 87 112 16 41
3.470396 87 112 16 41
3.472396 87 112 16 41
3.474396 87 112 16 41
3.476396 87 112 16 41
3.478396 87 112 16 41
3.480396 87 112 16 41
3.482396 87 112 16 41
3.484396 87 112 17 41
3.486396 87 112 17 41
3.488396 87 112 17 41
3.490396 87 112 17 41
3.492396 86 112 17 41
3.494396 86 112 17 41
3.496396 86 112 17 41
3.498396 86 112 17 41
3.500396 86 112 18 41
3.502396 86 112 18 41
3.504396 86 112 18 41
3.506396 86 112 18 41
3.508396 86 112 18 41
3.510396 86 112 18 41
3.512396 86 112 18 41
3.514396 85 112 19 40
3.516396 85 112 19 40
3.518396 85 112 19 40
3.520396 85 112 19 40
3.522396 85 112 19 40
3.524396 85 112 19 40
3.526396 85 112 19 40
3.528396 85 112 19 40
3.530396 84 112 19 40
3.532396 84 112 19 40
3.534396 84 112 19 40
3.536396 84 112 19 40
3.538396 84 112 19 39
3.540396 84 112 19 39
3.542396 84 112 19 39
3.544396 84 112 19 39
3.546396 83 112 19 39
3.548396 83 112 19 39
3.550396 83 112 19 39
3.552396 83 112 19 39
3.554396 83 112 19 39
3.556396 83 112 19 39
3.558396 83 112 19 39
3.560396 83 112 19 39
3.562396 82 113 18 39
3.564396 82 113 18 39
3.566396 82 113 18 39
3.568396 82 113 18 39
3.570396 82 113 18 39
3.572396 82 113 18 39
3.574396 82 113 18 39
3.576396 82 113 18 39
3.578396 82 113 18 39
3.580396 82 113 18 39
3.582396 82 113 18 39
3.584396 82 113 18 39
3.586396 81 114 17 39
3.588396 81 114 17 39
3.590396 81 114 17 39
3.592396 81 114 17 39
3.594396 81 114 17 39
3.596396 81 114 17 39
3.598396 81 114 17 39
3.600396 81 114 17 39
3.602396 81 114 17 39
3.604396 81 114 17 39
3.606396 81 114 17 39
3.608396 81 114 17 39
3.610396 80 115 16 38
3.612396 80 115 16 38
3.614396 80 115 16 38
3.616396 80 115 16 38
3.618396 80 115 16 38
3.620396 80 115 16 38
3.622396 80 115 16 38
3.624396 80 115 16 38
3.626396 80 115 16 38
3.628396 80 115 16 38
3.630396 80 115 16 38
3.632396 79 115 16 38
3.634396 79 115 16 38
3.636396 79 115 16 38
3.638396 79 115 16 38
3.640396 79 115 16 38
3.642396 79 115 16 38
3.644396 79 115 16 38
3.646396 79 115 16 38
3.648396 79 115 16 38
3.650396 79 115 16 38
3.652396 79 115 16 38
3.654396 79 115 16 38
3.656396 78 116 15 37
3.658396 78 116 15 37
3.660396 78 116 15 37
3.662396 78 116 15 37
3.664396 78 116 15 37
3.666396 78 116 15 37
3.668396 78 116 15 37
3.670396 78 116 15 37
3.672396 78 116 15 37
3.674396 78 116 15 37
3.676396 78 116 15 37
3.678396 78 116 15 37
3.680396 77 116 15 36
3.682396 77 116 15 36
3.684396 77 116 15 36
3.686396 77 116 15 36
3.688396 77 116 15 36
3.690396 77 116 15 36
3.692396 77 116 15 36
3.694396 77 116 15 36
3.696396 77 116 15 36
3.698396 77 116 15 36
3.700396 77 116 15 36
3.702396 77 116 15 36
3.704396 76 116 15 36
3.706396 76 116 15 36
3.708396 76 116 15 36
3.710396 76 116 15 36
3.712396 76 116 15 36
3.714396 76 116 15 36
3.716396 75 116 15 36
3.718396 75 116 15 36
3.720396 75 116 15 36
3.722396 75 116 15 36
3.724396 75 116 15 36
3.726396 75 116 15 36
3.728396 74 116 15 37
3.730396 74 116 15 37
3.732396 74 116 15 37
3.734396 74 116 15 37
3.736396 74 116 15 37
3.738396 74 116 15 37
3.740396 73 116 15 37
3.742396 73 116 15 37
3.744396 73 116 15 37
3.746396 73 116 15 37
3.748396 73 116 15 37
3.750396 72 115 16 38
3.752396 72 115 16 38
3.754396 72 115 16 38
3.756396 72 115 16 38
3.758396 72 115 16 38
3.760396 72 115 16 38
3.762396 72 115 16 38
3.764396 72 115 16 38
3.766396 71 115 16 38
3.768396 71 115 16 38
3.770396 71 115 16 38
3.772396 71 115 16 38
3.774396 71 115 16 38
3.776396 71 115 16 38
3.778396 71 115 16 38
3.780396 71 115 16 38
3.782396 70 115 16 38
3.784396 70 115 16 38
3.786396 70 115 16 38
3.788396 70 115 16 38
3.790396 70 115 16 38
3.792396 70 115 16 38
3.794396 70 115 16 38
3.796396 70 115 16 38
3.798396 69 114 17 38
3.800396 69 114 17 38
3.802396 69 114 17 38
3.804396 69 114 17 38
3.806396 69 114 17 38
3.808396 69 114 17 38
3.810396 69 114 17 38
3.812396 69 114 17 38
3.814396 68 114 17 38
3.816396 68 114 17 38
3.818396 68 114 17 38
3.820396 68 114 17 38
3.822396 68 113 18 39
3.824396 68 113 18 39
3.826396 68 113 18 39
3.828396 68 113 18 39
3.830396 67 113 18 39
3.832396 67 113 18 39
3.834396 67 113 18 39
3.836396 67 113 18 39
3.838396 67 113 18 39
3.840396 67 113 18 39
3.842396 67 113 18 39
3.844396 67 113 18 39
3.846396 66 113 19 39
3.848396 66 113 19 39
3.850396 66 113 19 39
3.852396 66 113 19 39
3.854396 66 113 19 39
3.856396 66 113 19 39
3.858396 66 113 19 39
3.860396 66 113 19 39
3.862396 66 113 19 39
3.864396 66 113 19 39
3.866396 66 113 19 39
3.868396 66 113 19 39
3.870396 65 113 19 38
3.872396 65 113 19 38
3.874396 65 113 19 38
3.876396 65 113 19 38
3.878396 65 113 19 38
3.880396 65 113 19 38
3.882396 65 113 19 38
3.884396 65 113 19 38
3.886396 65 113 19 38
3.888396 65 113 19 38
3.890396 65 113 19 38
3.892396 64 114 19 38
3.894396 64 114 19 38
3.896396 64 114 19 38
3.898396 64 114 19 38
3.900396 64 114 19 38
3.902396 64 114 19 38
3.904396 64 114 19 38
3.906396 64 114 19 38
3.908396 64 114 19 38
3.910396 64 114 19 38
3.912396 64 114 19 38
3.914396 64 114 19 38
3.916396 63 115 19 38
3.918396 63 115 19 38
3.920396 63 115 19 38
3.922396 63 115 19 38
3.924396 63 115 19 38
3.926396 63 115 19 38
3.928396 63 115 19 38
3.930396 63 115 19 38
3.932396 63 115 19 38
3.934396 63 115 19 38
3.936396 63 115 19 38
3.938396 63 115 19 38
3.940396 62 115 18 38
3.942396 62 115 18 38
3.944396 62 115 18 38
3.946396 62 115 18 38
3.948396 62 115 18 38
3.950396 62 115 18 38
3.952396 62 115 18 38
3.954396 62 115 18 38
3.956396 61 115 18 38
3.958396 61 115 18 38
3.960396 61 115 18 38
3.962396 61 115 18 38
3.964396 61 115 17 38
3.966396 61 115 17 38
3.968396 61 115 17 38
3.970396 61 115 17 38
3.972396 60 115 17 38
3.974396 60 115 17 38
3.976396 60 115 17 38
3.978396 60 115 17 38
3.980396 60 115 17 38
3.982396 60 115 17 38
3.984396 60 115 17 38
3.986396 60 115 17 38
3.988396 59 115 17 37
3.990396 59 115 17 37
3.992396 59 115 17 37
3.994396 59 115 17 37
3.996396 59 115 17 37
3.998396 59 115 17 37
4.000396 59 115 17 37
4.002396 59 115 17 37
4.004396 59 115 17 37
4.006396 59 115 17 37
4.008396 59 115 17 37
4.010396 58 116 17 37
4.012396 58 116 17 37
4.014396 58 116 17 37
4.016396 58 116 17 37
4.018396 58 116 17 37
4.020396 58 116 17 37
4.022396 58 116 17 37
4.024396 58 116 17 37
4.026396 58 116 17 37
4.028396 58 116 17 37
4.030396 58 116 17 37
4.032396 58 116 17 37
4.034396 57 116 17 37
4.036396 57 116 17 37
4.038396 57 116 17 37
4.040396 57 116 17 37
4.042396 57 116 17 37
4.044396 57 116 17 37
4.046396 57 116 17 37
4.048396 57 116 17 37
4.050396 56 116 17 37
4.052396 56 116 17 37
4.054396 56 116 17 37
4.056396 56 116 17 37
4.058396 56 116 17 37
4.060396 56 116 17 37
4.062396 56 116 17 37
4.064396 56 116 17 37
4.066396 55 116 17 37
4.068396 55 116 17 37
4.070396 55 116 17 37
4.072396 55 116 17 37
4.074396 55 116 17 37
4.076396 55 116 17 37
4.078396 55 116 17 37
4.080396 55 116 17 37
4.082396 54 115 17 37
4.084396 54 115 17 37
4.086396 54 115 17 37
4.088396 54 115 17 37
4.090396 54 115 17 37
4.092396 54 115 17 37
4.094396 54 115 17 37
4.096396 54 115 17 37
4.098396 54 115 17 37
4.100396 54 115 17 37
4.102396 54 115 17 37
4.104396 54 115 17 37
4.106396 54 115 17 37
4.108396 54 115 17 37
4.110396 54 115 17 37
4.112396 54 115 17 37
4.114396 54 115 17 37
4.116396 54 115 17 37
4.118396 54 115 17 37
4.120396 54 115 17 37
4.122396 54 115 17 37
4.124396 54 115 17 37
4.126396 54 115 17 37
4.128396 53 115 17 38
4.130396 53 115 17 38
4.132396 53 115 17 38
4.134396 53 115 17 38
4.136396 53 115 17 38
4.138396 53 115 17 38
4.140396 52 115 17 38
4.142396 52 115 17 38
4.144396 52 115 17 38
4.146396 52 115 17 38
4.148396 52 115 17 38
4.150396 52 115 17 38
4.152396 51 115 18 38
4.154396 51 115 18 38
4.156396 51 115 18 38
4.158396 51 115 18 38
4.160396 51 115 18 38
4.162396 51 115 18 38
4.164396 50 115 18 38
4.166396 50 115 18 38
4.168396 50 115 18 38
4.170396 50 115 18 38
4.172396 50 115 18 38
4.174396 50 115 18 38
4.176396 49 116 19 37
4.178396 49 116 19 37
4.180396 49 116 19 37
4.182396 49 116 19 37
4.184396 49 116 19 37
4.186396 49 116 19 37
4.188396 49 116 19 37
4.190396 49 116 19 37
4.192396 49 116 19 37
4.194396 49 116 19 37
4.196396 49 116 19 37
4.198396 49 116 19 37
4.200396 48 116 19 37
4.202396 48 116 19 37
4.204396 48 116 19 37
4.206396 48 116 19 37
4.208396 48 116 19 37
4.210396 48 116 19 37
4.212396 48 116 19 37
4.214396 48 116 19 37
4.216396 48 116 19 37
4.218396 48 116 19 37
4.220396 48 116 19 37
4.222396 48 116 19 37
4.224396 47 115 18 37
4.226396 47 115 18 37
4.228396 47 115 18 37
4.230396 47 115 18 37
4.232396 47 115 18 37
4.234396 47 115 18 37
4.236396 47 115 18 37
4.238396 47 115 18 37
4.240396 47 115 18 37
4.242396 47 115 18 37
4.244396 47 115 18 37
4.246396 46 114 18 38
4.248396 46 114 18 38
4.250396 46 114 18 38
4.252396 46 114 18 38
4.254396 46 114 18 38
4.256396 46 114 18 38
4.258396 46 114 18 38
4.260396 46 114 18 38
4.262396 46 114 18 38
4.264396 46 114 18 38
4.266396 46 114 18 38
4.268396 46 114 18 38
4.270396 45 114 17 38
4.272396 45 114 17 38
4.274396 45 114 17 38
4.276396 45 114 17 38
4.278396 45 114 17 38
4.280396 45 114 17 38
4.282396 45 114 17 38
4.284396 45 114 17 38
4.286396 45 114 17 38
4.288396 45 114 17 38
4.290396 45 114 17 38
4.292396 45 114 17 38
4.294396 45 114 17 37
4.296396 45 114 17 37
4.298396 45 114 17 37
4.300396 45 114 17 37
4.302396 45 114 17 37
4.304396 45 114 17 37
4.306396 45 114 17 37
4.308396 45 114 17 37
4.310396 45 114 17 37
4.312396 45 114 17 37
4.314396 45 114 17 37
4.316396 45 114 17 37
4.318396 44 115 17 36
4.320396 44 115 17 36
4.322396 44 115 17 36
4.324396 44 115 17 36
4.326396 44 115 17 36
4.328396 44 115 17 36
4.330396 44 115 17 36
4.332396 44 115 17 36
4.334396 44 115 17 36
4.336396 44 115 17 36
4.338396 44 115 17 36
4.340396 44 115 17 36
4.342396 43 115 17 35
4.344396 43 115 17 35
4.346396 43 115 17 35
4.348396 43 115 17 35
4.350396 43 115 17 35
4.352396 43 115 17 35
4.354396 43 115 17 35
4.356396 43 115 17 35
4.358396 43 115 17 35
4.360396 43 115 17 35
4.362396 43 115 17 35
4.364396 42 116 17 35
4.366396 42 116 17 35
4.368396 42 116 17 35
4.370396 42 116 17 35
4.372396 42 116 17 35
4.374396 42 116 17 35
4.376396 42 116 17 35
4.378396 42 116 17 35
4.380396 41 116 17 35
4.382396 41 116 17 35
4.384396 41 116 17 35
4.386396 41 116 17 35
4.388396 41 116 17 36
4.390396 41 116 17 36
4.392396 41 116 17 36
4.394396 41 116 17 36
4.396396 40 116 17 36
4.398396 40 116 17 36
4.400396 40 116 17 36
4.402396 40 116 17 36
4.404396 40 116 17 36
4.406396 40 116 17 36
4.408396 40 116 17 36
4.410396 40 116 17 36
4.412396 39 116 16 36
4.414396 39 116 16 36
4.416396 39 116 16 36
4.418396 39 116 16 36
4.420396 39 116 16 36
4.422396 39 116 16 36
4.424396 39 116 16 36
4.426396 39 116 16 36
4.428396 38 116 16 36
4.430396 38 116 16 36
4.432396 38 116 16 36
4.434396 38 116 16 36
4.436396 38 116 16 36
4.438396 38 116 16 36
4.440396 38 116 16 36
4.442396 38 116 16 36
4.444396 37 116 16 36
4.446396 37 116 16 36
4.448396 37 116 16 36
4.450396 37 116 16 36
4.452396 37 116 16 36
4.454396 37 116 16 36
4.456396 37 116 16 36
4.458396 37 116 16 36
