0.033008 167 92 19 40
0.035008 166 91 19 40
0.037008 166 91 19 40
0.039008 166 91 19 40
0.041008 166 91 19 40
0.043008 166 91 19 40
0.045008 166 91 19 40
0.047008 166 91 19 40
0.049008 166 91 19 40
0.051008 166 91 19 40
0.053008 166 91 19 40
0.055008 166 91 19 40
0.057008 166 91 19 40
0.059008 166 91 19 40
0.061008 166 91 19 40
0.063008 166 91 19 40
0.065008 166 91 19 40
0.067008 166 91 19 40
0.069008 166 91 19 40
0.071008 166 91 19 40
0.073008 166 91 19 40
0.075008 166 91 19 40
0.077008 166 91 19 40
0.079008 166 91 19 40
0.081008 166 91 19 40
0.083008 166 91 19 40
0.085008 166 91 19 40
0.087008 166 91 19 40
0.089008 166 91 19 40
0.091008 166 91 19 40
0.093008 166 91 19 40
0.095008 166 91 19 40
0.097008 166 91 19 40
0.099008 165 91 18 40
0.101008 165 91 18 40
0.103008 165 91 18 40
0.105008 165 91 18 40
0.107008 165 91 18 40
0.109008 165 91 18 40
0.111008 165 91 18 40
0.113008 165 91 18 40
0.115008 165 91 18 40
0.117008 165 91 18 40
0.119008 165 91 18 40
0.121008 165 91 18 40
0.123008 165 91 18 40
0.125008 165 91 18 40
0.127008 165 91 18 40
0.129008 165 91 18 40
0.131008 165 91 18 40
0.133008 165 91 18 40
0.135008 165 91 18 40
0.137008 165 91 18 40
0.139008 165 91 18 40
0.141008 165 91 18 40
0.143008 165 91 18 40
0.145008 165 91 18 40
0.147008 165 91 18 40
0.149008 165 91 18 40
0.151008 165 91 18 40
0.153008 165 91 18 40
0.155008 165 91 18 40
0.157008 165 91 18 40
0.159008 165 91 18 40
0.161008 165 91 18 40
0.163008 165 92 18 40
0.165008 165 92 18 40
0.167008 165 92 18 40
0.169008 165 92 18 40
0.171008 165 92 18 40
0.173008 165 92 18 40
0.175008 165 92 18 40
0.177008 165 92 18 40
0.179008 165 92 18 40
0.181008 165 92 18 40
0.183008 165 92 18 40
0.185008 165 92 18 40
0.187008 165 92 18 40
0.189008 165 92 18 40
0.191008 165 92 18 40
0.193008 165 92 18 40
0.195008 165 92 18 40
0.197008 165 92 18 40
0.199008 165 92 18 40
0.201008 165 92 18 40
0.203008 165 92 18 40
0.205008 165 92 18 40
0.207008 165 92 18 40
0.209008 165 92 18 40
0.211008 165 92 18 40
0.213008 165 92 18 40
0.215008 165 92 18 40
0.217008 165 92 18 40
0.219008 165 92 18 40
0.221008 165 92 18 40
0.223008 165 92 18 40
0.225008 165 92 18 40
0.227008 164 92 18 40
0.229008 164 92 18 40
0.231008 164 92 18 40
0.233008 164 92 18 40
0.235008 164 92 18 40
0.237008 164 92 18 40
0.239008 164 92 18 40
0.241008 164 92 18 40
0.243008 164 92 18 40
0.245008 164 92 18 40
0.247008 164 92 18 40
0.249008 164 92 18 40
0.251008 164 92 18 40
0.253008 164 92 18 40
0.255008 164 92 18 40
0.257008 164 92 18 40
0.259008 164 92 18 40
0.261008 164 92 18 40
0.263008 164 92 18 40
0.265008 164 92 18 40
0.267008 164 92 18 40
0.269008 164 92 18 40
0.271008 164 92 18 40
0.273008 164 92 18 40
0.275008 164 92 18 40
0.277008 164 92 18 40
0.279008 164 92 18 40
0.281008 164 92 18 40
0.283008 164 92 18 40
0.285008 164 92 18 40
0.287008 164 92 18 40
0.289008 164 92 18 40
0.291008 164 91 17 41
0.293008 164 91 17 41
0.295008 164 91 17 41
0.297008 164 91 17 41
0.299008 164 91 17 41
0.301008 164 91 17 41
0.303008 164 91 17 41
0.305008 164 91 17 41
0.307008 164 91 17 41
0.309008 164 91 17 41
0.311008 164 91 17 41
0.313008 164 91 17 41
0.315008 164 91 17 41
0.317008 164 91 17 41
0.319008 164 91 17 41
0.321008 164 91 17 41
0.323008 164 91 17 41
0.325008 164 91 17 41
0.327008 164 91 17 41
0.329008 164 91 17 41
0.331008 164 91 17 41
0.333008 164 91 17 41
0.335008 164 91 17 41
0.337008 164 91 17 41
0.339008 164 91 17 41
0.341008 164 91 17 41
0.343008 164 91 17 41
0.345008 164 91 17 41
0.347008 164 91 17 41
0.349008 164 91 17 41
0.351008 164 91 17 41
0.353008 164 91 17 41
0.355008 164 91 17 40
0.357008 164 91 17 40
0.359008 164 91 17 40
0.361008 164 91 17 40
0.363008 164 91 17 40
0.365008 164 91 17 40
0.367008 164 91 17 40
0.369008 164 91 17 40
0.371008 164 91 17 40
0.373008 164 91 17 40
0.375008 164 91 17 40
0.377008 164 91 17 40
0.379008 164 91 17 40
0.381008 164 91 17 40
0.383008 164 91 17 40
0.385008 164 91 17 40
0.387008 164 91 17 40
0.389008 164 91 17 40
0.391008 164 91 17 40
0.393008 164 91 17 40
0.395008 164 91 17 40
0.397008 164 91 17 40
0.399008 164 91 17 40
0.401008 164 91 17 40
0.403008 164 91 17 40
0.405008 164 91 17 40
0.407008 164 91 17 40
0.409008 164 91 17 40
0.411008 164 91 17 40
0.413008 164 91 17 40
0.415008 164 91 17 40
0.417008 164 91 17 40
0.419008 163 92 17 40
0.421008 163 92 17 40
0.423008 163 92 17 40
0.425008 163 92 17 40
0.427008 163 92 17 40
0.429008 163 92 17 40
0.431008 163 92 17 40
0.433008 163 92 17 40
0.435008 163 92 17 40
0.437008 163 92 17 40
0.439008 163 92 17 40
0.441008 163 92 17 40
0.443008 163 92 17 40
0.445008 163 92 17 40
0.447008 163 92 17 40
0.449008 163 92 17 40
0.451008 163 92 17 40
0.453008 163 92 17 40
0.455008 163 92 17 40
0.457008 163 92 17 40
0.459008 163 92 17 40
0.461008 163 92 17 40
0.463008 163 92 17 40
0.465008 163 92 17 40
0.467008 163 92 17 40
0.469008 163 92 17 40
0.471008 163 92 17 40
0.473008 163 92 17 40
0.475008 163 92 17 40
0.477008 163 92 17 40
0.479008 163 92 17 40
0.481008 163 92 17 40
0.483008 163 92 16 40
0.485008 163 92 16 40
0.487008 163 92 16 40
0.489008 163 92 16 40
0.491008 163 92 16 40
0.493008 163 92 16 40
0.495008 163 92 16 40
0.497008 163 92 16 40
0.499008 163 92 16 40
0.501008 163 92 16 40
0.503008 163 92 16 40
0.505008 163 92 16 40
0.507008 163 92 16 40
0.509008 163 92 16 40
0.511008 163 92 16 40
0.513008 163 92 16 40
0.515008 163 92 16 40
0.517008 163 92 16 40
0.519008 163 92 16 40
0.521008 163 92 16 40
0.523008 163 92 16 40
0.525008 163 92 16 40
0.527008 163 92 16 40
0.529008 163 92 16 40
0.531008 163 92 16 40
0.533008 163 92 16 40
0.535008 163 92 16 40
0.537008 163 92 16 40
0.539008 163 92 16 40
0.541008 163 92 16 40
0.543008 163 92 16 40
0.545008 163 92 16 40
0.547008 162 92 15 40
0.549008 162 92 15 40
0.551008 162 92 15 40
0.553008 162 92 15 40
0.555008 162 92 15 40
0.557008 162 92 15 40
0.559008 162 92 15 40
0.561008 162 92 15 40
0.563008 162 92 15 40
0.565008 162 92 15 40
0.567008 162 92 15 40
0.569008 162 92 15 40
0.571008 162 92 15 40
0.573008 162 92 15 40
0.575008 162 92 15 40
0.577008 162 92 15 40
0.579008 162 92 15 40
0.581008 162 92 15 40
0.583008 162 92 15 40
0.585008 162 92 15 40
0.587008 162 92 15 40
0.589008 162 92 15 40
0.591008 162 92 15 40
0.593008 162 92 15 40
0.595008 162 92 15 40
0.597008 162 92 15 40
0.599008 162 92 15 40
0.601008 162 92 15 40
0.603008 162 92 15 40
0.605008 162 92 15 40
0.607008 162 92 15 40
0.609008 162 92 15 40
0.611008 161 92 15 40
0.613008 161 92 15 40
0.615008 161 92 15 40
0.617008 161 92 15 40
0.619008 161 92 15 40
0.621008 161 92 15 40
0.623008 161 92 15 40
0.625008 161 92 15 40
0.627008 161 92 15 40
0.629008 161 92 15 40
0.631008 161 92 15 40
0.633008 161 92 15 40
0.635008 161 92 15 40
0.637008 161 92 15 40
0.639008 161 92 15 40
0.641008 161 92 15 40
0.643008 161 92 15 40
0.645008 161 92 15 40
0.647008 161 92 15 40
0.649008 161 92 15 40
0.651008 161 92 15 40
0.653008 161 92 15 40
0.655008 161 92 15 40
0.657008 161 92 15 40
0.659008 161 92 15 40
0.661008 161 92 15 40
0.663008 161 92 15 40
0.665008 161 92 15 40
0.667008 161 92 15 40
0.669008 161 92 15 40
0.671008 161 92 15 40
0.673008 161 92 15 40
0.675008 161 92 15 39
0.677008 161 92 15 39
0.679008 161 92 15 39
0.681008 161 92 15 39
0.683008 161 92 15 39
0.685008 161 92 15 39
0.687008 161 92 15 39
0.689008 161 92 15 39
0.691008 161 92 15 39
0.693008 161 92 15 39
0.695008 161 92 15 39
0.697008 161 92 15 39
0.699008 161 92 15 39
0.701008 161 92 15 39
0.703008 161 92 15 39
0.705008 161 92 15 39
0.707008 161 92 15 39
0.709008 161 92 15 39
0.711008 161 92 15 39
0.713008 161 92 15 39
0.715008 161 92 15 39
0.717008 161 92 15 39
0.719008 161 92 15 39
0.721008 161 92 15 39
0.723008 161 92 15 39
0.725008 161 92 15 39
0.727008 161 92 15 39
0.729008 161 92 15 39
0.731008 161 92 15 39
0.733008 161 92 15 39
0.735008 161 92 15 39
0.737008 161 92 15 39
0.739008 160 92 15 39
0.741008 160 92 15 39
0.743008 160 92 15 39
0.745008 160 92 15 39
0.747008 160 92 15 39
0.749008 160 92 15 39
0.751008 160 92 15 39
0.753008 160 92 15 39
0.755008 160 92 15 39
0.757008 160 92 15 39
0.759008 160 92 15 39
0.761008 160 92 15 39
0.763008 160 92 15 39
0.765008 160 92 15 39
0.767008 160 92 15 39
0.769008 160 92 15 39
0.771008 160 92 15 39
0.773008 160 92 15 39
0.775008 160 92 15 39
0.777008 160 92 15 39
0.779008 160 92 15 39
0.781008 160 92 15 39
0.783008 160 92 15 39
0.785008 160 92 15 39
0.787008 160 92 15 39
0.789008 160 92 15 39
0.791008 160 92 15 39
0.793008 160 92 15 39
0.795008 160 92 15 39
0.797008 160 92 15 39
0.799008 160 92 15 39
0.801008 160 92 15 39
0.803008 159 93 15 38
0.805008 159 93 15 38
0.807008 159 93 15 38
0.809008 159 93 15 38
0.811008 159 93 15 38
0.813008 159 93 15 38
0.815008 159 93 15 38
0.817008 159 93 15 38
0.819008 159 93 15 38
0.821008 159 93 15 38
0.823008 159 93 15 38
0.825008 159 93 15 38
0.827008 159 93 15 38
0.829008 159 93 15 38
0.831008 159 93 15 38
0.833008 159 93 15 38
0.835008 158 93 15 38
0.837008 158 93 15 38
0.839008 158 93 15 38
0.841008 158 93 15 38
0.843008 158 93 15 38
0.845008 158 93 15 38
0.847008 158 93 15 38
0.849008 158 93 15 38
0.851008 158 93 15 38
0.853008 158 93 15 38
0.855008 158 93 15 38
0.857008 158 93 15 38
0.859008 158 93 15 38
0.861008 158 93 15 38
0.863008 158 93 15 38
0.865008 158 93 15 38
0.867008 158 93 16 38
0.869008 158 93 16 38
0.871008 158 93 16 38
0.873008 158 93 16 38
0.875008 158 93 16 38
0.877008 158 93 16 38
0.879008 158 93 16 38
0.881008 158 93 16 38
0.883008 158 93 16 38
0.885008 158 93 16 38
0.887008 158 93 16 38
0.889008 158 93 16 38
0.891008 158 93 16 38
0.893008 158 93 16 38
0.895008 158 93 16 38
0.897008 158 93 16 38
0.899008 158 93 16 38
0.901008 158 93 16 38
0.903008 158 93 16 38
0.905008 158 93 16 38
0.907008 158 93 16 38
0.909008 158 93 16 38
0.911008 158 93 16 38
0.913008 158 93 16 38
0.915008 158 93 16 38
0.917008 158 93 16 38
0.919008 158 93 16 38
0.921008 158 93 16 38
0.923008 158 93 16 38
0.925008 158 93 16 38
0.927008 158 93 16 38
0.929008 158 93 16 38
0.931008 157 93 15 38
0.933008 157 93 15 38
0.935008 157 93 15 38
0.937008 157 93 15 38
0.939008 157 93 15 38
0.941008 157 93 15 38
0.943008 157 93 15 38
0.945008 157 93 15 38
0.947008 157 93 15 38
0.949008 157 93 15 38
0.951008 157 93 15 38
0.953008 157 93 15 38
0.955008 157 93 15 38
0.957008 157 93 15 38
0.959008 157 93 15 38
0.961008 157 93 15 38
0.963008 157 93 15 38
0.965008 157 93 15 38
0.967008 157 93 15 38
0.969008 157 93 15 38
0.971008 157 93 15 38
0.973008 157 93 15 38
0.975008 157 93 15 38
0.977008 157 93 15 38
0.979008 157 93 15 38
0.981008 157 93 15 38
0.983008 157 93 15 38
0.985008 157 93 15 38
0.987008 157 93 15 38
0.989008 157 93 15 38
0.991008 157 93 15 38
0.993008 157 93 15 38
0.995008 157 93 14 37
0.997008 157 93 14 37
0.999008 157 93 14 37
1.001008 157 93 14 37
1.003008 157 93 14 37
1.005008 157 93 14 37
1.007008 157 93 14 37
1.009008 157 93 14 37
1.011008 157 93 14 37
1.013008 157 93 14 37
1.015008 157 93 14 37
1.017008 157 93 14 37
1.019008 157 93 14 37
1.021008 157 93 14 37
1.023008 157 93 14 37
1.025008 157 93 14 37
1.027008 157 93 13 37
1.029008 157 93 13 37
1.031008 157 93 13 37
1.033008 157 93 13 37
1.035008 157 93 13 37
1.037008 157 93 13 37
1.039008 157 93 13 37
1.041008 157 93 13 37
1.043008 157 93 13 37
1.045008 157 93 13 37
1.047008 157 93 13 37
1.049008 157 93 13 37
1.051008 157 93 13 37
1.053008 157 93 13 37
1.055008 157 93 13 37
1.057008 157 93 13 37
1.059008 157 93 13 37
1.061008 157 93 13 37
1.063008 157 93 13 37
1.065008 157 93 13 37
1.067008 157 93 13 37
1.069008 157 93 13 37
1.071008 157 93 13 37
1.073008 157 93 13 37
1.075008 157 93 13 37
1.077008 157 93 13 37
1.079008 157 93 13 37
1.081008 157 93 13 37
1.083008 157 93 13 37
1.085008 157 93 13 37
1.087008 157 93 13 37
1.089008 157 93 13 37
1.091008 156 93 13 37
1.093008 156 93 13 37
1.095008 156 93 13 37
1.097008 156 93 13 37
1.099008 156 93 13 37
1.101008 156 93 13 37
1.103008 156 93 13 37
1.105008 156 93 13 37
1.107008 156 93 13 37
1.109008 156 93 13 37
1.111008 156 93 13 37
1.113008 156 93 13 37
1.115008 156 93 13 37
1.117008 156 93 13 37
1.119008 156 93 13 37
1.121008 156 93 13 37
1.123008 155 92 14 38
1.125008 155 92 14 38
1.127008 155 92 14 38
1.129008 155 92 14 38
1.131008 155 92 14 38
1.133008 155 92 14 38
1.135008 155 92 14 38
1.137008 155 92 14 38
1.139008 155 92 14 38
1.141008 155 92 14 38
1.143008 154 92 14 38
1.145008 154 92 14 38
1.147008 154 92 14 38
1.149008 154 92 14 38
1.151008 154 92 14 38
1.153008 154 92 14 38
1.155008 154 92 15 38
1.157008 154 92 15 38
1.159008 154 92 15 38
1.161008 154 92 15 38
1.163008 154 92 15 38
1.165008 153 92 15 38
1.167008 153 92 15 38
1.169008 153 92 15 38
1.171008 153 92 15 38
1.173008 153 92 15 38
1.175008 153 92 15 38
1.177008 153 92 15 38
1.179008 153 92 15 38
1.181008 153 92 15 38
1.183008 153 92 15 38
1.185008 153 92 15 38
1.187008 152 92 16 38
1.189008 152 92 16 38
1.191008 152 92 16 38
1.193008 152 92 16 38
1.195008 152 92 16 38
1.197008 152 92 16 38
1.199008 152 92 16 38
1.201008 152 92 16 38
1.203008 152 92 16 38
1.205008 152 92 16 38
1.207008 152 92 16 38
1.209008 152 92 16 38
1.211008 152 92 16 38
1.213008 152 92 16 38
1.215008 152 92 16 38
1.217008 152 92 16 38
1.219008 151 92 16 38
1.221008 151 92 16 38
1.223008 151 92 16 38
1.225008 151 92 16 38
1.227008 151 92 16 38
1.229008 151 92 16 38
1.231008 151 92 16 38
1.233008 151 92 16 38
1.235008 151 92 16 38
1.237008 151 92 16 38
1.239008 151 92 16 38
1.241008 151 92 16 38
1.243008 151 92 16 38
1.245008 151 92 16 38
1.247008 151 92 16 38
1.249008 151 92 16 38
1.251008 150 92 17 38
1.253008 150 92 17 38
1.255008 150 92 17 38
1.257008 150 92 17 38
1.259008 150 92 17 38
1.261008 150 92 17 38
1.263008 150 92 17 38
1.265008 150 92 17 38
1.267008 150 92 17 38
1.269008 150 92 17 38
1.271008 150 92 17 38
1.273008 150 92 17 38
1.275008 150 92 17 38
1.277008 150 92 17 38
1.279008 150 92 17 38
1.281008 150 92 17 38
1.283008 149 92 17 38
1.285008 149 92 17 38
1.287008 149 92 17 38
1.289008 149 92 17 38
1.291008 149 92 17 38
1.293008 149 92 17 38
1.295008 149 92 17 38
1.297008 149 92 17 38
1.299008 149 92 17 38
1.301008 149 92 17 38
1.303008 149 92 17 38
1.305008 149 92 17 38
1.307008 149 92 17 38
1.309008 149 92 17 38
1.311008 149 92 17 38
1.313008 149 92 17 38
1.315008 148 92 18 37
1.317008 148 92 18 37
1.319008 148 92 18 37
1.321008 148 92 18 37
1.323008 148 92 18 37
1.325008 148 92 18 37
1.327008 148 92 18 37
1.329008 148 92 18 37
1.331008 148 92 18 37
1.333008 148 92 18 37
1.335008 148 92 18 37
1.337008 148 92 18 37
1.339008 148 92 18 37
1.341008 148 92 18 37
1.343008 148 92 18 37
1.345008 148 92 18 37
1.347008 147 92 18 37
1.349008 147 92 18 37
1.351008 147 92 18 37
1.353008 147 92 18 37
1.355008 147 92 18 37
1.357008 147 92 18 37
1.359008 147 92 18 37
1.361008 147 92 18 37
1.363008 147 92 18 37
1.365008 147 92 18 37
1.367008 147 92 18 37
1.369008 147 92 18 37
1.371008 147 92 18 37
1.373008 147 92 18 37
1.375008 147 92 18 37
1.377008 147 92 18 37
1.379008 147 92 18 37
1.381008 147 92 18 37
1.383008 147 92 18 37
1.385008 147 92 18 37
1.387008 147 92 18 37
1.389008 147 92 18 37
1.391008 147 92 18 37
1.393008 147 92 18 37
1.395008 147 92 18 37
1.397008 147 92 18 37
1.399008 147 92 18 37
1.401008 147 92 18 37
1.403008 147 92 18 37
1.405008 147 92 18 37
1.407008 147 92 18 37
1.409008 147 92 18 37
1.411008 147 92 18 37
1.413008 147 92 18 37
1.415008 147 92 18 37
1.417008 147 92 18 37
1.419008 147 92 18 37
1.421008 147 92 18 37
1.423008 147 92 18 37
1.425008 147 92 18 37
1.427008 147 92 18 37
1.429008 147 92 18 37
1.431008 147 92 18 37
1.433008 147 92 18 37
1.435008 147 92 18 37
1.437008 147 92 18 37
1.439008 147 92 18 37
1.441008 147 92 18 37
1.443008 147 92 17 38
1.445008 147 92 17 38
1.447008 147 92 17 38
1.449008 147 92 17 38
1.451008 147 92 17 38
1.453008 147 92 17 38
1.455008 147 92 17 38
1.457008 147 92 17 38
1.459008 147 92 17 38
1.461008 147 92 17 38
1.463008 148 92 16 38
1.465008 148 92 16 38
1.467008 148 92 16 38
1.469008 148 92 16 38
1.471008 148 92 16 38
1.473008 148 92 16 38
1.475008 148 92 16 38
1.477008 148 92 16 38
1.479008 148 92 16 38
1.481008 148 92 16 38
1.483008 148 92 16 38
1.485008 149 92 15 38
1.487008 149 92 15 38
1.489008 149 92 15 38
1.491008 149 92 15 38
1.493008 149 92 15 38
1.495008 149 92 15 38
1.497008 149 92 15 38
1.499008 149 92 15 38
1.501008 149 92 15 38
1.503008 149 92 15 38
1.505008 149 92 15 38
1.507008 150 92 14 38
1.509008 150 92 14 38
1.511008 150 92 14 38
1.513008 150 92 14 38
1.515008 150 92 14 38
1.517008 150 92 14 38
1.519008 150 92 14 38
1.521008 150 92 14 38
1.523008 150 92 14 38
1.525008 150 92 14 38
1.527008 150 92 14 38
1.529008 150 92 14 38
1.531008 150 92 14 38
1.533008 150 92 14 38
1.535008 150 92 14 38
1.537008 150 92 14 38
1.539008 151 92 13 38
1.541008 151 92 13 38
1.543008 151 92 13 38
1.545008 151 92 13 38
1.547008 151 92 13 38
1.549008 151 92 13 38
1.551008 151 92 13 38
1.553008 151 92 13 38
1.555008 151 92 13 38
1.557008 151 92 13 38
1.559008 151 92 13 38
1.561008 151 92 13 38
1.563008 151 92 13 38
1.565008 151 92 13 38
1.567008 151 92 13 38
1.569008 151 92 13 38
1.571008 152 92 13 38
1.573008 152 92 13 38
1.575008 152 92 13 38
1.577008 152 92 13 38
1.579008 152 92 13 38
1.581008 152 92 13 38
1.583008 152 92 13 38
1.585008 152 92 13 38
1.587008 152 92 13 38
1.589008 152 92 13 38
1.591008 152 92 13 38
1.593008 152 92 13 38
1.595008 152 92 13 38
1.597008 152 92 13 38
1.599008 152 92 13 38
1.601008 152 92 13 38
1.603008 152 92 13 38
1.605008 152 92 13 38
1.607008 152 92 13 38
1.609008 152 92 13 38
1.611008 152 92 13 38
1.613008 152 92 13 38
1.615008 152 92 13 38
1.617008 152 92 13 38
1.619008 152 92 13 38
1.621008 152 92 13 38
1.623008 152 92 13 38
1.625008 152 92 13 38
1.627008 152 92 13 38
1.629008 152 92 13 38
1.631008 152 92 13 38
1.633008 152 92 13 38
1.635008 153 92 12 38
1.637008 153 92 12 38
1.639008 153 92 12 38
1.641008 153 92 12 38
1.643008 153 92 12 38
1.645008 153 92 12 38
1.647008 153 92 12 38
1.649008 153 92 12 38
1.651008 153 92 12 38
1.653008 153 92 12 38
1.655008 153 92 12 38
1.657008 153 92 12 38
1.659008 153 92 12 38
1.661008 153 92 12 38
1.663008 153 92 12 38
1.665008 153 92 12 38
1.667008 154 92 11 38
1.669008 154 92 11 38
1.671008 154 92 11 38
1.673008 154 92 11 38
1.675008 154 92 11 38
1.677008 154 92 11 38
1.679008 154 92 11 38
1.681008 154 92 11 38
1.683008 154 92 11 38
1.685008 154 92 11 38
1.687008 154 92 11 38
1.689008 154 92 11 38
1.691008 154 92 11 38
1.693008 154 92 11 38
1.695008 154 92 11 38
1.697008 154 92 11 38
1.699008 155 92 11 38
1.701008 155 92 11 38
1.703008 155 92 11 38
1.705008 155 92 11 38
1.707008 155 92 11 38
1.709008 155 92 11 38
1.711008 155 92 11 38
1.713008 155 92 11 38
1.715008 155 92 11 38
1.717008 155 92 11 38
1.719008 155 92 11 38
1.721008 155 92 11 38
1.723008 155 92 11 38
1.725008 155 92 11 38
1.727008 155 92 11 38
1.729008 155 92 11 38
1.731008 155 92 11 38
1.733008 155 92 11 38
1.735008 155 92 11 38
1.737008 155 92 11 38
1.739008 155 92 11 38
1.741008 155 92 11 38
1.743008 155 92 11 38
1.745008 155 92 11 38
1.747008 155 92 11 38
1.749008 155 92 11 38
1.751008 155 92 11 38
1.753008 155 92 11 38
1.755008 155 92 11 38
1.757008 155 92 11 38
1.759008 155 92 11 38
1.761008 155 92 11 38
1.763008 156 92 11 38
1.765008 156 92 11 38
1.767008 156 92 11 38
1.769008 156 92 11 38
1.771008 156 92 11 38
1.773008 156 92 11 38
1.775008 156 92 11 38
1.777008 156 92 11 38
1.779008 156 92 11 38
1.781008 156 92 11 38
1.783008 156 92 11 38
1.785008 156 92 11 39
1.787008 156 92 11 39
1.789008 156 92 11 39
1.791008 156 92 11 39
1.793008 156 92 11 39
1.795008 156 92 11 39
1.797008 156 92 11 39
1.799008 156 92 11 39
1.801008 156 92 11 39
1.803008 156 92 11 39
1.805008 156 92 11 40
1.807008 156 92 11 40
1.809008 156 92 11 40
1.811008 156 92 11 40
1.813008 156 92 11 40
1.815008 156 92 11 40
1.817008 156 92 11 40
1.819008 156 92 11 40
1.821008 156 92 11 40
1.823008 156 92 11 40
1.825008 156 92 11 40
1.827008 155 92 11 40
1.829008 155 92 11 40
1.831008 155 92 11 40
1.833008 155 92 11 40
1.835008 155 92 11 40
1.837008 155 92 11 40
1.839008 155 92 11 40
1.841008 155 92 11 40
1.843008 155 92 11 40
1.845008 155 92 11 40
1.847008 155 92 11 40
1.849008 155 92 11 40
1.851008 155 92 11 40
1.853008 155 92 11 40
1.855008 155 92 11 40
1.857008 155 92 11 40
1.859008 155 92 11 40
1.861008 155 92 11 40
1.863008 155 92 11 40
1.865008 155 92 11 40
1.867008 155 92 11 40
1.869008 155 92 11 40
1.871008 155 92 11 40
1.873008 155 92 11 40
1.875008 155 92 11 40
1.877008 155 92 11 40
1.879008 155 92 11 40
1.881008 155 92 11 40
1.883008 155 92 11 40
1.885008 155 92 11 40
1.887008 155 92 11 40
1.889008 155 92 11 40
1.891008 155 91 12 40
1.893008 155 91 12 40
1.895008 155 91 12 40
1.897008 155 91 12 40
1.899008 155 91 12 40
1.901008 155 91 12 40
1.903008 155 91 12 40
1.905008 155 91 12 40
1.907008 155 91 12 40
1.909008 155 91 12 40
1.911008 155 91 12 40
1.913008 155 91 12 40
1.915008 155 91 12 40
1.917008 155 91 12 40
1.919008 155 91 12 40
1.921008 155 91 12 40
1.923008 155 91 12 40
1.925008 155 91 12 40
1.927008 155 91 12 40
1.929008 155 91 12 40
1.931008 155 91 12 40
1.933008 155 91 12 40
1.935008 155 91 12 40
1.937008 155 91 12 40
1.939008 155 91 12 40
1.941008 155 91 12 40
1.943008 155 91 12 40
1.945008 155 91 12 40
1.947008 155 91 12 40
1.949008 155 91 12 40
1.951008 155 91 12 40
1.953008 155 91 12 40
1.955008 156 91 13 40
1.957008 156 91 13 40
1.959008 156 91 13 40
1.961008 156 91 13 40
1.963008 156 91 13 40
1.965008 156 91 13 40
1.967008 156 91 13 40
1.969008 156 91 13 40
1.971008 156 91 13 40
1.973008 156 91 13 40
1.975008 156 91 13 40
1.977008 156 91 13 40
1.979008 156 91 13 40
1.981008 156 91 13 40
1.983008 156 91 13 40
1.985008 156 91 13 40
1.987008 156 91 13 40
1.989008 156 91 13 40
1.991008 156 91 13 40
1.993008 156 91 13 40
1.995008 156 91 13 40
1.997008 156 91 13 40
1.999008 156 91 13 40
2.001008 156 91 13 40
2.003008 156 91 13 40
2.005008 156 91 13 40
2.007008 156 91 13 40
2.009008 156 91 13 40
2.011008 156 91 13 40
2.013008 156 91 13 40
2.015008 156 91 13 40
2.017008 156 91 13 40
2.019008 156 90 14 40
2.021008 156 90 14 40
2.023008 156 90 14 40
2.025008 156 90 14 40
2.027008 156 90 14 40
2.029008 156 90 14 40
2.031008 156 90 14 40
2.033008 156 90 14 40
2.035008 156 90 14 40
2.037008 156 90 14 40
2.039008 156 90 14 40
2.041008 156 90 14 40
2.043008 156 90 14 40
2.045008 156 90 14 40
2.047008 156 90 14 40
2.049008 156 90 14 40
2.051008 157 90 14 40
2.053008 157 90 14 40
2.055008 157 90 14 40
2.057008 157 90 14 40
2.059008 157 90 14 40
2.061008 157 90 14 40
2.063008 157 90 14 40
2.065008 157 90 14 40
2.067008 157 90 14 40
2.069008 157 90 14 40
2.071008 157 90 14 40
2.073008 157 90 14 40
2.075008 157 90 14 40
2.077008 157 90 14 40
2.079008 157 90 14 40
2.081008 157 90 14 40
2.083008 158 90 13 40
2.085008 158 90 13 40
2.087008 158 90 13 40
2.089008 158 90 13 40
2.091008 158 90 13 40
2.093008 158 90 13 40
2.095008 158 90 13 40
2.097008 158 90 13 40
2.099008 158 90 13 40
2.101008 158 90 13 40
2.103008 158 90 13 40
2.105008 158 90 13 40
2.107008 158 90 13 40
2.109008 158 90 13 40
2.111008 158 90 13 40
2.113008 158 90 13 40
2.115008 158 90 13 40
2.117008 158 90 13 40
2.119008 158 90 13 40
2.121008 158 90 13 40
2.123008 158 90 13 40
2.125008 158 90 13 40
2.127008 158 90 13 40
2.129008 158 90 13 40
2.131008 158 90 13 40
2.133008 158 90 13 40
2.135008 158 90 13 40
2.137008 158 90 13 40
2.139008 158 90 13 40
2.141008 158 90 13 40
2.143008 158 90 13 40
2.145008 158 90 13 40
2.147008 158 90 13 39
2.149008 158 90 13 39
2.151008 158 90 13 39
2.153008 158 90 13 39
2.155008 158 90 13 39
2.157008 158 90 13 39
2.159008 158 90 13 39
2.161008 158 90 13 39
2.163008 158 90 13 39
2.165008 158 90 13 39
2.167008 158 90 13 39
2.169008 158 90 13 39
2.171008 158 90 13 39
2.173008 158 90 13 39
2.175008 158 90 13 39
2.177008 158 90 13 39
2.179008 158 90 13 39
2.181008 158 90 13 39
2.183008 158 90 13 39
2.185008 158 90 13 39
2.187008 158 90 13 39
2.189008 158 90 13 39
2.191008 158 90 13 39
2.193008 158 90 13 39
2.195008 158 90 13 39
2.197008 158 90 13 39
2.199008 158 90 13 39
2.201008 158 90 13 39
2.203008 158 90 13 39
2.205008 158 90 13 39
2.207008 158 90 13 39
2.209008 158 90 13 39
2.211008 157 91 13 39
2.213008 157 91 13 39
2.215008 157 91 13 39
2.217008 157 91 13 39
2.219008 157 91 13 39
2.221008 157 91 13 39
2.223008 157 91 13 39
2.225008 157 91 13 39
2.227008 157 91 13 39
2.229008 157 91 13 39
2.231008 157 91 13 39
2.233008 157 91 13 39
2.235008 157 91 13 39
2.237008 157 91 13 39
2.239008 157 91 13 39
2.241008 157 91 13 39
2.243008 157 91 14 39
2.245008 157 91 14 39
2.247008 157 91 14 39
2.249008 157 91 14 39
2.251008 157 91 14 39
2.253008 157 91 14 39
2.255008 157 91 14 39
2.257008 157 91 14 39
2.259008 157 91 14 39
2.261008 157 91 14 39
2.263008 157 91 14 39
2.265008 157 91 14 39
2.267008 157 91 14 39
2.269008 157 91 14 39
2.271008 157 91 14 39
2.273008 157 91 14 39
2.275008 157 91 15 39
2.277008 157 91 15 39
2.279008 157 91 15 39
2.281008 157 91 15 39
2.283008 157 91 15 39
2.285008 157 91 15 39
2.287008 157 91 15 39
2.289008 157 91 15 39
2.291008 157 91 15 39
2.293008 157 91 15 39
2.295008 157 91 15 39
2.297008 157 91 15 39
2.299008 157 91 15 39
2.301008 157 91 15 39
2.303008 157 91 15 39
2.305008 157 91 15 39
2.307008 157 91 15 39
2.309008 157 91 15 39
2.311008 157 91 15 39
2.313008 157 91 15 39
2.315008 157 91 15 39
2.317008 157 91 15 39
2.319008 157 91 15 39
2.321008 157 91 15 39
2.323008 157 91 15 39
2.325008 157 91 15 39
2.327008 157 91 15 39
2.329008 157 91 15 39
2.331008 157 91 15 39
2.333008 157 91 15 39
2.335008 157 91 15 39
2.337008 157 91 15 39
2.339008 157 91 14 39
2.341008 157 91 14 39
2.343008 157 91 14 39
2.345008 157 91 14 39
2.347008 157 91 14 39
2.349008 157 91 14 39
2.351008 157 91 14 39
2.353008 157 91 14 39
2.355008 157 91 14 39
2.357008 157 91 14 39
2.359008 157 91 14 39
2.361008 157 91 14 39
2.363008 157 91 14 39
2.365008 157 91 14 39
2.367008 157 91 14 39
2.369008 157 91 14 39
2.371008 157 91 14 39
2.373008 157 91 14 39
2.375008 157 91 14 39
2.377008 157 91 14 39
2.379008 157 91 14 39
2.381008 157 91 14 39
2.383008 157 91 14 39
2.385008 157 91 14 39
2.387008 157 91 14 39
2.389008 157 91 14 39
2.391008 157 91 14 39
2.393008 157 91 14 39
2.395008 157 91 14 39
2.397008 157 91 14 39
2.399008 157 91 14 39
2.401008 157 91 14 39
2.403008 157 91 14 39
2.405008 157 91 14 39
2.407008 157 91 14 39
2.409008 157 91 14 39
2.411008 157 91 14 39
2.413008 157 91 14 39
2.415008 157 91 14 39
2.417008 157 91 14 39
2.419008 157 91 14 39
2.421008 157 91 14 39
2.423008 157 91 14 39
2.425008 157 91 14 39
2.427008 157 91 14 39
2.429008 157 91 14 39
2.431008 157 91 14 39
2.433008 157 91 14 39
2.435008 157 91 14 39
2.437008 157 91 14 39
2.439008 157 91 14 39
2.441008 157 91 14 39
2.443008 157 91 14 39
2.445008 157 91 14 39
2.447008 157 91 14 39
2.449008 157 91 14 39
2.451008 157 91 14 39
2.453008 157 91 14 39
2.455008 157 91 14 39
2.457008 157 91 14 39
2.459008 157 91 14 39
2.461008 157 91 14 39
2.463008 157 91 14 39
2.465008 157 91 14 39
2.467008 157 91 14 40
2.469008 157 91 14 40
2.471008 157 91 14 40
2.473008 157 91 14 40
2.475008 157 91 14 40
2.477008 157 91 14 40
2.479008 157 91 14 40
2.481008 157 91 14 40
2.483008 157 91 14 40
2.485008 157 91 14 40
2.487008 157 91 14 40
2.489008 157 91 14 40
2.491008 157 91 14 40
2.493008 157 91 14 40
2.495008 157 91 14 40
2.497008 157 91 14 40
2.499008 157 91 14 40
2.501008 157 91 14 40
2.503008 157 91 14 40
2.505008 157 91 14 40
2.507008 157 91 14 40
2.509008 157 91 14 40
2.511008 157 91 14 40
2.513008 157 91 14 40
2.515008 157 91 14 40
2.517008 157 91 14 40
2.519008 157 91 14 40
2.521008 157 91 14 40
2.523008 157 91 14 40
2.525008 157 91 14 40
2.527008 157 91 14 40
2.529008 157 91 14 40
2.531008 157 91 13 39
2.533008 157 91 13 39
2.535008 157 91 13 39
2.537008 157 91 13 39
2.539008 157 91 13 39
2.541008 157 91 13 39
2.543008 157 91 13 39
2.545008 157 91 13 39
2.547008 157 91 13 39
2.549008 157 91 13 39
2.551008 157 91 13 39
2.553008 157 91 13 39
2.555008 157 91 13 39
2.557008 157 91 13 39
2.559008 157 91 13 39
2.561008 157 91 13 39
2.563008 157 91 12 39
2.565008 157 91 12 39
2.567008 157 91 12 39
2.569008 157 91 12 39
2.571008 157 91 12 39
2.573008 157 91 12 39
2.575008 157 91 12 39
2.577008 157 91 12 39
2.579008 157 91 12 39
2.581008 157 91 12 39
2.583008 157 91 12 39
2.585008 157 91 12 39
2.587008 157 91 12 39
2.589008 157 91 12 39
2.591008 157 91 12 39
2.593008 157 91 12 39
2.595008 158 92 12 39
2.597008 158 92 12 39
2.599008 158 92 12 39
2.601008 158 92 12 39
2.603008 158 92 12 39
2.605008 158 92 12 39
2.607008 158 92 12 39
2.609008 158 92 12 39
2.611008 158 92 12 39
2.613008 158 92 12 39
2.615008 158 92 12 39
2.617008 158 92 12 39
2.619008 158 92 12 39
2.621008 158 92 12 39
2.623008 158 92 12 39
2.625008 158 92 12 39
2.627008 158 92 12 39
2.629008 158 92 12 39
2.631008 158 92 12 39
2.633008 158 92 12 39
2.635008 158 92 12 39
2.637008 158 92 12 39
2.639008 158 92 12 39
2.641008 158 92 12 39
2.643008 158 92 12 39
2.645008 158 92 12 39
2.647008 158 92 12 39
2.649008 158 92 12 39
2.651008 158 92 12 39
2.653008 158 92 12 39
2.655008 158 92 12 39
2.657008 158 92 12 39
2.659008 158 92 12 39
2.661008 158 92 12 39
2.663008 158 92 12 39
2.665008 158 92 12 39
2.667008 158 92 12 39
2.669008 158 92 12 39
2.671008 158 92 12 39
2.673008 158 92 12 39
2.675008 158 92 12 39
2.677008 158 92 12 39
2.679008 158 92 12 39
2.681008 158 92 12 39
2.683008 158 92 12 39
2.685008 158 92 12 39
2.687008 158 92 12 39
2.689008 158 92 12 39
2.691008 158 92 12 39
2.693008 158 92 12 39
2.695008 158 92 12 39
2.697008 158 92 12 39
2.699008 158 92 12 39
2.701008 158 92 12 39
2.703008 158 92 12 39
2.705008 158 92 12 39
2.707008 158 92 12 39
2.709008 158 92 12 39
2.711008 158 92 12 39
2.713008 158 92 12 39
2.715008 158 92 12 39
2.717008 158 92 12 39
2.719008 158 92 12 39
2.721008 158 92 12 39
2.723008 158 91 12 39
2.725008 158 91 12 39
2.727008 158 91 12 39
2.729008 158 91 12 39
2.731008 158 91 12 39
2.733008 158 91 12 39
2.735008 158 91 12 39
2.737008 158 91 12 39
2.739008 158 91 12 39
2.741008 158 91 12 39
2.743008 158 91 12 39
2.745008 158 91 12 39
2.747008 158 91 12 39
2.749008 158 91 12 39
2.751008 158 91 12 39
2.753008 158 91 12 39
2.755008 158 91 12 39
2.757008 158 91 12 39
2.759008 158 91 12 39
2.761008 158 91 12 39
2.763008 158 91 12 39
2.765008 158 91 12 39
2.767008 158 91 12 39
2.769008 158 91 12 39
2.771008 158 91 12 39
2.773008 158 91 12 39
2.775008 158 91 12 39
2.777008 158 91 12 39
2.779008 158 91 12 39
2.781008 158 91 12 39
2.783008 158 91 12 39
2.785008 158 91 12 39
2.787008 158 91 12 39
2.789008 158 91 12 39
2.791008 158 91 12 39
2.793008 158 91 12 39
2.795008 158 91 12 39
2.797008 158 91 12 39
2.799008 158 91 12 39
2.801008 158 91 12 39
2.803008 158 91 12 39
2.805008 158 91 12 39
2.807008 158 91 12 39
2.809008 158 91 12 39
2.811008 158 91 12 39
2.813008 158 91 12 39
2.815008 158 91 12 39
2.817008 158 91 12 39
2.819008 158 91 12 39
2.821008 158 91 12 39
2.823008 158 91 12 39
2.825008 158 91 12 39
2.827008 158 91 12 39
2.829008 158 91 12 39
2.831008 158 91 12 39
2.833008 158 91 12 39
2.835008 158 91 12 39
2.837008 158 91 12 39
2.839008 158 91 12 39
2.841008 158 91 12 39
2.843008 158 91 12 39
2.845008 158 91 12 39
2.847008 158 91 12 39
2.849008 158 91 12 39
2.851008 158 91 12 38
2.853008 158 91 12 38
2.855008 158 91 12 38
2.857008 158 91 12 38
2.859008 158 91 12 38
2.861008 158 91 12 38
2.863008 158 91 12 38
2.865008 158 91 12 38
2.867008 158 91 12 38
2.869008 158 91 12 38
2.871008 158 91 12 38
2.873008 158 91 12 38
2.875008 158 91 12 38
2.877008 158 91 12 38
2.879008 158 91 12 38
2.881008 158 91 12 38
2.883008 158 91 12 38
2.885008 158 91 12 38
2.887008 158 91 12 38
2.889008 158 91 12 38
2.891008 158 91 12 38
2.893008 158 91 12 38
2.895008 158 91 12 38
2.897008 158 91 12 38
2.899008 158 91 12 38
2.901008 158 91 12 38
2.903008 158 91 12 38
2.905008 158 91 12 38
2.907008 158 91 12 38
2.909008 158 91 12 38
2.911008 158 91 12 38
2.913008 158 91 12 38
2.915008 157 92 13 38
2.917008 157 92 13 38
2.919008 157 92 13 38
2.921008 157 92 13 38
2.923008 157 92 13 38
2.925008 157 92 13 38
2.927008 157 92 13 38
2.929008 157 92 13 38
2.931008 157 92 13 38
2.933008 157 92 13 38
2.935008 157 92 13 38
2.937008 157 92 13 38
2.939008 157 92 13 38
2.941008 157 92 13 38
2.943008 157 92 13 38
2.945008 157 92 13 38
2.947008 157 92 14 38
2.949008 157 92 14 38
2.951008 157 92 14 38
2.953008 157 92 14 38
2.955008 157 92 14 38
2.957008 157 92 14 38
2.959008 157 92 14 38
2.961008 157 92 14 38
2.963008 157 92 14 38
2.965008 157 92 14 38
2.967008 157 92 14 38
2.969008 157 92 14 38
2.971008 157 92 14 38
2.973008 157 92 14 38
2.975008 157 92 14 38
2.977008 157 92 14 38
2.979008 157 92 15 39
2.981008 157 92 15 39
2.983008 157 92 15 39
2.985008 157 92 15 39
2.987008 157 92 15 39
2.989008 157 92 15 39
2.991008 157 92 15 39
2.993008 157 92 15 39
2.995008 157 92 15 39
2.997008 157 92 15 39
2.999008 157 92 15 39
3.001008 157 92 15 39
3.003008 157 92 15 39
3.005008 157 92 15 39
3.007008 157 92 15 39
3.009008 157 92 15 39
3.011008 157 92 15 39
3.013008 157 92 15 39
3.015008 157 92 15 39
3.017008 157 92 15 39
3.019008 157 92 15 39
3.021008 157 92 15 39
3.023008 157 92 15 39
3.025008 157 92 15 39
3.027008 157 92 15 39
3.029008 157 92 15 39
3.031008 157 92 15 39
3.033008 157 92 15 39
3.035008 157 92 15 39
3.037008 157 92 15 39
3.039008 157 92 15 39
3.041008 157 92 15 39
3.043008 158 91 15 39
3.045008 158 91 15 39
3.047008 158 91 15 39
3.049008 158 91 15 39
3.051008 158 91 15 39
3.053008 158 91 15 39
3.055008 158 91 15 39
3.057008 158 91 15 39
3.059008 158 91 15 39
3.061008 158 91 15 39
3.063008 158 91 15 39
3.065008 158 91 15 39
3.067008 158 91 15 39
3.069008 158 91 15 39
3.071008 158 91 15 39
3.073008 158 91 15 39
3.075008 158 91 15 39
3.077008 158 91 15 39
3.079008 158 91 15 39
3.081008 158 91 15 39
3.083008 158 91 15 39
3.085008 158 91 15 39
3.087008 158 91 15 39
3.089008 158 91 15 39
3.091008 158 91 15 39
3.093008 158 91 15 39
3.095008 158 91 15 39
3.097008 158 91 15 39
3.099008 158 91 15 39
3.101008 158 91 15 39
3.103008 158 91 15 39
3.105008 158 91 15 39
3.107008 158 91 15 39
3.109008 158 91 15 39
3.111008 158 91 15 39
3.113008 158 91 15 39
3.115008 158 91 15 39
3.117008 158 91 15 39
3.119008 158 91 15 39
3.121008 158 91 15 39
3.123008 158 91 15 39
3.125008 158 91 15 39
3.127008 158 91 15 39
3.129008 158 91 15 39
3.131008 158 91 15 39
3.133008 158 91 15 39
3.135008 158 91 15 39
3.137008 158 91 15 39
3.139008 158 91 15 39
3.141008 158 91 15 39
3.143008 158 91 15 39
3.145008 158 91 15 39
3.147008 158 91 15 39
3.149008 158 91 15 39
3.151008 158 91 15 39
3.153008 158 91 15 39
3.155008 158 91 15 39
3.157008 158 91 15 39
3.159008 158 91 15 39
3.161008 158 91 15 39
3.163008 158 91 15 39
3.165008 158 91 15 39
3.167008 158 91 15 39
3.169008 158 91 15 39
3.171008 158 91 16 39
3.173008 158 91 16 39
3.175008 158 91 16 39
3.177008 158 91 16 39
3.179008 158 91 16 39
3.181008 158 91 16 39
3.183008 158 91 16 39
3.185008 158 91 16 39
3.187008 158 91 16 39
3.189008 158 91 16 39
3.191008 158 91 16 39
3.193008 158 91 16 39
3.195008 158 91 16 39
3.197008 158 91 16 39
3.199008 158 91 16 39
3.201008 158 91 16 39
3.203008 158 91 16 39
3.205008 158 91 16 39
3.207008 158 91 16 39
3.209008 158 91 16 39
3.211008 158 91 16 39
3.213008 158 91 16 39
3.215008 158 91 16 39
3.217008 158 91 16 39
3.219008 158 91 16 39
3.221008 158 91 16 39
3.223008 158 91 16 39
3.225008 158 91 16 39
3.227008 158 91 16 39
3.229008 158 91 16 39
3.231008 158 91 16 39
3.233008 158 91 16 39
3.235008 158 91 16 39
3.237008 158 91 16 39
3.239008 158 91 16 39
3.241008 158 91 16 39
3.243008 158 91 16 39
3.245008 158 91 16 39
3.247008 158 91 16 39
3.249008 158 91 16 39
3.251008 158 91 16 39
3.253008 158 91 16 39
3.255008 158 91 16 39
3.257008 158 91 16 39
3.259008 158 91 16 39
3.261008 158 91 16 39
3.263008 158 91 16 39
3.265008 158 91 16 39
3.267008 158 91 16 39
3.269008 158 91 16 39
3.271008 158 91 16 39
3.273008 158 91 16 39
3.275008 158 91 16 39
3.277008 158 91 16 39
3.279008 158 91 16 39
3.281008 158 91 16 39
3.283008 158 91 16 39
3.285008 158 91 16 39
3.287008 158 91 16 39
3.289008 158 91 16 39
3.291008 158 91 16 39
3.293008 158 91 16 39
3.295008 158 91 16 39
3.297008 158 91 16 39
3.299008 158 91 15 39
3.301008 158 91 15 39
3.303008 158 91 15 39
3.305008 158 91 15 39
3.307008 158 91 15 39
3.309008 158 91 15 39
3.311008 158 91 15 39
3.313008 158 91 15 39
3.315008 158 91 15 39
3.317008 158 91 15 39
3.319008 158 91 15 39
3.321008 158 91 15 39
3.323008 158 91 15 39
3.325008 158 91 15 39
3.327008 158 91 15 39
3.329008 158 91 15 39
3.331008 159 91 15 39
3.333008 159 91 15 39
3.335008 159 91 15 39
3.337008 159 91 15 39
3.339008 159 91 15 39
3.341008 159 91 15 39
3.343008 159 91 15 39
3.345008 159 91 15 39
3.347008 159 91 15 39
3.349008 159 91 15 39
3.351008 159 91 15 39
3.353008 159 91 15 39
3.355008 159 91 15 39
3.357008 159 91 15 39
3.359008 159 91 15 39
3.361008 159 91 15 39
3.363008 160 91 15 39
3.365008 160 91 15 39
3.367008 160 91 15 39
3.369008 160 91 15 39
3.371008 160 91 15 39
3.373008 160 91 15 39
3.375008 160 91 15 39
3.377008 160 91 15 39
3.379008 160 91 15 39
3.381008 160 91 15 39
3.383008 160 91 15 39
3.385008 160 91 15 39
3.387008 160 91 15 39
3.389008 160 91 15 39
3.391008 160 91 15 39
3.393008 160 91 15 39
3.395008 160 91 15 39
3.397008 160 91 15 39
3.399008 160 91 15 39
3.401008 160 91 15 39
3.403008 160 91 15 39
3.405008 160 91 15 39
3.407008 160 91 15 39
3.409008 160 91 15 39
3.411008 160 91 15 39
3.413008 160 91 15 39
3.415008 160 91 15 39
3.417008 160 91 15 39
3.419008 160 91 15 39
3.421008 160 91 15 39
3.423008 160 91 15 39
3.425008 160 91 15 39
3.427008 161 91 14 39
3.429008 161 91 14 39
3.431008 161 91 14 39
3.433008 161 91 14 39
3.435008 161 91 14 39
3.437008 161 91 14 39
3.439008 161 91 14 39
3.441008 161 91 14 39
3.443008 161 91 14 39
3.445008 161 91 14 39
3.447008 161 91 14 39
3.449008 161 91 14 39
3.451008 161 91 14 39
3.453008 161 91 14 39
3.455008 161 91 14 39
3.457008 161 91 14 39
3.459008 161 91 14 39
3.461008 161 91 14 39
3.463008 161 91 14 39
3.465008 161 91 14 39
3.467008 161 91 14 39
3.469008 161 91 14 39
3.471008 161 91 14 39
3.473008 161 91 14 39
3.475008 161 91 14 39
3.477008 161 91 14 39
3.479008 161 91 14 39
3.481008 161 91 14 39
3.483008 161 91 14 39
3.485008 161 91 14 39
3.487008 161 91 14 39
3.489008 161 91 14 39
3.491008 162 91 14 38
3.493008 162 91 14 38
3.495008 162 91 14 38
3.497008 162 91 14 38
3.499008 162 91 14 38
3.501008 162 91 14 38
3.503008 162 91 14 38
3.505008 162 91 14 38
3.507008 162 91 14 38
3.509008 162 91 14 38
3.511008 162 91 14 38
3.513008 162 91 14 38
3.515008 162 91 14 38
3.517008 162 91 14 38
3.519008 162 91 14 38
3.521008 162 91 14 38
3.523008 162 91 14 38
3.525008 162 91 14 38
3.527008 162 91 14 38
3.529008 162 91 14 38
3.531008 162 91 14 38
3.533008 162 91 14 38
3.535008 162 91 14 38
3.537008 162 91 14 38
3.539008 162 91 14 38
3.541008 162 91 14 38
3.543008 162 91 14 38
3.545008 162 91 14 38
3.547008 162 91 14 38
3.549008 162 91 14 38
3.551008 162 91 14 38
3.553008 162 91 14 38
3.555008 162 91 14 38
3.557008 162 91 14 38
3.559008 162 91 14 38
3.561008 162 91 14 38
3.563008 162 91 14 38
3.565008 162 91 14 38
3.567008 162 91 14 38
3.569008 162 91 14 38
3.571008 162 91 14 38
3.573008 162 91 14 38
3.575008 162 91 14 38
3.577008 162 91 14 38
3.579008 162 91 14 38
3.581008 162 91 14 38
3.583008 162 91 14 38
3.585008 162 91 14 38
3.587008 162 91 14 38
3.589008 162 91 14 38
3.591008 162 91 14 38
3.593008 162 91 14 38
3.595008 162 91 14 38
3.597008 162 91 14 38
3.599008 162 91 14 38
3.601008 162 91 14 38
3.603008 162 91 14 38
3.605008 162 91 14 38
3.607008 162 91 14 38
3.609008 162 91 14 38
3.611008 162 91 14 38
3.613008 162 91 14 38
3.615008 162 91 14 38
3.617008 162 91 14 38
3.619008 162 91 14 39
3.621008 162 91 14 39
3.623008 162 91 14 39
3.625008 162 91 14 39
3.627008 162 91 14 39
3.629008 162 91 14 39
3.631008 162 91 14 39
3.633008 162 91 14 39
3.635008 162 91 14 39
3.637008 162 91 14 39
3.639008 162 91 14 39
3.641008 162 91 14 39
3.643008 162 91 14 39
3.645008 162 91 14 39
3.647008 162 91 14 39
3.649008 162 91 14 39
3.651008 162 91 14 39
3.653008 162 91 14 39
3.655008 162 91 14 39
3.657008 162 91 14 39
3.659008 162 91 14 39
3.661008 162 91 14 39
3.663008 162 91 14 39
3.665008 162 91 14 39
3.667008 162 91 14 39
3.669008 162 91 14 39
3.671008 162 91 14 39
3.673008 162 91 14 39
3.675008 162 91 14 39
3.677008 162 91 14 39
3.679008 162 91 14 39
3.681008 162 91 14 39
3.683008 162 91 14 39
3.685008 162 91 14 39
3.687008 162 91 14 39
3.689008 162 91 14 39
3.691008 162 91 14 39
3.693008 162 91 14 39
3.695008 162 91 14 39
3.697008 162 91 14 39
3.699008 162 91 14 39
3.701008 162 91 14 39
3.703008 162 91 14 39
3.705008 162 91 14 39
3.707008 162 91 14 39
3.709008 162 91 14 39
3.711008 162 91 14 39
3.713008 162 91 14 39
3.715008 162 91 14 39
3.717008 162 91 14 39
3.719008 162 91 14 39
3.721008 162 91 14 39
3.723008 162 91 14 39
3.725008 162 91 14 39
3.727008 162 91 14 39
3.729008 162 91 14 39
3.731008 162 91 14 39
3.733008 162 91 14 39
3.735008 162 91 14 39
3.737008 162 91 14 39
3.739008 162 91 14 39
3.741008 162 91 14 39
3.743008 162 91 14 39
3.745008 162 91 14 39
3.747008 162 91 14 39
3.749008 162 91 14 39
3.751008 162 91 14 39
3.753008 162 91 14 39
3.755008 162 91 14 39
3.757008 162 91 14 39
3.759008 162 91 14 39
3.761008 162 91 14 39
3.763008 162 91 14 39
3.765008 162 91 14 39
3.767008 162 91 14 39
3.769008 163 91 14 39
3.771008 163 91 14 39
3.773008 163 91 14 39
3.775008 163 91 14 39
3.777008 163 91 14 39
3.779008 163 91 13 39
3.781008 163 91 13 39
3.783008 163 91 13 39
3.785008 163 91 13 39
3.787008 163 91 13 39
3.789008 163 91 13 39
3.791008 164 91 13 39
3.793008 164 91 13 39
3.795008 164 91 13 39
3.797008 164 91 13 39
3.799008 164 91 13 39
3.801008 164 91 13 39
3.803008 164 91 13 39
3.805008 164 91 13 39
3.807008 164 91 13 39
3.809008 164 91 13 39
3.811008 164 91 13 40
3.813008 164 91 13 40
3.815008 164 91 13 40
3.817008 164 91 13 40
3.819008 164 91 13 40
3.821008 164 91 13 40
3.823008 164 91 13 40
3.825008 164 91 13 40
3.827008 164 91 13 40
3.829008 164 91 13 40
3.831008 164 91 13 40
3.833008 164 91 13 40
3.835008 164 91 13 40
3.837008 164 91 13 40
3.839008 164 91 13 40
3.841008 164 91 13 40
3.843008 163 91 14 40
3.845008 163 91 14 40
3.847008 163 91 14 40
3.849008 163 91 14 40
3.851008 163 91 14 40
3.853008 163 91 14 40
3.855008 163 91 14 40
3.857008 163 91 14 40
3.859008 163 91 14 40
3.861008 163 91 14 40
3.863008 163 91 14 40
3.865008 163 91 14 40
3.867008 163 91 14 40
3.869008 163 91 14 40
3.871008 163 91 14 40
3.873008 163 91 14 40
3.875008 163 90 14 40
3.877008 163 90 14 40
3.879008 163 90 14 40
3.881008 163 90 14 40
3.883008 163 90 14 40
3.885008 163 90 14 40
3.887008 163 90 14 40
3.889008 163 90 14 40
3.891008 163 90 14 40
3.893008 163 90 14 40
3.895008 163 90 14 40
3.897008 163 90 14 40
3.899008 163 90 14 40
3.901008 163 90 14 40
3.903008 163 90 14 40
3.905008 163 90 14 40
3.907008 163 90 14 40
3.909008 163 90 14 40
3.911008 163 90 14 40
3.913008 163 90 14 40
3.915008 163 90 14 40
3.917008 163 90 14 40
3.919008 163 90 14 40
3.921008 163 90 14 40
3.923008 163 90 14 40
3.925008 163 90 14 40
3.927008 163 90 14 40
3.929008 163 90 14 40
3.931008 163 90 14 40
3.933008 163 90 14 40
3.935008 163 90 14 40
3.937008 163 90 14 40
3.939008 163 90 14 41
3.941008 163 90 14 41
3.943008 163 90 14 41
3.945008 163 90 14 41
3.947008 163 90 14 41
3.949008 163 90 14 41
3.951008 163 90 14 41
3.953008 163 90 14 41
3.955008 163 90 14 41
3.957008 163 90 14 41
3.959008 163 90 14 41
3.961008 163 90 14 41
3.963008 163 90 14 41
3.965008 163 90 14 41
3.967008 163 90 14 41
3.969008 163 90 14 41
3.971008 163 90 14 41
3.973008 163 90 14 41
3.975008 163 90 14 41
3.977008 163 90 14 41
3.979008 163 90 14 41
3.981008 163 90 14 41
3.983008 163 90 14 41
3.985008 163 90 14 41
3.987008 163 90 14 41
3.989008 163 90 14 41
3.991008 163 90 14 41
3.993008 163 90 14 41
3.995008 163 90 14 41
3.997008 163 90 14 41
3.999008 163 90 14 41
4.001008 163 90 14 41
4.003008 164 90 14 40
4.005008 164 90 14 40
4.007008 164 90 14 40
4.009008 164 90 14 40
4.011008 164 90 14 40
4.013008 164 90 14 40
4.015008 164 90 14 40
4.017008 164 90 14 40
4.019008 164 90 14 40
4.021008 164 90 14 40
4.023008 164 90 14 40
4.025008 164 90 14 40
4.027008 164 90 14 40
4.029008 164 90 14 40
4.031008 164 90 14 40
4.033008 164 90 14 40
4.035008 164 90 14 39
4.037008 164 90 14 39
4.039008 164 90 14 39
4.041008 164 90 14 39
4.043008 164 90 14 39
4.045008 164 90 14 39
4.047008 164 90 14 39
4.049008 164 90 14 39
4.051008 164 90 14 39
4.053008 164 90 14 39
4.055008 164 90 14 39
4.057008 164 90 14 39
4.059008 164 90 14 39
4.061008 164 90 14 39
4.063008 164 90 14 39
4.065008 164 90 14 39
4.067008 163 90 14 39
4.069008 163 90 14 39
4.071008 163 90 14 39
4.073008 163 90 14 39
4.075008 163 90 14 39
4.077008 163 90 14 39
4.079008 163 90 14 39
4.081008 163 90 14 39
4.083008 163 90 14 39
4.085008 163 90 14 39
4.087008 163 90 14 39
4.089008 163 90 14 39
4.091008 163 90 14 39
4.093008 163 90 14 39
4.095008 163 90 14 39
4.097008 163 90 14 39
4.099008 163 90 14 39
4.101008 163 90 14 39
4.103008 163 90 14 39
4.105008 163 90 14 39
4.107008 163 90 14 39
4.109008 163 90 14 39
4.111008 163 90 14 39
4.113008 163 90 14 39
4.115008 163 90 14 39
4.117008 163 90 14 39
4.119008 163 90 14 39
4.121008 163 90 14 39
4.123008 163 90 14 39
4.125008 163 90 14 39
4.127008 163 90 14 39
4.129008 163 90 14 39
4.131008 163 91 14 39
4.133008 163 91 14 39
4.135008 163 91 14 39
4.137008 163 91 14 39
4.139008 163 91 14 39
4.141008 163 91 14 39
4.143008 163 91 14 39
4.145008 163 91 14 39
4.147008 163 91 14 39
4.149008 163 91 14 39
4.151008 163 91 14 39
4.153008 163 91 14 39
4.155008 163 91 14 39
4.157008 163 91 14 39
4.159008 163 91 14 39
4.161008 163 91 14 39
4.163008 163 91 14 39
4.165008 163 91 14 39
4.167008 163 91 14 39
4.169008 163 91 14 39
4.171008 163 91 14 39
4.173008 163 91 14 39
4.175008 163 91 14 39
4.177008 163 91 14 39
4.179008 163 91 14 39
4.181008 163 91 14 39
4.183008 163 91 14 39
4.185008 163 91 14 39
4.187008 163 91 14 39
4.189008 163 91 14 39
4.191008 163 91 14 39
4.193008 163 91 14 39
4.195008 162 91 15 39
4.197008 162 91 15 39
4.199008 162 91 15 39
4.201008 162 91 15 39
4.203008 162 91 15 39
4.205008 162 91 15 39
4.207008 162 91 15 39
4.209008 162 91 15 39
4.211008 162 91 15 39
4.213008 162 91 15 39
4.215008 162 91 15 39
4.217008 162 91 15 39
4.219008 162 91 15 39
4.221008 162 91 15 39
4.223008 162 91 15 39
4.225008 162 91 15 39
4.227008 161 91 15 39
4.229008 161 91 15 39
4.231008 161 91 15 39
4.233008 161 91 15 39
4.235008 161 91 15 39
4.237008 161 91 15 39
4.239008 161 91 15 39
4.241008 161 91 15 39
4.243008 161 91 15 39
4.245008 161 91 15 39
4.247008 161 91 15 39
4.249008 161 91 15 39
4.251008 161 91 15 39
4.253008 161 91 15 39
4.255008 161 91 15 39
4.257008 161 91 15 39
4.259008 160 91 16 39
4.261008 160 91 16 39
4.263008 160 91 16 39
4.265008 160 91 16 39
4.267008 160 91 16 39
4.269008 160 91 16 39
4.271008 160 91 16 39
4.273008 160 91 16 39
4.275008 160 91 16 39
4.277008 160 91 16 39
4.279008 160 91 16 39
4.281008 160 91 16 39
4.283008 160 91 16 39
4.285008 160 91 16 39
4.287008 160 91 16 39
4.289008 160 91 16 39
4.291008 160 91 17 39
4.293008 160 91 17 39
4.295008 160 91 17 39
4.297008 160 91 17 39
4.299008 160 91 17 39
4.301008 160 91 17 39
4.303008 160 91 17 39
4.305008 160 91 17 39
4.307008 160 91 17 39
4.309008 160 91 17 39
4.311008 160 91 17 39
4.313008 160 91 17 39
4.315008 160 91 17 39
4.317008 160 91 17 39
4.319008 160 91 17 39
4.321008 160 91 17 39
4.323008 159 92 18 39
4.325008 159 92 18 39
4.327008 159 92 18 39
4.329008 159 92 18 39
4.331008 159 92 18 39
4.333008 159 92 18 39
4.335008 159 92 18 39
4.337008 159 92 18 39
4.339008 159 92 18 39
4.341008 159 92 18 39
4.343008 159 92 18 39
4.345008 159 92 18 39
4.347008 159 92 18 39
4.349008 159 92 18 39
4.351008 159 92 18 39
4.353008 159 92 18 39
4.355008 159 92 18 39
4.357008 159 92 18 39
4.359008 159 92 18 39
4.361008 159 92 18 39
4.363008 159 92 18 39
4.365008 159 92 18 39
4.367008 159 92 18 39
4.369008 159 92 18 39
4.371008 159 92 18 39
4.373008 159 92 18 39
4.375008 159 92 18 39
4.377008 159 92 18 39
4.379008 159 92 18 39
4.381008 159 92 18 39
4.383008 159 92 18 39
4.385008 159 92 18 39
4.387008 158 92 19 38
4.389008 158 92 19 38
4.391008 158 92 19 38
4.393008 158 92 19 38
4.395008 158 92 19 38
4.397008 158 92 19 38
4.399008 158 92 19 38
4.401008 158 92 19 38
4.403008 158 92 19 38
4.405008 158 92 19 38
4.407008 158 92 19 38
4.409008 158 92 19 38
4.411008 158 92 19 38
4.413008 158 92 19 38
4.415008 158 92 19 38
4.417008 158 92 19 38
4.419008 157 92 19 38
4.421008 157 92 19 38
4.423008 157 92 19 38
4.425008 157 92 19 38
4.427008 157 92 19 38
4.429008 157 92 19 38
4.431008 157 92 19 38
4.433008 157 92 19 38
4.435008 157 92 19 38
4.437008 157 92 19 38
4.439008 157 92 19 38
4.441008 157 92 19 38
4.443008 157 92 19 38
4.445008 157 92 19 38
4.447008 157 92 19 38
4.449008 157 92 19 38
4.451008 156 92 19 38
4.453008 156 92 19 38
4.455008 156 92 19 38
4.457008 156 92 19 38
4.459008 156 92 19 38
4.461008 156 92 19 38
4.463008 156 92 19 38
4.465008 156 92 19 38
4.467008 156 92 19 38
4.469008 156 92 19 38
4.471008 156 92 19 38
4.473008 156 92 19 38
4.475008 156 92 19 38
4.477008 156 92 19 38
4.479008 156 92 19 38
4.481008 156 92 19 38
4.483008 156 92 19 38
4.485008 156 92 19 38
4.487008 156 92 19 38
4.489008 156 92 19 38
4.491008 156 92 19 38
4.493008 156 92 19 38
4.495008 156 92 19 38
4.497008 156 92 19 38
4.499008 156 92 19 38
4.501008 156 92 19 38
4.503008 156 92 19 38
4.505008 156 92 19 38
4.507008 156 92 19 38
4.509008 156 92 19 38
4.511008 156 92 19 38
4.513008 156 92 19 38
4.515008 155 93 18 38
4.517008 155 93 18 38
4.519008 155 93 18 38
4.521008 155 93 18 38
4.523008 155 93 18 38
4.525008 155 93 18 38
4.527008 155 93 18 38
4.529008 154 93 18 38
4.531008 154 93 18 38
4.533008 154 93 18 38
4.535008 154 93 18 38
4.537008 154 93 18 38
4.539008 154 93 18 38
4.541008 153 93 18 38
4.543008 153 93 18 38
4.545008 153 93 18 38
4.547008 153 93 18 38
4.549008 153 93 17 38
4.551008 153 93 17 38
4.553008 153 93 17 38
4.555008 152 93 17 38
4.557008 152 93 17 38
4.559008 152 93 17 38
4.561008 152 93 17 38
4.563008 152 93 17 38
4.565008 152 93 17 38
4.567008 151 93 17 38
4.569008 151 93 17 38
4.571008 151 93 17 38
4.573008 151 93 17 38
4.575008 151 93 17 38
4.577008 151 93 17 38
4.579008 151 93 17 38
4.581008 150 93 17 37
4.583008 150 93 17 37
4.585008 150 93 17 37
4.587008 150 93 17 37
4.589008 150 93 17 37
4.591008 150 93 17 37
4.593008 150 93 17 37
4.595008 150 93 17 37
4.597008 150 93 17 37
4.599008 150 93 17 37
4.601008 150 93 17 37
4.603008 150 93 17 37
4.605008 150 93 17 37
4.607008 150 93 17 37
4.609008 150 93 17 37
4.611008 150 93 17 37
4.613008 150 93 17 37
4.615008 150 93 17 37
4.617008 150 93 17 37
4.619008 150 93 17 37
4.621008 150 93 17 37
4.623008 150 93 17 37
4.625008 150 93 17 37
4.627008 150 93 17 37
4.629008 150 93 17 37
4.631008 150 93 17 37
4.633008 150 93 17 37
4.635008 150 93 17 37
4.637008 150 93 17 37
4.639008 150 93 17 37
4.641008 150 93 17 37
4.643008 150 93 17 37
4.645008 149 93 18 36
4.647008 149 93 18 36
4.649008 149 93 18 36
4.651008 149 93 18 36
4.653008 149 93 18 36
4.655008 149 93 18 36
4.657008 149 93 18 36
4.659008 149 93 18 36
4.661008 149 93 18 36
4.663008 149 93 18 36
4.665008 149 93 18 36
4.667008 149 93 18 36
4.669008 149 93 18 36
4.671008 149 93 18 36
4.673008 149 93 18 36
4.675008 149 93 18 36
4.677008 149 93 18 36
4.679008 149 93 18 36
4.681008 149 93 18 36
4.683008 149 93 18 36
4.685008 149 93 18 36
4.687008 149 93 18 36
4.689008 149 93 18 36
4.691008 149 93 18 36
4.693008 149 93 18 36
4.695008 149 93 18 36
4.697008 149 93 18 36
4.699008 149 93 18 36
4.701008 149 93 18 36
4.703008 149 93 18 36
4.705008 149 93 18 36
4.707008 149 93 18 36
4.709008 149 93 18 36
4.711008 149 93 18 36
4.713008 149 93 18 36
4.715008 149 93 18 36
4.717008 149 93 18 36
4.719008 149 93 18 36
4.721008 149 93 18 36
4.723008 149 93 18 36
4.725008 149 93 18 36
4.727008 149 93 18 36
4.729008 149 93 18 36
4.731008 149 93 18 36
4.733008 149 93 18 36
4.735008 149 93 18 36
4.737008 149 93 18 36
4.739008 149 93 18 36
4.741008 149 93 18 36
4.743008 149 93 18 36
4.745008 149 93 18 36
4.747008 149 93 18 36
4.749008 149 93 18 36
4.751008 149 93 18 36
4.753008 149 93 18 36
4.755008 149 93 18 36
4.757008 149 93 18 36
4.759008 149 93 18 36
4.761008 149 93 18 36
4.763008 149 93 18 36
4.765008 149 93 18 36
4.767008 149 93 18 36
4.769008 149 93 18 36
4.771008 149 93 18 36
4.773008 148 93 18 36
4.775008 148 93 18 36
4.777008 148 93 18 36
4.779008 148 93 18 36
4.781008 148 93 18 36
4.783008 148 93 18 36
4.785008 148 93 18 36
4.787008 148 93 18 36
4.789008 148 93 18 36
4.791008 148 93 18 36
4.793008 148 93 18 36
4.795008 148 93 18 36
4.797008 148 93 18 36
4.799008 148 93 18 36
4.801008 148 93 18 36
4.803008 148 93 18 36
4.805008 148 93 18 36
4.807008 148 93 18 36
4.809008 148 93 18 36
4.811008 148 93 18 36
4.813008 148 93 18 36
4.815008 148 93 18 36
4.817008 148 93 18 36
4.819008 148 93 18 36
4.821008 148 93 18 36
4.823008 148 93 18 36
4.825008 148 93 18 36
4.827008 148 93 18 36
4.829008 148 93 18 36
4.831008 148 93 18 36
4.833008 148 93 18 36
4.835008 148 93 18 36
4.837008 148 93 18 36
4.839008 148 93 18 36
4.841008 148 93 18 36
4.843008 148 93 18 36
4.845008 148 93 18 36
4.847008 148 93 18 36
4.849008 148 93 18 36
4.851008 148 93 18 36
4.853008 148 93 18 36
4.855008 148 93 18 36
4.857008 148 93 18 36
4.859008 148 93 18 36
4.861008 148 93 18 36
4.863008 148 93 18 36
4.865008 148 93 18 36
4.867008 148 93 18 36
4.869008 148 93 18 36
4.871008 148 93 18 36
4.873008 148 93 18 36
4.875008 148 93 18 36
4.877008 148 93 18 36
4.879008 148 93 18 36
4.881008 148 93 18 36
4.883008 148 93 18 36
4.885008 148 93 18 36
4.887008 148 93 18 36
4.889008 148 93 18 36
4.891008 148 93 18 36
4.893008 148 93 18 36
4.895008 148 93 18 36
4.897008 148 93 18 36
4.899008 148 93 18 36
4.901008 148 93 18 37
4.903008 148 93 18 37
4.905008 148 93 18 37
4.907008 148 93 18 37
4.909008 148 93 18 37
4.911008 148 93 18 37
4.913008 148 93 18 37
4.915008 148 93 18 37
4.917008 148 93 18 37
4.919008 148 93 18 37
4.921008 148 93 18 37
4.923008 148 93 18 37
4.925008 148 93 18 37
4.927008 148 93 18 37
4.929008 148 93 18 37
4.931008 148 93 18 37
4.933008 148 93 18 37
4.935008 148 93 18 37
4.937008 148 93 18 37
4.939008 148 93 18 37
4.941008 148 93 18 37
4.943008 148 93 18 37
4.945008 148 93 18 37
4.947008 148 93 18 37
4.949008 148 93 18 37
4.951008 148 93 18 37
4.953008 148 93 18 37
4.955008 148 93 18 37
4.957008 148 93 18 37
4.959008 148 93 18 37
4.961008 148 93 18 37
4.963008 148 93 18 37
4.965008 148 93 18 37
4.967008 148 93 18 37
4.969008 148 93 18 37
4.971008 148 93 18 37
4.973008 148 93 18 37
4.975008 148 93 18 37
4.977008 148 93 18 37
4.979008 148 93 18 37
4.981008 148 93 18 37
4.983008 148 93 18 37
4.985008 148 93 18 37
4.987008 148 93 18 37
4.989008 148 93 18 37
4.991008 148 93 18 37
4.993008 148 93 18 37
4.995008 148 93 18 37
4.997008 148 93 18 37
4.999008 148 93 18 37
5.001008 148 93 18 37
5.003008 148 93 18 37
5.005008 148 93 18 37
5.007008 148 93 18 37
5.009008 148 93 18 37
5.011008 148 93 18 37
5.013008 148 93 18 37
5.015008 148 93 18 37
5.017008 148 93 18 37
5.019008 148 93 18 37
5.021008 148 93 18 37
5.023008 148 93 18 37
5.025008 148 93 18 37
5.027008 148 93 18 37
5.029008 148 92 17 37
5.031008 148 92 17 37
5.033008 148 92 17 37
5.035008 148 92 17 37
5.037008 148 92 17 37
5.039008 148 92 17 37
5.041008 148 92 17 37
5.043008 148 92 17 37
5.045008 148 92 17 37
5.047008 148 92 17 37
5.049008 148 92 17 37
5.051008 148 92 17 37
5.053008 148 92 17 37
5.055008 148 92 17 37
5.057008 148 92 17 37
5.059008 148 92 17 37
5.061008 149 92 17 37
5.063008 149 92 17 37
5.065008 149 92 17 37
5.067008 149 92 17 37
5.069008 149 92 17 37
5.071008 149 92 17 37
5.073008 149 92 17 37
5.075008 149 92 17 37
5.077008 149 92 17 37
5.079008 149 92 17 37
5.081008 149 92 17 37
5.083008 149 92 17 37
5.085008 149 92 17 37
5.087008 149 92 17 37
5.089008 149 92 17 37
5.091008 149 92 17 37
5.093008 149 92 17 38
5.095008 149 92 17 38
5.097008 149 92 17 38
5.099008 149 92 17 38
5.101008 149 92 17 38
5.103008 149 92 17 38
5.105008 149 92 17 38
5.107008 149 92 17 38
5.109008 149 92 17 38
5.111008 149 92 17 38
5.113008 149 92 17 38
5.115008 149 92 17 38
5.117008 149 92 17 38
5.119008 149 92 17 38
5.121008 149 92 17 38
5.123008 149 92 17 38
5.125008 149 92 17 38
5.127008 149 92 17 38
5.129008 149 92 17 38
5.131008 149 92 17 38
5.133008 149 92 17 38
5.135008 149 92 17 38
5.137008 149 92 17 38
5.139008 149 92 17 38
5.141008 149 92 17 38
5.143008 149 92 17 38
5.145008 149 92 17 38
5.147008 149 92 17 38
5.149008 149 92 17 38
5.151008 149 92 17 38
5.153008 149 92 17 38
5.155008 149 92 17 38
5.157008 149 92 16 39
5.159008 149 92 16 39
5.161008 149 92 16 39
5.163008 149 92 16 39
5.165008 149 92 16 39
5.167008 149 92 16 39
5.169008 149 92 16 39
5.171008 149 92 16 39
5.173008 149 92 16 39
5.175008 149 92 16 39
5.177008 149 92 16 39
5.179008 149 92 16 39
5.181008 149 92 16 39
5.183008 149 92 16 39
5.185008 149 92 16 39
5.187008 149 92 16 39
5.189008 149 92 16 39
5.191008 149 92 16 39
5.193008 149 92 16 39
5.195008 149 92 16 39
5.197008 149 92 16 39
5.199008 149 92 16 39
5.201008 149 92 16 39
5.203008 149 92 16 39
5.205008 149 92 16 39
5.207008 149 92 16 39
5.209008 149 92 16 39
5.211008 149 92 16 39
5.213008 149 92 16 39
5.215008 149 92 16 39
5.217008 149 92 16 39
5.219008 149 92 16 39
5.221008 149 92 15 38
5.223008 149 92 15 38
5.225008 149 92 15 38
5.227008 149 92 15 38
5.229008 149 92 15 38
5.231008 149 92 15 38
5.233008 149 92 15 38
5.235008 149 92 15 38
5.237008 149 92 15 38
5.239008 149 92 15 38
5.241008 149 92 15 38
5.243008 149 92 15 38
5.245008 149 92 15 38
5.247008 149 92 15 38
5.249008 149 92 15 38
5.251008 149 92 15 38
5.253008 150 92 15 37
5.255008 150 92 15 37
5.257008 150 92 15 37
5.259008 150 92 15 37
5.261008 150 92 15 37
5.263008 150 92 15 37
5.265008 150 92 15 37
5.267008 150 92 15 37
5.269008 150 92 15 37
5.271008 150 92 15 37
5.273008 150 92 15 37
5.275008 150 92 15 37
5.277008 150 92 15 37
5.279008 150 92 15 37
5.281008 150 92 15 37
5.283008 150 92 15 37
5.285008 151 91 15 37
5.287008 151 91 15 37
5.289008 151 91 15 37
5.291008 151 91 15 37
5.293008 151 91 15 37
5.295008 151 91 15 37
5.297008 151 91 15 37
5.299008 151 91 15 37
5.301008 151 91 15 37
5.303008 151 91 15 37
5.305008 151 91 15 37
5.307008 151 91 15 37
5.309008 151 91 15 37
5.311008 151 91 15 37
5.313008 151 91 15 37
5.315008 151 91 15 37
5.317008 151 91 15 37
5.319008 151 91 15 37
5.321008 151 91 15 37
5.323008 151 91 15 37
5.325008 151 91 15 37
5.327008 151 91 15 37
5.329008 151 91 15 37
5.331008 151 91 15 37
5.333008 151 91 15 37
5.335008 151 91 15 37
5.337008 151 91 15 37
5.339008 151 91 15 37
5.341008 151 91 15 37
5.343008 151 91 15 37
5.345008 151 91 15 37
5.347008 151 91 15 37
5.349008 151 91 14 38
5.351008 151 91 14 38
5.353008 151 91 14 38
5.355008 151 91 14 38
5.357008 151 91 14 38
5.359008 151 91 14 38
5.361008 151 91 14 38
5.363008 151 91 14 38
5.365008 151 91 14 38
5.367008 151 91 14 38
5.369008 151 91 14 38
5.371008 151 91 14 38
5.373008 151 91 14 38
5.375008 151 91 14 38
5.377008 151 91 14 38
5.379008 151 91 14 38
5.381008 152 91 13 38
5.383008 152 91 13 38
5.385008 152 91 13 38
5.387008 152 91 13 38
5.389008 152 91 13 38
5.391008 152 91 13 38
5.393008 152 91 13 38
5.395008 152 91 13 38
5.397008 152 91 13 38
5.399008 152 91 13 38
5.401008 152 91 13 38
5.403008 152 91 13 38
5.405008 152 91 13 38
5.407008 152 91 13 38
5.409008 152 91 13 38
5.411008 152 91 13 38
5.413008 153 90 13 38
5.415008 153 90 13 38
5.417008 153 90 13 38
5.419008 153 90 13 38
5.421008 153 90 13 38
5.423008 153 90 13 38
5.425008 153 90 13 38
5.427008 153 90 13 38
5.429008 153 90 13 38
5.431008 153 90 13 38
5.433008 153 90 13 39
5.435008 153 90 13 39
5.437008 153 90 13 39
5.439008 153 90 13 39
5.441008 153 90 13 39
5.443008 153 90 13 39
5.445008 153 89 13 39
5.447008 153 89 13 39
5.449008 153 89 13 39
5.451008 153 89 13 39
5.453008 153 89 13 39
5.455008 153 89 13 40
5.457008 153 89 13 40
5.459008 153 89 13 40
5.461008 153 89 13 40
5.463008 153 89 13 40
5.465008 153 89 13 40
5.467008 153 89 13 40
5.469008 153 89 13 40
5.471008 153 89 13 40
5.473008 153 89 13 40
5.475008 153 89 13 40
5.477008 153 89 13 40
5.479008 153 89 13 40
5.481008 153 89 13 40
5.483008 153 89 13 40
5.485008 153 89 13 40
5.487008 153 89 13 40
5.489008 153 89 13 40
5.491008 153 89 13 40
5.493008 153 89 13 40
5.495008 153 89 13 40
5.497008 153 90 13 39
5.499008 153 90 13 39
5.501008 153 90 13 39
5.503008 153 90 13 39
5.505008 153 90 13 39
5.507008 153 90 13 39
5.509008 153 90 13 39
5.511008 153 90 13 39
5.513008 153 90 13 39
5.515008 153 90 13 39
5.517008 153 90 13 39
5.519008 153 91 13 38
5.521008 153 91 13 38
5.523008 153 91 13 38
5.525008 153 91 13 38
5.527008 153 91 13 38
5.529008 153 91 13 38
5.531008 153 91 13 38
5.533008 153 91 13 38
5.535008 153 91 13 38
5.537008 153 91 13 38
5.539008 153 91 13 38
5.541008 153 91 13 38
5.543008 153 91 13 38
5.545008 153 91 13 38
5.547008 153 91 13 38
5.549008 153 91 13 38
5.551008 153 91 13 38
5.553008 153 91 13 38
5.555008 153 91 13 38
5.557008 153 91 13 38
5.559008 153 91 13 38
5.561008 153 91 13 38
5.563008 153 91 13 38
5.565008 153 91 13 38
5.567008 153 91 13 38
5.569008 153 91 13 38
5.571008 153 91 13 38
5.573008 153 91 13 39
5.575008 153 91 13 39
5.577008 153 91 13 39
5.579008 153 91 13 39
5.581008 153 91 13 39
5.583008 153 91 13 39
5.585008 153 91 13 39
5.587008 153 91 13 39
5.589008 153 91 13 39
5.591008 153 91 13 39
5.593008 153 91 13 39
5.595008 153 91 13 39
5.597008 153 91 13 39
5.599008 153 91 13 39
5.601008 153 91 13 39
5.603008 153 91 13 39
5.605008 154 91 13 40
5.607008 154 91 13 40
5.609008 154 91 13 40
5.611008 154 91 13 40
5.613008 154 91 13 40
5.615008 154 91 13 40
5.617008 154 91 13 40
5.619008 154 91 13 40
5.621008 154 91 13 40
5.623008 154 91 13 40
5.625008 154 91 13 40
5.627008 154 91 13 40
5.629008 154 91 13 40
5.631008 154 91 13 40
5.633008 154 91 13 40
5.635008 154 91 13 40
5.637008 155 91 13 40
5.639008 155 91 13 40
5.641008 155 91 13 40
5.643008 155 91 13 40
5.645008 155 91 13 40
5.647008 155 91 13 40
5.649008 155 91 13 40
5.651008 155 91 13 40
5.653008 155 91 13 40
5.655008 155 91 13 40
5.657008 155 91 13 40
5.659008 155 91 13 40
5.661008 155 91 13 40
5.663008 155 91 13 40
5.665008 155 91 13 40
5.667008 155 91 13 40
5.669008 156 90 13 40
5.671008 156 90 13 40
5.673008 156 90 13 40
5.675008 156 90 13 40
5.677008 156 90 13 40
5.679008 156 90 13 40
5.681008 156 90 13 40
5.683008 156 90 13 40
5.685008 156 90 13 40
5.687008 156 90 13 40
5.689008 156 90 13 40
5.691008 156 90 13 40
5.693008 156 90 13 40
5.695008 156 90 13 40
5.697008 156 90 13 40
5.699008 156 90 13 40
5.701008 156 90 13 41
5.703008 156 90 13 41
5.705008 156 90 13 41
5.707008 156 90 13 41
5.709008 156 90 13 41
5.711008 156 90 13 41
5.713008 156 90 13 41
5.715008 156 90 13 41
5.717008 156 90 13 41
5.719008 156 90 13 41
5.721008 156 90 13 41
5.723008 156 90 13 41
5.725008 156 90 13 41
5.727008 156 90 13 41
5.729008 156 90 13 41
5.731008 156 90 13 41
5.733008 157 90 13 41
5.735008 157 90 13 41
5.737008 157 90 13 41
5.739008 157 90 13 41
5.741008 157 90 13 41
5.743008 157 90 13 41
5.745008 157 90 13 41
5.747008 157 90 13 41
5.749008 158 90 13 41
5.751008 158 90 13 41
5.753008 158 90 13 41
5.755008 158 90 13 41
5.757008 158 90 13 41
5.759008 158 90 13 41
5.761008 158 90 13 41
5.763008 158 90 13 41
5.765008 159 91 13 40
5.767008 159 91 13 40
5.769008 159 91 13 40
5.771008 159 91 13 40
5.773008 159 91 13 40
5.775008 159 91 13 40
5.777008 159 91 13 40
5.779008 159 91 13 40
5.781008 160 91 13 40
5.783008 160 91 13 40
5.785008 160 91 13 40
5.787008 160 91 13 40
5.789008 160 91 13 40
5.791008 160 91 13 40
5.793008 160 91 13 40
5.795008 160 91 13 40
5.797008 161 92 12 39
5.799008 161 92 12 39
5.801008 161 92 12 39
5.803008 161 92 12 39
5.805008 161 92 12 39
5.807008 161 92 12 39
5.809008 161 92 12 39
5.811008 161 92 12 39
5.813008 161 92 12 39
5.815008 161 92 12 39
5.817008 161 92 12 39
5.819008 161 92 12 39
5.821008 161 92 12 39
5.823008 161 92 12 39
5.825008 161 92 12 39
5.827008 161 92 12 39
5.829008 162 93 11 39
5.831008 162 93 11 39
5.833008 162 93 11 39
5.835008 162 93 11 39
5.837008 162 93 11 39
5.839008 162 93 11 39
5.841008 162 93 11 39
5.843008 162 93 11 39
5.845008 162 93 11 39
5.847008 162 93 11 39
5.849008 162 93 11 39
5.851008 162 93 11 39
5.853008 162 93 11 39
5.855008 162 93 11 39
5.857008 162 93 11 39
5.859008 162 93 11 39
5.861008 163 94 11 39
5.863008 163 94 11 39
5.865008 163 94 11 39
5.867008 163 94 11 39
5.869008 163 94 11 39
5.871008 163 94 11 39
5.873008 163 94 11 39
5.875008 163 94 11 39
5.877008 163 94 11 39
5.879008 163 94 11 39
5.881008 163 94 11 39
5.883008 163 94 11 39
5.885008 163 94 11 39
5.887008 163 94 11 39
5.889008 163 94 11 39
5.891008 163 94 11 39
5.893008 163 94 11 39
5.895008 163 94 11 39
5.897008 163 94 11 39
5.899008 163 94 11 39
5.901008 163 94 11 39
5.903008 163 94 11 39
5.905008 163 94 11 39
5.907008 163 94 11 39
5.909008 163 94 11 39
5.911008 163 94 11 39
5.913008 163 94 11 39
5.915008 163 94 11 39
5.917008 163 94 11 39
5.919008 163 94 11 39
5.921008 163 94 11 39
5.923008 163 94 11 39
5.925008 164 93 10 40
5.927008 164 93 10 40
5.929008 164 93 10 40
5.931008 164 93 10 40
5.933008 164 93 10 40
5.935008 164 93 10 40
5.937008 164 93 10 40
5.939008 164 93 10 40
5.941008 164 93 10 40
5.943008 164 93 10 40
5.945008 164 93 10 40
5.947008 164 93 10 40
5.949008 164 93 10 40
5.951008 164 93 10 40
5.953008 164 93 10 40
5.955008 164 93 10 40
5.957008 164 93 10 40
5.959008 164 93 10 40
5.961008 164 93 10 40
5.963008 164 93 10 40
5.965008 164 93 10 40
5.967008 164 93 10 40
5.969008 164 93 10 40
5.971008 164 93 10 40
5.973008 164 93 10 40
5.975008 164 93 10 40
5.977008 164 93 10 40
5.979008 164 93 10 40
5.981008 164 93 10 40
5.983008 164 93 10 40
5.985008 164 93 10 40
5.987008 164 93 10 40
5.989008 163 93 10 40
5.991008 163 93 10 40
5.993008 163 93 10 40
5.995008 163 93 10 40
5.997008 163 93 10 40
5.999008 163 93 10 40
6.001008 163 93 10 40
6.003008 163 93 10 40
6.005008 163 93 10 40
6.007008 163 93 10 40
6.009008 163 93 10 40
6.011008 163 93 10 40
6.013008 163 93 10 40
6.015008 163 93 10 40
6.017008 163 93 10 40
6.019008 163 93 10 40
6.021008 163 93 10 40
6.023008 163 93 10 40
6.025008 163 93 10 40
6.027008 163 93 10 40
6.029008 163 93 10 40
6.031008 163 93 10 40
6.033008 163 93 10 40
6.035008 163 93 10 40
6.037008 163 93 10 40
6.039008 163 93 10 40
6.041008 163 93 10 40
6.043008 163 93 10 40
6.045008 163 93 10 40
6.047008 163 93 10 40
6.049008 163 93 10 40
6.051008 163 93 10 40
6.053008 163 92 10 40
6.055008 163 92 10 40
6.057008 163 92 10 40
6.059008 163 92 10 40
6.061008 163 92 10 40
6.063008 163 92 10 40
6.065008 163 92 10 40
6.067008 163 92 10 40
6.069008 163 92 10 40
6.071008 163 92 10 40
6.073008 163 92 10 40
6.075008 163 92 10 40
6.077008 163 92 10 40
6.079008 163 92 10 40
6.081008 163 92 10 40
6.083008 163 92 10 40
6.085008 163 92 10 40
6.087008 163 92 10 40
6.089008 163 92 10 40
6.091008 163 92 10 40
6.093008 163 92 10 40
6.095008 163 92 10 40
6.097008 163 92 10 40
6.099008 163 92 10 40
6.101008 163 92 10 40
6.103008 163 92 10 40
6.105008 163 92 10 40
6.107008 163 92 10 40
6.109008 163 92 10 40
6.111008 163 92 10 40
6.113008 163 92 10 40
6.115008 163 92 10 40
6.117008 163 92 10 40
6.119008 163 92 10 40
6.121008 163 92 10 40
6.123008 163 92 10 40
6.125008 163 92 10 40
6.127008 163 92 10 40
6.129008 163 92 10 40
6.131008 163 92 10 40
6.133008 163 92 10 40
6.135008 163 92 10 40
6.137008 163 92 10 40
6.139008 163 92 10 40
6.141008 163 92 10 40
6.143008 163 92 10 40
6.145008 163 92 10 40
6.147008 163 92 10 40
6.149008 163 92 10 40
6.151008 163 92 10 40
6.153008 163 92 10 40
6.155008 163 92 10 40
6.157008 163 92 10 40
6.159008 163 92 10 40
6.161008 163 92 10 40
6.163008 163 92 10 40
6.165008 163 92 10 40
6.167008 163 92 10 40
6.169008 163 92 10 40
6.171008 163 92 10 40
6.173008 163 92 10 40
6.175008 163 92 10 40
6.177008 163 92 10 40
6.179008 163 92 10 40
6.181008 163 92 10 40
6.183008 163 92 10 40
6.185008 163 92 10 40
6.187008 163 92 10 40
6.189008 163 92 10 40
6.191008 163 92 10 40
6.193008 163 92 10 40
6.195008 163 92 10 40
6.197008 163 92 10 40
6.199008 163 92 10 40
6.201008 163 92 10 40
6.203008 163 92 10 40
6.205008 163 92 10 40
6.207008 163 92 10 40
6.209008 163 92 10 40
6.211008 163 92 10 40
6.213008 163 92 10 40
6.215008 163 92 10 40
6.217008 163 92 10 40
6.219008 163 92 10 40
6.221008 163 92 10 40
6.223008 163 92 10 40
6.225008 163 92 10 40
6.227008 163 92 10 40
6.229008 163 92 10 40
6.231008 163 92 10 40
6.233008 163 92 10 40
6.235008 163 92 10 40
6.237008 163 92 10 40
6.239008 163 92 10 40
6.241008 163 92 10 40
6.243008 163 92 10 40
