0.034721 160 95 24 90
0.036721 160 94 23 90
0.038721 160 94 23 90
0.040721 160 94 23 90
0.042721 160 94 23 90
0.044721 160 94 23 90
0.046721 160 94 23 90
0.048721 160 94 23 90
0.050721 160 94 23 90
0.052721 160 94 23 90
0.054721 160 94 23 90
0.056721 160 94 23 90
0.058721 160 93 23 91
0.060721 160 93 23 91
0.062721 160 93 23 91
0.064721 160 93 23 91
0.066721 160 93 23 91
0.068721 160 93 23 91
0.070721 160 93 23 91
0.072721 160 93 23 91
0.074721 160 93 23 91
0.076721 160 93 23 91
0.078721 160 93 23 91
0.080721 160 93 23 91
0.082721 160 93 23 92
0.084721 160 93 23 92
0.086721 160 93 23 92
0.088721 160 93 23 92
0.090721 160 93 23 92
0.092721 160 93 23 92
0.094721 160 93 23 92
0.096721 160 93 23 92
0.098721 160 93 23 92
0.100721 160 93 23 92
0.102721 160 93 23 92
0.104721 160 93 23 92
0.106721 160 93 23 92
0.108721 160 93 23 92
0.110721 160 93 23 92
0.112721 160 93 23 92
0.114721 160 93 23 92
0.116721 160 93 23 92
0.118721 160 93 23 92
0.120721 160 93 23 92
0.122721 160 93 23 92
0.124721 160 93 23 92
0.126721 160 93 23 92
0.128721 160 93 23 92
0.130721 159 94 23 92
0.132721 159 94 23 92
0.134721 159 94 23 92
0.136721 159 94 23 92
0.138721 159 94 23 92
0.140721 159 94 23 92
0.142721 159 94 23 92
0.144721 159 94 23 92
0.146721 159 94 23 92
0.148721 159 94 23 92
0.150721 159 94 23 92
0.152721 159 94 23 92
0.154721 159 94 23 92
0.156721 159 94 23 92
0.158721 159 94 23 92
0.160721 159 94 23 92
0.162721 159 94 23 92
0.164721 159 94 23 92
0.166721 159 94 23 92
0.168721 159 94 23 92
0.170721 159 94 23 92
0.172721 159 94 23 92
0.174721 159 94 23 92
0.176721 159 93 23 92
0.178721 159 93 23 92
0.180721 159 93 23 92
0.182721 159 93 23 92
0.184721 159 93 23 92
0.186721 159 93 23 92
0.188721 159 93 23 92
0.190721 159 93 23 92
0.192721 159 93 23 92
0.194721 159 93 23 92
0.196721 159 93 23 92
0.198721 159 93 23 92
0.200721 159 92 23 92
0.202721 159 92 23 92
0.204721 159 92 23 92
0.206721 159 92 23 92
0.208721 159 92 23 92
0.210721 159 92 23 92
0.212721 159 92 23 92
0.214721 159 92 23 92
0.216721 159 92 23 92
0.218721 159 92 23 92
0.220721 159 92 23 92
0.222721 159 92 23 92
0.224721 159 92 23 93
0.226721 159 92 23 93
0.228721 159 92 23 93
0.230721 159 92 23 93
0.232721 159 92 23 93
0.234721 159 92 23 93
0.236721 159 92 23 93
0.238721 159 92 23 93
0.240721 159 92 23 93
0.242721 159 92 23 93
0.244721 159 92 23 93
0.246721 159 92 23 93
0.248721 159 93 23 93
0.250721 159 93 23 93
0.252721 159 93 23 93
0.254721 159 93 23 93
0.256721 159 93 23 93
0.258721 159 93 23 93
0.260721 159 93 23 93
0.262721 159 93 23 93
0.264721 159 93 23 93
0.266721 159 93 23 93
0.268721 159 93 23 93
0.270721 159 93 23 93
0.272721 159 93 24 93
0.274721 159 93 24 93
0.276721 159 93 24 93
0.278721 159 93 24 93
0.280721 159 93 24 93
0.282721 159 93 24 93
0.284721 159 93 24 93
0.286721 159 93 24 93
0.288721 159 93 24 93
0.290721 159 93 24 93
0.292721 159 93 24 93
0.294721 159 92 24 93
0.296721 159 92 24 93
0.298721 159 92 24 93
0.300721 159 92 24 93
0.302721 159 92 24 93
0.304721 159 92 24 93
0.306721 159 92 24 93
0.308721 159 92 24 93
0.310721 159 92 24 93
0.312721 159 92 24 93
0.314721 159 92 24 93
0.316721 159 92 24 93
0.318721 159 92 24 94
0.320721 159 92 24 94
0.322721 159 92 24 94
0.324721 159 92 24 94
0.326721 159 92 24 94
0.328721 159 92 24 94
0.330721 159 92 24 94
0.332721 159 92 24 94
0.334721 159 92 24 94
0.336721 159 92 24 94
0.338721 159 92 24 94
0.340721 159 92 24 94
0.342721 159 92 24 94
0.344721 159 92 24 94
0.346721 159 92 24 94
0.348721 159 92 24 94
0.350721 159 92 24 94
0.352721 159 92 24 94
0.354721 159 92 24 94
0.356721 159 92 24 94
0.358721 159 92 24 94
0.360721 159 92 24 94
0.362721 159 92 24 94
0.364721 159 92 24 94
0.366721 159 92 24 94
0.368721 159 92 24 94
0.370721 159 92 24 94
0.372721 159 92 24 94
0.374721 159 92 24 94
0.376721 159 92 24 94
0.378721 159 92 24 94
0.380721 159 92 24 94
0.382721 159 92 24 94
0.384721 159 92 24 94
0.386721 159 92 24 94
0.388721 159 92 24 94
0.390721 159 92 24 94
0.392721 159 92 24 94
0.394721 159 92 24 94
0.396721 159 92 24 94
0.398721 159 92 24 94
0.400721 159 92 24 94
0.402721 159 92 24 94
0.404721 159 92 24 94
0.406721 159 92 24 94
0.408721 159 92 24 94
0.410721 159 92 24 94
0.412721 160 92 25 94
0.414721 160 92 25 94
0.416721 160 92 25 94
0.418721 160 92 25 94
0.420721 160 92 25 94
0.422721 160 92 25 94
0.424721 160 92 25 94
0.426721 160 92 25 94
0.428721 160 92 25 94
0.430721 160 92 25 94
0.432721 160 92 25 94
0.434721 160 92 25 94
0.436721 160 92 25 94
0.438721 160 92 25 94
0.440721 160 92 25 94
0.442721 160 92 25 94
0.444721 160 92 25 94
0.446721 160 92 25 94
0.448721 160 92 25 94
0.450721 160 92 25 94
0.452721 160 92 25 94
0.454721 160 92 25 94
0.456721 160 92 25 94
0.458721 160 92 25 94
0.460721 160 92 25 95
0.462721 160 92 25 95
0.464721 160 92 25 95
0.466721 160 92 25 95
0.468721 160 92 25 95
0.470721 160 92 25 95
0.472721 160 92 25 95
0.474721 160 92 25 95
0.476721 160 92 25 95
0.478721 160 92 25 95
0.480721 160 92 25 95
0.482721 160 92 25 95
0.484721 160 92 25 95
0.486721 160 92 25 95
0.488721 160 92 25 95
0.490721 160 92 25 95
0.492721 160 92 25 95
0.494721 160 92 25 95
0.496721 160 92 25 95
0.498721 160 92 25 95
0.500721 160 92 25 95
0.502721 160 92 25 95
0.504721 160 92 25 95
0.506721 160 92 25 95
0.508721 160 92 25 95
0.510721 160 92 25 95
0.512721 160 92 25 95
0.514721 160 92 25 95
0.516721 160 92 25 95
0.518721 160 92 25 95
0.520721 160 92 25 95
0.522721 160 92 25 95
0.524721 160 92 25 95
0.526721 160 92 25 95
0.528721 160 92 25 95
0.530721 160 92 25 95
0.532721 160 92 25 95
0.534721 160 92 25 95
0.536721 160 92 25 95
0.538721 160 92 25 95
0.540721 160 92 25 95
0.542721 160 92 25 95
0.544721 160 92 25 95
0.546721 160 92 25 95
0.548721 160 92 25 95
0.550721 160 92 25 95
0.552721 160 92 25 95
0.554721 160 91 25 95
0.556721 160 91 25 95
0.558721 160 91 25 95
0.560721 160 91 25 95
0.562721 160 91 25 95
0.564721 160 91 25 95
0.566721 160 91 25 95
0.568721 160 91 25 95
0.570721 160 91 25 95
0.572721 160 91 25 95
0.574721 160 91 25 95
0.576721 160 91 25 95
0.578721 160 91 25 95
0.580721 160 91 25 95
0.582721 160 91 25 95
0.584721 160 91 25 95
0.586721 160 91 25 95
0.588721 160 91 25 95
0.590721 160 91 25 95
0.592721 160 91 25 95
0.594721 160 91 25 95
0.596721 160 91 25 95
0.598721 160 91 25 95
0.600721 160 91 25 95
0.602721 161 91 25 96
0.604721 161 91 25 96
0.606721 161 91 25 96
0.608721 161 91 25 96
0.610721 161 91 25 96
0.612721 161 91 25 96
0.614721 161 91 25 96
0.616721 161 91 25 96
0.618721 161 91 25 96
0.620721 161 91 25 96
0.622721 161 91 25 96
0.624721 161 91 25 96
0.626721 161 91 25 96
0.628721 161 91 25 96
0.630721 161 91 25 96
0.632721 161 91 25 96
0.634721 161 91 25 96
0.636721 161 91 25 96
0.638721 161 91 25 96
0.640721 161 91 25 96
0.642721 161 91 25 96
0.644721 161 91 25 96
0.646721 161 91 25 96
0.648721 162 91 26 96
0.650721 162 91 26 96
0.652721 162 91 26 96
0.654721 162 91 26 96
0.656721 162 91 26 96
0.658721 162 91 26 96
0.660721 162 91 26 96
0.662721 162 91 26 96
0.664721 162 91 26 96
0.666721 162 91 26 96
0.668721 162 91 26 96
0.670721 162 91 26 96
0.672721 162 91 26 96
0.674721 162 91 26 96
0.676721 162 91 26 96
0.678721 162 91 26 96
0.680721 162 91 26 96
0.682721 162 91 26 96
0.684721 162 91 26 96
0.686721 162 91 26 96
0.688721 162 91 26 96
0.690721 162 91 26 96
0.692721 162 91 26 96
0.694721 162 91 26 96
0.696721 163 91 26 97
0.698721 163 91 26 97
0.700721 163 91 26 97
0.702721 163 91 26 97
0.704721 163 91 26 97
0.706721 163 91 26 97
0.708721 163 91 26 97
0.710721 163 91 26 97
0.712721 163 91 26 97
0.714721 163 91 26 97
0.716721 163 91 26 97
0.718721 163 91 26 97
0.720721 163 91 26 97
0.722721 163 91 26 97
0.724721 163 91 26 97
0.726721 163 91 26 97
0.728721 163 91 26 97
0.730721 163 91 26 97
0.732721 163 91 26 97
0.734721 163 91 26 97
0.736721 163 91 26 97
0.738721 163 91 26 97
0.740721 163 91 26 97
0.742721 163 91 26 97
0.744721 163 90 27 97
0.746721 163 90 27 97
0.748721 163 90 27 97
0.750721 163 90 27 97
0.752721 163 90 27 97
0.754721 163 90 27 97
0.756721 163 90 27 97
0.758721 163 90 27 97
0.760721 163 90 27 97
0.762721 163 90 27 97
0.764721 163 90 27 97
0.766721 163 89 27 97
0.768721 163 89 27 97
0.770721 163 89 27 97
0.772721 163 89 27 97
0.774721 163 89 27 97
0.776721 163 89 27 97
0.778721 163 89 27 97
0.780721 163 89 27 97
0.782721 163 89 27 97
0.784721 163 89 27 97
0.786721 163 89 27 97
0.788721 163 89 27 97
0.790721 164 89 27 97
0.792721 164 89 27 97
0.794721 164 89 27 97
0.796721 164 89 27 97
0.798721 164 89 27 97
0.800721 164 89 27 97
0.802721 164 89 27 97
0.804721 164 89 27 97
0.806721 164 89 27 97
0.808721 164 89 27 97
0.810721 164 89 27 97
0.812721 164 89 27 97
0.814721 164 89 27 97
0.816721 164 89 27 97
0.818721 164 89 27 97
0.820721 164 89 27 97
0.822721 164 89 27 97
0.824721 164 89 27 97
0.826721 164 89 27 97
0.828721 164 89 27 97
0.830721 164 89 27 97
0.832721 164 89 27 97
0.834721 164 89 27 97
0.836721 164 89 27 97
0.838721 164 89 27 97
0.840721 164 89 27 97
0.842721 164 89 27 97
0.844721 164 89 27 97
0.846721 164 89 27 97
0.848721 164 89 27 97
0.850721 164 89 27 97
0.852721 164 89 27 97
0.854721 164 89 27 97
0.856721 164 89 27 97
0.858721 164 89 27 97
0.860721 164 89 27 97
0.862721 164 89 27 97
0.864721 164 89 27 97
0.866721 164 89 27 97
0.868721 164 89 27 97
0.870721 164 89 27 97
0.872721 164 89 27 97
0.874721 164 89 27 97
0.876721 164 89 27 97
0.878721 164 89 27 97
0.880721 164 89 27 97
0.882721 164 89 27 97
0.884721 165 88 27 98
0.886721 165 88 27 98
0.888721 165 88 27 98
0.890721 165 88 27 98
0.892721 165 88 27 98
0.894721 165 88 27 98
0.896721 165 88 27 98
0.898721 165 88 27 98
0.900721 165 88 27 98
0.902721 165 88 27 98
0.904721 165 88 27 98
0.906721 165 88 27 98
0.908721 165 88 27 98
0.910721 165 88 27 98
0.912721 165 88 27 98
0.914721 165 88 27 98
0.916721 165 88 27 98
0.918721 165 88 27 98
0.920721 165 88 27 98
0.922721 165 88 27 98
0.924721 165 88 27 98
0.926721 165 88 27 98
0.928721 165 88 27 98
0.930721 165 88 27 98
0.932721 165 88 28 99
0.934721 165 88 28 99
0.936721 165 88 28 99
0.938721 165 88 28 99
0.940721 165 88 28 99
0.942721 165 88 28 99
0.944721 165 88 28 99
0.946721 165 88 28 99
0.948721 165 88 28 99
0.950721 165 88 28 99
0.952721 165 88 28 99
0.954721 165 88 28 99
0.956721 165 88 28 99
0.958721 165 88 28 99
0.960721 165 88 28 99
0.962721 165 88 28 99
0.964721 165 88 28 99
0.966721 165 88 28 99
0.968721 165 88 28 99
0.970721 165 88 28 99
0.972721 165 88 28 99
0.974721 165 88 28 99
0.976721 165 88 28 99
0.978721 165 88 28 99
0.980721 165 88 28 100
0.982721 165 88 28 100
0.984721 165 88 28 100
0.986721 165 88 28 100
0.988721 165 88 28 100
0.990721 165 88 28 100
0.992721 165 88 28 100
0.994721 165 88 28 100
0.996721 165 88 28 100
0.998721 165 88 28 100
1.000721 165 88 28 100
1.002721 165 88 28 101
1.004721 165 88 28 101
1.006721 165 88 28 101
1.008721 165 88 28 101
1.010721 165 88 28 101
1.012721 165 88 28 101
1.014721 165 88 28 101
1.016721 165 88 28 101
1.018721 165 88 28 101
1.020721 165 88 28 101
1.022721 165 88 28 101
1.024721 165 88 28 101
1.026721 165 87 28 102
1.028721 165 87 28 102
1.030721 165 87 28 102
1.032721 165 87 28 102
1.034721 165 87 28 102
1.036721 165 87 28 102
1.038721 165 87 28 102
1.040721 165 87 28 102
1.042721 165 87 28 102
1.044721 165 87 28 102
1.046721 165 87 28 102
1.048721 165 87 28 102
1.050721 165 87 28 102
1.052721 165 87 28 102
1.054721 165 87 28 102
1.056721 165 87 28 102
1.058721 165 87 28 102
1.060721 165 87 28 102
1.062721 165 87 28 102
1.064721 165 87 28 102
1.066721 165 87 28 102
1.068721 165 87 28 102
1.070721 165 87 28 102
1.072721 165 87 28 102
1.074721 166 87 28 101
1.076721 166 87 28 101
1.078721 166 87 28 101
1.080721 166 87 28 101
1.082721 166 87 28 101
1.084721 166 87 28 101
1.086721 166 87 28 101
1.088721 166 87 28 101
1.090721 166 87 28 101
1.092721 166 87 28 101
1.094721 166 87 28 101
1.096721 166 87 28 101
1.098721 166 87 28 100
1.100721 166 87 28 100
1.102721 166 87 28 100
1.104721 166 87 28 100
1.106721 166 87 28 100
1.108721 166 87 28 100
1.110721 166 87 28 100
1.112721 166 87 28 100
1.114721 166 87 28 100
1.116721 166 87 28 100
1.118721 166 87 28 100
1.120721 166 88 28 100
1.122721 166 88 28 100
1.124721 166 88 28 100
1.126721 166 88 28 100
1.128721 166 88 28 100
1.130721 166 88 28 100
1.132721 166 88 28 100
1.134721 166 88 28 100
1.136721 166 88 28 100
1.138721 166 88 28 100
1.140721 166 88 28 100
1.142721 166 88 28 100
1.144721 166 88 28 100
1.146721 166 88 28 100
1.148721 166 88 28 100
1.150721 166 88 28 100
1.152721 166 88 28 100
1.154721 166 88 28 100
1.156721 166 88 28 100
1.158721 166 88 28 100
1.160721 166 88 28 100
1.162721 166 88 28 100
1.164721 166 88 28 100
1.166721 166 88 28 100
1.168721 166 88 28 100
1.170721 166 88 28 100
1.172721 166 88 28 100
1.174721 166 88 28 100
1.176721 166 88 28 100
1.178721 166 88 28 100
1.180721 166 88 28 100
1.182721 166 88 28 100
1.184721 166 88 28 100
1.186721 166 88 28 100
1.188721 166 88 28 100
1.190721 166 88 28 100
1.192721 166 88 28 100
1.194721 166 88 28 100
1.196721 166 88 28 100
1.198721 166 88 28 100
1.200721 166 88 28 100
1.202721 166 88 28 100
1.204721 166 88 28 100
1.206721 166 88 28 100
1.208721 166 88 28 100
1.210721 166 88 28 100
1.212721 166 88 28 100
1.214721 166 88 28 100
1.216721 166 88 28 101
1.218721 166 88 28 101
1.220721 166 88 28 101
1.222721 166 88 28 101
1.224721 166 88 28 101
1.226721 166 88 28 101
1.228721 166 88 28 101
1.230721 166 88 28 101
1.232721 166 88 28 101
1.234721 166 88 28 101
1.236721 166 88 28 101
1.238721 166 88 28 101
1.240721 166 88 28 101
1.242721 166 88 28 101
1.244721 166 88 28 101
1.246721 166 88 28 101
1.248721 166 88 28 101
1.250721 166 88 28 101
1.252721 166 88 28 101
1.254721 166 88 28 101
1.256721 166 88 28 101
1.258721 166 88 28 101
1.260721 166 88 28 101
1.262721 166 87 28 101
1.264721 166 87 28 101
1.266721 166 87 28 101
1.268721 166 87 28 101
1.270721 166 87 28 101
1.272721 166 87 28 101
1.274721 166 87 28 101
1.276721 166 87 28 101
1.278721 166 87 28 101
1.280721 166 87 28 101
1.282721 166 87 28 101
1.284721 166 87 28 101
1.286721 166 86 28 102
1.288721 166 86 28 102
1.290721 166 86 28 102
1.292721 166 86 28 102
1.294721 166 86 28 102
1.296721 166 86 28 102
1.298721 166 86 28 102
1.300721 166 86 28 102
1.302721 166 86 28 102
1.304721 166 86 28 102
1.306721 166 86 28 102
1.308721 166 86 28 102
1.310721 166 86 29 103
1.312721 166 86 29 103
1.314721 166 86 29 103
1.316721 166 86 29 103
1.318721 166 86 29 103
1.320721 166 86 29 103
1.322721 166 86 29 103
1.324721 166 86 29 103
1.326721 166 86 29 103
1.328721 166 86 29 103
1.330721 166 86 29 103
1.332721 166 86 29 103
1.334721 166 86 29 103
1.336721 166 86 29 103
1.338721 166 86 29 103
1.340721 166 86 29 103
1.342721 166 86 29 103
1.344721 166 86 29 103
1.346721 166 86 29 103
1.348721 166 86 29 103
1.350721 166 86 29 103
1.352721 166 86 29 103
1.354721 166 86 29 103
1.356721 166 86 29 103
1.358721 166 86 29 103
1.360721 166 86 29 103
1.362721 166 86 29 103
1.364721 166 86 29 103
1.366721 166 86 29 103
1.368721 166 86 29 103
1.370721 166 86 29 103
1.372721 166 86 29 103
1.374721 166 86 29 103
1.376721 166 86 29 103
1.378721 166 86 29 103
1.380721 166 85 30 103
1.382721 166 85 30 103
1.384721 166 85 30 103
1.386721 166 85 30 103
1.388721 166 85 30 103
1.390721 166 85 30 103
1.392721 166 85 30 103
1.394721 166 85 30 103
1.396721 166 85 30 103
1.398721 166 85 30 103
1.400721 166 85 30 103
1.402721 166 85 30 103
1.404721 165 85 30 103
1.406721 165 85 30 103
1.408721 165 85 30 103
1.410721 165 85 30 103
1.412721 165 85 30 103
1.414721 165 85 30 103
1.416721 165 85 30 103
1.418721 165 85 30 103
1.420721 165 85 30 103
1.422721 165 85 30 103
1.424721 165 85 30 103
1.426721 165 85 30 103
1.428721 165 85 29 104
1.430721 165 85 29 104
1.432721 165 85 29 104
1.434721 165 85 29 104
1.436721 165 85 29 104
1.438721 165 85 29 104
1.440721 165 85 29 104
1.442721 165 85 29 104
1.444721 165 85 29 104
1.446721 165 85 29 104
1.448721 165 85 29 104
1.450721 165 85 29 104
1.452721 165 85 29 104
1.454721 165 85 29 104
1.456721 165 85 29 104
1.458721 165 85 29 104
1.460721 165 85 29 104
1.462721 165 85 29 104
1.464721 165 85 29 104
1.466721 165 85 29 104
1.468721 165 85 29 104
1.470721 165 85 29 104
1.472721 165 85 29 104
1.474721 165 85 29 104
1.476721 165 85 29 103
1.478721 165 85 29 103
1.480721 165 85 29 103
1.482721 165 85 29 103
1.484721 165 85 29 103
1.486721 165 85 29 103
1.488721 165 85 29 103
1.490721 165 85 29 103
1.492721 165 85 29 103
1.494721 165 85 29 103
1.496721 165 85 29 103
1.498721 166 84 30 103
1.500721 166 84 30 103
1.502721 166 84 30 103
1.504721 166 84 30 103
1.506721 166 84 30 103
1.508721 166 84 30 103
1.510721 166 84 30 103
1.512721 166 84 30 103
1.514721 166 84 30 103
1.516721 166 84 30 103
1.518721 166 84 30 103
1.520721 166 84 30 103
1.522721 166 84 30 104
1.524721 166 84 30 104
1.526721 166 84 30 104
1.528721 166 84 30 104
1.530721 166 84 30 104
1.532721 166 84 30 104
1.534721 166 84 30 104
1.536721 166 84 30 104
1.538721 166 84 30 104
1.540721 166 84 30 104
1.542721 166 84 30 104
1.544721 166 84 30 104
1.546721 165 84 30 105
1.548721 165 84 30 105
1.550721 165 84 30 105
1.552721 165 84 30 105
1.554721 165 84 30 105
1.556721 165 84 30 105
1.558721 165 84 30 105
1.560721 165 84 30 105
1.562721 165 84 30 105
1.564721 165 84 30 105
1.566721 165 84 30 105
1.568721 165 84 30 105
1.570721 165 84 30 105
1.572721 165 84 30 105
1.574721 165 84 30 105
1.576721 165 84 30 105
1.578721 165 84 30 105
1.580721 165 84 30 105
1.582721 165 84 30 105
1.584721 165 84 30 105
1.586721 165 84 30 105
1.588721 165 84 30 105
1.590721 165 84 30 105
1.592721 165 84 30 105
1.594721 165 83 30 105
1.596721 165 83 30 105
1.598721 165 83 30 105
1.600721 165 83 30 105
1.602721 165 83 30 105
1.604721 165 83 30 105
1.606721 165 83 30 105
1.608721 165 83 30 105
1.610721 165 83 30 105
1.612721 165 83 30 105
1.614721 165 83 30 105
1.616721 165 83 30 105
1.618721 165 83 30 105
1.620721 165 83 30 105
1.622721 165 83 30 105
1.624721 165 83 30 105
1.626721 165 83 30 105
1.628721 165 83 30 105
1.630721 165 83 30 105
1.632721 165 83 30 105
1.634721 165 83 30 105
1.636721 165 83 30 105
1.638721 165 83 30 105
1.640721 165 82 30 106
1.642721 165 82 30 106
1.644721 165 82 30 106
1.646721 165 82 30 106
1.648721 165 82 30 106
1.650721 165 82 30 106
1.652721 165 82 30 106
1.654721 165 82 30 106
1.656721 165 82 30 106
1.658721 165 82 30 106
1.660721 165 82 30 106
1.662721 165 82 30 106
1.664721 165 82 30 107
1.666721 165 82 30 107
1.668721 165 82 30 107
1.670721 165 82 30 107
1.672721 165 82 30 107
1.674721 165 82 30 107
1.676721 165 82 30 107
1.678721 165 82 30 107
1.680721 165 82 30 107
1.682721 165 82 30 107
1.684721 165 82 30 107
1.686721 165 82 30 107
1.688721 165 82 30 108
1.690721 165 82 30 108
1.692721 165 82 30 108
1.694721 165 82 30 108
1.696721 165 82 30 108
1.698721 165 82 30 108
1.700721 165 82 30 108
1.702721 165 82 30 108
1.704721 165 82 30 108
1.706721 165 82 30 108
1.708721 165 82 30 108
1.710721 165 82 30 108
1.712721 165 82 30 108
1.714721 165 82 30 108
1.716721 165 82 30 108
1.718721 165 82 30 108
1.720721 165 82 30 108
1.722721 165 82 30 108
1.724721 165 82 30 108
1.726721 165 82 30 108
1.728721 165 82 30 108
1.730721 165 82 30 108
1.732721 165 82 30 108
1.734721 165 82 29 108
1.736721 165 82 29 108
1.738721 165 82 29 108
1.740721 165 82 29 108
1.742721 165 82 29 108
1.744721 165 82 29 108
1.746721 165 82 29 108
1.748721 165 82 29 108
1.750721 165 82 29 108
1.752721 165 82 29 108
1.754721 165 82 29 108
1.756721 165 82 29 108
1.758721 166 82 28 108
1.760721 166 82 28 108
1.762721 166 82 28 108
1.764721 166 82 28 108
1.766721 166 82 28 108
1.768721 166 82 28 108
1.770721 166 82 28 108
1.772721 166 82 28 108
1.774721 166 82 28 108
1.776721 166 82 28 108
1.778721 166 82 28 108
1.780721 166 82 28 108
1.782721 166 82 28 107
1.784721 166 82 28 107
1.786721 166 82 28 107
1.788721 166 82 28 107
1.790721 166 82 28 107
1.792721 166 82 28 107
1.794721 166 82 28 107
1.796721 166 82 28 107
1.798721 166 82 28 107
1.800721 166 82 28 107
1.802721 166 82 28 107
1.804721 166 82 28 107
1.806721 166 82 28 107
1.808721 166 82 28 107
1.810721 166 82 28 107
1.812721 166 82 28 107
1.814721 166 82 28 107
1.816721 166 82 28 107
1.818721 166 82 28 107
1.820721 166 82 28 107
1.822721 166 82 28 107
1.824721 166 82 28 107
1.826721 166 82 28 107
1.828721 166 82 28 107
1.830721 166 82 28 107
1.832721 166 82 28 107
1.834721 166 82 28 107
1.836721 166 82 28 107
1.838721 166 82 28 107
1.840721 166 82 28 107
1.842721 166 82 28 107
1.844721 166 82 28 107
1.846721 166 82 28 107
1.848721 166 82 28 107
1.850721 166 82 28 107
1.852721 166 82 29 107
1.854721 166 82 29 107
1.856721 166 82 29 107
1.858721 166 82 29 107
1.860721 166 82 29 107
1.862721 166 82 29 107
1.864721 166 82 29 107
1.866721 166 82 29 107
1.868721 166 82 29 107
1.870721 166 82 29 107
1.872721 166 82 29 107
1.874721 166 82 29 107
1.876721 165 81 30 108
1.878721 165 81 30 108
1.880721 165 81 30 108
1.882721 165 81 30 108
1.884721 165 81 30 108
1.886721 165 81 30 108
1.888721 165 81 30 108
1.890721 165 81 30 108
1.892721 164 81 31 108
1.894721 164 81 31 108
1.896721 164 81 31 108
1.898721 164 81 31 108
1.900721 164 81 31 108
1.902721 164 81 31 108
1.904721 164 81 31 108
1.906721 164 81 31 108
1.908721 163 81 32 108
1.910721 163 81 32 108
1.912721 163 81 32 108
1.914721 163 81 32 108
1.916721 163 81 32 108
1.918721 163 81 32 108
1.920721 163 81 32 108
1.922721 163 81 32 108
1.924721 162 81 33 108
1.926721 162 81 33 108
1.928721 162 81 33 108
1.930721 162 81 34 108
1.932721 162 81 34 108
1.934721 162 81 34 108
1.936721 162 81 34 108
1.938721 162 81 35 108
1.940721 162 82 35 108
1.942721 162 82 35 108
1.944721 162 82 36 108
1.946721 162 82 36 108
1.948721 162 82 36 108
1.950721 162 82 37 108
1.952721 162 82 37 108
1.954721 162 82 37 108
1.956721 162 83 37 108
1.958721 162 83 38 108
1.960721 162 83 38 108
1.962721 162 83 38 108
1.964721 162 83 39 108
1.966721 162 83 39 108
1.968721 162 83 39 108
1.970721 161 83 40 108
1.972721 161 83 40 108
1.974721 161 83 40 108
1.976721 161 83 40 108
1.978721 161 83 40 108
1.980721 161 83 40 108
1.982721 161 83 40 108
1.984721 161 83 40 108
1.986721 161 82 40 109
1.988721 161 82 40 109
1.990721 161 82 40 109
1.992721 161 82 40 109
1.994721 161 82 40 109
1.996721 161 82 40 109
1.998721 161 82 40 109
2.000721 161 82 40 109
2.002721 161 81 40 110
2.004721 161 81 40 110
2.006721 161 81 40 110
2.008721 161 81 40 110
2.010721 161 81 40 110
2.012721 161 81 40 110
2.014721 161 81 40 110
2.016721 161 81 40 110
2.018721 161 80 39 111
2.020721 161 80 39 111
2.022721 161 80 39 111
2.024721 161 80 39 111
2.026721 161 80 39 111
2.028721 161 80 39 111
2.030721 161 80 39 111
2.032721 161 80 39 111
2.034721 161 80 39 111
2.036721 161 80 39 111
2.038721 161 80 39 111
2.040721 161 80 39 111
2.042721 162 80 38 112
2.044721 162 80 38 112
2.046721 162 80 38 112
2.048721 162 80 38 112
2.050721 162 80 38 112
2.052721 162 80 38 112
2.054721 162 80 38 112
2.056721 162 80 38 112
2.058721 162 80 38 112
2.060721 162 80 38 112
2.062721 162 80 38 112
2.064721 162 80 38 112
2.066721 163 80 38 113
2.068721 163 80 38 113
2.070721 163 80 38 113
2.072721 163 80 38 113
2.074721 163 80 38 113
2.076721 163 80 38 113
2.078721 163 80 38 113
2.080721 163 80 38 113
2.082721 163 80 38 113
2.084721 163 80 38 113
2.086721 163 80 38 113
2.088721 163 80 38 113
2.090721 163 80 38 113
2.092721 163 80 38 113
2.094721 163 80 38 113
2.096721 163 80 38 113
2.098721 163 80 38 113
2.100721 163 80 38 113
2.102721 163 80 38 113
2.104721 163 80 38 113
2.106721 163 80 38 113
2.108721 163 80 38 113
2.110721 163 80 38 113
2.112721 160 81 40 112
2.114721 160 81 40 112
2.116721 160 81 40 112
2.118721 160 81 40 112
2.120721 160 81 40 112
2.122721 160 81 40 112
2.124721 160 81 40 112
2.126721 160 81 40 112
2.128721 161 80 40 112
2.130721 161 80 40 112
2.132721 161 80 40 112
2.134721 161 80 40 112
2.136721 161 80 39 112
2.138721 161 80 39 112
2.140721 161 80 39 112
2.142721 161 80 39 112
2.144721 162 79 39 112
2.146721 162 79 39 112
2.148721 162 79 39 112
2.150721 162 79 39 112
2.152721 162 79 39 112
2.154721 162 79 39 112
2.156721 162 79 39 112
2.158721 162 79 39 112
2.160721 163 79 38 111
2.162721 163 79 38 111
2.164721 163 79 38 111
2.166721 163 79 38 111
2.168721 163 79 38 111
2.170721 163 79 38 111
2.172721 163 79 38 111
2.174721 163 79 38 111
2.176721 164 79 38 111
2.178721 164 79 38 111
2.180721 164 79 38 111
2.182721 164 79 38 111
2.184721 164 80 38 110
2.186721 164 80 38 110
2.188721 164 80 38 110
2.190721 164 80 38 110
2.192721 165 80 38 110
2.194721 165 80 38 110
2.196721 165 80 38 110
2.198721 165 80 38 110
2.200721 165 80 38 110
2.202721 165 80 38 110
2.204721 165 80 38 110
2.206721 165 80 38 110
2.208721 165 80 38 110
2.210721 165 80 38 110
2.212721 165 80 38 110
2.214721 165 80 38 110
2.216721 165 80 38 110
2.218721 165 80 38 110
2.220721 165 80 38 110
2.222721 164 80 39 110
2.224721 164 80 39 110
2.226721 164 80 39 110
2.228721 164 80 39 110
2.230721 164 79 39 111
2.232721 164 79 39 111
2.234721 164 79 39 111
2.236721 164 79 39 111
2.238721 163 79 40 111
2.240721 163 79 40 111
2.242721 163 79 40 111
2.244721 163 79 40 111
2.246721 163 79 40 111
2.248721 163 79 40 111
2.250721 163 79 40 111
2.252721 163 79 40 111
2.254721 163 79 41 112
2.256721 163 79 41 112
2.258721 163 79 41 112
2.260721 163 79 41 112
2.262721 163 79 41 112
2.264721 163 79 41 112
2.266721 163 79 41 112
2.268721 163 79 41 112
2.270721 163 79 41 113
2.272721 163 79 41 113
2.274721 163 79 41 113
2.276721 163 79 41 113
2.278721 163 79 41 113
2.280721 163 79 41 113
2.282721 163 79 41 113
2.284721 163 79 41 113
2.286721 163 79 41 114
2.288721 163 79 41 114
2.290721 163 79 41 114
2.292721 163 79 41 114
2.294721 163 79 41 114
2.296721 163 79 41 114
2.298721 163 79 41 114
2.300721 163 79 41 114
2.302721 163 79 41 114
2.304721 163 79 41 114
2.306721 163 79 41 114
2.308721 163 79 41 114
2.310721 163 79 41 114
2.312721 163 79 41 114
2.314721 163 79 41 113
2.316721 163 79 41 113
2.318721 163 79 41 113
2.320721 163 79 41 113
2.322721 163 79 41 113
2.324721 163 80 41 112
2.326721 163 80 41 112
2.328721 163 80 41 112
2.330721 163 80 41 112
2.332721 163 80 41 112
2.334721 163 80 41 112
2.336721 163 80 41 111
2.338721 163 80 41 111
2.340721 163 80 41 111
2.342721 163 80 41 111
2.344721 163 80 41 111
2.346721 163 80 41 111
2.348721 162 80 42 111
2.350721 162 80 42 111
2.352721 162 80 42 111
2.354721 162 80 42 111
2.356721 162 80 42 111
2.358721 162 80 42 111
2.360721 162 80 42 111
2.362721 162 80 42 111
2.364721 162 80 43 111
2.366721 162 80 43 111
2.368721 162 80 43 111
2.370721 162 80 43 111
2.372721 161 79 43 111
2.374721 161 79 43 111
2.376721 161 79 43 111
2.378721 161 79 43 111
2.380721 161 79 44 111
2.382721 161 79 44 111
2.384721 161 79 44 111
2.386721 161 79 44 111
2.388721 161 79 44 111
2.390721 161 79 44 111
2.392721 161 79 44 111
2.394721 161 79 44 111
2.396721 161 79 45 112
2.398721 161 79 45 112
2.400721 161 79 45 112
2.402721 161 79 45 112
2.404721 161 79 45 112
2.406721 161 79 45 112
2.408721 161 79 45 112
2.410721 161 79 45 112
2.412721 161 79 45 113
2.414721 161 79 45 113
2.416721 161 79 45 113
2.418721 161 79 45 113
2.420721 162 79 45 113
2.422721 162 79 45 113
2.424721 162 79 45 113
2.426721 162 79 45 113
2.428721 162 79 45 114
2.430721 162 79 45 114
2.432721 162 79 45 114
2.434721 162 79 45 114
2.436721 162 79 45 114
2.438721 162 79 45 114
2.440721 162 79 45 114
2.442721 163 79 45 114
2.444721 163 79 45 114
2.446721 163 79 45 114
2.448721 163 79 45 114
2.450721 163 79 45 114
2.452721 163 79 45 113
2.454721 163 79 45 113
2.456721 163 79 45 113
2.458721 163 79 45 113
2.460721 163 79 45 113
2.462721 163 79 45 112
2.464721 163 79 45 112
2.466721 163 80 45 112
2.468721 163 80 45 112
2.470721 163 80 45 112
2.472721 163 80 45 111
2.474721 163 80 45 111
2.476721 163 80 45 111
2.478721 163 80 45 111
2.480721 163 80 45 110
2.482721 163 80 45 110
2.484721 163 80 45 110
2.486721 163 80 45 110
2.488721 163 80 45 110
2.490721 162 80 45 110
2.492721 162 80 45 110
2.494721 162 80 45 110
2.496721 162 80 46 110
2.498721 161 80 46 110
2.500721 161 80 46 110
2.502721 161 80 47 110
2.504721 161 80 47 110
2.506721 160 80 47 110
2.508721 160 80 48 110
2.510721 160 80 48 110
2.512721 160 80 48 110
2.514721 159 80 49 110
2.516721 159 80 49 110
2.518721 159 80 49 110
2.520721 159 80 50 110
2.522721 158 80 50 110
2.524721 158 80 50 110
2.526721 158 80 51 110
2.528721 158 80 51 110
2.530721 157 80 51 110
2.532721 157 80 52 110
2.534721 157 80 52 110
2.536721 157 80 52 110
2.538721 157 79 52 110
2.540721 157 79 52 110
2.542721 157 79 52 110
2.544721 157 79 52 110
2.546721 157 79 52 110
2.548721 157 79 52 110
2.550721 157 79 52 111
2.552721 157 79 52 111
2.554721 157 79 52 111
2.556721 157 79 52 111
2.558721 157 79 52 111
2.560721 157 79 52 111
2.562721 158 79 52 112
2.564721 158 79 52 112
2.566721 158 79 52 112
2.568721 158 79 52 112
2.570721 158 79 52 112
2.572721 158 79 52 113
2.574721 158 79 52 113
2.576721 158 79 52 113
2.578721 158 79 52 113
2.580721 158 79 52 113
2.582721 158 79 52 113
2.584721 159 79 51 113
2.586721 159 79 51 113
2.588721 159 79 51 113
2.590721 160 79 50 113
2.592721 160 79 50 113
2.594721 160 79 50 113
2.596721 161 79 49 113
2.598721 161 79 49 113
2.600721 162 79 48 113
2.602721 162 79 48 113
2.604721 162 79 48 113
2.606721 163 79 47 113
2.608721 163 79 47 113
2.610721 164 79 46 113
2.612721 164 79 46 113
2.614721 164 79 46 113
2.616721 165 79 45 113
2.618721 165 79 45 113
2.620721 165 79 45 113
2.622721 166 79 44 113
2.624721 166 79 44 113
2.626721 167 79 43 113
2.628721 167 79 43 113
2.630721 167 79 43 113
2.632721 168 79 43 113
2.634721 168 79 43 113
2.636721 168 79 43 113
2.638721 168 79 43 113
2.640721 168 79 43 113
2.642721 168 79 43 113
2.644721 168 79 43 113
2.646721 168 79 43 113
2.648721 168 79 43 113
2.650721 168 79 43 113
2.652721 168 79 43 113
2.654721 168 79 43 113
2.656721 168 79 44 113
2.658721 168 79 44 113
2.660721 168 79 44 113
2.662721 168 79 44 113
2.664721 168 79 44 113
2.666721 168 79 44 113
2.668721 168 79 44 113
2.670721 168 79 44 113
2.672721 168 79 44 113
2.674721 168 79 44 113
2.676721 168 79 44 113
2.678721 168 79 44 113
2.680721 168 79 45 114
2.682721 168 79 45 114
2.684721 168 79 45 114
2.686721 168 79 45 114
2.688721 168 79 45 114
2.690721 168 79 45 114
2.692721 168 79 45 114
2.694721 168 79 45 114
2.696721 168 79 45 114
2.698721 168 79 45 114
2.700721 168 79 45 114
2.702721 168 79 45 114
2.704721 168 79 45 114
2.706721 168 79 45 114
2.708721 168 79 45 114
2.710721 168 79 45 114
2.712721 168 79 45 114
2.714721 168 79 45 114
2.716721 168 79 45 114
2.718721 168 79 45 114
2.720721 168 79 45 114
2.722721 168 79 45 114
2.724721 168 79 45 114
2.726721 168 79 46 115
2.728721 168 79 46 115
2.730721 168 79 46 115
2.732721 168 79 46 115
2.734721 168 79 47 115
2.736721 168 79 47 115
2.738721 167 79 47 115
2.740721 167 79 48 115
2.742721 167 79 48 115
2.744721 167 79 48 115
2.746721 167 79 49 115
2.748721 167 79 49 115
2.750721 166 79 49 115
2.752721 166 79 49 115
2.754721 166 79 50 115
2.756721 166 79 50 115
2.758721 166 79 50 115
2.760721 166 79 51 115
2.762721 165 79 51 115
2.764721 165 79 51 115
2.766721 165 79 52 115
2.768721 165 79 52 115
2.770721 165 79 52 115
2.772721 165 79 52 115
2.774721 165 78 52 115
2.776721 165 78 52 115
2.778721 165 78 52 115
2.780721 165 78 52 115
2.782721 166 78 52 115
2.784721 166 78 52 115
2.786721 166 78 51 115
2.788721 166 78 51 115
2.790721 167 78 51 115
2.792721 167 78 51 115
2.794721 167 78 51 115
2.796721 167 78 51 115
2.798721 168 78 50 115
2.800721 168 78 50 115
2.802721 168 78 50 115
2.804721 169 78 50 115
2.806721 169 78 50 115
2.808721 169 78 49 115
2.810721 169 78 49 115
2.812721 170 78 49 115
2.814721 170 78 49 115
2.816721 170 78 49 115
2.818721 170 78 49 115
2.820721 171 78 48 114
2.822721 171 78 48 114
2.824721 171 78 48 114
2.826721 171 78 48 114
2.828721 171 78 48 114
2.830721 171 78 48 114
2.832721 171 78 48 114
2.834721 171 78 48 114
2.836721 171 79 48 113
2.838721 171 79 48 113
2.840721 171 79 48 113
2.842721 171 79 48 113
2.844721 171 79 47 113
2.846721 171 79 47 113
2.848721 171 79 47 113
2.850721 171 79 47 113
2.852721 171 80 47 112
2.854721 171 80 47 112
2.856721 171 80 47 112
2.858721 171 80 47 112
2.860721 171 80 47 112
2.862721 171 80 47 112
2.864721 171 80 47 112
2.866721 171 80 47 112
2.868721 170 80 47 112
2.870721 170 80 47 112
2.872721 170 80 47 112
2.874721 170 80 47 112
2.876721 170 80 48 112
2.878721 170 80 48 112
2.880721 170 80 48 112
2.882721 170 80 48 112
2.884721 169 80 49 112
2.886721 169 80 49 112
2.888721 169 80 49 112
2.890721 169 80 49 112
2.892721 169 80 50 113
2.894721 169 80 50 113
2.896721 169 80 50 113
2.898721 169 80 50 113
2.900721 168 80 51 113
2.902721 168 80 51 113
2.904721 168 80 51 113
2.906721 168 80 51 113
2.908721 168 80 52 113
2.910721 168 80 52 113
2.912721 168 80 52 113
2.914721 168 80 52 113
2.916721 168 79 52 114
2.918721 168 79 52 114
2.920721 168 79 52 114
2.922721 168 79 52 114
2.924721 168 79 52 114
2.926721 168 79 52 114
2.928721 168 79 52 114
2.930721 169 79 52 114
2.932721 169 79 52 114
2.934721 169 79 52 114
2.936721 169 79 52 114
2.938721 169 79 51 115
2.940721 169 79 51 115
2.942721 169 79 51 115
2.944721 169 79 51 115
2.946721 170 79 51 115
2.948721 170 79 51 115
2.950721 170 79 51 115
2.952721 170 79 51 115
2.954721 170 79 51 115
2.956721 170 79 51 115
2.958721 170 79 51 115
2.960721 170 79 51 115
2.962721 171 79 51 116
2.964721 171 79 51 116
2.966721 171 79 51 116
2.968721 171 79 51 116
2.970721 171 79 51 116
2.972721 171 79 51 116
2.974721 171 79 51 116
2.976721 171 79 51 116
2.978721 172 79 51 116
2.980721 172 79 51 116
2.982721 172 79 51 116
2.984721 172 79 51 116
2.986721 172 79 51 116
2.988721 172 79 51 116
2.990721 172 79 51 116
2.992721 172 79 51 116
2.994721 173 79 51 116
2.996721 173 79 51 116
2.998721 173 79 51 116
3.000721 173 79 51 116
3.002721 173 79 51 116
3.004721 173 79 51 116
3.006721 173 79 51 116
3.008721 173 79 51 116
3.010721 174 78 51 116
3.012721 174 78 51 116
3.014721 174 78 51 116
3.016721 174 78 51 116
3.018721 174 78 51 116
3.020721 174 78 51 116
3.022721 174 78 51 116
3.024721 174 78 51 116
3.026721 174 78 51 116
3.028721 174 78 51 116
3.030721 174 78 51 116
3.032721 174 78 51 116
3.034721 175 78 51 116
3.036721 175 78 51 116
3.038721 175 78 51 116
3.040721 175 78 51 116
3.042721 175 78 51 116
3.044721 175 78 51 116
3.046721 175 78 51 116
3.048721 175 78 51 116
3.050721 175 78 51 116
3.052721 175 78 51 116
3.054721 175 78 51 116
3.056721 176 78 50 115
3.058721 176 78 50 115
3.060721 176 78 50 115
3.062721 176 78 49 115
3.064721 176 78 49 115
3.066721 176 78 49 115
3.068721 177 78 48 115
3.070721 177 78 48 115
3.072721 177 78 48 114
3.074721 177 78 47 114
3.076721 177 78 47 114
3.078721 177 78 47 114
3.080721 178 79 46 114
3.082721 178 79 46 114
3.084721 178 79 46 114
3.086721 178 79 45 114
3.088721 178 79 45 113
3.090721 178 79 45 113
3.092721 179 79 44 113
3.094721 179 79 44 113
3.096721 179 79 44 113
3.098721 179 79 43 113
3.100721 179 79 43 113
3.102721 179 79 43 113
3.104721 180 79 42 113
3.106721 180 79 42 113
3.108721 180 79 42 113
3.110721 180 79 42 113
3.112721 180 79 42 113
3.114721 180 79 42 113
3.116721 180 79 42 113
3.118721 180 79 42 113
3.120721 180 79 42 113
3.122721 180 79 42 113
3.124721 180 79 42 113
3.126721 180 79 42 113
3.128721 180 78 41 114
3.130721 180 78 41 114
3.132721 180 78 41 114
3.134721 180 78 41 114
3.136721 180 78 41 114
3.138721 180 78 41 114
3.140721 180 78 41 114
3.142721 180 78 41 114
3.144721 180 78 41 114
3.146721 180 78 41 114
3.148721 180 78 41 114
3.150721 180 78 41 114
3.152721 181 78 41 115
3.154721 181 78 41 115
3.156721 181 78 41 115
3.158721 181 78 41 115
3.160721 181 78 41 115
3.162721 181 78 41 115
3.164721 181 78 41 115
3.166721 181 78 41 115
3.168721 181 78 41 115
3.170721 181 78 41 115
3.172721 181 78 41 115
3.174721 181 78 41 115
3.176721 181 78 41 115
3.178721 181 78 41 115
3.180721 181 78 41 115
3.182721 181 78 41 115
3.184721 181 78 41 115
3.186721 181 78 41 115
3.188721 181 78 41 115
3.190721 181 78 41 115
3.192721 181 78 41 115
3.194721 181 78 41 115
3.196721 181 78 41 115
3.198721 182 78 41 115
3.200721 182 78 41 115
3.202721 182 78 41 115
3.204721 182 78 41 115
3.206721 182 78 41 115
3.208721 182 78 41 115
3.210721 182 78 41 115
3.212721 182 78 41 115
3.214721 182 78 41 115
3.216721 182 78 41 115
3.218721 182 78 41 115
3.220721 182 78 41 115
3.222721 182 78 41 115
3.224721 182 78 41 115
3.226721 182 78 41 115
3.228721 182 78 41 115
3.230721 182 78 41 115
3.232721 182 78 41 115
3.234721 182 78 41 115
3.236721 182 78 41 115
3.238721 182 78 41 115
3.240721 182 78 41 115
3.242721 182 78 41 115
3.244721 182 78 41 115
3.246721 181 78 41 116
3.248721 181 78 41 116
3.250721 181 78 41 116
3.252721 181 78 41 116
3.254721 181 78 41 116
3.256721 181 78 41 116
3.258721 181 78 41 116
3.260721 181 78 41 116
3.262721 181 78 41 116
3.264721 181 78 41 116
3.266721 181 78 41 116
3.268721 181 78 41 116
3.270721 181 78 41 116
3.272721 181 78 41 116
3.274721 181 78 41 116
3.276721 181 78 41 116
3.278721 181 78 41 116
3.280721 181 78 41 116
3.282721 181 78 41 116
3.284721 181 78 41 116
3.286721 181 78 41 116
3.288721 181 78 41 116
3.290721 181 78 41 116
3.292721 181 78 41 116
3.294721 181 78 41 116
3.296721 181 78 41 116
3.298721 181 78 41 116
3.300721 181 78 41 116
3.302721 181 78 41 116
3.304721 181 78 41 116
3.306721 181 78 41 116
3.308721 181 78 41 116
3.310721 181 78 41 116
3.312721 181 78 41 116
3.314721 181 78 41 116
3.316721 181 78 41 116
3.318721 181 78 41 116
3.320721 181 78 41 116
3.322721 181 78 41 116
3.324721 181 78 41 116
3.326721 181 78 41 116
3.328721 181 78 41 116
3.330721 181 78 41 116
3.332721 181 78 41 116
3.334721 181 78 41 116
3.336721 181 78 41 116
3.338721 181 78 41 116
3.340721 181 78 41 116
3.342721 181 78 41 116
3.344721 181 78 41 116
3.346721 181 78 41 116
3.348721 181 78 41 116
3.350721 181 78 41 116
3.352721 181 78 41 116
3.354721 181 78 41 116
3.356721 181 78 41 116
3.358721 181 78 41 116
3.360721 181 78 41 116
3.362721 181 78 41 116
3.364721 181 78 41 116
3.366721 181 78 41 116
3.368721 181 78 41 116
3.370721 181 78 41 116
3.372721 181 78 41 116
3.374721 181 78 41 116
3.376721 181 78 41 116
3.378721 181 78 41 116
3.380721 181 78 41 116
3.382721 181 78 41 116
3.384721 181 78 41 116
3.386721 181 78 41 116
3.388721 181 78 40 115
3.390721 181 78 40 115
3.392721 181 78 40 115
3.394721 181 78 40 115
3.396721 181 78 40 115
3.398721 181 78 40 115
3.400721 181 78 40 115
3.402721 181 78 40 115
3.404721 181 78 40 115
3.406721 181 78 40 115
3.408721 181 78 40 115
3.410721 181 78 40 115
3.412721 181 78 40 115
3.414721 181 78 40 115
3.416721 181 78 40 115
3.418721 181 78 40 115
3.420721 181 78 40 115
3.422721 181 78 40 115
3.424721 181 78 40 115
3.426721 181 78 40 115
3.428721 181 78 40 115
3.430721 181 78 40 115
3.432721 181 78 40 115
3.434721 181 78 40 115
3.436721 181 78 40 115
3.438721 181 78 40 115
3.440721 181 78 40 115
3.442721 181 78 40 115
3.444721 181 78 40 115
3.446721 181 78 40 115
3.448721 181 78 40 115
3.450721 181 78 40 115
3.452721 181 78 40 115
3.454721 181 78 40 115
3.456721 181 78 40 115
3.458721 181 78 40 115
3.460721 181 78 40 115
3.462721 181 78 40 115
3.464721 181 78 40 115
3.466721 181 78 40 115
3.468721 181 78 40 115
3.470721 181 78 40 115
3.472721 181 78 40 115
3.474721 181 78 40 115
3.476721 181 78 40 115
3.478721 181 78 40 115
3.480721 181 78 40 115
3.482721 181 78 39 115
3.484721 181 78 39 115
3.486721 181 78 39 115
3.488721 181 78 39 115
3.490721 181 78 39 115
3.492721 181 78 39 115
3.494721 181 78 39 115
3.496721 181 78 39 115
3.498721 181 78 39 115
3.500721 181 78 39 115
3.502721 181 78 39 115
3.504721 181 78 39 115
3.506721 181 78 39 115
3.508721 181 78 39 115
3.510721 181 78 39 115
3.512721 181 78 39 115
3.514721 181 78 39 115
3.516721 181 78 39 115
3.518721 181 78 39 115
3.520721 181 78 39 115
3.522721 181 78 39 115
3.524721 181 78 39 115
3.526721 181 78 39 115
3.528721 181 78 39 116
3.530721 181 78 39 116
3.532721 181 78 39 116
3.534721 181 78 39 116
3.536721 181 78 39 116
3.538721 181 78 39 116
3.540721 181 78 39 116
3.542721 181 78 39 116
3.544721 181 78 39 116
3.546721 181 78 39 116
3.548721 181 78 39 116
3.550721 181 78 39 116
3.552721 181 78 39 116
3.554721 181 78 39 116
3.556721 181 78 39 116
3.558721 181 78 39 116
3.560721 181 78 39 116
3.562721 181 78 39 116
3.564721 181 78 39 116
3.566721 181 78 39 116
3.568721 181 78 39 116
3.570721 181 78 39 116
3.572721 181 78 39 116
3.574721 181 78 39 116
3.576721 182 78 39 115
3.578721 182 78 39 115
3.580721 182 78 39 115
3.582721 182 78 39 115
3.584721 182 78 39 115
3.586721 182 78 39 115
3.588721 182 78 39 115
3.590721 182 78 39 115
3.592721 182 78 39 115
3.594721 182 78 39 115
3.596721 182 78 39 115
3.598721 182 78 39 115
3.600721 182 78 39 114
3.602721 182 78 39 114
3.604721 182 78 39 114
3.606721 182 78 39 114
3.608721 182 78 39 114
3.610721 182 78 39 114
3.612721 182 78 39 114
3.614721 182 78 39 114
3.616721 182 78 39 114
3.618721 182 78 39 114
3.620721 182 78 39 114
3.622721 182 78 39 114
3.624721 181 78 39 114
3.626721 181 78 39 114
3.628721 181 78 39 114
3.630721 181 78 39 114
3.632721 181 78 39 114
3.634721 181 78 39 114
3.636721 181 78 39 114
3.638721 181 78 39 114
3.640721 181 78 39 114
3.642721 181 78 39 114
3.644721 181 78 39 114
3.646721 181 78 39 115
3.648721 181 78 39 115
3.650721 181 78 39 115
3.652721 181 78 39 115
3.654721 181 78 39 115
3.656721 181 78 39 115
3.658721 181 78 39 115
3.660721 181 78 39 115
3.662721 181 78 39 115
3.664721 181 78 39 115
3.666721 181 78 39 115
3.668721 181 78 39 115
3.670721 180 78 39 116
3.672721 180 78 39 116
3.674721 180 78 39 116
3.676721 180 78 39 116
3.678721 180 78 39 116
3.680721 180 78 39 116
3.682721 180 78 39 116
3.684721 180 78 39 116
3.686721 180 78 39 116
3.688721 180 78 39 116
3.690721 180 78 39 116
3.692721 180 78 39 116
3.694721 180 78 39 116
3.696721 180 78 39 116
3.698721 180 78 39 116
3.700721 180 78 39 116
3.702721 180 78 39 116
3.704721 180 78 39 116
3.706721 180 78 39 116
3.708721 180 78 39 116
3.710721 180 78 39 116
3.712721 180 78 39 116
3.714721 180 78 39 116
3.716721 180 78 39 116
3.718721 179 79 39 116
3.720721 179 79 39 116
3.722721 179 79 39 116
3.724721 179 79 39 116
3.726721 179 79 39 116
3.728721 179 79 39 116
3.730721 179 79 39 116
3.732721 179 79 39 116
3.734721 179 79 39 116
3.736721 179 79 39 116
3.738721 179 79 39 116
3.740721 179 79 39 116
3.742721 178 79 39 116
3.744721 178 79 39 116
3.746721 178 79 39 116
3.748721 178 79 39 116
3.750721 178 79 39 116
3.752721 178 79 39 116
3.754721 178 79 39 116
3.756721 178 79 39 116
3.758721 178 79 39 116
3.760721 178 79 39 116
3.762721 178 79 39 116
3.764721 177 79 40 115
3.766721 177 79 40 115
3.768721 177 79 40 115
3.770721 177 79 40 115
3.772721 177 79 40 115
3.774721 177 79 40 115
3.776721 177 79 40 115
3.778721 177 79 40 115
3.780721 177 79 40 115
3.782721 177 79 40 115
3.784721 177 79 40 115
3.786721 177 79 40 115
3.788721 177 79 40 115
3.790721 177 79 40 115
3.792721 177 79 40 115
3.794721 177 79 40 115
3.796721 177 79 40 115
3.798721 177 79 40 115
3.800721 177 79 40 115
3.802721 177 79 40 115
3.804721 177 79 40 115
3.806721 177 79 40 115
3.808721 177 79 40 115
3.810721 177 79 40 115
3.812721 176 79 41 114
3.814721 176 79 41 114
3.816721 176 79 41 114
3.818721 176 79 41 114
3.820721 176 79 41 114
3.822721 176 79 41 114
3.824721 176 79 41 114
3.826721 176 79 41 114
3.828721 176 79 41 114
3.830721 176 79 41 114
3.832721 176 79 41 114
3.834721 176 79 41 114
3.836721 176 79 42 114
3.838721 176 79 42 114
3.840721 176 79 42 114
3.842721 176 79 42 114
3.844721 176 79 42 114
3.846721 176 79 42 114
3.848721 176 79 42 114
3.850721 176 79 42 114
3.852721 176 79 42 114
3.854721 176 79 42 114
3.856721 176 79 42 114
3.858721 176 79 42 114
3.860721 175 79 43 113
3.862721 175 79 43 113
3.864721 175 79 43 113
3.866721 175 79 43 113
3.868721 175 79 43 113
3.870721 175 79 43 113
3.872721 175 79 43 113
3.874721 175 79 43 113
3.876721 175 79 43 113
3.878721 175 79 43 113
3.880721 175 79 43 113
3.882721 175 79 43 113
3.884721 175 79 43 113
3.886721 175 79 43 113
3.888721 175 79 43 113
3.890721 175 79 43 113
3.892721 175 79 43 113
3.894721 175 79 43 113
3.896721 175 79 43 113
3.898721 175 79 43 113
3.900721 175 79 43 113
3.902721 175 79 43 113
3.904721 175 79 43 113
3.906721 174 79 43 113
3.908721 174 79 43 113
3.910721 174 79 43 113
3.912721 174 79 43 113
3.914721 174 79 43 113
3.916721 174 79 43 113
3.918721 174 79 43 113
3.920721 174 79 43 113
3.922721 174 79 43 113
3.924721 174 79 43 113
3.926721 174 79 43 113
3.928721 174 79 43 113
3.930721 174 79 43 113
3.932721 174 79 43 113
3.934721 174 79 43 113
3.936721 174 79 43 113
3.938721 174 79 43 113
3.940721 174 79 43 113
3.942721 174 79 43 113
3.944721 174 79 43 113
3.946721 174 79 43 113
3.948721 174 79 43 113
3.950721 174 79 43 113
3.952721 174 79 43 113
3.954721 173 80 44 113
3.956721 173 80 44 113
3.958721 173 80 44 113
3.960721 173 80 44 113
3.962721 173 80 44 113
3.964721 173 80 44 113
3.966721 173 80 44 113
3.968721 173 80 44 113
3.970721 173 80 44 113
3.972721 173 80 44 113
3.974721 173 80 44 113
3.976721 173 80 44 113
3.978721 173 80 44 113
3.980721 173 80 44 113
3.982721 173 80 44 113
3.984721 173 80 44 113
3.986721 173 80 44 113
3.988721 173 80 44 113
3.990721 173 80 44 113
3.992721 173 80 44 113
3.994721 173 80 44 113
3.996721 173 80 44 113
3.998721 173 80 44 113
4.000721 173 80 44 113
4.002721 172 80 44 113
4.004721 172 80 44 113
4.006721 172 80 44 113
4.008721 172 80 44 113
4.010721 172 80 44 113
4.012721 172 80 44 113
4.014721 172 80 44 113
4.016721 172 80 44 113
4.018721 172 80 44 113
4.020721 172 80 44 113
4.022721 172 80 44 113
4.024721 172 80 44 113
4.026721 172 80 44 113
4.028721 172 80 44 113
4.030721 172 80 44 113
4.032721 172 80 44 113
4.034721 172 80 44 113
4.036721 172 80 44 113
4.038721 172 80 44 113
4.040721 172 80 44 113
4.042721 172 80 44 113
4.044721 172 80 44 113
4.046721 172 80 44 113
4.048721 172 79 45 113
4.050721 172 79 45 113
4.052721 172 79 45 113
4.054721 172 79 45 113
4.056721 172 79 45 113
4.058721 172 79 45 113
4.060721 172 79 45 113
4.062721 172 79 45 113
4.064721 172 79 45 113
4.066721 172 79 45 113
4.068721 172 79 45 113
4.070721 172 79 45 113
4.072721 172 79 45 113
4.074721 172 79 45 113
4.076721 172 79 45 113
4.078721 172 79 45 113
4.080721 172 79 45 113
4.082721 172 79 45 113
4.084721 172 79 45 113
4.086721 172 79 45 113
4.088721 172 79 45 113
4.090721 172 79 45 113
4.092721 172 79 45 113
4.094721 172 79 45 113
4.096721 172 79 46 114
4.098721 172 79 46 114
4.100721 172 79 46 114
4.102721 172 79 46 114
4.104721 172 79 46 114
4.106721 172 79 46 114
4.108721 172 79 46 114
4.110721 172 79 46 114
4.112721 172 79 46 114
4.114721 172 79 46 114
4.116721 172 79 46 114
4.118721 172 79 46 114
4.120721 172 79 46 114
4.122721 172 79 46 114
4.124721 172 79 46 114
4.126721 172 79 46 114
4.128721 172 79 46 114
4.130721 172 79 46 114
4.132721 172 79 46 114
4.134721 172 79 46 114
4.136721 172 79 46 114
4.138721 172 79 46 114
4.140721 172 79 46 114
4.142721 172 79 47 113
4.144721 172 79 47 113
4.146721 172 79 47 113
4.148721 172 79 47 113
4.150721 172 79 47 113
4.152721 172 79 47 113
4.154721 172 79 47 113
4.156721 172 79 47 113
4.158721 172 79 47 113
4.160721 172 79 47 113
4.162721 172 79 47 113
4.164721 172 79 47 113
4.166721 172 79 47 113
4.168721 172 79 47 113
4.170721 172 79 47 113
4.172721 172 79 47 113
4.174721 172 79 47 113
4.176721 172 79 47 113
4.178721 172 79 47 113
4.180721 172 79 47 113
4.182721 172 79 47 113
4.184721 172 79 47 113
4.186721 172 79 47 113
4.188721 172 79 47 113
4.190721 172 79 47 113
4.192721 172 79 47 113
4.194721 172 79 47 113
4.196721 172 79 47 113
4.198721 172 79 47 113
4.200721 172 79 47 113
4.202721 172 79 47 113
4.204721 172 79 47 113
4.206721 172 79 47 113
4.208721 172 79 47 113
4.210721 172 79 47 113
4.212721 172 79 47 113
4.214721 172 79 47 113
4.216721 172 79 47 113
4.218721 172 79 47 113
4.220721 172 79 47 113
4.222721 172 79 47 113
4.224721 172 79 47 113
4.226721 172 79 47 113
4.228721 172 79 47 113
4.230721 172 79 47 113
4.232721 172 79 47 113
4.234721 172 79 47 113
4.236721 172 79 47 113
4.238721 172 79 47 114
4.240721 172 79 47 114
4.242721 172 79 47 114
4.244721 172 79 47 114
4.246721 172 79 47 114
4.248721 172 79 47 114
4.250721 172 79 47 114
4.252721 172 79 47 114
4.254721 172 79 47 114
4.256721 172 79 47 114
4.258721 172 79 47 114
4.260721 171 79 47 114
4.262721 171 79 47 114
4.264721 171 79 47 114
4.266721 171 79 47 114
4.268721 171 79 47 114
4.270721 171 79 47 114
4.272721 171 79 47 114
4.274721 171 79 47 114
4.276721 171 79 47 114
4.278721 171 79 47 114
4.280721 171 79 47 114
4.282721 171 79 47 114
4.284721 171 79 46 114
4.286721 171 79 46 114
4.288721 171 79 46 114
4.290721 171 79 46 114
4.292721 171 79 46 114
4.294721 171 79 46 114
4.296721 171 79 46 114
4.298721 171 79 46 114
4.300721 171 79 46 114
4.302721 171 79 46 114
4.304721 171 79 46 114
4.306721 171 79 46 114
4.308721 171 79 45 114
4.310721 171 79 45 114
4.312721 171 79 45 114
4.314721 171 79 45 114
4.316721 171 79 45 114
4.318721 171 79 45 114
4.320721 171 79 45 114
4.322721 171 79 45 114
4.324721 171 79 45 114
4.326721 171 79 45 114
4.328721 171 79 45 114
4.330721 171 79 45 114
4.332721 171 79 45 114
4.334721 171 79 45 114
4.336721 171 79 45 114
4.338721 171 79 45 114
4.340721 171 79 45 114
4.342721 171 79 45 114
4.344721 171 79 45 114
4.346721 171 79 45 114
4.348721 171 79 45 114
4.350721 171 79 45 114
4.352721 171 79 45 114
4.354721 171 79 45 114
4.356721 170 79 45 114
4.358721 170 79 45 114
4.360721 170 79 45 114
4.362721 170 79 45 114
4.364721 170 79 45 114
4.366721 170 79 45 114
4.368721 170 79 45 114
4.370721 170 79 45 114
4.372721 170 79 45 114
4.374721 170 79 45 114
4.376721 170 79 45 114
4.378721 170 79 45 113
4.380721 170 79 45 113
4.382721 170 79 45 113
4.384721 170 79 45 113
4.386721 170 79 45 113
4.388721 170 79 45 113
4.390721 170 79 45 113
4.392721 170 79 45 113
4.394721 170 79 45 113
4.396721 170 79 45 113
4.398721 170 79 45 113
4.400721 170 79 45 113
4.402721 170 79 45 113
4.404721 170 79 45 113
4.406721 170 79 45 113
4.408721 170 79 45 113
4.410721 170 79 45 113
4.412721 170 79 45 113
4.414721 170 79 45 113
4.416721 170 79 45 113
4.418721 170 79 45 113
4.420721 170 79 45 113
4.422721 170 79 45 113
4.424721 170 79 45 113
4.426721 171 80 44 113
4.428721 171 80 44 113
4.430721 171 80 44 113
4.432721 171 80 44 113
4.434721 171 80 44 113
4.436721 171 80 44 113
4.438721 171 80 44 113
4.440721 171 80 44 113
4.442721 171 80 43 113
4.444721 171 80 43 113
4.446721 171 80 43 113
4.448721 171 80 43 113
4.450721 171 80 43 113
4.452721 171 80 43 113
4.454721 171 80 43 113
4.456721 171 80 43 113
4.458721 171 80 42 113
4.460721 171 80 42 113
4.462721 171 80 42 113
4.464721 171 80 42 113
4.466721 171 80 42 113
4.468721 171 80 42 113
4.470721 171 80 42 113
4.472721 171 80 42 113
4.474721 171 80 41 113
4.476721 171 80 41 113
4.478721 171 80 41 113
4.480721 171 80 41 113
4.482721 171 80 41 113
4.484721 171 80 41 113
4.486721 171 80 41 113
4.488721 171 80 41 113
4.490721 171 80 41 113
4.492721 171 80 41 113
4.494721 171 80 41 113
4.496721 171 80 41 113
4.498721 171 80 41 113
4.500721 171 80 41 113
4.502721 171 80 41 113
4.504721 171 80 41 113
4.506721 171 80 41 113
4.508721 171 80 41 113
4.510721 171 80 41 113
4.512721 171 80 41 113
4.514721 171 80 41 113
4.516721 171 80 41 113
4.518721 171 80 41 113
4.520721 171 80 41 113
4.522721 171 80 41 113
4.524721 171 80 41 113
4.526721 171 80 41 113
4.528721 171 80 41 113
4.530721 171 80 41 113
4.532721 171 80 41 113
4.534721 171 80 41 113
4.536721 171 80 41 113
4.538721 171 80 41 113
4.540721 171 80 41 113
4.542721 171 80 41 113
4.544721 171 80 41 113
4.546721 171 80 41 113
4.548721 171 80 41 113
4.550721 171 80 41 113
4.552721 171 80 41 113
4.554721 171 80 41 113
4.556721 171 80 41 113
4.558721 171 80 41 113
4.560721 171 80 41 113
4.562721 171 80 41 113
4.564721 171 80 41 113
4.566721 171 80 41 113
4.568721 171 80 41 113
4.570721 171 80 41 113
4.572721 171 80 41 113
4.574721 171 80 41 113
4.576721 171 80 41 113
4.578721 171 80 41 113
4.580721 171 80 41 113
4.582721 171 80 41 113
4.584721 171 80 41 113
4.586721 171 80 41 113
4.588721 171 80 41 113
4.590721 171 80 41 113
4.592721 171 80 41 113
4.594721 171 80 41 113
4.596721 171 80 41 113
4.598721 171 80 41 113
4.600721 171 80 41 113
4.602721 171 80 41 113
4.604721 171 80 41 113
4.606721 171 80 41 113
4.608721 171 80 41 113
4.610721 171 80 41 113
4.612721 171 80 41 113
4.614721 170 80 41 114
4.616721 170 80 41 114
4.618721 170 80 41 114
4.620721 170 80 41 114
4.622721 170 80 41 114
4.624721 170 80 41 114
4.626721 170 80 41 114
4.628721 170 80 41 114
4.630721 170 80 41 114
4.632721 170 80 41 114
4.634721 170 80 41 114
4.636721 170 80 41 114
4.638721 170 80 41 114
4.640721 170 80 41 114
4.642721 170 80 41 114
4.644721 170 80 41 114
4.646721 170 80 41 114
4.648721 170 80 41 114
4.650721 170 80 41 114
4.652721 170 80 41 114
4.654721 170 80 41 114
4.656721 170 80 41 114
4.658721 170 80 41 114
4.660721 170 80 41 114
4.662721 170 80 42 114
4.664721 170 80 42 114
4.666721 170 80 42 114
4.668721 170 80 42 114
4.670721 170 80 42 114
4.672721 170 80 42 114
4.674721 170 80 42 114
4.676721 170 80 42 114
4.678721 170 80 42 114
4.680721 170 80 42 114
4.682721 170 80 42 114
4.684721 170 80 42 114
4.686721 170 80 42 114
4.688721 170 80 42 114
4.690721 170 80 42 114
4.692721 170 80 42 114
4.694721 170 80 42 114
4.696721 170 80 42 114
4.698721 170 80 42 114
4.700721 170 80 42 114
4.702721 170 80 42 114
4.704721 170 80 42 114
4.706721 170 80 42 114
4.708721 170 80 42 114
4.710721 170 80 42 113
4.712721 170 80 42 113
4.714721 170 80 42 113
4.716721 170 80 42 113
4.718721 170 80 42 113
4.720721 170 80 42 113
4.722721 170 80 42 113
4.724721 170 80 42 113
4.726721 170 80 42 113
4.728721 170 80 42 113
4.730721 170 80 42 113
4.732721 170 80 42 113
4.734721 170 80 42 113
4.736721 170 80 42 113
4.738721 170 80 42 113
4.740721 170 80 42 113
4.742721 170 80 42 113
4.744721 170 80 42 113
4.746721 170 80 42 113
4.748721 170 80 42 113
4.750721 170 80 42 113
4.752721 170 80 42 113
4.754721 170 80 42 113
4.756721 170 80 41 113
4.758721 170 80 41 113
4.760721 170 80 41 113
4.762721 170 80 41 113
4.764721 170 80 41 113
4.766721 170 80 41 113
4.768721 170 80 41 113
4.770721 170 80 41 113
4.772721 170 80 41 113
4.774721 170 80 41 113
4.776721 170 80 41 113
4.778721 170 80 41 113
4.780721 170 80 41 113
4.782721 170 80 41 113
4.784721 170 80 41 113
4.786721 170 80 41 113
4.788721 170 80 41 113
4.790721 170 80 41 113
4.792721 170 80 41 113
4.794721 170 80 41 113
4.796721 170 80 41 113
4.798721 170 80 41 113
4.800721 170 80 41 113
4.802721 170 80 41 113
4.804721 171 80 41 114
4.806721 171 80 41 114
4.808721 171 80 41 114
4.810721 171 80 41 114
4.812721 171 80 41 114
4.814721 171 80 41 114
4.816721 171 80 41 114
4.818721 171 80 41 114
4.820721 171 80 41 114
4.822721 171 80 41 114
4.824721 171 80 41 114
4.826721 171 80 41 114
4.828721 171 80 41 114
4.830721 171 80 41 114
4.832721 171 80 41 114
4.834721 171 80 41 114
4.836721 171 80 41 114
4.838721 171 80 41 114
4.840721 171 80 41 114
4.842721 171 80 41 114
4.844721 171 80 41 114
4.846721 171 80 41 114
4.848721 171 80 41 114
4.850721 170 80 41 114
4.852721 170 80 41 114
4.854721 170 80 41 114
4.856721 170 80 41 114
4.858721 170 80 41 114
4.860721 170 80 41 114
4.862721 170 80 41 114
4.864721 170 80 41 114
4.866721 170 80 41 114
4.868721 170 80 41 114
4.870721 170 80 41 114
4.872721 170 80 41 114
4.874721 170 80 41 114
4.876721 170 80 41 114
4.878721 170 80 41 114
4.880721 170 80 41 114
4.882721 170 80 41 114
4.884721 170 80 41 114
4.886721 170 80 41 114
4.888721 170 80 41 114
4.890721 170 80 41 114
4.892721 170 80 41 114
4.894721 170 80 41 114
4.896721 170 80 41 114
4.898721 170 80 41 114
4.900721 170 80 41 114
4.902721 170 80 41 114
4.904721 170 80 41 114
4.906721 170 80 41 114
4.908721 170 80 41 114
4.910721 170 80 41 114
4.912721 170 80 41 114
4.914721 170 80 41 114
4.916721 170 80 41 114
4.918721 170 80 41 114
4.920721 170 80 41 114
4.922721 170 80 42 114
4.924721 170 80 42 114
4.926721 170 80 42 114
4.928721 170 80 42 114
4.930721 170 80 42 114
4.932721 170 80 42 114
4.934721 170 80 42 114
4.936721 170 80 42 114
4.938721 170 80 42 114
4.940721 170 80 42 114
4.942721 170 80 42 114
4.944721 170 80 42 114
4.946721 170 80 42 114
4.948721 170 80 42 114
4.950721 170 80 42 114
4.952721 170 80 42 114
4.954721 170 80 42 114
4.956721 170 80 42 114
4.958721 170 80 42 114
4.960721 170 80 42 114
4.962721 170 80 42 114
4.964721 170 80 42 114
4.966721 170 80 42 114
4.968721 170 80 42 114
4.970721 170 80 42 114
4.972721 170 80 42 114
4.974721 170 80 42 114
4.976721 170 80 42 114
4.978721 170 80 42 114
4.980721 170 80 42 114
4.982721 170 80 42 114
4.984721 170 80 42 114
4.986721 170 80 42 114
4.988721 170 80 42 114
4.990721 170 80 42 114
4.992721 170 80 42 114
4.994721 170 80 42 114
4.996721 170 80 42 114
4.998721 170 80 42 114
5.000721 170 80 42 114
5.002721 170 80 42 114
5.004721 170 80 42 114
5.006721 170 80 42 114
5.008721 170 80 42 114
5.010721 170 80 42 114
5.012721 170 80 42 114
5.014721 170 80 42 114
5.016721 170 80 42 114
5.018721 170 80 42 114
5.020721 170 80 42 114
5.022721 170 80 42 114
5.024721 170 80 42 114
5.026721 170 80 42 114
5.028721 170 80 42 114
5.030721 170 80 42 114
5.032721 170 80 42 114
5.034721 170 80 42 114
5.036721 170 80 42 114
5.038721 170 80 42 114
5.040721 170 80 42 114
5.042721 170 80 42 114
5.044721 170 80 42 114
5.046721 170 80 42 114
5.048721 170 80 42 114
5.050721 170 80 42 114
5.052721 170 80 42 114
5.054721 170 80 42 114
5.056721 170 80 42 114
5.058721 170 80 42 114
5.060721 170 80 42 114
5.062721 170 80 42 114
5.064721 170 80 42 114
5.066721 170 80 42 114
5.068721 170 80 42 114
5.070721 170 80 42 114
5.072721 170 80 42 114
5.074721 170 80 42 114
5.076721 170 80 42 114
5.078721 170 80 42 114
5.080721 170 80 42 114
5.082721 170 80 42 114
5.084721 170 80 42 114
5.086721 170 80 42 114
5.088721 170 80 42 114
5.090721 170 80 42 114
5.092721 170 80 42 114
5.094721 170 80 42 114
5.096721 170 80 42 114
5.098721 170 80 42 114
5.100721 170 80 42 114
5.102721 170 80 42 114
5.104721 170 80 42 114
5.106721 170 80 42 114
5.108721 170 80 42 114
5.110721 170 80 42 114
5.112721 170 80 42 114
5.114721 170 80 42 114
5.116721 170 80 42 114
5.118721 170 80 42 114
5.120721 170 80 42 114
5.122721 170 80 42 114
5.124721 170 80 42 114
5.126721 170 80 42 114
5.128721 170 80 42 114
5.130721 170 80 42 114
5.132721 170 80 42 114
5.134721 170 80 41 114
5.136721 170 80 41 114
5.138721 170 80 41 114
5.140721 170 80 41 114
5.142721 170 80 41 114
5.144721 170 80 41 114
5.146721 170 80 41 114
5.148721 170 80 41 114
5.150721 170 80 41 114
5.152721 170 80 41 114
5.154721 170 80 41 114
5.156721 170 80 41 114
5.158721 170 80 41 114
5.160721 170 80 41 114
5.162721 170 80 41 114
5.164721 170 80 41 114
5.166721 170 80 41 114
5.168721 170 80 41 114
5.170721 170 80 41 114
5.172721 170 80 41 114
5.174721 170 80 41 114
5.176721 170 80 41 114
5.178721 170 80 41 114
5.180721 170 80 41 114
5.182721 170 79 41 114
5.184721 170 79 41 114
5.186721 170 79 41 114
5.188721 170 79 41 114
5.190721 170 79 41 114
5.192721 170 79 41 114
5.194721 170 79 41 114
5.196721 170 79 41 114
5.198721 170 79 41 114
5.200721 170 79 41 114
5.202721 170 79 41 114
5.204721 170 79 41 114
5.206721 170 79 42 114
5.208721 170 79 42 114
5.210721 170 79 42 114
5.212721 170 79 42 114
5.214721 170 79 42 114
5.216721 170 79 42 114
5.218721 170 79 42 114
5.220721 170 79 42 114
5.222721 170 79 42 114
5.224721 170 79 42 114
5.226721 170 79 42 114
5.228721 170 79 42 114
5.230721 170 79 42 114
5.232721 170 79 42 114
5.234721 170 79 42 114
5.236721 170 79 42 114
5.238721 170 79 42 114
5.240721 170 79 42 114
5.242721 170 79 42 114
5.244721 170 79 42 114
5.246721 170 79 42 114
5.248721 170 79 42 114
5.250721 170 79 42 114
5.252721 170 79 42 113
5.254721 170 79 42 113
5.256721 170 79 42 113
5.258721 170 79 42 113
5.260721 170 79 42 113
5.262721 170 79 42 113
5.264721 170 79 42 113
5.266721 170 79 42 113
5.268721 170 79 42 113
5.270721 170 79 42 113
5.272721 170 79 42 113
5.274721 170 79 42 113
5.276721 170 79 42 113
5.278721 170 79 42 113
5.280721 170 79 42 113
5.282721 170 79 42 113
5.284721 170 79 42 113
5.286721 170 79 42 113
5.288721 170 79 42 113
5.290721 170 79 42 113
5.292721 170 79 42 113
5.294721 170 79 42 113
5.296721 170 79 42 113
5.298721 170 79 42 113
5.300721 170 79 42 114
5.302721 170 79 42 114
5.304721 170 79 42 114
5.306721 170 79 42 114
5.308721 170 79 42 114
5.310721 170 79 42 114
5.312721 170 79 42 114
5.314721 170 79 42 114
5.316721 170 79 42 114
5.318721 170 79 42 114
5.320721 170 79 42 114
5.322721 170 79 42 114
5.324721 169 79 42 114
5.326721 169 79 42 114
5.328721 169 79 42 114
5.330721 169 79 42 114
5.332721 169 79 42 114
5.334721 169 79 42 114
5.336721 169 79 42 114
5.338721 169 79 42 114
5.340721 169 79 42 114
5.342721 169 79 42 114
5.344721 169 79 42 114
5.346721 169 79 41 114
5.348721 169 79 41 114
5.350721 169 79 41 114
5.352721 169 79 41 114
5.354721 169 79 41 114
5.356721 169 79 41 114
5.358721 169 79 41 114
5.360721 169 79 41 114
5.362721 169 79 41 114
5.364721 169 79 41 114
5.366721 169 79 41 114
5.368721 169 79 41 114
5.370721 169 79 41 114
5.372721 169 79 41 114
5.374721 169 79 41 114
5.376721 169 79 41 114
5.378721 169 79 41 114
5.380721 169 79 41 114
5.382721 169 79 41 114
5.384721 169 79 41 114
5.386721 169 79 41 114
5.388721 169 79 41 114
5.390721 169 79 41 114
5.392721 169 79 41 114
5.394721 169 79 42 114
5.396721 169 79 42 114
5.398721 169 79 42 114
5.400721 169 79 42 114
5.402721 169 79 42 114
5.404721 169 79 42 114
5.406721 169 79 42 114
5.408721 169 79 42 114
5.410721 169 79 42 114
5.412721 169 79 42 114
5.414721 169 79 42 114
5.416721 169 79 42 114
5.418721 169 79 43 114
5.420721 169 79 43 114
5.422721 169 79 43 114
5.424721 169 79 43 114
5.426721 169 79 43 114
5.428721 169 79 43 114
5.430721 169 79 43 114
5.432721 169 79 43 114
5.434721 169 79 43 114
5.436721 169 79 43 114
5.438721 169 79 43 114
5.440721 169 79 43 114
5.442721 170 79 43 113
5.444721 170 79 43 113
5.446721 170 79 43 113
5.448721 170 79 43 113
5.450721 170 79 43 113
5.452721 170 79 43 113
5.454721 170 79 43 113
5.456721 170 79 43 113
5.458721 170 79 43 113
5.460721 170 79 43 113
5.462721 170 79 43 113
5.464721 170 80 43 113
5.466721 170 80 43 113
5.468721 170 80 43 113
5.470721 170 80 43 113
5.472721 170 80 43 113
5.474721 170 80 43 113
5.476721 170 80 43 113
5.478721 170 80 43 113
5.480721 170 80 43 113
5.482721 170 80 43 113
5.484721 170 80 43 113
5.486721 170 80 43 113
5.488721 170 80 43 113
5.490721 170 80 43 113
5.492721 170 80 43 113
5.494721 170 80 43 113
5.496721 170 80 43 113
5.498721 170 80 43 113
5.500721 170 80 43 113
5.502721 170 80 43 113
5.504721 170 80 43 113
5.506721 170 80 43 113
5.508721 170 80 43 113
5.510721 170 80 43 113
5.512721 170 80 43 114
5.514721 170 80 43 114
5.516721 170 80 43 114
5.518721 170 80 43 114
5.520721 170 80 43 114
5.522721 170 80 43 114
5.524721 170 80 43 114
5.526721 170 80 43 114
5.528721 170 80 43 114
5.530721 170 80 43 114
5.532721 170 80 43 114
5.534721 170 80 43 114
5.536721 170 80 43 114
5.538721 170 80 43 114
5.540721 170 80 43 114
5.542721 170 80 43 114
5.544721 170 80 43 114
5.546721 170 80 43 114
5.548721 170 80 43 114
5.550721 170 80 43 114
5.552721 170 80 43 114
5.554721 170 80 43 114
5.556721 170 80 43 114
5.558721 170 80 43 114
5.560721 170 80 42 114
5.562721 170 80 42 114
5.564721 170 80 42 114
5.566721 170 80 42 114
5.568721 170 80 42 114
5.570721 170 80 42 114
5.572721 170 80 42 114
5.574721 170 80 42 114
5.576721 170 80 42 114
5.578721 170 80 42 114
5.580721 170 80 42 114
5.582721 170 80 42 114
5.584721 170 80 42 114
5.586721 170 80 42 114
5.588721 170 80 42 114
5.590721 170 80 42 114
5.592721 170 80 42 114
5.594721 170 80 42 114
5.596721 170 80 42 114
5.598721 170 80 42 114
5.600721 170 80 42 114
5.602721 170 80 42 114
5.604721 170 80 42 114
5.606721 169 79 42 114
5.608721 169 79 42 114
5.610721 169 79 42 114
5.612721 169 79 42 114
5.614721 169 79 42 114
5.616721 169 79 42 114
5.618721 169 79 42 114
5.620721 169 79 42 114
5.622721 169 79 42 114
5.624721 169 79 42 114
5.626721 169 79 42 114
5.628721 169 79 42 114
5.630721 169 79 43 114
5.632721 169 79 43 114
5.634721 169 79 43 114
5.636721 169 79 43 114
5.638721 169 79 43 114
5.640721 169 79 43 114
5.642721 169 79 43 114
5.644721 169 79 43 114
5.646721 169 79 43 114
5.648721 169 79 43 114
5.650721 169 79 43 114
5.652721 169 79 43 114
5.654721 169 79 43 114
5.656721 169 79 43 114
5.658721 169 79 43 114
5.660721 169 79 43 114
5.662721 169 79 43 114
5.664721 169 79 43 114
5.666721 169 79 43 114
5.668721 169 79 43 114
5.670721 169 79 43 114
5.672721 169 79 43 114
5.674721 169 79 43 114
5.676721 169 79 43 114
5.678721 169 79 42 114
5.680721 169 79 42 114
5.682721 169 79 42 114
5.684721 169 79 42 114
5.686721 169 79 42 114
5.688721 169 79 42 114
5.690721 169 79 42 114
5.692721 169 79 42 114
5.694721 169 79 42 114
5.696721 169 79 42 114
5.698721 169 79 42 114
5.700721 169 79 42 114
5.702721 169 79 42 114
5.704721 169 79 42 114
5.706721 169 79 42 114
5.708721 169 79 42 114
5.710721 169 79 42 114
5.712721 169 79 42 114
5.714721 169 79 42 114
5.716721 169 79 42 114
5.718721 169 79 42 114
5.720721 169 79 42 114
5.722721 169 79 42 114
5.724721 169 79 43 114
5.726721 169 79 43 114
5.728721 169 79 43 114
5.730721 169 79 43 114
5.732721 169 79 43 114
5.734721 169 79 43 114
5.736721 169 79 43 114
5.738721 169 79 43 114
5.740721 169 79 43 114
5.742721 169 79 43 114
5.744721 169 79 43 114
5.746721 169 79 43 114
5.748721 169 79 43 113
5.750721 169 79 43 113
5.752721 169 79 43 113
5.754721 169 79 43 113
5.756721 169 79 43 113
5.758721 169 79 43 113
5.760721 169 79 43 113
5.762721 169 79 43 113
5.764721 169 79 43 113
5.766721 169 79 43 113
5.768721 169 79 43 113
5.770721 169 79 43 113
5.772721 169 80 42 113
5.774721 169 80 42 113
5.776721 169 80 42 113
5.778721 169 80 42 113
5.780721 169 80 42 113
5.782721 169 80 42 113
5.784721 169 80 42 113
5.786721 169 80 42 113
5.788721 169 80 42 113
5.790721 169 80 42 113
5.792721 169 80 42 113
5.794721 169 80 42 113
5.796721 169 80 42 113
5.798721 169 80 42 113
5.800721 169 80 42 113
5.802721 169 80 42 113
5.804721 169 80 42 113
5.806721 169 80 42 113
5.808721 169 80 42 113
5.810721 169 80 42 113
5.812721 169 80 42 113
5.814721 169 80 42 113
5.816721 169 80 42 113
5.818721 169 80 42 113
5.820721 169 80 42 113
5.822721 169 80 42 113
5.824721 169 80 42 113
5.826721 169 80 42 113
5.828721 169 80 42 113
5.830721 169 80 42 113
5.832721 169 80 42 113
5.834721 169 80 42 113
5.836721 169 80 42 113
5.838721 169 80 42 113
5.840721 169 80 42 113
5.842721 169 80 43 114
5.844721 169 80 43 114
5.846721 169 80 43 114
5.848721 169 80 43 114
5.850721 169 80 43 114
5.852721 169 80 43 114
5.854721 169 80 43 114
5.856721 169 80 43 114
5.858721 169 80 43 114
5.860721 169 80 43 114
5.862721 169 80 43 114
5.864721 169 80 43 114
5.866721 169 80 43 114
5.868721 169 80 43 114
5.870721 169 80 43 114
5.872721 169 80 43 114
5.874721 169 80 43 114
5.876721 169 80 43 114
5.878721 169 80 43 114
5.880721 169 80 43 114
5.882721 169 80 43 114
5.884721 169 80 43 114
5.886721 169 80 43 114
5.888721 169 80 43 114
5.890721 168 80 44 114
5.892721 168 80 44 114
5.894721 168 80 44 114
5.896721 168 80 44 114
5.898721 168 80 44 114
5.900721 168 80 44 114
5.902721 168 80 44 114
5.904721 168 80 44 114
5.906721 168 80 44 114
5.908721 168 80 44 114
5.910721 168 80 44 114
5.912721 168 80 44 114
5.914721 168 80 44 114
5.916721 168 80 44 114
5.918721 168 80 44 114
5.920721 168 80 44 114
5.922721 168 80 44 114
5.924721 168 80 44 114
5.926721 168 80 44 114
5.928721 168 80 44 114
5.930721 168 80 44 114
5.932721 168 80 44 114
5.934721 168 80 44 114
5.936721 168 80 44 113
5.938721 168 80 44 113
5.940721 168 80 44 113
5.942721 168 80 44 113
5.944721 168 80 44 113
5.946721 168 80 44 113
5.948721 168 80 44 113
5.950721 168 80 44 113
5.952721 168 80 44 113
5.954721 168 80 44 113
5.956721 168 80 44 113
5.958721 168 80 44 113
5.960721 168 80 44 113
5.962721 168 80 44 113
5.964721 168 80 44 113
5.966721 168 80 44 113
5.968721 168 80 44 113
5.970721 168 80 44 113
5.972721 168 80 44 113
5.974721 168 80 44 113
5.976721 168 80 44 113
5.978721 168 80 44 113
5.980721 168 80 44 113
5.982721 168 80 44 113
5.984721 169 81 43 113
5.986721 169 81 43 113
5.988721 169 81 43 113
5.990721 169 81 43 113
5.992721 169 81 43 113
5.994721 169 81 43 113
5.996721 169 81 43 113
5.998721 169 81 43 113
6.000721 169 81 43 113
6.002721 169 81 43 113
6.004721 169 81 43 113
6.006721 169 81 43 113
6.008721 169 81 43 113
6.010721 169 81 43 113
6.012721 169 81 43 113
6.014721 169 81 43 113
6.016721 169 81 43 113
6.018721 169 81 43 113
6.020721 169 81 43 113
6.022721 169 81 43 113
6.024721 169 81 43 113
6.026721 169 81 43 113
6.028721 169 81 43 113
6.030721 169 81 43 113
6.032721 169 80 43 113
6.034721 169 80 43 113
6.036721 169 80 43 113
6.038721 169 80 43 113
6.040721 169 80 43 113
6.042721 169 80 43 113
6.044721 169 80 43 113
6.046721 169 80 43 113
6.048721 169 80 43 113
6.050721 169 80 43 113
6.052721 169 80 43 113
6.054721 169 80 44 113
6.056721 169 80 44 113
6.058721 169 80 44 113
6.060721 169 80 44 113
6.062721 169 80 44 113
6.064721 169 80 44 113
6.066721 169 80 44 113
6.068721 169 80 44 113
6.070721 169 80 44 113
6.072721 169 80 44 113
6.074721 169 80 44 113
6.076721 169 80 44 113
6.078721 168 79 44 113
6.080721 168 79 44 113
6.082721 168 79 44 113
6.084721 168 79 44 113
6.086721 168 79 44 113
6.088721 168 79 44 113
6.090721 168 79 44 113
6.092721 168 79 44 113
6.094721 168 79 44 113
6.096721 168 79 44 113
6.098721 168 79 44 113
6.100721 168 79 44 113
6.102721 168 79 43 113
6.104721 168 79 43 113
6.106721 168 79 43 113
6.108721 168 79 43 113
6.110721 168 79 43 113
6.112721 168 79 43 113
6.114721 168 79 43 113
6.116721 168 79 43 113
6.118721 168 79 43 113
6.120721 168 79 43 113
6.122721 168 79 43 113
6.124721 168 79 43 113
6.126721 168 79 43 114
6.128721 168 79 43 114
6.130721 168 79 43 114
6.132721 168 79 43 114
6.134721 168 79 43 114
6.136721 168 79 43 114
6.138721 168 79 43 114
6.140721 168 79 43 114
6.142721 168 79 43 114
6.144721 168 79 43 114
6.146721 168 79 43 114
6.148721 168 79 43 114
6.150721 168 79 43 114
6.152721 168 79 43 114
6.154721 168 79 43 114
6.156721 168 79 43 114
6.158721 168 79 43 114
6.160721 168 79 43 114
6.162721 168 79 43 114
6.164721 168 79 43 114
6.166721 168 79 43 114
6.168721 168 79 43 114
6.170721 168 79 43 114
6.172721 168 80 43 114
6.174721 168 80 43 114
6.176721 168 80 43 114
6.178721 168 80 43 114
6.180721 168 80 43 114
6.182721 168 80 43 114
6.184721 168 80 43 114
6.186721 168 80 43 114
6.188721 168 80 43 114
6.190721 168 80 43 114
6.192721 168 80 43 114
6.194721 168 80 43 114
6.196721 168 80 44 114
6.198721 168 80 44 114
6.200721 168 80 44 114
6.202721 168 80 44 114
6.204721 168 80 44 114
6.206721 168 80 44 114
6.208721 168 80 44 114
6.210721 168 80 44 114
6.212721 168 80 44 114
6.214721 168 80 44 114
6.216721 168 80 44 114
6.218721 168 80 44 114
6.220721 168 80 45 114
6.222721 168 80 45 114
6.224721 168 80 45 114
6.226721 168 80 45 114
6.228721 168 80 45 114
6.230721 168 80 45 114
6.232721 168 80 45 114
6.234721 168 80 45 114
6.236721 168 80 45 114
6.238721 168 80 45 114
6.240721 168 80 45 114
6.242721 168 80 45 114
6.244721 168 80 46 114
6.246721 168 80 46 114
6.248721 168 80 46 114
6.250721 168 80 46 114
6.252721 168 80 46 114
6.254721 168 80 46 114
6.256721 168 80 46 114
6.258721 168 80 46 114
6.260721 168 80 46 114
6.262721 168 80 46 114
6.264721 168 80 46 114
6.266721 168 80 46 114
6.268721 168 80 46 114
6.270721 168 80 46 114
6.272721 168 80 46 114
6.274721 168 80 46 114
6.276721 168 80 46 114
6.278721 168 80 46 114
6.280721 168 80 46 114
6.282721 168 80 46 114
6.284721 168 80 46 114
6.286721 168 80 46 114
6.288721 168 80 46 114
6.290721 168 80 46 114
6.292721 168 80 45 114
6.294721 168 80 45 114
6.296721 168 80 45 114
6.298721 168 80 45 114
6.300721 168 80 45 114
6.302721 168 80 45 114
6.304721 168 80 45 114
6.306721 168 80 45 114
6.308721 168 80 45 114
6.310721 168 80 45 114
6.312721 168 80 45 114
6.314721 167 79 45 115
6.316721 167 79 45 115
6.318721 167 79 45 115
6.320721 167 79 45 115
6.322721 167 79 45 115
6.324721 167 79 45 115
6.326721 167 79 45 115
6.328721 167 79 45 115
6.330721 167 79 45 115
6.332721 167 79 45 115
6.334721 167 79 45 115
6.336721 167 79 45 115
6.338721 167 79 45 115
6.340721 167 79 45 115
6.342721 167 79 45 115
6.344721 167 79 45 115
6.346721 167 79 45 115
6.348721 167 79 45 115
6.350721 167 79 45 115
6.352721 167 79 45 115
6.354721 167 79 45 115
6.356721 167 79 45 115
6.358721 167 79 45 115
6.360721 167 79 45 115
6.362721 167 79 45 115
6.364721 167 79 45 115
6.366721 167 79 45 115
6.368721 167 79 45 115
6.370721 167 79 45 115
6.372721 167 79 45 115
6.374721 167 79 45 115
6.376721 167 79 45 115
6.378721 167 79 45 115
6.380721 167 79 45 115
6.382721 167 79 45 115
6.384721 167 79 45 115
6.386721 167 79 45 115
6.388721 167 79 45 115
6.390721 167 79 45 115
6.392721 167 79 45 115
6.394721 167 79 45 115
6.396721 167 79 45 115
6.398721 167 79 45 115
6.400721 167 79 45 115
6.402721 167 79 45 115
6.404721 167 79 45 115
6.406721 167 79 45 115
6.408721 167 79 45 115
6.410721 166 79 45 115
6.412721 166 79 45 115
6.414721 166 79 45 115
6.416721 166 79 45 115
6.418721 166 79 45 115
6.420721 166 79 45 115
6.422721 166 79 45 115
6.424721 166 79 45 115
6.426721 166 79 45 115
6.428721 166 79 45 115
6.430721 166 79 45 115
6.432721 166 79 45 115
6.434721 166 79 45 115
6.436721 166 79 45 115
6.438721 166 79 45 115
6.440721 166 79 45 115
6.442721 166 79 45 115
6.444721 166 79 45 115
6.446721 166 79 45 115
6.448721 166 79 45 115
6.450721 166 79 45 115
6.452721 166 79 45 115
6.454721 166 79 45 115
6.456721 166 79 46 115
6.458721 166 79 46 115
6.460721 166 79 46 115
6.462721 166 79 46 115
6.464721 166 79 46 115
6.466721 166 79 46 115
6.468721 166 79 46 115
6.470721 166 79 46 115
6.472721 166 79 46 115
6.474721 166 79 46 115
6.476721 166 79 46 115
6.478721 166 79 46 115
6.480721 166 79 46 115
6.482721 166 79 46 115
6.484721 166 79 46 115
6.486721 166 79 46 115
6.488721 166 79 46 115
6.490721 166 79 46 115
6.492721 166 79 46 115
6.494721 166 79 46 115
6.496721 166 79 46 115
6.498721 166 79 46 115
6.500721 166 79 46 115
6.502721 166 79 46 115
6.504721 166 79 46 115
6.506721 166 79 46 115
6.508721 166 79 46 115
6.510721 166 79 46 115
6.512721 166 79 46 115
6.514721 166 79 46 115
6.516721 166 79 46 115
6.518721 166 79 46 115
6.520721 166 79 46 114
6.522721 166 79 46 114
6.524721 166 79 46 114
6.526721 166 79 46 114
6.528721 166 79 47 114
6.530721 166 79 47 114
6.532721 166 79 47 114
6.534721 166 79 47 113
6.536721 166 79 47 113
6.538721 166 79 47 113
6.540721 166 79 47 113
6.542721 166 79 47 113
6.544721 166 79 47 113
6.546721 166 79 47 113
6.548721 166 79 47 113
