0.047222 24 104 24 63
0.049222 24 103 23 63
0.051222 24 103 23 63
0.053222 24 103 23 63
0.055222 24 103 23 63
0.057222 24 103 23 63
0.059222 24 103 23 63
0.061222 24 103 23 63
0.063222 24 103 23 63
0.065222 24 103 23 63
0.067222 24 103 23 63
0.069222 24 103 23 63
0.071222 24 103 23 63
0.073222 24 103 23 63
0.075222 24 103 23 63
0.077222 24 103 23 63
0.079222 24 103 23 63
0.081222 24 103 23 63
0.083222 24 103 23 63
0.085222 24 103 23 63
0.087222 24 103 23 63
0.089222 24 103 23 63
0.091222 24 103 23 63
0.093222 24 103 23 63
0.095222 24 103 23 63
0.097222 24 103 23 63
0.099222 24 103 23 63
0.101222 24 103 23 63
0.103222 24 103 23 63
0.105222 24 103 23 63
0.107222 24 103 23 63
0.109222 24 103 23 63
0.111222 24 103 23 63
0.113222 24 103 23 63
0.115222 24 103 23 63
0.117222 24 103 23 63
0.119222 24 103 23 63
0.121222 25 103 23 62
0.123222 25 103 23 62
0.125222 25 103 23 62
0.127222 25 103 23 62
0.129222 25 103 23 62
0.131222 25 103 23 62
0.133222 25 103 23 62
0.135222 25 103 23 62
0.137222 25 103 23 62
0.139222 25 103 23 62
0.141222 25 103 23 62
0.143222 25 103 23 62
0.145222 25 103 23 62
0.147222 25 103 23 62
0.149222 25 103 23 62
0.151222 25 103 23 62
0.153222 25 103 23 62
0.155222 25 103 23 62
0.157222 25 103 23 62
0.159222 25 103 23 62
0.161222 25 103 23 62
0.163222 25 103 23 62
0.165222 25 103 23 62
0.167222 25 103 23 62
0.169222 25 103 23 62
0.171222 25 103 23 62
0.173222 25 103 23 62
0.175222 25 103 23 62
0.177222 25 103 23 62
0.179222 25 103 23 62
0.181222 25 103 23 62
0.183222 25 103 23 62
0.185222 25 103 23 62
0.187222 25 103 23 62
0.189222 25 103 23 62
0.191222 25 103 23 62
0.193222 25 102 23 62
0.195222 25 102 23 62
0.197222 25 102 23 62
0.199222 25 102 23 62
0.201222 25 102 23 62
0.203222 25 102 23 62
0.205222 25 102 23 62
0.207222 25 102 23 62
0.209222 25 102 23 62
0.211222 25 102 23 62
0.213222 25 102 23 62
0.215222 25 102 23 62
0.217222 25 102 23 62
0.219222 25 102 23 63
0.221222 25 102 23 63
0.223222 25 102 23 63
0.225222 25 102 23 63
0.227222 25 102 23 63
0.229222 25 102 23 63
0.231222 25 101 23 63
0.233222 25 101 23 63
0.235222 25 101 23 63
0.237222 25 101 23 63
0.239222 25 101 23 63
0.241222 25 101 23 63
0.243222 25 101 23 64
0.245222 25 101 23 64
0.247222 25 101 23 64
0.249222 25 101 23 64
0.251222 25 101 23 64
0.253222 25 101 23 64
0.255222 25 101 23 64
0.257222 25 101 23 64
0.259222 25 101 23 64
0.261222 25 101 23 64
0.263222 25 101 23 64
0.265222 25 101 23 64
0.267222 25 101 23 65
0.269222 25 101 23 65
0.271222 25 101 23 65
0.273222 25 101 23 65
0.275222 25 101 23 65
0.277222 25 101 23 65
0.279222 25 101 23 65
0.281222 25 101 23 65
0.283222 25 101 23 65
0.285222 25 101 23 65
0.287222 25 101 23 65
0.289222 25 101 23 65
0.291222 25 101 23 65
0.293222 25 101 23 65
0.295222 25 101 23 65
0.297222 25 101 23 65
0.299222 25 101 23 65
0.301222 25 101 23 65
0.303222 25 101 23 65
0.305222 25 101 23 65
0.307222 25 101 23 65
0.309222 25 101 23 65
0.311222 25 101 23 65
0.313222 25 101 23 65
0.315222 25 101 23 65
0.317222 25 101 23 65
0.319222 25 101 23 65
0.321222 25 101 23 65
0.323222 25 101 23 65
0.325222 25 101 23 65
0.327222 25 101 23 65
0.329222 25 101 23 65
0.331222 25 101 23 65
0.333222 25 101 23 65
0.335222 25 101 23 65
0.337222 25 101 23 65
0.339222 25 100 24 65
0.341222 25 100 24 65
0.343222 25 100 24 65
0.345222 25 100 24 65
0.347222 25 100 24 65
0.349222 25 100 24 65
0.351222 25 100 24 65
0.353222 25 100 24 65
0.355222 25 100 24 65
0.357222 25 100 24 65
0.359222 25 100 24 65
0.361222 25 100 24 65
0.363222 25 100 24 65
0.365222 25 100 24 66
0.367222 25 100 24 66
0.369222 25 100 24 66
0.371222 25 100 24 66
0.373222 25 100 24 66
0.375222 25 100 24 66
0.377222 25 100 24 66
0.379222 25 100 24 66
0.381222 25 100 24 66
0.383222 25 100 24 66
0.385222 25 100 24 66
0.387222 25 100 24 66
0.389222 25 100 24 67
0.391222 25 100 24 67
0.393222 25 100 24 67
0.395222 25 100 24 67
0.397222 25 100 24 67
0.399222 25 100 24 67
0.401222 25 100 24 67
0.403222 25 100 24 67
0.405222 25 100 24 67
0.407222 25 100 24 67
0.409222 25 100 24 67
0.411222 25 100 24 67
0.413222 25 99 24 67
0.415222 25 99 24 67
0.417222 25 99 24 67
0.419222 25 99 24 67
0.421222 25 99 24 67
0.423222 25 99 24 67
0.425222 25 99 24 67
0.427222 25 99 24 67
0.429222 25 99 24 67
0.431222 25 99 24 67
0.433222 25 99 24 67
0.435222 25 99 24 67
0.437222 25 99 24 67
0.439222 25 99 24 67
0.441222 25 99 24 67
0.443222 25 99 24 67
0.445222 25 99 24 67
0.447222 25 99 24 67
0.449222 25 98 24 66
0.451222 25 98 24 66
0.453222 25 98 24 66
0.455222 25 98 24 66
0.457222 25 98 24 66
0.459222 25 98 24 66
0.461222 25 98 24 66
0.463222 25 98 24 66
0.465222 25 98 24 66
0.467222 25 98 24 66
0.469222 25 98 24 66
0.471222 25 98 24 66
0.473222 25 98 24 66
0.475222 25 98 24 66
0.477222 25 98 24 66
0.479222 25 98 24 66
0.481222 25 98 24 66
0.483222 25 98 24 66
0.485222 26 98 25 66
0.487222 26 98 25 66
0.489222 26 98 25 66
0.491222 26 98 25 66
0.493222 26 98 25 66
0.495222 26 98 25 66
0.497222 26 98 25 66
0.499222 26 98 25 66
0.501222 26 98 25 66
0.503222 26 98 25 66
0.505222 26 98 25 66
0.507222 26 98 25 66
0.509222 26 98 25 66
0.511222 26 98 25 66
0.513222 26 98 25 66
0.515222 26 98 25 66
0.517222 26 98 25 66
0.519222 26 98 25 66
0.521222 26 98 25 66
0.523222 26 98 25 67
0.525222 26 98 25 67
0.527222 26 98 25 67
0.529222 26 98 25 67
0.531222 26 98 25 67
0.533222 26 98 25 67
0.535222 26 98 25 67
0.537222 26 98 25 67
0.539222 26 98 25 67
0.541222 26 98 25 67
0.543222 26 98 25 67
0.545222 26 98 25 67
0.547222 26 98 25 67
0.549222 26 98 25 67
0.551222 26 98 25 67
0.553222 26 98 25 67
0.555222 26 98 25 67
0.557222 26 98 25 67
0.559222 26 98 26 67
0.561222 26 98 26 67
0.563222 26 98 26 67
0.565222 26 98 26 67
0.567222 26 98 26 67
0.569222 26 98 26 67
0.571222 26 98 26 67
0.573222 26 98 26 67
0.575222 26 98 26 67
0.577222 26 98 26 67
0.579222 26 98 26 67
0.581222 26 98 26 67
0.583222 26 98 26 67
0.585222 26 98 26 67
0.587222 26 98 26 67
0.589222 26 98 26 67
0.591222 26 98 26 67
0.593222 26 98 26 67
0.595222 26 98 26 67
0.597222 26 98 26 67
0.599222 26 98 26 67
0.601222 26 98 26 67
0.603222 26 98 26 67
0.605222 26 98 26 67
0.607222 26 98 26 67
0.609222 26 98 26 67
0.611222 26 98 26 67
0.613222 26 98 26 67
0.615222 26 98 26 67
0.617222 26 98 26 67
0.619222 26 98 26 67
0.621222 26 98 26 67
0.623222 26 98 26 67
0.625222 26 98 26 67
0.627222 26 98 26 67
0.629222 26 98 26 67
0.631222 27 97 26 67
0.633222 27 97 26 67
0.635222 27 97 26 67
0.637222 27 97 26 67
0.639222 27 97 26 67
0.641222 27 97 26 67
0.643222 27 97 26 67
0.645222 27 97 26 67
0.647222 27 97 26 67
0.649222 27 97 26 67
0.651222 27 97 26 67
0.653222 27 97 26 67
0.655222 27 97 26 67
0.657222 27 97 26 67
0.659222 27 97 26 67
0.661222 27 97 26 67
0.663222 27 97 26 67
0.665222 27 97 26 67
0.667222 27 97 26 67
0.669222 28 97 26 67
0.671222 28 97 26 67
0.673222 28 97 26 67
0.675222 28 97 26 67
0.677222 28 97 26 67
0.679222 28 97 26 67
0.681222 28 97 26 67
0.683222 28 97 26 67
0.685222 28 97 26 67
0.687222 28 97 26 67
0.689222 28 97 26 67
0.691222 28 97 26 67
0.693222 28 97 26 67
0.695222 28 97 26 67
0.697222 28 97 26 67
0.699222 28 97 26 67
0.701222 28 97 26 67
0.703222 28 97 26 67
0.705222 29 96 25 68
0.707222 29 96 25 68
0.709222 29 96 25 68
0.711222 29 96 25 68
0.713222 29 96 25 68
0.715222 29 96 25 68
0.717222 29 96 25 68
0.719222 29 96 25 68
0.721222 29 96 25 68
0.723222 29 96 25 68
0.725222 29 96 25 68
0.727222 29 96 25 68
0.729222 29 96 25 68
0.731222 29 96 25 68
0.733222 29 96 25 68
0.735222 29 96 25 68
0.737222 29 96 25 68
0.739222 29 96 25 68
0.741222 30 96 24 69
0.743222 30 96 24 69
0.745222 30 96 24 69
0.747222 30 96 24 69
0.749222 30 96 24 69
0.751222 30 96 24 69
0.753222 30 96 24 69
0.755222 30 96 24 69
0.757222 30 96 24 69
0.759222 30 96 24 69
0.761222 30 96 24 69
0.763222 30 96 24 69
0.765222 30 96 24 69
0.767222 30 96 24 69
0.769222 30 96 24 69
0.771222 30 96 24 69
0.773222 30 96 24 69
0.775222 30 96 24 69
0.777222 31 95 24 70
0.779222 31 95 24 70
0.781222 31 95 24 70
0.783222 31 95 24 70
0.785222 31 95 24 70
0.787222 31 95 24 70
0.789222 31 95 24 70
0.791222 31 95 24 70
0.793222 31 95 24 70
0.795222 31 95 24 70
0.797222 31 95 24 70
0.799222 31 95 24 70
0.801222 31 95 24 70
0.803222 31 95 24 70
0.805222 31 95 24 70
0.807222 31 95 24 70
0.809222 31 95 24 70
0.811222 31 95 24 70
0.813222 31 95 24 70
0.815222 31 94 24 70
0.817222 31 94 24 70
0.819222 31 94 24 70
0.821222 31 94 24 70
0.823222 31 94 24 70
0.825222 31 94 24 70
0.827222 31 94 24 70
0.829222 31 94 24 70
0.831222 31 94 24 70
0.833222 31 94 24 70
0.835222 31 94 24 70
0.837222 31 94 24 70
0.839222 31 94 24 70
0.841222 31 94 24 70
0.843222 31 94 24 70
0.845222 31 94 24 70
0.847222 31 94 24 70
0.849222 31 94 24 70
0.851222 32 93 24 70
0.853222 32 93 24 70
0.855222 32 93 24 70
0.857222 32 93 24 70
0.859222 32 93 24 70
0.861222 32 93 24 70
0.863222 32 93 24 70
0.865222 32 93 24 70
0.867222 32 93 24 70
0.869222 32 93 24 70
0.871222 32 93 24 70
0.873222 32 93 24 70
0.875222 32 93 24 71
0.877222 32 93 24 71
0.879222 32 93 24 71
0.881222 32 93 24 71
0.883222 32 93 24 71
0.885222 32 93 24 71
0.887222 32 93 24 71
0.889222 32 93 24 71
0.891222 32 93 24 71
0.893222 32 93 24 71
0.895222 32 93 24 71
0.897222 32 93 24 71
0.899222 32 93 24 72
0.901222 32 93 24 72
0.903222 32 93 24 72
0.905222 32 93 24 72
0.907222 32 93 24 72
0.909222 32 93 24 72
0.911222 32 93 24 72
0.913222 32 93 24 72
0.915222 32 93 24 72
0.917222 32 93 24 72
0.919222 32 93 24 72
0.921222 32 93 24 72
0.923222 32 93 25 73
0.925222 32 93 25 73
0.927222 32 93 25 73
0.929222 32 93 25 73
0.931222 32 93 25 73
0.933222 32 93 25 73
0.935222 32 93 25 73
0.937222 32 93 25 73
0.939222 32 93 25 73
0.941222 32 93 25 73
0.943222 32 93 25 73
0.945222 32 93 25 73
0.947222 32 93 25 73
0.949222 32 93 25 73
0.951222 32 93 25 73
0.953222 32 93 25 73
0.955222 32 93 25 73
0.957222 32 93 25 73
0.959222 32 93 25 73
0.961222 32 93 25 73
0.963222 32 93 25 73
0.965222 32 93 25 73
0.967222 32 93 25 73
0.969222 32 93 25 73
0.971222 32 93 25 73
0.973222 32 93 25 73
0.975222 32 93 25 73
0.977222 32 93 25 73
0.979222 32 93 25 73
0.981222 32 93 25 73
0.983222 32 93 25 73
0.985222 32 93 25 73
0.987222 32 93 25 73
0.989222 32 93 25 73
0.991222 32 93 25 73
0.993222 32 93 25 73
0.995222 32 93 25 73
0.997222 32 93 25 73
0.999222 32 93 25 73
1.001222 32 93 25 73
1.003222 32 93 25 73
1.005222 32 93 25 73
1.007222 32 93 25 73
1.009222 32 93 25 73
1.011222 32 93 25 73
1.013222 32 93 25 73
1.015222 32 93 25 73
1.017222 32 93 25 73
1.019222 32 93 25 73
1.021222 32 93 25 73
1.023222 32 93 25 73
1.025222 32 93 25 73
1.027222 32 93 25 73
1.029222 32 93 25 73
1.031222 32 93 25 73
1.033222 32 93 25 73
1.035222 32 93 25 73
1.037222 32 93 25 73
1.039222 32 93 25 73
1.041222 32 93 25 73
1.043222 32 93 25 73
1.045222 32 93 25 73
1.047222 32 93 25 73
1.049222 32 93 25 73
1.051222 32 93 25 73
1.053222 32 93 25 73
1.055222 32 93 25 73
1.057222 32 93 25 73
1.059222 32 93 25 73
1.061222 32 93 25 73
1.063222 32 93 25 73
1.065222 32 93 25 73
1.067222 32 93 25 73
1.069222 33 92 25 74
1.071222 33 92 25 74
1.073222 33 92 25 74
1.075222 33 92 25 74
1.077222 33 92 25 74
1.079222 33 92 25 74
1.081222 33 92 25 74
1.083222 33 92 25 74
1.085222 33 92 25 74
1.087222 33 92 25 74
1.089222 33 92 25 74
1.091222 33 92 25 74
1.093222 33 92 25 74
1.095222 33 92 25 74
1.097222 33 92 25 74
1.099222 33 92 25 74
1.101222 33 92 25 74
1.103222 33 92 25 74
1.105222 33 92 25 74
1.107222 33 92 25 74
1.109222 33 92 25 74
1.111222 33 92 25 74
1.113222 33 92 25 74
1.115222 33 92 25 74
1.117222 33 92 25 74
1.119222 33 92 25 74
1.121222 33 92 25 74
1.123222 33 92 25 74
1.125222 33 92 25 74
1.127222 33 92 25 74
1.129222 33 92 25 74
1.131222 33 92 25 74
1.133222 33 92 25 74
1.135222 33 92 25 74
1.137222 33 92 25 74
1.139222 33 92 25 74
1.141222 33 92 25 74
1.143222 34 91 25 74
1.145222 34 91 25 74
1.147222 34 91 25 74
1.149222 34 91 25 74
1.151222 34 91 25 74
1.153222 34 91 25 74
1.155222 34 91 25 74
1.157222 34 91 25 74
1.159222 34 91 25 74
1.161222 34 91 25 75
1.163222 34 91 25 75
1.165222 34 91 25 75
1.167222 34 91 25 75
1.169222 34 91 25 75
1.171222 34 91 25 75
1.173222 34 91 25 75
1.175222 34 91 25 75
1.177222 34 91 25 75
1.179222 35 91 25 76
1.181222 35 91 25 76
1.183222 35 91 25 76
1.185222 35 91 25 76
1.187222 35 91 25 76
1.189222 35 91 25 76
1.191222 35 91 25 76
1.193222 35 91 25 76
1.195222 35 91 25 76
1.197222 35 91 25 77
1.199222 35 91 25 77
1.201222 35 91 25 77
1.203222 35 91 25 77
1.205222 35 91 25 77
1.207222 35 91 25 77
1.209222 35 91 25 77
1.211222 35 91 25 77
1.213222 35 91 25 77
1.215222 36 91 25 77
1.217222 36 91 25 77
1.219222 36 91 25 77
1.221222 36 91 25 77
1.223222 36 91 25 77
1.225222 36 91 25 77
1.227222 36 91 25 77
1.229222 36 91 25 77
1.231222 36 91 25 77
1.233222 36 91 25 77
1.235222 36 91 25 77
1.237222 36 91 25 77
1.239222 36 91 25 76
1.241222 36 91 25 76
1.243222 36 91 25 76
1.245222 36 91 25 76
1.247222 36 91 25 76
1.249222 36 91 25 76
1.251222 36 92 25 76
1.253222 36 92 25 76
1.255222 36 92 25 76
1.257222 36 92 25 76
1.259222 36 92 25 76
1.261222 36 92 25 76
1.263222 36 92 25 75
1.265222 36 92 25 75
1.267222 36 92 25 75
1.269222 36 92 25 75
1.271222 36 92 25 75
1.273222 36 92 25 75
1.275222 36 92 25 75
1.277222 36 92 25 75
1.279222 36 92 25 75
1.281222 36 92 25 75
1.283222 36 92 25 75
1.285222 36 92 25 75
1.287222 36 92 25 75
1.289222 36 92 25 75
1.291222 36 92 25 75
1.293222 36 92 25 75
1.295222 36 92 25 75
1.297222 36 92 25 75
1.299222 36 92 25 75
1.301222 36 92 25 75
1.303222 36 92 25 75
1.305222 36 92 25 75
1.307222 36 92 25 75
1.309222 36 92 25 75
1.311222 36 92 25 75
1.313222 36 92 25 75
1.315222 36 92 25 75
1.317222 36 92 25 75
1.319222 36 92 25 75
1.321222 36 92 25 75
1.323222 36 92 25 75
1.325222 37 91 25 75
1.327222 37 91 25 75
1.329222 37 91 25 75
1.331222 37 91 25 75
1.333222 37 91 25 75
1.335222 37 91 25 75
1.337222 37 91 25 75
1.339222 37 91 25 75
1.341222 37 91 25 75
1.343222 37 91 25 75
1.345222 37 91 25 75
1.347222 37 91 25 75
1.349222 37 91 25 75
1.351222 37 91 25 75
1.353222 37 91 25 75
1.355222 37 91 25 75
1.357222 37 91 25 75
1.359222 37 91 25 75
1.361222 38 91 25 75
1.363222 38 91 25 75
1.365222 38 91 25 75
1.367222 38 91 25 75
1.369222 38 91 25 75
1.371222 38 91 25 75
1.373222 38 91 25 75
1.375222 38 91 25 75
1.377222 38 91 25 75
1.379222 38 91 25 75
1.381222 38 91 25 75
1.383222 38 91 25 75
1.385222 38 91 25 75
1.387222 38 91 25 75
1.389222 38 91 25 75
1.391222 38 91 25 75
1.393222 38 91 25 75
1.395222 38 91 25 75
1.397222 38 91 25 74
1.399222 38 91 25 74
1.401222 38 91 25 74
1.403222 38 91 25 74
1.405222 38 91 25 74
1.407222 38 91 25 74
1.409222 38 91 25 74
1.411222 38 91 25 74
1.413222 38 91 25 74
1.415222 38 91 25 74
1.417222 38 91 25 74
1.419222 38 91 25 74
1.421222 38 91 25 74
1.423222 38 91 25 74
1.425222 38 91 25 74
1.427222 38 91 25 74
1.429222 38 91 25 74
1.431222 38 91 25 74
1.433222 38 91 25 74
1.435222 39 92 25 74
1.437222 39 92 25 74
1.439222 39 92 25 74
1.441222 39 92 25 74
1.443222 39 92 25 74
1.445222 39 92 25 74
1.447222 39 92 25 74
1.449222 39 92 25 74
1.451222 39 92 25 74
1.453222 39 92 25 74
1.455222 39 92 25 74
1.457222 39 92 25 74
1.459222 39 92 25 74
1.461222 39 92 25 74
1.463222 39 92 25 74
1.465222 39 92 25 74
1.467222 39 92 25 74
1.469222 39 92 25 74
1.471222 39 92 25 74
1.473222 39 92 25 74
1.475222 39 92 25 74
1.477222 39 92 25 74
1.479222 39 92 25 74
1.481222 39 92 25 74
1.483222 39 92 25 74
1.485222 39 92 25 74
1.487222 39 92 25 74
1.489222 39 92 25 74
1.491222 39 92 25 74
1.493222 39 92 25 74
1.495222 39 92 25 74
1.497222 39 92 25 74
1.499222 39 92 25 74
1.501222 39 92 25 74
1.503222 39 92 25 74
1.505222 39 92 25 74
1.507222 40 91 26 74
1.509222 40 91 26 74
1.511222 40 91 26 74
1.513222 40 91 26 74
1.515222 40 91 26 74
1.517222 40 91 26 74
1.519222 40 91 26 74
1.521222 40 91 26 74
1.523222 40 91 26 74
1.525222 40 91 26 74
1.527222 40 91 26 74
1.529222 40 91 26 74
1.531222 40 91 26 74
1.533222 40 91 26 74
1.535222 40 91 26 74
1.537222 40 91 26 74
1.539222 40 91 26 74
1.541222 40 91 26 74
1.543222 40 90 26 75
1.545222 40 90 26 75
1.547222 40 90 26 75
1.549222 40 90 26 75
1.551222 40 90 26 75
1.553222 40 90 26 75
1.555222 40 90 26 75
1.557222 40 90 26 75
1.559222 40 90 26 75
1.561222 40 90 26 75
1.563222 40 90 26 75
1.565222 40 90 26 75
1.567222 40 90 26 75
1.569222 40 90 26 75
1.571222 40 90 26 75
1.573222 40 90 26 75
1.575222 40 90 26 75
1.577222 40 90 26 75
1.579222 40 90 26 75
1.581222 40 89 26 76
1.583222 40 89 26 76
1.585222 40 89 26 76
1.587222 40 89 26 76
1.589222 40 89 26 76
1.591222 40 89 26 76
1.593222 40 89 26 76
1.595222 40 89 26 76
1.597222 40 89 26 76
1.599222 40 89 26 76
1.601222 40 89 26 76
1.603222 40 89 26 76
1.605222 40 89 26 76
1.607222 40 89 26 76
1.609222 40 89 26 76
1.611222 40 89 26 76
1.613222 40 89 26 76
1.615222 40 89 26 76
1.617222 40 89 26 76
1.619222 40 89 26 76
1.621222 40 89 26 76
1.623222 40 89 26 76
1.625222 40 89 26 76
1.627222 40 89 26 76
1.629222 40 89 26 76
1.631222 40 89 26 76
1.633222 40 89 26 76
1.635222 40 89 26 76
1.637222 40 89 26 76
1.639222 40 89 26 76
1.641222 40 89 26 76
1.643222 40 89 26 76
1.645222 40 89 26 76
1.647222 40 89 26 76
1.649222 40 89 26 76
1.651222 40 89 26 76
1.653222 41 89 27 76
1.655222 41 89 27 76
1.657222 41 89 27 76
1.659222 41 89 27 76
1.661222 41 89 27 76
1.663222 41 89 27 76
1.665222 41 89 27 76
1.667222 41 89 27 76
1.669222 41 89 27 76
1.671222 41 89 27 76
1.673222 41 89 27 76
1.675222 41 89 27 76
1.677222 41 89 27 76
1.679222 41 89 27 76
1.681222 41 89 27 76
1.683222 41 89 27 76
1.685222 41 89 27 76
1.687222 41 89 27 76
1.689222 42 89 27 77
1.691222 42 89 27 77
1.693222 42 89 27 77
1.695222 42 89 27 77
1.697222 42 89 27 77
1.699222 42 89 27 77
1.701222 42 89 27 77
1.703222 42 89 27 77
1.705222 42 89 27 77
1.707222 42 89 27 77
1.709222 42 89 27 77
1.711222 42 89 27 77
1.713222 42 89 27 77
1.715222 42 89 27 77
1.717222 42 89 27 77
1.719222 42 89 27 77
1.721222 42 89 27 77
1.723222 42 89 27 77
1.725222 43 89 28 78
1.727222 43 89 28 78
1.729222 43 89 28 78
1.731222 43 89 28 78
1.733222 43 89 28 78
1.735222 43 89 28 78
1.737222 43 89 28 78
1.739222 43 89 28 78
1.741222 43 89 28 78
1.743222 43 89 28 78
1.745222 43 89 28 78
1.747222 43 89 28 78
1.749222 43 89 28 78
1.751222 43 89 28 78
1.753222 43 89 28 78
1.755222 43 89 28 78
1.757222 43 89 28 78
1.759222 43 89 28 78
1.761222 43 89 28 78
1.763222 44 89 29 78
1.765222 44 89 29 78
1.767222 44 89 29 78
1.769222 44 89 29 78
1.771222 44 89 29 78
1.773222 44 89 29 78
1.775222 44 89 29 78
1.777222 44 89 29 78
1.779222 44 89 29 78
1.781222 44 89 29 78
1.783222 44 89 29 78
1.785222 44 89 29 78
1.787222 44 89 29 78
1.789222 44 89 29 78
1.791222 44 89 29 78
1.793222 44 89 29 78
1.795222 44 89 29 78
1.797222 44 89 29 78
1.799222 44 89 30 79
1.801222 44 89 30 79
1.803222 44 89 30 79
1.805222 44 89 30 79
1.807222 44 89 30 79
1.809222 44 89 30 79
1.811222 44 89 30 79
1.813222 44 89 30 79
1.815222 44 89 30 79
1.817222 44 89 30 79
1.819222 44 89 30 79
1.821222 44 89 30 79
1.823222 44 89 31 79
1.825222 44 89 31 79
1.827222 44 89 31 79
1.829222 44 89 31 79
1.831222 44 89 31 79
1.833222 44 89 31 79
1.835222 44 89 31 80
1.837222 44 89 31 80
1.839222 44 89 31 80
1.841222 44 89 31 80
1.843222 44 89 31 80
1.845222 44 89 31 80
1.847222 44 89 32 80
1.849222 44 89 32 80
1.851222 44 89 32 80
1.853222 44 89 32 80
1.855222 44 89 32 80
1.857222 44 89 32 80
1.859222 44 89 32 80
1.861222 44 89 32 80
1.863222 44 89 32 80
1.865222 44 89 32 80
1.867222 44 89 32 80
1.869222 44 89 32 80
1.871222 44 89 32 80
1.873222 44 89 32 80
1.875222 44 89 32 80
1.877222 44 89 32 80
1.879222 44 89 32 80
1.881222 44 89 32 80
1.883222 44 89 32 80
1.885222 44 89 32 80
1.887222 44 89 32 80
1.889222 44 89 32 80
1.891222 44 89 31 80
1.893222 44 89 31 80
1.895222 44 89 31 80
1.897222 44 89 31 79
1.899222 44 89 31 79
1.901222 44 89 31 79
1.903222 44 89 31 79
1.905222 44 89 31 79
1.907222 44 89 31 79
1.909222 45 89 30 79
1.911222 45 89 30 79
1.913222 45 89 30 79
1.915222 45 89 30 79
1.917222 45 89 30 79
1.919222 45 89 30 79
1.921222 45 89 30 78
1.923222 45 89 30 78
1.925222 45 89 30 78
1.927222 45 89 29 78
1.929222 45 89 29 78
1.931222 45 89 29 78
1.933222 45 89 29 78
1.935222 45 89 29 78
1.937222 45 89 29 78
1.939222 45 89 29 78
1.941222 45 89 29 78
1.943222 45 89 29 78
1.945222 46 88 29 78
1.947222 46 88 29 78
1.949222 46 88 29 78
1.951222 46 88 29 78
1.953222 46 88 29 78
1.955222 46 88 29 78
1.957222 46 88 29 78
1.959222 46 88 29 78
1.961222 46 88 29 78
1.963222 46 88 29 78
1.965222 46 88 29 78
1.967222 46 88 29 78
1.969222 46 88 29 78
1.971222 46 88 29 78
1.973222 46 88 29 78
1.975222 46 88 29 78
1.977222 46 88 29 78
1.979222 46 88 29 78
1.981222 46 88 30 79
1.983222 46 88 30 79
1.985222 46 88 30 79
1.987222 46 88 30 79
1.989222 46 88 30 79
1.991222 46 88 30 79
1.993222 46 88 30 79
1.995222 46 88 30 79
1.997222 46 88 30 79
1.999222 46 88 30 79
2.001222 46 88 30 79
2.003222 46 88 30 79
2.005222 46 88 30 79
2.007222 46 88 30 79
2.009222 46 88 30 79
2.011222 46 88 30 79
2.013222 46 88 30 79
2.015222 46 88 30 79
2.017222 47 87 30 80
2.019222 47 87 30 80
2.021222 47 87 30 80
2.023222 47 87 30 80
2.025222 47 87 30 80
2.027222 47 87 30 80
2.029222 47 87 30 80
2.031222 47 87 30 80
2.033222 47 87 30 80
2.035222 47 87 30 80
2.037222 47 87 30 80
2.039222 47 87 30 80
2.041222 47 87 30 80
2.043222 48 87 30 80
2.045222 48 87 30 80
2.047222 48 87 30 80
2.049222 48 87 30 80
2.051222 48 87 30 80
2.053222 48 87 30 80
2.055222 48 86 29 81
2.057222 48 86 29 81
2.059222 48 86 29 81
2.061222 48 86 29 81
2.063222 48 86 29 81
2.065222 48 86 29 81
2.067222 49 86 29 81
2.069222 49 86 29 81
2.071222 49 86 29 81
2.073222 49 86 29 81
2.075222 49 86 29 81
2.077222 49 86 29 81
2.079222 49 86 29 81
2.081222 49 86 29 81
2.083222 49 86 29 81
2.085222 49 86 29 81
2.087222 49 86 29 81
2.089222 49 86 29 81
2.091222 50 85 29 82
2.093222 50 85 29 82
2.095222 50 85 29 82
2.097222 50 85 29 82
2.099222 50 85 29 82
2.101222 50 85 29 82
2.103222 50 85 29 82
2.105222 50 85 29 82
2.107222 50 85 29 82
2.109222 50 85 29 82
2.111222 50 85 29 82
2.113222 50 85 29 82
2.115222 50 85 29 83
2.117222 50 85 29 83
2.119222 50 85 29 83
2.121222 50 85 29 83
2.123222 50 85 29 83
2.125222 50 85 29 83
2.127222 51 84 29 83
2.129222 51 84 29 83
2.131222 51 84 29 83
2.133222 51 84 29 83
2.135222 51 84 29 83
2.137222 51 84 29 83
2.139222 51 84 29 84
2.141222 51 84 29 84
2.143222 51 84 29 84
2.145222 51 84 29 84
2.147222 51 84 29 84
2.149222 51 84 29 84
2.151222 51 84 29 84
2.153222 51 84 29 84
2.155222 51 84 29 84
2.157222 51 84 29 84
2.159222 51 84 29 84
2.161222 51 84 29 84
2.163222 52 83 29 85
2.165222 52 83 29 85
2.167222 52 83 29 85
2.169222 52 83 29 85
2.171222 52 83 29 85
2.173222 52 83 29 85
2.175222 52 83 29 85
2.177222 52 83 29 85
2.179222 52 83 29 85
2.181222 52 83 29 86
2.183222 52 83 29 86
2.185222 52 83 29 86
2.187222 52 83 29 86
2.189222 52 83 30 86
2.191222 52 83 30 86
2.193222 52 83 30 86
2.195222 52 83 30 86
2.197222 52 83 30 86
2.199222 52 83 30 86
2.201222 53 83 30 87
2.203222 53 83 30 87
2.205222 53 83 30 87
2.207222 53 83 30 87
2.209222 53 83 30 87
2.211222 53 83 30 87
2.213222 53 83 31 87
2.215222 53 83 31 87
2.217222 53 83 31 87
2.219222 53 83 31 88
2.221222 53 83 31 88
2.223222 53 83 31 88
2.225222 53 83 31 88
2.227222 53 83 31 88
2.229222 53 83 31 88
2.231222 53 83 31 88
2.233222 53 83 31 88
2.235222 53 83 31 88
2.237222 54 83 31 89
2.239222 54 83 31 89
2.241222 54 83 31 89
2.243222 54 83 31 89
2.245222 54 83 31 89
2.247222 54 83 31 89
2.249222 54 83 31 89
2.251222 54 83 31 89
2.253222 54 83 31 89
2.255222 54 83 31 89
2.257222 54 83 31 89
2.259222 54 83 31 89
2.261222 54 83 31 89
2.263222 54 83 31 89
2.265222 54 83 31 89
2.267222 54 83 31 89
2.269222 54 83 31 89
2.271222 54 83 31 89
2.273222 55 83 30 89
2.275222 55 83 30 89
2.277222 55 83 30 89
2.279222 55 83 30 89
2.281222 55 83 30 89
2.283222 55 83 30 89
2.285222 55 83 30 89
2.287222 55 83 30 89
2.289222 55 83 30 89
2.291222 55 83 30 89
2.293222 55 83 30 89
2.295222 55 83 30 89
2.297222 55 83 30 89
2.299222 55 83 30 89
2.301222 55 83 30 89
2.303222 55 83 30 89
2.305222 55 83 30 89
2.307222 55 83 30 89
2.309222 56 84 29 89
2.311222 56 84 29 89
2.313222 56 84 29 89
2.315222 56 84 29 89
2.317222 56 84 29 89
2.319222 56 84 29 89
2.321222 56 84 29 89
2.323222 56 84 29 89
2.325222 56 84 29 89
2.327222 56 84 29 89
2.329222 56 84 29 89
2.331222 56 84 29 89
2.333222 56 84 29 88
2.335222 56 84 29 88
2.337222 56 84 29 88
2.339222 56 84 29 88
2.341222 56 84 29 88
2.343222 56 84 29 88
2.345222 56 84 29 88
2.347222 57 84 29 88
2.349222 57 84 29 88
2.351222 57 84 29 88
2.353222 57 84 29 88
2.355222 57 84 29 88
2.357222 57 84 29 88
2.359222 57 84 29 87
2.361222 57 84 29 87
2.363222 57 84 29 87
2.365222 57 84 29 87
2.367222 57 84 29 87
2.369222 57 84 29 87
2.371222 57 84 29 87
2.373222 57 84 29 87
2.375222 57 84 29 87
2.377222 57 84 29 87
2.379222 57 84 29 87
2.381222 57 84 29 87
2.383222 57 84 29 87
2.385222 57 84 29 87
2.387222 57 84 29 87
2.389222 57 84 29 87
2.391222 57 84 29 87
2.393222 57 84 29 87
2.395222 57 84 30 87
2.397222 57 84 30 87
2.399222 57 84 30 87
2.401222 57 84 30 87
2.403222 57 84 30 87
2.405222 57 84 30 87
2.407222 57 84 31 87
2.409222 57 84 31 87
2.411222 57 84 31 87
2.413222 57 84 31 87
2.415222 57 84 31 87
2.417222 57 84 31 87
2.419222 57 84 32 87
2.421222 57 84 32 87
2.423222 57 84 32 87
2.425222 57 84 32 87
2.427222 57 84 32 87
2.429222 57 84 32 87
2.431222 57 84 33 87
2.433222 57 84 33 87
2.435222 57 84 33 87
2.437222 57 84 33 87
2.439222 57 84 33 87
2.441222 57 84 33 87
2.443222 57 84 34 87
2.445222 57 84 34 87
2.447222 57 84 34 87
2.449222 57 84 34 87
2.451222 57 84 34 87
2.453222 57 84 34 87
2.455222 57 85 35 88
2.457222 57 85 35 88
2.459222 57 85 35 88
2.461222 57 85 35 88
2.463222 57 85 35 88
2.465222 57 85 35 88
2.467222 57 85 35 88
2.469222 57 85 35 88
2.471222 57 85 35 88
2.473222 57 85 35 89
2.475222 57 85 35 89
2.477222 57 85 35 89
2.479222 57 85 36 89
2.481222 57 85 36 89
2.483222 57 85 36 89
2.485222 57 85 36 89
2.487222 57 85 36 89
2.489222 57 85 36 89
2.491222 57 85 36 89
2.493222 57 86 36 90
2.495222 57 86 36 90
2.497222 57 86 36 90
2.499222 57 86 36 90
2.501222 57 86 36 90
2.503222 57 86 36 90
2.505222 57 86 37 90
2.507222 57 86 37 90
2.509222 57 86 37 90
2.511222 57 86 37 91
2.513222 57 86 37 91
2.515222 57 86 37 91
2.517222 57 86 37 91
2.519222 57 86 37 91
2.521222 57 86 37 91
2.523222 57 86 37 91
2.525222 57 86 37 91
2.527222 57 86 37 91
2.529222 58 87 37 91
2.531222 58 87 37 91
2.533222 58 87 37 91
2.535222 58 87 37 91
2.537222 58 87 37 91
2.539222 58 87 36 91
2.541222 58 87 36 91
2.543222 58 87 36 91
2.545222 58 87 36 91
2.547222 58 87 36 91
2.549222 58 87 35 91
2.551222 58 87 35 91
2.553222 58 87 35 91
2.555222 58 87 35 91
2.557222 58 87 35 91
2.559222 58 87 34 91
2.561222 58 87 34 91
2.563222 58 87 34 91
2.565222 58 87 34 91
2.567222 58 87 34 91
2.569222 58 87 34 91
2.571222 58 87 33 91
2.573222 58 87 33 91
2.575222 58 87 33 91
2.577222 58 87 33 91
2.579222 58 87 33 91
2.581222 58 87 32 91
2.583222 58 87 32 91
2.585222 58 87 32 91
2.587222 58 87 32 91
2.589222 58 87 32 91
2.591222 58 87 31 91
2.593222 58 87 31 91
2.595222 58 87 31 91
2.597222 58 87 31 91
2.599222 58 87 31 91
2.601222 59 86 30 91
2.603222 59 86 30 91
2.605222 59 86 30 91
2.607222 59 86 30 91
2.609222 59 86 30 91
2.611222 59 86 30 91
2.613222 59 86 30 91
2.615222 59 86 30 91
2.617222 60 86 30 91
2.619222 60 86 30 92
2.621222 60 86 30 92
2.623222 60 86 30 92
2.625222 60 85 30 92
2.627222 60 85 30 92
2.629222 60 85 30 92
2.631222 61 85 30 92
2.633222 61 85 30 92
2.635222 61 85 30 92
2.637222 61 85 29 93
2.639222 61 85 29 93
2.641222 61 85 29 93
2.643222 61 85 29 93
2.645222 62 85 29 93
2.647222 62 85 29 93
2.649222 62 85 29 93
2.651222 62 84 29 93
2.653222 62 84 29 93
2.655222 62 84 29 93
2.657222 62 84 29 94
2.659222 63 84 29 94
2.661222 63 84 29 94
2.663222 63 84 29 94
2.665222 63 84 29 94
2.667222 63 84 29 94
2.669222 63 84 29 94
2.671222 63 84 29 94
2.673222 63 84 29 94
2.675222 64 83 29 94
2.677222 64 83 29 94
2.679222 64 83 29 94
2.681222 64 83 29 94
2.683222 64 83 29 94
2.685222 64 83 29 94
2.687222 64 83 29 94
2.689222 64 83 29 94
2.691222 64 83 29 94
2.693222 64 83 30 94
2.695222 64 83 30 94
2.697222 64 83 30 94
2.699222 64 83 30 94
2.701222 64 83 30 94
2.703222 64 83 30 94
2.705222 64 83 30 94
2.707222 64 83 30 94
2.709222 64 83 30 94
2.711222 64 82 31 94
2.713222 64 82 31 94
2.715222 64 82 31 94
2.717222 64 82 31 94
2.719222 64 82 31 94
2.721222 64 82 31 94
2.723222 64 82 31 94
2.725222 64 82 31 94
2.727222 64 82 31 94
2.729222 64 82 32 94
2.731222 64 82 32 94
2.733222 64 82 32 94
2.735222 64 82 32 94
2.737222 64 82 32 94
2.739222 64 82 32 94
2.741222 64 82 32 94
2.743222 64 82 32 94
2.745222 64 82 32 94
2.747222 64 82 33 94
2.749222 64 82 33 94
2.751222 64 82 33 94
2.753222 64 82 33 94
2.755222 64 82 33 94
2.757222 64 82 33 94
2.759222 64 82 33 94
2.761222 64 82 33 94
2.763222 64 82 33 94
2.765222 64 82 33 94
2.767222 64 82 33 94
2.769222 64 82 33 94
2.771222 64 82 33 94
2.773222 64 82 33 94
2.775222 64 82 33 94
2.777222 64 82 33 94
2.779222 64 82 33 94
2.781222 64 82 33 94
2.783222 64 82 34 95
2.785222 64 82 34 95
2.787222 64 82 34 95
2.789222 64 82 34 95
2.791222 64 82 34 95
2.793222 64 82 34 95
2.795222 64 82 34 95
2.797222 64 82 34 95
2.799222 64 82 34 95
2.801222 64 82 34 95
2.803222 64 82 34 95
2.805222 64 82 34 95
2.807222 64 82 34 95
2.809222 64 82 34 95
2.811222 64 82 34 95
2.813222 64 82 34 95
2.815222 64 82 34 95
2.817222 64 82 34 95
2.819222 64 82 34 95
2.821222 64 81 34 96
2.823222 64 81 34 96
2.825222 64 81 34 96
2.827222 64 81 34 96
2.829222 64 81 34 96
2.831222 64 81 34 96
2.833222 64 81 34 96
2.835222 64 81 34 96
2.837222 64 81 34 96
2.839222 64 81 34 97
2.841222 64 81 34 97
2.843222 64 81 34 97
2.845222 64 81 34 97
2.847222 64 81 34 97
2.849222 64 81 34 97
2.851222 64 81 34 97
2.853222 64 81 34 97
2.855222 64 81 34 97
2.857222 64 81 33 98
2.859222 64 81 33 98
2.861222 64 81 33 98
2.863222 64 81 33 98
2.865222 64 81 33 98
2.867222 64 81 33 98
2.869222 64 81 33 98
2.871222 64 81 33 98
2.873222 64 81 33 98
2.875222 64 81 33 99
2.877222 64 81 33 99
2.879222 64 81 33 99
2.881222 64 81 33 99
2.883222 64 81 33 99
2.885222 64 81 33 99
2.887222 64 81 33 99
2.889222 64 81 33 99
2.891222 64 81 33 99
2.893222 64 81 33 100
2.895222 64 81 33 100
2.897222 64 81 33 100
2.899222 64 81 33 100
2.901222 64 81 33 100
2.903222 64 81 33 100
2.905222 64 81 33 100
2.907222 64 81 33 100
2.909222 64 81 33 100
2.911222 64 81 34 100
2.913222 64 81 34 100
2.915222 64 81 34 100
2.917222 64 81 34 100
2.919222 64 81 34 100
2.921222 64 81 34 100
2.923222 64 81 34 100
2.925222 64 81 34 100
2.927222 64 81 34 100
2.929222 64 81 35 101
2.931222 64 81 35 101
2.933222 64 81 35 101
2.935222 64 81 35 101
2.937222 64 81 35 101
2.939222 64 81 35 101
2.941222 64 81 35 101
2.943222 64 81 35 101
2.945222 64 81 35 101
2.947222 64 81 35 101
2.949222 64 81 36 101
2.951222 64 81 36 101
2.953222 64 81 36 101
2.955222 64 81 36 101
2.957222 64 81 36 101
2.959222 64 81 36 101
2.961222 64 81 36 101
2.963222 64 81 36 101
2.965222 64 81 36 101
2.967222 64 81 37 101
2.969222 64 81 37 101
2.971222 64 81 37 101
2.973222 64 81 37 101
2.975222 64 81 37 101
2.977222 64 81 37 101
2.979222 64 81 37 101
2.981222 64 81 38 101
2.983222 64 81 38 101
2.985222 64 81 38 101
2.987222 64 81 38 101
2.989222 64 81 38 101
2.991222 64 81 38 101
2.993222 64 81 38 101
2.995222 64 81 39 101
2.997222 64 81 39 101
2.999222 64 81 39 101
3.001222 64 81 39 101
3.003222 65 81 39 101
3.005222 65 81 39 101
3.007222 65 81 39 101
3.009222 65 81 39 101
3.011222 65 81 40 101
3.013222 65 81 40 101
3.015222 65 81 40 101
3.017222 65 81 40 101
3.019222 65 81 40 101
3.021222 65 81 40 101
3.023222 65 81 40 101
3.025222 65 81 41 101
3.027222 65 81 41 101
3.029222 65 81 41 101
3.031222 65 81 41 101
3.033222 65 81 41 101
3.035222 65 81 41 101
3.037222 65 81 41 101
3.039222 66 81 41 101
3.041222 66 81 41 101
3.043222 66 81 41 101
3.045222 66 81 41 101
3.047222 66 81 41 101
3.049222 66 81 41 101
3.051222 66 81 41 101
3.053222 66 81 41 101
3.055222 66 81 41 101
3.057222 66 81 41 101
3.059222 66 81 41 101
3.061222 66 81 41 101
3.063222 66 81 40 101
3.065222 66 81 40 101
3.067222 66 81 40 101
3.069222 66 81 40 101
3.071222 66 81 40 101
3.073222 66 81 40 101
3.075222 66 81 40 101
3.077222 66 81 40 101
3.079222 66 81 40 101
3.081222 66 81 40 101
3.083222 66 81 40 101
3.085222 66 81 40 101
3.087222 66 81 39 101
3.089222 66 81 39 101
3.091222 66 81 39 101
3.093222 66 81 39 101
3.095222 66 81 39 101
3.097222 66 81 39 101
3.099222 66 81 39 101
3.101222 66 81 39 101
3.103222 66 81 39 101
3.105222 66 81 39 101
3.107222 66 81 39 101
3.109222 66 81 39 101
3.111222 66 81 39 101
3.113222 67 82 38 101
3.115222 67 82 38 101
3.117222 67 82 38 101
3.119222 67 82 38 101
3.121222 67 82 38 101
3.123222 67 82 38 101
3.125222 67 82 38 101
3.127222 67 82 38 101
3.129222 67 82 38 101
3.131222 67 82 38 101
3.133222 67 82 38 101
3.135222 67 82 38 101
3.137222 67 82 38 101
3.139222 67 82 38 101
3.141222 67 82 38 101
3.143222 67 82 38 101
3.145222 67 82 38 101
3.147222 67 82 38 101
3.149222 67 82 38 101
3.151222 67 82 38 101
3.153222 67 82 38 101
3.155222 67 82 38 101
3.157222 67 82 38 101
3.159222 67 82 38 101
3.161222 67 82 38 101
3.163222 67 82 38 101
3.165222 67 82 38 101
3.167222 67 82 38 101
3.169222 67 82 38 101
3.171222 67 82 38 101
3.173222 67 82 38 101
3.175222 67 82 38 101
3.177222 67 82 38 101
3.179222 67 82 38 101
3.181222 67 82 38 101
3.183222 67 82 38 101
3.185222 67 82 37 101
3.187222 67 82 37 101
3.189222 67 82 37 101
3.191222 67 82 37 101
3.193222 67 82 37 101
3.195222 67 82 37 101
3.197222 67 82 37 101
3.199222 67 82 37 101
3.201222 67 82 37 101
3.203222 68 82 37 101
3.205222 68 82 37 101
3.207222 68 82 37 101
3.209222 68 82 37 101
3.211222 68 82 37 101
3.213222 68 82 37 101
3.215222 68 82 37 101
3.217222 68 82 37 101
3.219222 68 82 37 101
3.221222 69 82 37 101
3.223222 69 82 37 101
3.225222 69 82 37 101
3.227222 69 82 37 101
3.229222 69 82 37 101
3.231222 69 82 37 101
3.233222 69 82 37 101
3.235222 69 82 37 101
3.237222 69 82 37 101
3.239222 70 82 37 101
3.241222 70 82 37 101
3.243222 70 82 37 101
3.245222 70 82 37 101
3.247222 70 82 37 101
3.249222 70 82 37 101
3.251222 70 82 37 101
3.253222 70 82 37 101
3.255222 70 82 37 101
3.257222 70 82 37 101
3.259222 71 82 36 101
3.261222 71 82 36 101
3.263222 71 82 36 101
3.265222 71 82 36 101
3.267222 71 82 36 101
3.269222 71 82 36 101
3.271222 71 82 36 101
3.273222 71 82 36 101
3.275222 71 82 36 101
3.277222 72 82 36 102
3.279222 72 82 36 102
3.281222 72 82 36 102
3.283222 72 82 36 102
3.285222 72 82 36 102
3.287222 72 82 36 102
3.289222 72 82 36 102
3.291222 72 82 36 102
3.293222 72 82 36 102
3.295222 73 82 35 103
3.297222 73 82 35 103
3.299222 73 82 35 103
3.301222 73 82 35 103
3.303222 73 82 35 103
3.305222 73 82 35 103
3.307222 73 82 35 103
3.309222 73 82 35 103
3.311222 73 82 35 103
3.313222 74 82 35 104
3.315222 74 82 35 104
3.317222 74 82 35 104
3.319222 74 82 35 104
3.321222 74 82 35 104
3.323222 74 82 35 104
3.325222 74 82 35 104
3.327222 74 82 35 104
3.329222 74 82 35 104
3.331222 75 81 34 105
3.333222 75 81 34 105
3.335222 75 81 34 105
3.337222 75 81 34 105
3.339222 75 81 34 105
3.341222 75 81 34 105
3.343222 75 81 34 105
3.345222 75 81 34 105
3.347222 75 81 34 105
3.349222 75 81 34 105
3.351222 75 81 34 105
3.353222 75 81 34 105
3.355222 76 81 34 105
3.357222 76 81 34 105
3.359222 76 81 34 105
3.361222 76 81 34 105
3.363222 76 81 34 105
3.365222 76 81 34 105
3.367222 76 81 34 106
3.369222 76 81 34 106
3.371222 76 81 34 106
3.373222 76 81 34 106
3.375222 76 81 34 106
3.377222 76 81 34 106
3.379222 77 81 34 106
3.381222 77 81 34 106
3.383222 77 81 34 106
3.385222 77 81 34 106
3.387222 77 81 34 106
3.389222 77 81 34 106
3.391222 77 81 34 106
3.393222 77 81 34 106
3.395222 77 81 34 106
3.397222 77 81 34 106
3.399222 77 81 34 106
3.401222 77 81 34 106
3.403222 78 80 34 107
3.405222 78 80 34 107
3.407222 78 80 34 107
3.409222 78 80 34 107
3.411222 78 80 34 107
3.413222 78 80 34 107
3.415222 78 80 34 107
3.417222 78 80 34 107
3.419222 78 80 34 107
3.421222 78 80 34 107
3.423222 78 80 34 107
3.425222 78 80 34 107
3.427222 78 80 34 107
3.429222 78 80 34 107
3.431222 78 80 34 107
3.433222 78 80 34 107
3.435222 78 80 34 107
3.437222 78 80 34 107
3.439222 78 80 34 107
3.441222 79 80 35 107
3.443222 79 80 35 107
3.445222 79 80 35 107
3.447222 79 80 35 107
3.449222 79 80 35 107
3.451222 79 80 35 107
3.453222 79 80 35 107
3.455222 79 80 35 107
3.457222 79 80 35 107
3.459222 79 80 35 107
3.461222 79 80 35 107
3.463222 79 80 35 107
3.465222 79 80 35 107
3.467222 79 80 35 107
3.469222 79 80 35 107
3.471222 79 80 35 107
3.473222 79 80 35 107
3.475222 79 80 35 107
3.477222 80 80 35 108
3.479222 80 80 35 108
3.481222 80 80 35 108
3.483222 80 80 35 108
3.485222 80 80 35 108
3.487222 80 80 35 108
3.489222 80 80 35 108
3.491222 80 80 35 108
3.493222 80 80 35 108
3.495222 80 80 35 108
3.497222 80 80 35 108
3.499222 80 80 35 108
3.501222 80 80 35 108
3.503222 80 80 35 108
3.505222 80 80 35 108
3.507222 80 80 35 108
3.509222 80 80 35 108
3.511222 80 80 35 108
3.513222 81 80 35 109
3.515222 81 80 35 109
3.517222 81 80 35 109
3.519222 81 80 35 109
3.521222 81 80 35 109
3.523222 81 80 35 109
3.525222 81 80 35 109
3.527222 81 80 35 109
3.529222 81 80 35 109
3.531222 81 80 35 109
3.533222 81 80 35 109
3.535222 81 80 35 109
3.537222 81 80 35 109
3.539222 81 80 35 109
3.541222 81 80 35 109
3.543222 81 80 35 109
3.545222 81 80 35 109
3.547222 81 80 35 109
3.549222 82 80 35 110
3.551222 82 80 35 110
3.553222 82 80 35 110
3.555222 82 80 35 110
3.557222 82 80 35 110
3.559222 82 80 35 110
3.561222 82 80 35 110
3.563222 82 80 35 110
3.565222 82 80 35 110
3.567222 82 80 35 110
3.569222 83 80 35 110
3.571222 83 80 35 110
3.573222 83 80 35 110
3.575222 83 80 36 110
3.577222 83 80 36 110
3.579222 83 80 36 110
3.581222 83 80 36 110
3.583222 83 80 36 110
3.585222 83 80 36 110
3.587222 84 80 36 110
3.589222 84 80 36 110
3.591222 84 80 36 110
3.593222 84 80 36 110
3.595222 84 80 36 110
3.597222 84 80 36 110
3.599222 84 80 37 110
3.601222 84 80 37 110
3.603222 84 80 37 110
3.605222 85 80 37 110
3.607222 85 80 37 110
3.609222 85 80 37 110
3.611222 85 80 37 110
3.613222 85 80 37 110
3.615222 85 80 37 110
3.617222 85 80 37 110
3.619222 85 80 37 110
3.621222 85 80 37 110
3.623222 86 79 37 110
3.625222 86 79 37 110
3.627222 86 79 37 110
3.629222 86 79 37 110
3.631222 86 79 37 110
3.633222 86 79 37 110
3.635222 86 79 37 110
3.637222 86 79 36 110
3.639222 86 79 36 110
3.641222 86 79 36 111
3.643222 86 79 36 111
3.645222 86 79 36 111
3.647222 87 79 36 111
3.649222 87 79 36 111
3.651222 87 79 36 111
3.653222 87 79 35 111
3.655222 87 79 35 111
3.657222 87 79 35 111
3.659222 87 79 35 112
3.661222 87 79 35 112
3.663222 87 79 35 112
3.665222 87 79 35 112
3.667222 87 79 34 112
3.669222 87 79 34 112
3.671222 88 79 34 112
3.673222 88 79 34 112
3.675222 88 79 34 112
3.677222 88 79 34 113
3.679222 88 79 34 113
3.681222 88 79 33 113
3.683222 88 79 33 113
3.685222 88 79 33 113
3.687222 88 79 33 113
3.689222 88 79 33 113
3.691222 88 79 33 113
3.693222 88 79 33 113
3.695222 89 78 33 114
3.697222 89 78 33 114
3.699222 89 78 33 114
3.701222 89 78 33 114
3.703222 89 78 33 114
3.705222 89 78 33 114
3.707222 89 78 33 114
3.709222 89 78 33 114
3.711222 89 78 33 114
3.713222 89 78 33 114
3.715222 89 78 33 114
3.717222 89 78 33 114
3.719222 89 78 33 114
3.721222 89 78 34 114
3.723222 89 78 34 114
3.725222 89 78 34 114
3.727222 89 78 34 114
3.729222 89 78 34 114
3.731222 89 78 34 114
3.733222 89 78 34 114
3.735222 89 78 34 114
3.737222 89 78 34 114
3.739222 89 78 34 114
3.741222 89 78 34 114
3.743222 89 78 34 114
3.745222 89 78 35 114
3.747222 89 78 35 114
3.749222 89 78 35 114
3.751222 89 78 35 114
3.753222 89 78 35 114
3.755222 89 78 35 114
3.757222 89 78 35 114
3.759222 89 78 35 114
3.761222 89 78 35 114
3.763222 89 78 35 114
3.765222 89 78 35 114
3.767222 89 78 35 114
3.769222 90 78 36 114
3.771222 90 78 36 114
3.773222 90 78 36 114
3.775222 90 78 36 114
3.777222 90 78 36 114
3.779222 90 78 36 114
3.781222 90 78 36 114
3.783222 90 78 36 114
3.785222 90 78 36 114
3.787222 90 78 36 114
3.789222 90 78 36 114
3.791222 90 78 36 114
3.793222 90 78 36 114
3.795222 90 78 36 114
3.797222 90 78 36 114
3.799222 90 78 36 114
3.801222 90 78 36 114
3.803222 90 78 36 114
3.805222 91 78 36 114
3.807222 91 78 36 114
3.809222 91 78 36 114
3.811222 91 78 36 114
3.813222 91 78 36 114
3.815222 91 78 36 114
3.817222 91 78 36 114
3.819222 91 78 36 114
3.821222 91 78 36 114
3.823222 91 78 36 114
3.825222 91 78 36 114
3.827222 91 78 36 114
3.829222 91 78 36 114
3.831222 91 78 36 114
3.833222 91 78 36 114
3.835222 91 78 36 114
3.837222 91 78 36 114
3.839222 91 78 36 114
3.841222 92 78 37 113
3.843222 92 78 37 113
3.845222 92 78 37 113
3.847222 92 78 37 113
3.849222 92 78 37 113
3.851222 92 78 37 113
3.853222 92 78 37 113
3.855222 92 78 37 113
3.857222 92 78 37 113
3.859222 92 78 37 113
3.861222 92 78 37 113
3.863222 92 78 37 113
3.865222 92 78 37 113
3.867222 92 78 37 113
3.869222 92 78 37 113
3.871222 92 78 37 113
3.873222 92 78 37 113
3.875222 92 78 37 113
3.877222 92 78 37 113
3.879222 92 78 38 112
3.881222 92 78 38 112
3.883222 92 78 38 112
3.885222 92 78 38 112
3.887222 92 78 38 112
3.889222 92 78 38 112
3.891222 92 78 38 112
3.893222 92 78 38 112
3.895222 92 78 38 112
3.897222 92 78 38 112
3.899222 92 78 38 112
3.901222 92 78 38 112
3.903222 92 78 38 112
3.905222 92 78 38 112
3.907222 92 78 38 112
3.909222 92 78 38 112
3.911222 92 78 38 112
3.913222 92 78 38 112
3.915222 92 77 39 112
3.917222 92 77 39 112
3.919222 92 77 39 112
3.921222 92 77 39 112
3.923222 92 77 39 112
3.925222 92 77 39 112
3.927222 92 77 39 112
3.929222 92 77 39 112
3.931222 92 77 39 112
3.933222 92 76 39 113
3.935222 92 76 39 113
3.937222 92 76 39 113
3.939222 92 76 40 113
3.941222 92 76 40 113
3.943222 92 76 40 113
3.945222 92 76 40 113
3.947222 92 76 40 113
3.949222 92 76 40 113
3.951222 92 75 40 114
3.953222 92 75 40 114
3.955222 92 75 40 114
3.957222 92 75 40 114
3.959222 92 75 40 114
3.961222 92 75 40 114
3.963222 92 75 41 114
3.965222 92 75 41 114
3.967222 92 75 41 114
3.969222 92 74 41 115
3.971222 92 74 41 115
3.973222 92 74 41 115
3.975222 92 74 41 115
3.977222 92 74 41 115
3.979222 92 74 41 115
3.981222 92 74 41 115
3.983222 92 74 41 115
3.985222 92 74 41 115
3.987222 92 73 42 115
3.989222 92 73 42 115
3.991222 92 73 42 115
3.993222 92 73 42 115
3.995222 92 73 42 115
3.997222 92 73 42 115
3.999222 92 73 42 115
4.001222 92 73 42 115
4.003222 92 73 42 115
4.005222 92 73 42 115
4.007222 92 73 42 115
4.009222 92 73 42 115
4.011222 92 73 43 115
4.013222 92 73 43 115
4.015222 92 73 43 115
4.017222 92 73 43 115
4.019222 92 73 43 115
4.021222 92 73 43 115
4.023222 92 73 43 115
4.025222 92 73 43 115
4.027222 92 73 43 115
4.029222 92 73 43 115
4.031222 92 73 43 115
4.033222 92 73 43 115
4.035222 92 73 43 115
4.037222 92 73 44 115
4.039222 92 73 44 115
4.041222 92 73 44 115
4.043222 92 73 44 115
4.045222 92 73 44 115
4.047222 92 73 44 115
4.049222 92 73 44 115
4.051222 92 73 44 115
4.053222 92 73 44 115
4.055222 92 73 44 115
4.057222 92 73 44 115
4.059222 92 73 44 115
4.061222 92 72 45 115
4.063222 92 72 45 115
4.065222 92 72 45 115
4.067222 92 72 45 115
4.069222 92 72 45 115
4.071222 92 72 45 115
4.073222 92 72 45 116
4.075222 92 72 45 116
4.077222 92 72 45 116
4.079222 92 72 45 116
4.081222 92 72 45 116
4.083222 92 72 45 116
4.085222 92 72 45 117
4.087222 92 72 45 117
4.089222 92 72 45 117
4.091222 92 72 45 117
4.093222 92 72 45 117
4.095222 92 72 45 117
4.097222 92 71 46 118
4.099222 92 71 46 118
4.101222 92 71 46 118
4.103222 92 71 46 118
4.105222 92 71 46 118
4.107222 92 71 46 118
4.109222 92 71 46 119
4.111222 92 71 46 119
4.113222 92 71 46 119
4.115222 92 71 46 119
4.117222 92 71 46 119
4.119222 92 71 46 119
4.121222 92 71 46 120
4.123222 92 71 46 120
4.125222 92 71 46 120
4.127222 92 71 46 120
4.129222 92 71 46 120
4.131222 92 71 46 120
4.133222 92 71 47 121
4.135222 92 71 47 121
4.137222 92 71 47 121
4.139222 92 71 47 121
4.141222 92 71 47 121
4.143222 92 71 47 121
4.145222 92 71 47 121
4.147222 92 71 47 121
4.149222 93 71 47 121
4.151222 93 71 47 121
4.153222 93 71 47 121
4.155222 93 71 47 121
4.157222 93 71 47 121
4.159222 93 71 47 121
4.161222 93 71 47 121
4.163222 94 71 47 121
4.165222 94 71 47 121
4.167222 94 71 47 121
4.169222 94 71 47 121
4.171222 94 71 47 121
4.173222 94 71 47 121
4.175222 94 71 47 121
4.177222 95 71 47 121
4.179222 95 71 47 121
4.181222 95 71 47 121
4.183222 95 71 47 121
4.185222 95 71 47 121
4.187222 95 71 47 121
4.189222 95 71 47 121
4.191222 96 71 47 121
4.193222 96 71 47 121
4.195222 96 71 47 121
4.197222 96 71 47 121
4.199222 96 71 47 121
4.201222 96 71 47 121
4.203222 96 71 47 121
4.205222 96 71 47 121
4.207222 97 71 48 122
4.209222 97 71 48 122
4.211222 97 71 48 122
4.213222 97 71 48 122
4.215222 97 71 48 122
4.217222 97 71 48 122
4.219222 97 71 48 122
4.221222 97 71 48 122
4.223222 97 71 48 122
4.225222 97 71 48 122
4.227222 97 71 48 122
4.229222 97 71 48 122
4.231222 98 71 49 122
4.233222 98 71 49 122
4.235222 98 71 49 122
4.237222 98 71 49 122
4.239222 98 71 49 122
4.241222 98 71 49 122
4.243222 98 71 49 122
4.245222 98 71 49 122
4.247222 98 71 49 122
4.249222 98 71 49 122
4.251222 98 71 49 122
4.253222 98 71 49 122
4.255222 99 71 50 122
4.257222 99 71 50 122
4.259222 99 71 50 122
4.261222 99 71 50 122
4.263222 99 71 50 122
4.265222 99 71 50 122
4.267222 99 71 50 122
4.269222 99 71 50 122
4.271222 99 71 50 122
4.273222 99 71 50 122
4.275222 99 71 50 122
4.277222 99 71 50 122
4.279222 100 72 50 122
4.281222 100 72 50 122
4.283222 100 72 50 122
4.285222 100 72 50 122
4.287222 100 72 50 122
4.289222 100 72 50 122
4.291222 100 72 50 122
4.293222 100 72 50 122
4.295222 100 72 50 122
4.297222 100 72 50 122
4.299222 100 72 50 122
4.301222 100 72 50 122
4.303222 101 72 50 122
4.305222 101 72 50 122
4.307222 101 72 50 122
4.309222 101 72 50 122
4.311222 101 72 50 122
4.313222 101 72 50 122
4.315222 101 72 49 122
4.317222 101 72 49 122
4.319222 101 72 49 122
4.321222 101 72 49 122
4.323222 101 72 49 122
4.325222 101 72 49 122
4.327222 101 72 49 122
4.329222 102 72 49 122
4.331222 102 72 49 122
4.333222 102 72 49 122
4.335222 102 72 49 122
4.337222 102 72 49 122
4.339222 102 72 49 122
4.341222 102 72 49 122
4.343222 102 72 49 122
4.345222 102 72 49 122
4.347222 102 72 49 122
4.349222 102 72 49 122
4.351222 102 72 49 122
4.353222 103 72 49 122
4.355222 103 72 49 122
4.357222 103 72 49 122
4.359222 103 72 49 122
4.361222 103 72 49 122
4.363222 103 72 49 122
4.365222 103 72 49 122
4.367222 103 72 49 122
4.369222 103 72 49 122
4.371222 104 72 49 123
4.373222 104 72 49 123
4.375222 104 72 49 123
4.377222 104 72 49 123
4.379222 104 72 49 123
4.381222 104 72 49 123
4.383222 104 72 49 123
4.385222 104 72 49 123
4.387222 104 72 49 123
4.389222 105 71 49 124
4.391222 105 71 49 124
4.393222 105 71 49 124
4.395222 105 71 49 124
4.397222 105 71 49 124
4.399222 105 71 49 124
4.401222 105 71 49 124
4.403222 105 71 49 124
4.405222 105 71 49 124
4.407222 106 71 49 125
4.409222 106 71 49 125
4.411222 106 71 49 125
4.413222 106 71 49 125
4.415222 106 71 49 125
4.417222 106 71 49 125
4.419222 106 71 49 125
4.421222 106 71 49 125
4.423222 106 71 49 125
4.425222 107 70 48 126
4.427222 107 70 48 126
4.429222 107 70 48 126
4.431222 107 70 48 126
4.433222 107 70 48 126
4.435222 107 70 48 126
4.437222 107 70 48 126
4.439222 107 70 48 126
4.441222 107 70 48 126
4.443222 108 70 48 126
4.445222 108 70 48 126
4.447222 108 70 48 126
4.449222 108 70 47 126
4.451222 108 70 47 126
4.453222 108 70 47 126
4.455222 108 70 47 126
4.457222 108 70 47 126
4.459222 108 70 47 126
4.461222 109 70 47 126
4.463222 109 70 47 126
4.465222 109 70 47 126
4.467222 109 70 47 126
4.469222 109 70 47 126
4.471222 109 70 47 126
4.473222 109 70 47 126
4.475222 109 70 46 126
4.477222 109 70 46 126
4.479222 109 70 46 126
4.481222 110 70 46 126
4.483222 110 70 46 126
4.485222 110 70 46 126
4.487222 110 70 46 126
4.489222 110 70 46 126
4.491222 110 70 46 126
4.493222 110 70 46 126
4.495222 110 70 46 126
4.497222 110 70 46 126
4.499222 111 69 45 127
4.501222 111 69 45 127
4.503222 111 69 45 127
4.505222 111 69 45 127
4.507222 111 69 45 127
4.509222 112 69 45 127
4.511222 112 69 45 127
4.513222 112 69 45 127
4.515222 112 69 45 127
4.517222 112 69 45 127
4.519222 113 69 45 127
4.521222 113 69 45 127
4.523222 113 69 44 127
4.525222 113 69 44 127
4.527222 113 69 44 127
4.529222 114 69 44 127
4.531222 114 69 44 127
4.533222 114 69 44 127
4.535222 114 68 44 128
4.537222 114 68 44 128
4.539222 114 68 44 128
4.541222 115 68 44 128
4.543222 115 68 44 128
4.545222 115 68 44 128
4.547222 115 68 43 128
4.549222 115 68 43 128
4.551222 116 68 43 128
4.553222 116 68 43 128
4.555222 116 68 43 128
4.557222 116 68 43 128
4.559222 116 68 43 128
4.561222 117 68 43 128
4.563222 117 68 43 128
4.565222 117 68 43 128
4.567222 117 68 43 128
4.569222 117 68 43 128
4.571222 118 67 43 128
4.573222 118 67 43 128
4.575222 118 67 43 128
4.577222 118 67 43 128
4.579222 118 67 43 128
4.581222 118 67 43 128
4.583222 118 67 43 128
4.585222 119 67 43 128
4.587222 119 67 43 128
4.589222 119 67 43 128
4.591222 119 67 43 128
4.593222 119 67 43 128
4.595222 119 67 43 128
4.597222 119 67 43 128
4.599222 119 67 43 128
4.601222 120 67 43 128
4.603222 120 67 43 128
4.605222 120 67 43 128
4.607222 120 67 43 128
4.609222 120 67 43 128
4.611222 120 67 43 128
4.613222 120 67 43 128
4.615222 121 67 43 128
4.617222 121 67 43 128
4.619222 121 67 43 128
4.621222 121 67 43 128
4.623222 121 67 43 128
4.625222 121 67 43 128
4.627222 121 67 43 128
4.629222 122 67 43 128
4.631222 122 67 43 128
4.633222 122 67 43 128
4.635222 122 67 43 128
4.637222 122 67 43 128
4.639222 122 67 43 128
4.641222 122 67 43 128
4.643222 122 67 43 128
4.645222 123 67 42 128
4.647222 123 67 42 128
4.649222 123 67 42 128
4.651222 123 67 42 128
4.653222 123 67 42 128
4.655222 123 67 42 128
4.657222 123 67 42 128
4.659222 123 67 42 128
4.661222 123 67 42 128
4.663222 124 67 42 128
4.665222 124 67 42 128
4.667222 124 67 42 128
4.669222 124 67 42 129
4.671222 124 67 42 129
4.673222 124 67 42 129
4.675222 124 67 42 129
4.677222 124 67 42 129
4.679222 124 67 42 129
4.681222 125 67 42 129
4.683222 125 67 42 129
4.685222 125 67 42 129
4.687222 125 67 42 129
4.689222 125 67 42 129
4.691222 125 67 42 129
4.693222 125 67 42 130
4.695222 125 67 42 130
4.697222 125 67 42 130
4.699222 126 67 42 130
4.701222 126 67 42 130
4.703222 126 67 42 130
4.705222 126 67 42 130
4.707222 126 67 42 130
4.709222 126 67 42 130
4.711222 126 67 42 130
4.713222 126 67 42 130
4.715222 126 67 42 130
4.717222 127 66 42 131
4.719222 127 66 42 131
4.721222 127 66 42 131
4.723222 127 66 42 131
4.725222 127 66 42 131
4.727222 127 66 42 131
4.729222 127 66 42 131
4.731222 127 66 42 131
4.733222 127 66 42 131
4.735222 128 66 42 131
4.737222 128 66 42 131
4.739222 128 66 42 131
4.741222 128 66 42 132
4.743222 128 66 42 132
4.745222 128 66 42 132
4.747222 128 66 42 132
4.749222 128 66 42 132
4.751222 128 66 42 132
4.753222 129 66 42 132
4.755222 129 66 42 132
4.757222 129 66 42 132
4.759222 129 66 42 132
4.761222 129 66 42 132
4.763222 129 66 42 132
4.765222 129 66 42 133
4.767222 129 66 42 133
4.769222 129 66 42 133
4.771222 130 66 42 133
4.773222 130 66 42 133
4.775222 130 66 42 133
4.777222 130 66 42 133
4.779222 130 66 42 133
4.781222 130 66 42 133
4.783222 130 66 42 133
4.785222 130 66 42 133
4.787222 130 66 42 133
4.789222 130 66 42 133
4.791222 131 66 42 134
4.793222 131 66 42 134
4.795222 131 66 42 134
4.797222 131 66 42 134
4.799222 131 66 42 134
4.801222 131 66 42 134
4.803222 131 66 42 134
4.805222 131 66 42 134
4.807222 131 66 42 134
4.809222 132 66 42 134
4.811222 132 66 42 134
4.813222 132 66 42 134
4.815222 132 66 42 134
4.817222 132 66 42 134
4.819222 132 66 42 134
4.821222 132 66 42 134
4.823222 132 66 42 134
4.825222 132 66 42 134
4.827222 133 66 42 135
4.829222 133 66 42 135
4.831222 133 66 42 135
4.833222 133 66 42 135
4.835222 133 66 42 135
4.837222 133 66 42 135
4.839222 133 66 42 135
4.841222 133 66 42 135
4.843222 133 66 42 135
4.845222 134 66 42 135
4.847222 134 66 42 135
4.849222 134 66 42 135
4.851222 134 66 42 135
4.853222 134 66 42 135
4.855222 134 66 42 135
4.857222 134 66 42 135
4.859222 134 66 42 135
4.861222 134 66 42 135
4.863222 135 67 43 136
4.865222 135 67 43 136
4.867222 135 67 43 136
4.869222 135 67 43 136
4.871222 135 67 43 136
4.873222 135 67 43 136
4.875222 135 67 43 136
4.877222 135 67 43 136
4.879222 135 67 43 136
4.881222 135 67 43 136
4.883222 135 67 43 136
4.885222 135 67 43 136
4.887222 136 67 43 136
4.889222 136 67 43 136
4.891222 136 67 43 136
4.893222 136 67 43 136
4.895222 136 67 43 136
4.897222 136 67 43 136
4.899222 136 67 43 137
4.901222 136 67 43 137
4.903222 136 67 43 137
4.905222 136 67 43 137
4.907222 136 67 43 137
4.909222 136 67 43 137
4.911222 137 67 43 137
4.913222 137 67 43 137
4.915222 137 67 43 137
4.917222 137 67 43 137
4.919222 137 67 43 137
4.921222 137 67 43 137
4.923222 137 67 43 137
4.925222 137 67 43 137
4.927222 137 67 43 137
4.929222 137 67 43 137
4.931222 137 67 43 137
4.933222 137 67 43 137
4.935222 137 67 43 137
4.937222 138 67 43 138
4.939222 138 67 43 138
4.941222 138 67 43 138
4.943222 138 67 43 138
4.945222 138 67 43 138
4.947222 138 67 43 138
4.949222 138 67 43 138
4.951222 138 67 44 138
4.953222 138 67 44 138
4.955222 138 67 44 138
4.957222 138 67 44 138
4.959222 138 67 44 138
4.961222 139 67 44 138
4.963222 139 67 44 138
4.965222 139 67 45 138
4.967222 139 67 45 138
4.969222 139 67 45 138
4.971222 139 67 45 138
4.973222 139 67 45 138
4.975222 139 67 45 138
4.977222 139 67 45 138
4.979222 139 67 46 138
4.981222 139 67 46 138
4.983222 139 67 46 138
4.985222 140 67 46 138
4.987222 140 67 46 138
4.989222 140 67 46 138
4.991222 140 67 46 138
4.993222 140 67 46 138
4.995222 140 67 47 138
4.997222 140 67 47 138
4.999222 140 67 47 138
5.001222 140 67 47 138
5.003222 140 67 47 138
5.005222 140 67 47 138
5.007222 140 67 47 138
5.009222 141 66 47 139
5.011222 141 66 47 139
5.013222 141 66 47 139
5.015222 141 66 47 139
5.017222 141 66 47 139
5.019222 141 66 47 139
5.021222 141 66 47 139
5.023222 141 66 47 140
5.025222 141 66 47 140
5.027222 141 66 47 140
5.029222 141 66 47 140
5.031222 141 66 47 140
5.033222 142 66 47 140
5.035222 142 66 47 140
5.037222 142 66 47 140
5.039222 142 66 47 141
5.041222 142 66 47 141
5.043222 142 66 47 141
5.045222 142 65 46 141
5.047222 142 65 46 141
5.049222 142 65 46 141
5.051222 142 65 46 141
5.053222 142 65 46 142
5.055222 142 65 46 142
5.057222 143 65 46 142
5.059222 143 65 46 142
5.061222 143 65 46 142
5.063222 143 65 46 142
5.065222 143 65 46 142
5.067222 143 65 46 143
5.069222 143 65 46 143
5.071222 143 65 46 143
5.073222 143 65 46 143
5.075222 143 65 46 143
5.077222 143 65 46 143
5.079222 143 65 46 143
5.081222 144 64 45 144
5.083222 144 64 45 144
5.085222 144 64 45 144
5.087222 144 64 45 144
5.089222 144 64 45 144
5.091222 144 64 45 144
5.093222 144 64 45 145
5.095222 144 64 45 145
5.097222 144 64 44 145
5.099222 144 64 44 145
5.101222 144 64 44 145
5.103222 144 64 44 146
5.105222 144 64 44 146
5.107222 145 64 44 146
5.109222 145 64 44 146
5.111222 145 64 43 146
5.113222 145 64 43 147
5.115222 145 64 43 147
5.117222 145 64 43 147
5.119222 145 63 43 147
5.121222 145 63 43 147
5.123222 145 63 43 148
5.125222 145 63 42 148
5.127222 145 63 42 148
5.129222 145 63 42 148
5.131222 146 63 42 148
5.133222 146 63 42 148
5.135222 146 63 42 149
5.137222 146 63 42 149
5.139222 146 63 42 149
5.141222 146 63 41 149
5.143222 146 63 41 149
5.145222 146 63 41 150
5.147222 146 63 41 150
5.149222 146 63 41 150
5.151222 146 63 41 150
5.153222 146 63 41 150
5.155222 147 62 41 151
5.157222 147 62 41 151
5.159222 147 62 41 151
5.161222 147 62 41 151
5.163222 147 62 41 151
5.165222 147 62 41 151
5.167222 147 62 41 151
5.169222 147 62 41 151
5.171222 147 62 41 151
5.173222 147 62 41 151
5.175222 147 62 41 151
5.177222 147 62 41 151
5.179222 148 61 42 151
5.181222 148 61 42 151
5.183222 148 61 42 151
5.185222 148 61 42 151
5.187222 148 61 42 151
5.189222 148 61 42 151
5.191222 148 61 42 151
5.193222 148 61 42 151
5.195222 148 61 42 151
5.197222 148 61 42 151
5.199222 148 61 42 151
5.201222 148 61 42 151
5.203222 149 60 43 151
5.205222 149 60 43 151
5.207222 149 60 43 151
5.209222 149 60 43 151
5.211222 149 60 43 151
5.213222 149 60 43 151
5.215222 149 60 43 151
5.217222 149 60 43 151
5.219222 149 60 43 151
5.221222 149 60 43 151
5.223222 149 60 43 151
5.225222 149 60 43 151
5.227222 149 60 44 150
5.229222 149 60 44 150
5.231222 149 60 44 150
5.233222 149 60 44 150
5.235222 149 60 45 150
5.237222 149 60 45 150
5.239222 149 60 45 150
5.241222 149 60 45 150
5.243222 149 60 46 150
5.245222 149 60 46 150
5.247222 149 60 46 150
5.249222 149 60 47 150
5.251222 149 60 47 150
5.253222 149 60 47 150
5.255222 149 60 47 150
5.257222 149 60 48 150
5.259222 149 60 48 150
5.261222 149 60 48 150
5.263222 149 60 48 150
5.265222 149 61 49 149
5.267222 149 61 49 149
5.269222 149 61 49 149
5.271222 149 61 50 149
5.273222 149 61 50 149
5.275222 149 61 50 149
5.277222 149 61 50 149
5.279222 149 61 51 149
5.281222 149 61 51 149
5.283222 149 61 51 149
5.285222 149 61 51 149
5.287222 149 61 52 149
5.289222 149 61 52 149
5.291222 149 61 52 149
5.293222 149 61 53 149
5.295222 149 61 53 149
5.297222 149 61 53 149
5.299222 149 61 53 149
5.301222 149 62 54 149
5.303222 149 62 54 149
5.305222 149 62 54 149
5.307222 149 62 54 149
5.309222 149 62 54 149
5.311222 149 62 54 149
5.313222 149 62 54 149
5.315222 150 62 54 149
5.317222 150 62 54 149
5.319222 150 62 54 149
5.321222 150 62 54 149
5.323222 150 62 54 149
5.325222 150 62 54 149
5.327222 150 62 54 149
5.329222 150 62 54 149
5.331222 151 62 54 149
5.333222 151 62 54 149
5.335222 151 62 54 149
5.337222 151 62 55 149
5.339222 151 62 55 149
5.341222 151 62 55 149
5.343222 151 62 55 149
5.345222 152 62 55 149
5.347222 152 62 55 149
5.349222 152 62 55 149
5.351222 152 62 55 149
5.353222 152 62 55 149
5.355222 152 62 55 149
5.357222 152 62 55 149
5.359222 153 62 55 149
5.361222 153 62 55 149
5.363222 153 62 55 149
5.365222 153 62 55 149
5.367222 153 62 55 149
5.369222 153 62 55 149
5.371222 153 62 55 149
5.373222 153 63 56 149
5.375222 153 63 56 149
5.377222 153 63 56 149
5.379222 153 63 56 149
5.381222 153 63 57 149
5.383222 153 63 57 149
5.385222 153 63 57 149
5.387222 153 63 57 149
5.389222 153 63 57 149
5.391222 153 63 58 149
5.393222 153 63 58 150
5.395222 153 63 58 150
5.397222 153 63 58 150
5.399222 153 63 59 150
5.401222 153 63 59 150
5.403222 153 63 59 150
5.405222 153 63 59 150
5.407222 153 63 60 150
5.409222 153 63 60 150
5.411222 152 63 60 151
5.413222 152 63 60 151
5.415222 152 63 61 151
5.417222 152 63 61 151
5.419222 152 63 61 151
5.421222 152 63 61 151
5.423222 152 63 62 151
5.425222 152 63 62 151
5.427222 152 63 62 151
5.429222 152 63 62 152
5.431222 152 63 63 152
5.433222 152 63 63 152
5.435222 152 63 63 152
5.437222 152 63 63 152
5.439222 152 63 64 152
5.441222 152 63 64 152
5.443222 152 63 64 152
5.445222 152 63 64 152
5.447222 152 62 64 153
5.449222 152 62 64 153
5.451222 152 62 64 153
5.453222 153 62 64 153
5.455222 153 62 64 153
5.457222 153 62 64 153
5.459222 153 62 64 153
5.461222 154 62 64 153
5.463222 154 62 64 153
5.465222 154 62 63 153
5.467222 155 62 63 153
5.469222 155 62 63 153
5.471222 155 62 63 153
5.473222 156 62 63 153
5.475222 156 62 63 153
5.477222 156 62 63 153
5.479222 157 62 63 153
5.481222 157 62 63 153
5.483222 157 62 62 153
5.485222 157 62 62 153
5.487222 158 62 62 153
5.489222 158 62 62 153
5.491222 158 62 62 153
5.493222 159 62 62 153
5.495222 159 62 62 153
5.497222 159 62 62 153
5.499222 160 62 62 153
5.501222 160 62 61 153
5.503222 160 62 61 153
5.505222 160 62 61 153
5.507222 161 62 61 153
5.509222 161 62 61 153
5.511222 161 62 61 153
5.513222 162 62 61 153
5.515222 162 62 61 153
5.517222 162 62 61 153
5.519222 163 62 61 152
5.521222 163 62 61 152
5.523222 163 62 61 152
5.525222 163 62 61 152
5.527222 163 62 61 152
5.529222 163 62 61 152
5.531222 163 62 61 152
5.533222 163 62 61 152
5.535222 163 62 61 152
5.537222 164 62 62 152
5.539222 164 62 62 152
5.541222 164 62 62 152
5.543222 164 62 62 152
5.545222 164 62 62 152
5.547222 164 62 62 152
5.549222 164 62 62 152
5.551222 164 62 62 152
5.553222 164 62 62 152
5.555222 164 62 62 152
5.557222 165 62 63 152
5.559222 165 62 63 152
5.561222 165 62 63 152
5.563222 165 62 63 152
5.565222 165 62 63 152
5.567222 165 62 63 152
5.569222 165 62 63 152
5.571222 165 62 63 152
5.573222 165 62 63 152
5.575222 166 62 64 152
5.577222 166 62 64 152
5.579222 166 62 64 152
5.581222 166 62 64 152
5.583222 166 62 64 152
5.585222 166 62 64 152
5.587222 166 62 64 152
5.589222 166 62 64 152
5.591222 166 62 64 152
