0.053744 307 120 25 73
0.055744 306 120 25 73
0.057744 306 120 25 73
0.059744 306 120 25 73
0.061744 306 120 25 73
0.063744 306 120 25 73
0.065744 306 120 25 73
0.067744 306 120 25 73
0.069744 306 120 25 73
0.071744 306 120 25 73
0.073744 306 120 25 73
0.075744 306 120 25 73
0.077744 306 120 25 73
0.079744 306 120 25 73
0.081744 306 120 25 73
0.083744 306 120 25 73
0.085744 306 120 25 73
0.087744 305 120 26 73
0.089744 305 120 26 73
0.091744 305 120 26 73
0.093744 305 120 26 73
0.095744 305 120 26 73
0.097744 305 120 26 73
0.099744 305 120 26 73
0.101744 305 120 26 73
0.103744 305 120 26 73
0.105744 305 120 26 73
0.107744 305 120 26 73
0.109744 305 120 26 73
0.111744 305 120 26 73
0.113744 305 120 26 73
0.115744 305 120 26 73
0.117744 305 120 26 73
0.119744 305 120 26 73
0.121744 304 120 27 73
0.123744 304 120 27 73
0.125744 304 120 27 73
0.127744 304 120 27 73
0.129744 304 120 27 73
0.131744 304 120 27 73
0.133744 304 120 27 73
0.135744 304 120 27 73
0.137744 304 120 27 73
0.139744 304 120 27 73
0.141744 304 120 27 73
0.143744 303 120 27 73
0.145744 303 120 27 73
0.147744 303 120 27 73
0.149744 303 120 27 73
0.151744 303 120 27 73
0.153744 303 120 28 73
0.155744 303 120 28 73
0.157744 303 120 28 73
0.159744 303 120 28 73
0.161744 303 120 28 73
0.163744 303 120 28 73
0.165744 302 120 28 73
0.167744 302 120 28 73
0.169744 302 120 28 73
0.171744 302 120 28 73
0.173744 302 120 28 73
0.175744 302 120 28 73
0.177744 302 120 28 73
0.179744 302 120 28 73
0.181744 302 120 28 73
0.183744 302 120 28 73
0.185744 302 120 28 73
0.187744 301 119 29 73
0.189744 301 119 29 73
0.191744 301 119 29 73
0.193744 301 119 29 73
0.195744 301 119 29 73
0.197744 301 119 29 73
0.199744 301 119 30 73
0.201744 301 119 30 73
0.203744 301 119 30 73
0.205744 301 119 30 73
0.207744 301 119 30 73
0.209744 300 119 30 73
0.211744 300 119 30 73
0.213744 300 119 31 73
0.215744 300 119 31 73
0.217744 300 119 31 73
0.219744 300 119 31 73
0.221744 300 119 31 73
0.223744 300 119 31 73
0.225744 300 119 31 73
0.227744 300 119 32 73
0.229744 300 119 32 73
0.231744 299 119 32 73
0.233744 299 119 32 73
0.235744 299 119 32 73
0.237744 299 119 32 73
0.239744 299 119 33 73
0.241744 299 119 33 73
0.243744 299 119 33 73
0.245744 299 119 33 73
0.247744 299 119 33 73
0.249744 299 119 33 73
0.251744 299 119 33 73
0.253744 298 118 34 73
0.255744 298 118 34 73
0.257744 298 118 34 73
0.259744 298 118 34 73
0.261744 298 118 34 73
0.263744 298 118 34 73
0.265744 298 118 34 73
0.267744 298 118 34 73
0.269744 298 118 34 73
0.271744 298 118 34 73
0.273744 298 118 34 73
0.275744 298 118 34 73
0.277744 298 118 34 73
0.279744 298 118 34 73
0.281744 298 118 34 73
0.283744 298 118 34 73
0.285744 298 118 34 73
0.287744 297 118 34 73
0.289744 297 118 34 73
0.291744 297 118 34 73
0.293744 297 118 34 73
0.295744 297 118 34 73
0.297744 297 118 34 73
0.299744 297 118 34 73
0.301744 297 118 34 73
0.303744 297 118 34 73
0.305744 297 118 34 73
0.307744 297 118 34 73
0.309744 297 118 34 73
0.311744 297 118 34 73
0.313744 297 118 34 73
0.315744 297 118 34 73
0.317744 297 118 34 73
0.319744 296 117 33 72
0.321744 296 117 33 72
0.323744 296 117 33 72
0.325744 296 117 33 72
0.327744 296 117 33 72
0.329744 296 117 33 72
0.331744 296 117 33 72
0.333744 296 117 33 72
0.335744 296 117 33 72
0.337744 296 117 33 72
0.339744 296 117 33 72
0.341744 295 117 33 72
0.343744 295 117 33 72
0.345744 295 117 33 72
0.347744 295 117 33 72
0.349744 295 117 33 72
0.351744 295 117 33 72
0.353744 295 117 32 72
0.355744 295 117 32 72
0.357744 295 117 32 72
0.359744 295 117 32 72
0.361744 295 117 32 72
0.363744 294 117 32 72
0.365744 294 117 32 72
0.367744 294 117 32 72
0.369744 294 117 32 72
0.371744 294 117 32 72
0.373744 294 117 32 72
0.375744 294 117 32 72
0.377744 294 117 32 72
0.379744 294 117 32 72
0.381744 294 117 32 72
0.383744 294 117 32 72
0.385744 293 117 31 71
0.387744 293 117 31 71
0.389744 293 117 31 71
0.391744 293 117 31 71
0.393744 293 117 31 71
0.395744 293 117 31 71
0.397744 293 117 31 71
0.399744 293 117 30 71
0.401744 293 117 30 71
0.403744 293 117 30 71
0.405744 293 117 30 71
0.407744 292 117 30 71
0.409744 292 117 30 71
0.411744 292 117 30 71
0.413744 292 117 29 71
0.415744 292 117 29 71
0.417744 292 117 29 71
0.419744 292 117 29 71
0.421744 292 117 29 71
0.423744 292 117 29 71
0.425744 292 117 28 71
0.427744 292 117 28 71
0.429744 291 117 28 71
0.431744 291 117 28 71
0.433744 291 117 28 71
0.435744 291 117 28 71
0.437744 291 117 28 71
0.439744 291 117 27 71
0.441744 291 117 27 71
0.443744 291 117 27 71
0.445744 291 117 27 71
0.447744 291 117 27 71
0.449744 291 117 27 71
0.451744 290 116 26 71
0.453744 290 116 26 71
0.455744 290 116 26 71
0.457744 290 116 26 71
0.459744 290 116 26 71
0.461744 290 116 26 71
0.463744 290 116 26 71
0.465744 290 116 26 71
0.467744 290 116 26 71
0.469744 290 116 26 71
0.471744 290 116 26 71
0.473744 289 116 26 71
0.475744 289 116 26 71
0.477744 289 116 26 71
0.479744 289 116 26 71
0.481744 289 116 26 71
0.483744 289 116 26 71
0.485744 289 116 25 71
0.487744 289 116 25 71
0.489744 289 116 25 71
0.491744 289 116 25 71
0.493744 289 116 25 71
0.495744 289 116 25 71
0.497744 288 116 25 71
0.499744 288 116 25 71
0.501744 288 116 25 71
0.503744 288 116 25 71
0.505744 288 116 25 71
0.507744 288 116 25 71
0.509744 288 116 25 71
0.511744 288 116 25 71
0.513744 288 116 25 71
0.515744 288 116 25 71
0.517744 288 116 25 71
0.519744 287 116 24 72
0.521744 287 116 24 72
0.523744 287 116 24 72
0.525744 287 116 24 72
0.527744 287 116 24 72
0.529744 287 116 24 72
0.531744 287 116 24 72
0.533744 287 116 24 72
0.535744 287 116 24 72
0.537744 287 116 24 72
0.539744 287 116 24 72
0.541744 287 116 24 72
0.543744 287 116 24 72
0.545744 287 116 24 72
0.547744 287 116 24 72
0.549744 287 116 24 72
0.551744 286 116 23 72
0.553744 286 116 23 72
0.555744 286 116 23 72
0.557744 286 116 23 72
0.559744 286 116 23 72
0.561744 286 116 23 72
0.563744 286 116 23 72
0.565744 286 116 23 72
0.567744 286 116 23 72
0.569744 286 116 23 72
0.571744 286 116 23 72
0.573744 286 116 23 72
0.575744 286 116 23 72
0.577744 286 116 23 72
0.579744 286 116 23 72
0.581744 286 116 23 72
0.583744 286 116 23 72
0.585744 285 117 23 71
0.587744 285 117 23 71
0.589744 285 117 23 71
0.591744 285 117 23 71
0.593744 285 117 23 71
0.595744 285 117 23 71
0.597744 285 117 23 71
0.599744 285 117 23 71
0.601744 285 117 23 71
0.603744 285 117 23 71
0.605744 285 117 23 71
0.607744 284 117 23 71
0.609744 284 117 23 71
0.611744 284 117 23 71
0.613744 284 117 23 71
0.615744 284 117 23 71
0.617744 284 117 23 70
0.619744 284 117 23 70
0.621744 284 117 23 70
0.623744 284 117 23 70
0.625744 284 117 23 70
0.627744 284 117 23 70
0.629744 283 117 23 70
0.631744 283 117 23 70
0.633744 283 117 23 70
0.635744 283 117 23 70
0.637744 283 117 23 70
0.639744 283 117 23 70
0.641744 283 117 23 70
0.643744 283 117 23 70
0.645744 283 117 23 70
0.647744 283 117 23 70
0.649744 283 117 23 70
0.651744 282 117 23 70
0.653744 282 117 23 70
0.655744 282 117 23 70
0.657744 282 117 23 70
0.659744 282 117 23 70
0.661744 281 117 23 70
0.663744 281 117 24 70
0.665744 281 117 24 70
0.667744 281 117 24 70
0.669744 280 117 24 70
0.671744 280 117 24 70
0.673744 280 117 24 70
0.675744 280 117 24 70
0.677744 280 117 25 70
0.679744 279 117 25 70
0.681744 279 117 25 70
0.683744 279 117 25 70
0.685744 279 117 25 70
0.687744 279 117 25 70
0.689744 278 117 25 70
0.691744 278 117 26 70
0.693744 278 117 26 70
0.695744 278 117 26 70
0.697744 278 117 26 70
0.699744 277 117 26 70
0.701744 277 117 26 70
0.703744 277 117 27 70
0.705744 277 117 27 70
0.707744 276 117 27 70
0.709744 276 117 27 70
0.711744 276 117 27 70
0.713744 276 117 27 70
0.715744 276 117 27 70
0.717744 276 118 27 71
0.719744 276 118 27 71
0.721744 276 118 27 71
0.723744 276 118 27 71
0.725744 276 118 27 71
0.727744 276 118 27 71
0.729744 276 118 27 71
0.731744 276 118 27 71
0.733744 276 118 27 71
0.735744 276 118 27 71
0.737744 276 118 27 71
0.739744 276 118 27 71
0.741744 276 118 27 71
0.743744 276 118 27 71
0.745744 276 118 27 71
0.747744 276 118 27 71
0.749744 276 118 27 71
0.751744 276 118 27 71
0.753744 276 118 27 71
0.755744 276 118 27 71
0.757744 276 118 27 71
0.759744 276 118 27 71
0.761744 276 118 27 71
0.763744 276 118 27 71
0.765744 276 118 27 71
0.767744 276 118 27 71
0.769744 276 118 27 71
0.771744 276 118 27 71
0.773744 276 118 27 71
0.775744 276 118 27 71
0.777744 276 118 27 71
0.779744 276 118 27 71
0.781744 276 118 27 71
0.783744 275 118 27 71
0.785744 275 118 27 71
0.787744 275 118 27 71
0.789744 275 118 27 71
0.791744 275 118 27 71
0.793744 275 118 27 71
0.795744 275 118 27 71
0.797744 275 118 27 71
0.799744 275 118 28 71
0.801744 275 118 28 71
0.803744 275 118 28 71
0.805744 274 118 28 71
0.807744 274 118 28 71
0.809744 274 118 28 71
0.811744 274 118 28 71
0.813744 274 118 28 71
0.815744 274 118 28 71
0.817744 274 118 29 72
0.819744 274 118 29 72
0.821744 274 118 29 72
0.823744 274 118 29 72
0.825744 274 118 29 72
0.827744 273 118 29 72
0.829744 273 118 29 72
0.831744 273 118 29 72
0.833744 273 118 30 72
0.835744 273 118 30 72
0.837744 273 118 30 72
0.839744 273 118 30 72
0.841744 273 118 30 72
0.843744 273 118 30 72
0.845744 273 118 30 72
0.847744 273 118 30 72
0.849744 273 118 30 72
0.851744 273 118 30 72
0.853744 273 118 30 72
0.855744 273 118 30 72
0.857744 273 118 30 72
0.859744 273 118 30 72
0.861744 273 118 30 72
0.863744 273 118 29 72
0.865744 273 118 29 72
0.867744 273 118 29 72
0.869744 273 118 29 72
0.871744 273 118 29 72
0.873744 273 118 29 72
0.875744 273 118 28 72
0.877744 273 118 28 72
0.879744 273 118 28 72
0.881744 273 118 28 72
0.883744 274 118 28 71
0.885744 274 118 28 71
0.887744 274 118 28 71
0.889744 274 118 27 71
0.891744 274 118 27 71
0.893744 274 118 27 71
0.895744 274 118 27 71
0.897744 274 118 27 71
0.899744 274 118 27 71
0.901744 274 118 27 71
0.903744 274 118 26 71
0.905744 274 118 26 71
0.907744 274 118 26 71
0.909744 274 118 26 71
0.911744 274 118 26 71
0.913744 274 118 26 71
0.915744 275 118 25 71
0.917744 275 118 25 71
0.919744 275 118 25 71
0.921744 275 118 25 71
0.923744 275 118 24 71
0.925744 275 118 24 71
0.927744 275 118 24 71
0.929744 275 118 23 71
0.931744 275 118 23 71
0.933744 275 117 23 71
0.935744 275 117 22 71
0.937744 276 117 22 71
0.939744 276 117 22 71
0.941744 276 117 22 71
0.943744 276 117 21 71
0.945744 276 117 21 71
0.947744 276 117 21 71
0.949744 276 116 20 72
0.951744 276 116 20 72
0.953744 276 116 20 72
0.955744 276 116 19 72
0.957744 276 116 19 72
0.959744 277 116 19 72
0.961744 277 116 19 72
0.963744 277 116 18 72
0.965744 277 115 18 72
0.967744 277 115 18 72
0.969744 277 115 17 72
0.971744 277 115 17 72
0.973744 277 115 17 72
0.975744 277 115 16 72
0.977744 277 115 16 72
0.979744 277 115 16 72
0.981744 277 115 16 73
0.983744 277 115 16 73
0.985744 277 115 16 73
0.987744 277 115 16 73
0.989744 277 115 16 73
0.991744 277 115 16 73
0.993744 277 115 16 73
0.995744 276 115 16 73
0.997744 276 115 16 73
0.999744 276 115 16 73
1.001744 276 115 16 73
1.003744 276 115 16 73
1.005744 276 115 16 73
1.007744 276 115 16 73
1.009744 275 115 16 73
1.011744 275 115 16 73
1.013744 275 115 16 73
1.015744 275 115 16 73
1.017744 275 115 16 73
1.019744 275 115 16 73
1.021744 274 115 16 73
1.023744 274 115 16 73
1.025744 274 115 16 73
1.027744 274 115 16 73
1.029744 274 115 16 73
1.031744 274 115 16 73
1.033744 274 115 16 73
1.035744 273 115 16 73
1.037744 273 115 16 73
1.039744 273 115 16 73
1.041744 273 115 16 73
1.043744 273 115 16 73
1.045744 273 115 16 73
1.047744 273 115 16 73
1.049744 272 115 16 73
1.051744 272 115 16 73
1.053744 272 115 16 73
1.055744 272 115 16 73
1.057744 271 115 16 74
1.059744 271 115 16 74
1.061744 271 115 16 74
1.063744 271 115 16 74
1.065744 271 115 16 75
1.067744 270 115 16 75
1.069744 270 115 16 75
1.071744 270 115 17 75
1.073744 270 115 17 76
1.075744 270 115 17 76
1.077744 269 115 17 76
1.079744 269 115 17 76
1.081744 269 115 17 77
1.083744 269 115 17 77
1.085744 268 115 17 77
1.087744 268 115 17 77
1.089744 268 115 17 78
1.091744 268 115 17 78
1.093744 268 115 18 78
1.095744 267 115 18 78
1.097744 267 115 18 79
1.099744 267 115 18 79
1.101744 267 115 18 79
1.103744 267 115 18 79
1.105744 266 115 18 79
1.107744 266 115 18 80
1.109744 266 115 18 80
1.111744 266 115 18 80
1.113744 266 115 18 80
1.115744 265 116 19 80
1.117744 265 116 19 80
1.119744 265 116 19 80
1.121744 265 116 19 80
1.123744 264 116 19 80
1.125744 264 116 19 79
1.127744 264 116 19 79
1.129744 264 116 19 79
1.131744 264 116 19 79
1.133744 263 116 19 79
1.135744 263 116 19 79
1.137744 263 116 19 78
1.139744 263 116 19 78
1.141744 263 116 19 78
1.143744 262 116 19 78
1.145744 262 116 19 78
1.147744 262 117 19 77
1.149744 262 117 19 77
1.151744 262 117 19 77
1.153744 261 117 19 77
1.155744 261 117 19 77
1.157744 261 117 19 77
1.159744 261 117 19 76
1.161744 260 117 19 76
1.163744 260 117 19 76
1.165744 260 117 19 76
1.167744 260 117 19 76
1.169744 260 117 19 75
1.171744 259 117 19 75
1.173744 259 117 19 75
1.175744 259 117 19 75
1.177744 259 117 19 75
1.179744 259 117 19 75
1.181744 258 117 20 74
1.183744 258 117 20 74
1.185744 258 117 20 74
1.187744 258 117 21 74
1.189744 257 117 21 74
1.191744 257 117 21 74
1.193744 257 117 21 74
1.195744 257 117 22 74
1.197744 257 117 22 73
1.199744 256 117 22 73
1.201744 256 117 22 73
1.203744 256 117 23 73
1.205744 256 117 23 73
1.207744 256 117 23 73
1.209744 255 117 24 73
1.211744 255 117 24 73
1.213744 255 117 24 72
1.215744 255 117 24 72
1.217744 255 117 25 72
1.219744 254 117 25 72
1.221744 254 117 25 72
1.223744 254 117 25 72
1.225744 254 117 26 72
1.227744 253 117 26 72
1.229744 253 117 26 72
1.231744 253 117 27 71
1.233744 253 117 27 71
1.235744 253 117 27 71
1.237744 252 117 27 71
1.239744 252 117 28 71
1.241744 252 117 28 71
1.243744 252 117 28 71
1.245744 252 117 28 71
1.247744 251 117 29 70
1.249744 251 117 29 70
1.251744 251 117 29 70
1.253744 251 117 29 70
1.255744 251 117 29 70
1.257744 251 117 29 70
1.259744 251 117 29 70
1.261744 251 117 29 70
1.263744 251 118 29 69
1.265744 251 118 29 69
1.267744 251 118 29 69
1.269744 250 118 29 69
1.271744 250 118 29 69
1.273744 250 118 29 69
1.275744 250 118 29 69
1.277744 250 118 29 69
1.279744 250 119 30 68
1.281744 250 119 30 68
1.283744 250 119 30 68
1.285744 250 119 30 68
1.287744 250 119 30 68
1.289744 250 119 30 68
1.291744 249 119 30 68
1.293744 249 119 30 68
1.295744 249 119 30 68
1.297744 249 120 30 67
1.299744 249 120 30 67
1.301744 249 120 30 67
1.303744 249 120 30 67
1.305744 249 120 30 67
1.307744 249 120 30 67
1.309744 249 120 30 67
1.311744 249 120 30 67
1.313744 248 120 31 67
1.315744 248 120 31 67
1.317744 248 120 31 67
1.319744 248 120 31 67
1.321744 248 120 31 67
1.323744 248 120 31 67
1.325744 248 120 31 67
1.327744 248 120 31 67
1.329744 248 120 31 67
1.331744 248 120 31 67
1.333744 248 120 31 67
1.335744 248 119 31 68
1.337744 248 119 31 68
1.339744 248 119 31 68
1.341744 248 119 31 68
1.343744 248 119 31 68
1.345744 247 119 32 68
1.347744 247 119 32 68
1.349744 247 119 32 68
1.351744 247 119 32 68
1.353744 247 119 32 68
1.355744 247 119 32 68
1.357744 247 118 32 69
1.359744 247 118 32 69
1.361744 247 118 32 69
1.363744 247 118 32 69
1.365744 247 118 32 69
1.367744 247 118 32 69
1.369744 247 118 32 69
1.371744 247 118 32 69
1.373744 247 118 32 69
1.375744 247 118 32 69
1.377744 247 118 32 69
1.379744 246 118 33 70
1.381744 246 118 33 70
1.383744 246 118 33 70
1.385744 246 118 33 70
1.387744 246 118 33 70
1.389744 246 118 33 70
1.391744 246 118 33 70
1.393744 246 118 33 70
1.395744 246 118 33 70
1.397744 246 118 33 70
1.399744 246 118 33 70
1.401744 246 118 33 70
1.403744 246 118 33 70
1.405744 246 118 33 70
1.407744 246 118 33 70
1.409744 246 118 33 70
1.411744 246 118 33 70
1.413744 245 118 33 70
1.415744 245 118 33 70
1.417744 245 118 33 70
1.419744 245 118 33 70
1.421744 245 118 33 70
1.423744 245 118 33 70
1.425744 245 118 33 70
1.427744 245 118 33 70
1.429744 245 118 33 70
1.431744 245 118 33 70
1.433744 245 118 33 70
1.435744 245 118 33 70
1.437744 245 118 33 70
1.439744 245 118 33 70
1.441744 245 118 33 70
1.443744 245 118 33 70
1.445744 244 118 33 70
1.447744 244 118 33 70
1.449744 244 118 33 70
1.451744 244 118 33 70
1.453744 244 118 33 70
1.455744 244 118 33 70
1.457744 244 118 33 70
1.459744 243 118 33 70
1.461744 243 118 33 70
1.463744 243 118 33 70
1.465744 243 118 33 70
1.467744 243 118 33 70
1.469744 243 118 33 70
1.471744 242 118 33 70
1.473744 242 118 33 70
1.475744 242 118 33 70
1.477744 242 118 33 70
1.479744 242 117 32 70
1.481744 242 117 32 70
1.483744 242 117 32 70
1.485744 241 117 32 70
1.487744 241 117 32 70
1.489744 241 117 32 70
1.491744 241 117 32 70
1.493744 241 117 32 70
1.495744 241 117 32 70
1.497744 241 117 32 70
1.499744 240 117 32 70
1.501744 240 117 32 70
1.503744 240 117 32 70
1.505744 240 117 32 70
1.507744 240 117 32 70
1.509744 240 117 32 70
1.511744 240 117 31 69
1.513744 240 117 31 69
1.515744 240 117 31 69
1.517744 240 117 31 69
1.519744 240 117 31 69
1.521744 240 117 31 69
1.523744 240 117 31 69
1.525744 240 117 30 69
1.527744 240 117 30 69
1.529744 240 117 30 69
1.531744 240 117 30 69
1.533744 240 117 30 68
1.535744 240 117 30 68
1.537744 240 117 29 68
1.539744 240 117 29 68
1.541744 240 117 29 68
1.543744 240 117 29 68
1.545744 240 117 29 68
1.547744 240 117 29 68
1.549744 240 117 29 68
1.551744 240 117 28 68
1.553744 240 117 28 68
1.555744 240 117 28 67
1.557744 240 117 28 67
1.559744 240 117 28 67
1.561744 240 117 28 67
1.563744 240 117 28 67
1.565744 240 117 27 67
1.567744 240 117 27 67
1.569744 240 117 27 67
1.571744 240 117 27 67
1.573744 240 117 27 67
1.575744 240 117 27 67
1.577744 239 118 26 66
1.579744 239 118 26 66
1.581744 239 118 26 66
1.583744 239 118 26 66
1.585744 239 118 26 66
1.587744 239 118 26 66
1.589744 239 118 26 66
1.591744 239 118 26 66
1.593744 239 118 26 66
1.595744 239 118 26 66
1.597744 239 118 26 66
1.599744 239 118 25 66
1.601744 239 118 25 66
1.603744 239 118 25 66
1.605744 239 118 25 66
1.607744 239 118 25 66
1.609744 239 118 25 66
1.611744 239 118 25 66
1.613744 239 118 25 66
1.615744 239 118 25 66
1.617744 239 118 25 66
1.619744 239 118 25 66
1.621744 239 118 24 66
1.623744 239 118 24 66
1.625744 239 118 24 66
1.627744 239 118 24 66
1.629744 239 118 24 66
1.631744 239 118 24 66
1.633744 239 118 24 66
1.635744 239 118 24 66
1.637744 239 118 24 66
1.639744 239 118 24 66
1.641744 239 118 24 66
1.643744 238 118 23 66
1.645744 238 118 23 66
1.647744 238 118 23 66
1.649744 238 118 23 66
1.651744 238 118 23 66
1.653744 238 118 23 66
1.655744 238 118 23 66
1.657744 238 118 23 66
1.659744 238 118 23 66
1.661744 237 118 23 66
1.663744 237 118 23 66
1.665744 237 118 23 67
1.667744 237 118 23 67
1.669744 237 118 23 67
1.671744 237 118 23 67
1.673744 237 118 23 67
1.675744 237 118 23 67
1.677744 236 118 23 67
1.679744 236 118 23 67
1.681744 236 118 23 67
1.683744 236 118 23 67
1.685744 236 118 23 67
1.687744 236 118 23 68
1.689744 236 118 23 68
1.691744 236 118 23 68
1.693744 235 118 23 68
1.695744 235 118 23 68
1.697744 235 118 23 68
1.699744 235 118 23 68
1.701744 235 118 23 68
1.703744 235 118 23 68
1.705744 235 118 23 68
1.707744 235 118 23 68
1.709744 234 118 23 69
1.711744 234 118 23 69
1.713744 234 118 23 69
1.715744 234 118 23 69
1.717744 234 118 23 69
1.719744 234 118 23 69
1.721744 234 118 23 69
1.723744 233 118 24 69
1.725744 233 118 24 69
1.727744 233 118 24 69
1.729744 233 118 24 69
1.731744 233 118 24 69
1.733744 233 118 24 69
1.735744 233 118 24 69
1.737744 232 118 25 69
1.739744 232 118 25 69
1.741744 232 118 25 69
1.743744 232 118 25 69
1.745744 232 118 25 69
1.747744 232 118 25 69
1.749744 231 118 26 69
1.751744 231 118 26 69
1.753744 231 118 26 69
1.755744 231 118 26 69
1.757744 231 118 26 69
1.759744 231 118 26 69
1.761744 231 118 26 69
1.763744 230 118 27 69
1.765744 230 118 27 69
1.767744 230 118 27 69
1.769744 230 118 27 69
1.771744 230 118 27 69
1.773744 230 118 27 69
1.775744 229 118 28 70
1.777744 229 118 28 70
1.779744 229 118 28 70
1.781744 229 118 28 70
1.783744 229 118 28 70
1.785744 229 118 28 70
1.787744 229 118 28 70
1.789744 228 118 28 70
1.791744 228 118 28 70
1.793744 228 118 29 70
1.795744 228 118 29 70
1.797744 228 118 29 70
1.799744 228 118 29 70
1.801744 228 118 29 70
1.803744 227 118 29 70
1.805744 227 118 29 70
1.807744 227 118 29 70
1.809744 227 118 30 70
1.811744 227 118 30 70
1.813744 227 118 30 70
1.815744 226 118 30 70
1.817744 226 118 30 70
1.819744 226 118 30 70
1.821744 226 118 30 70
1.823744 226 118 30 70
1.825744 226 118 31 70
1.827744 226 118 31 70
1.829744 225 118 31 70
1.831744 225 118 31 70
1.833744 225 118 31 70
1.835744 225 118 31 70
1.837744 225 118 31 70
1.839744 225 118 31 70
1.841744 224 118 32 70
1.843744 224 118 32 70
1.845744 224 118 32 70
1.847744 224 118 32 70
1.849744 224 118 32 70
1.851744 224 118 32 70
1.853744 224 118 32 70
1.855744 224 118 32 70
1.857744 224 118 32 70
1.859744 224 118 32 70
1.861744 224 118 32 70
1.863744 223 118 33 70
1.865744 223 118 33 70
1.867744 223 118 33 70
1.869744 223 118 33 70
1.871744 223 118 33 70
1.873744 223 118 33 70
1.875744 223 118 33 70
1.877744 223 118 33 70
1.879744 223 118 33 70
1.881744 223 118 33 70
1.883744 223 118 33 70
1.885744 222 118 34 70
1.887744 222 118 34 70
1.889744 222 118 34 70
1.891744 222 118 34 70
1.893744 222 118 34 70
1.895744 222 118 34 70
1.897744 222 118 34 70
1.899744 222 118 34 70
1.901744 222 118 34 70
1.903744 222 118 34 70
1.905744 222 118 34 70
1.907744 222 118 34 70
1.909744 221 118 35 69
1.911744 221 118 35 69
1.913744 221 118 35 69
1.915744 221 118 35 69
1.917744 221 118 35 69
1.919744 221 118 35 69
1.921744 221 118 35 69
1.923744 221 118 35 69
1.925744 220 118 35 69
1.927744 220 118 35 69
1.929744 220 118 35 69
1.931744 220 118 35 69
1.933744 220 118 35 69
1.935744 220 118 35 69
1.937744 220 118 35 69
1.939744 220 118 35 69
1.941744 219 118 35 69
1.943744 219 118 35 69
1.945744 219 118 35 69
1.947744 219 118 35 69
1.949744 219 118 35 69
1.951744 219 118 35 69
1.953744 219 118 35 69
1.955744 219 118 35 69
1.957744 218 118 35 69
1.959744 218 118 35 69
1.961744 218 118 35 69
1.963744 218 118 35 69
1.965744 218 118 35 69
1.967744 218 118 35 69
1.969744 218 118 35 69
1.971744 218 118 35 69
1.973744 218 118 35 69
1.975744 217 118 35 68
1.977744 217 118 35 68
1.979744 217 118 35 68
1.981744 217 118 35 68
1.983744 217 118 35 68
1.985744 217 118 35 68
1.987744 217 118 35 68
1.989744 217 118 35 68
1.991744 217 118 35 68
1.993744 217 118 35 68
1.995744 217 118 35 68
1.997744 217 118 34 68
1.999744 217 118 34 68
2.001744 217 118 34 68
2.003744 217 118 34 68
2.005744 217 118 34 68
2.007744 217 118 34 68
2.009744 217 118 34 68
2.011744 217 118 34 68
2.013744 217 118 34 68
2.015744 217 118 34 68
2.017744 217 118 34 68
2.019744 217 118 33 68
2.021744 217 118 33 68
2.023744 217 118 33 68
2.025744 217 118 33 68
2.027744 217 118 33 68
2.029744 217 118 33 68
2.031744 217 118 33 68
2.033744 217 118 33 68
2.035744 217 118 33 68
2.037744 217 118 33 68
2.039744 217 118 33 68
2.041744 216 118 32 68
2.043744 216 118 32 68
2.045744 216 118 32 68
2.047744 216 118 32 68
2.049744 216 118 32 68
2.051744 216 118 32 68
2.053744 216 118 31 68
2.055744 216 118 31 68
2.057744 216 118 31 68
2.059744 216 118 31 68
2.061744 216 118 31 68
2.063744 216 118 31 68
2.065744 216 118 31 68
2.067744 216 118 30 68
2.069744 216 118 30 68
2.071744 216 118 30 68
2.073744 215 118 30 68
2.075744 215 118 30 68
2.077744 215 118 30 68
2.079744 215 118 29 68
2.081744 215 118 29 68
2.083744 215 118 29 68
2.085744 215 118 29 68
2.087744 215 118 29 68
2.089744 215 118 29 68
2.091744 215 118 29 68
2.093744 215 118 28 68
2.095744 215 118 28 68
2.097744 215 118 28 68
2.099744 215 118 28 68
2.101744 215 118 28 68
2.103744 215 118 28 68
2.105744 215 118 28 68
2.107744 214 118 27 68
2.109744 214 118 27 68
2.111744 214 118 27 68
2.113744 214 118 27 68
2.115744 214 118 27 68
2.117744 214 118 27 68
2.119744 213 118 27 68
2.121744 213 118 27 68
2.123744 213 118 27 68
2.125744 213 118 27 68
2.127744 213 118 27 68
2.129744 213 118 27 68
2.131744 213 118 27 68
2.133744 212 118 27 68
2.135744 212 118 27 68
2.137744 212 118 27 68
2.139744 212 118 26 68
2.141744 212 118 26 68
2.143744 212 118 26 68
2.145744 211 118 26 68
2.147744 211 118 26 68
2.149744 211 118 26 68
2.151744 211 118 26 68
2.153744 211 118 26 68
2.155744 211 118 26 68
2.157744 211 118 26 68
2.159744 210 118 26 68
2.161744 210 118 26 68
2.163744 210 118 26 68
2.165744 210 118 26 68
2.167744 210 118 26 68
2.169744 210 118 26 68
2.171744 210 118 26 68
2.173744 209 119 25 68
2.175744 209 119 25 68
2.177744 209 119 25 68
2.179744 209 119 25 68
2.181744 209 119 25 68
2.183744 209 119 25 68
2.185744 209 119 25 68
2.187744 209 119 25 68
2.189744 209 119 25 68
2.191744 209 119 25 68
2.193744 209 119 25 68
2.195744 209 119 25 68
2.197744 209 119 25 68
2.199744 209 119 25 68
2.201744 209 119 25 68
2.203744 209 119 25 68
2.205744 209 119 24 68
2.207744 209 119 24 68
2.209744 209 119 24 68
2.211744 209 119 24 68
2.213744 209 119 24 68
2.215744 209 119 24 68
2.217744 209 119 24 68
2.219744 209 119 24 68
2.221744 209 119 24 68
2.223744 209 119 24 68
2.225744 209 119 24 68
2.227744 209 119 24 68
2.229744 209 119 24 68
2.231744 209 119 24 68
2.233744 209 119 24 68
2.235744 209 119 24 68
2.237744 209 119 24 68
2.239744 208 118 24 67
2.241744 208 118 24 67
2.243744 208 118 24 67
2.245744 208 118 24 67
2.247744 208 118 24 67
2.249744 208 118 24 67
2.251744 208 118 24 67
2.253744 208 118 24 67
2.255744 207 118 25 67
2.257744 207 118 25 67
2.259744 207 118 25 67
2.261744 207 118 25 67
2.263744 207 118 25 67
2.265744 207 118 25 67
2.267744 207 118 25 67
2.269744 207 118 25 67
2.271744 206 118 26 66
2.273744 206 118 26 66
2.275744 206 118 26 66
2.277744 206 118 26 66
2.279744 206 118 26 66
2.281744 206 118 26 66
2.283744 206 118 26 66
2.285744 206 118 26 66
2.287744 205 118 27 66
2.289744 205 118 27 66
2.291744 205 118 27 66
2.293744 205 118 27 66
2.295744 205 118 27 66
2.297744 205 118 27 66
2.299744 205 118 27 66
2.301744 205 118 27 66
2.303744 205 118 27 66
2.305744 204 118 28 66
2.307744 204 118 28 66
2.309744 204 118 28 66
2.311744 204 118 28 66
2.313744 203 118 29 66
2.315744 203 118 29 66
2.317744 203 118 29 66
2.319744 203 118 29 66
2.321744 202 118 30 66
2.323744 202 118 30 66
2.325744 202 118 30 66
2.327744 202 118 30 66
2.329744 201 118 31 66
2.331744 201 118 31 66
2.333744 201 118 31 66
2.335744 201 118 31 66
2.337744 200 119 32 66
2.339744 200 119 32 66
2.341744 200 119 32 66
2.343744 200 119 32 66
2.345744 199 119 33 66
2.347744 199 119 33 66
2.349744 199 119 33 66
2.351744 199 119 33 66
2.353744 198 119 34 66
2.355744 198 119 34 66
2.357744 198 119 34 66
2.359744 198 119 34 66
2.361744 198 119 34 66
2.363744 197 119 35 66
2.365744 197 119 35 66
2.367744 197 119 35 66
2.369744 197 119 35 66
2.371744 196 119 36 67
2.373744 196 119 36 67
2.375744 196 119 36 67
2.377744 196 119 36 67
2.379744 196 119 36 67
2.381744 196 119 36 67
2.383744 196 119 36 67
2.385744 196 119 36 67
2.387744 196 119 36 67
2.389744 196 119 36 67
2.391744 196 119 36 67
2.393744 196 119 36 67
2.395744 196 119 36 67
2.397744 196 119 36 67
2.399744 196 119 36 67
2.401744 196 119 36 67
2.403744 195 119 36 67
2.405744 195 119 36 67
2.407744 195 119 36 67
2.409744 195 119 36 67
2.411744 195 119 36 67
2.413744 195 119 36 67
2.415744 195 119 36 67
2.417744 195 119 36 67
2.419744 195 119 36 67
2.421744 195 119 36 67
2.423744 195 119 36 67
2.425744 195 119 36 67
2.427744 195 119 36 67
2.429744 195 119 36 67
2.431744 195 119 36 67
2.433744 195 119 36 67
2.435744 195 119 36 67
2.437744 195 119 35 67
2.439744 195 119 35 67
2.441744 195 119 35 67
2.443744 195 119 35 67
2.445744 195 119 35 67
2.447744 195 119 35 67
2.449744 195 119 35 67
2.451744 195 119 35 67
2.453744 195 119 35 67
2.455744 195 119 35 67
2.457744 195 119 35 67
2.459744 195 119 35 67
2.461744 195 119 35 67
2.463744 195 119 35 67
2.465744 195 119 35 67
2.467744 195 119 35 67
2.469744 195 119 35 67
2.471744 195 119 35 67
2.473744 195 119 35 67
2.475744 195 119 35 67
2.477744 195 119 35 67
2.479744 195 119 35 67
2.481744 195 119 35 67
2.483744 195 119 35 67
2.485744 195 119 35 67
2.487744 195 119 35 67
2.489744 195 119 35 67
2.491744 195 119 35 67
2.493744 195 119 35 67
2.495744 195 119 35 67
2.497744 195 119 35 67
2.499744 195 119 35 67
2.501744 195 119 35 67
2.503744 194 119 34 66
2.505744 194 119 34 66
2.507744 194 119 34 66
2.509744 194 119 34 66
2.511744 194 119 34 66
2.513744 194 119 34 66
2.515744 194 119 34 66
2.517744 194 119 34 66
2.519744 194 119 34 66
2.521744 194 119 34 66
2.523744 194 119 34 66
2.525744 193 119 33 66
2.527744 193 119 33 66
2.529744 193 119 33 66
2.531744 193 119 33 66
2.533744 193 119 33 66
2.535744 193 119 33 65
2.537744 193 119 33 65
2.539744 193 119 33 65
2.541744 193 119 33 65
2.543744 193 119 33 65
2.545744 193 119 33 65
2.547744 192 119 32 65
2.549744 192 119 32 65
2.551744 192 119 32 65
2.553744 192 119 32 65
2.555744 192 119 32 65
2.557744 192 119 32 65
2.559744 192 119 32 65
2.561744 192 119 32 65
2.563744 192 119 32 65
2.565744 192 119 32 65
2.567744 192 119 32 65
2.569744 191 119 31 64
2.571744 191 119 31 64
2.573744 191 119 31 64
2.575744 191 119 31 64
2.577744 191 119 31 64
2.579744 191 119 31 64
2.581744 191 119 31 64
2.583744 191 119 31 64
2.585744 191 119 31 64
2.587744 191 119 31 64
2.589744 191 119 31 64
2.591744 191 119 31 64
2.593744 191 119 31 64
2.595744 191 119 31 64
2.597744 191 119 31 64
2.599744 191 119 31 64
2.601744 191 119 30 64
2.603744 191 119 30 64
2.605744 191 119 30 64
2.607744 191 119 30 64
2.609744 191 119 30 64
2.611744 191 119 30 64
2.613744 191 119 30 64
2.615744 191 119 30 64
2.617744 191 119 30 64
2.619744 191 119 30 64
2.621744 191 119 30 64
2.623744 191 119 30 64
2.625744 191 119 30 64
2.627744 191 119 30 64
2.629744 191 119 30 64
2.631744 191 119 30 64
2.633744 191 119 30 64
2.635744 190 118 29 64
2.637744 190 118 29 64
2.639744 190 118 29 64
2.641744 190 118 29 64
2.643744 190 118 28 64
2.645744 190 118 28 64
2.647744 190 118 28 64
2.649744 190 118 28 64
2.651744 190 118 28 64
2.653744 190 118 27 64
2.655744 190 118 27 64
2.657744 190 118 27 64
2.659744 190 118 27 64
2.661744 190 118 27 64
2.663744 190 118 26 64
2.665744 190 118 26 64
2.667744 190 118 26 65
2.669744 190 118 26 65
2.671744 190 118 26 65
2.673744 190 118 25 65
2.675744 190 118 25 65
2.677744 190 118 25 65
2.679744 190 118 25 65
2.681744 190 118 24 65
2.683744 190 118 24 65
2.685744 190 118 24 65
2.687744 190 118 24 65
2.689744 190 118 24 65
2.691744 190 118 23 65
2.693744 190 118 23 65
2.695744 190 118 23 65
2.697744 190 118 23 65
2.699744 190 118 23 65
2.701744 189 118 23 66
2.703744 189 118 23 66
2.705744 189 118 23 66
2.707744 189 118 23 66
2.709744 189 118 23 66
2.711744 189 118 23 66
2.713744 189 118 23 66
2.715744 189 118 23 66
2.717744 189 118 23 66
2.719744 189 118 23 66
2.721744 189 118 23 66
2.723744 188 118 23 66
2.725744 188 118 23 66
2.727744 188 118 23 66
2.729744 188 118 23 66
2.731744 188 118 23 66
2.733744 188 118 23 66
2.735744 188 118 23 66
2.737744 188 118 23 66
2.739744 188 118 23 66
2.741744 188 118 23 66
2.743744 188 118 23 66
2.745744 187 118 23 66
2.747744 187 118 23 66
2.749744 187 118 23 66
2.751744 187 118 23 66
2.753744 187 118 23 66
2.755744 187 118 23 66
2.757744 187 118 23 66
2.759744 187 118 23 66
2.761744 187 118 23 66
2.763744 187 118 23 66
2.765744 187 118 23 66
2.767744 186 118 23 65
2.769744 186 118 23 65
2.771744 186 118 23 65
2.773744 186 118 23 65
2.775744 186 118 24 65
2.777744 186 118 24 65
2.779744 185 118 24 65
2.781744 185 118 24 65
2.783744 185 118 24 65
2.785744 185 118 25 65
2.787744 185 118 25 65
2.789744 185 118 25 65
2.791744 185 118 25 65
2.793744 184 118 25 65
2.795744 184 118 26 65
2.797744 184 118 26 65
2.799744 184 118 26 65
2.801744 184 118 26 65
2.803744 184 118 26 65
2.805744 184 118 27 65
2.807744 183 118 27 65
2.809744 183 118 27 65
2.811744 183 118 27 65
2.813744 183 118 28 65
2.815744 183 118 28 65
2.817744 183 118 28 65
2.819744 182 118 28 65
2.821744 182 118 28 65
2.823744 182 118 29 65
2.825744 182 118 29 65
2.827744 182 118 29 65
2.829744 182 118 29 65
2.831744 182 118 29 65
2.833744 181 119 29 65
2.835744 181 119 29 65
2.837744 181 119 29 65
2.839744 181 119 29 65
2.841744 181 119 29 65
2.843744 181 119 29 65
2.845744 181 119 29 65
2.847744 181 119 29 65
2.849744 181 119 29 65
2.851744 181 119 29 65
2.853744 181 119 29 65
2.855744 180 119 29 65
2.857744 180 119 29 65
2.859744 180 119 29 65
2.861744 180 119 29 65
2.863744 180 119 29 65
2.865744 180 119 28 65
2.867744 180 119 28 65
2.869744 180 119 28 65
2.871744 180 119 28 65
2.873744 180 119 28 65
2.875744 180 119 28 65
2.877744 179 119 28 65
2.879744 179 119 28 65
2.881744 179 119 28 65
2.883744 179 119 28 65
2.885744 179 119 28 65
2.887744 179 119 28 65
2.889744 179 119 28 65
2.891744 179 119 28 65
2.893744 179 119 28 65
2.895744 179 119 28 65
2.897744 179 119 28 65
2.899744 178 119 28 65
2.901744 178 119 28 65
2.903744 178 119 28 65
2.905744 178 119 28 65
2.907744 178 119 28 65
2.909744 178 119 28 65
2.911744 177 119 28 65
2.913744 177 119 28 65
2.915744 177 119 28 65
2.917744 177 119 28 65
2.919744 177 119 28 65
2.921744 177 119 29 65
2.923744 177 119 29 65
2.925744 176 119 29 65
2.927744 176 119 29 65
2.929744 176 119 29 65
2.931744 176 119 29 65
2.933744 176 119 29 65
2.935744 176 119 29 65
2.937744 175 119 29 65
2.939744 175 119 29 65
2.941744 175 119 29 65
2.943744 175 119 30 65
2.945744 175 119 30 65
2.947744 175 119 30 65
2.949744 175 119 30 65
2.951744 174 119 30 65
2.953744 174 119 30 65
2.955744 174 119 30 65
2.957744 174 119 30 65
2.959744 174 119 30 65
2.961744 174 119 30 65
2.963744 174 119 30 65
2.965744 174 119 30 65
2.967744 174 119 30 65
2.969744 174 119 30 65
2.971744 174 119 30 65
2.973744 174 119 30 65
2.975744 174 119 30 65
2.977744 174 119 30 65
2.979744 174 119 30 65
2.981744 174 119 30 65
2.983744 174 119 30 65
2.985744 174 119 30 65
2.987744 174 119 30 65
2.989744 174 119 30 65
2.991744 174 119 30 65
2.993744 174 119 30 65
2.995744 174 119 30 65
2.997744 174 119 29 65
2.999744 174 119 29 65
3.001744 174 119 29 65
3.003744 174 119 29 65
3.005744 174 119 29 65
3.007744 174 119 29 65
3.009744 174 119 29 65
3.011744 174 119 29 65
3.013744 174 119 29 65
3.015744 174 119 29 65
3.017744 174 119 29 65
3.019744 174 119 29 65
3.021744 174 119 29 65
3.023744 174 119 29 65
3.025744 174 119 29 65
3.027744 174 119 29 65
3.029744 174 119 29 65
3.031744 173 119 28 64
3.033744 173 119 28 64
3.035744 173 119 28 64
3.037744 173 119 28 64
3.039744 173 119 28 64
3.041744 173 119 28 64
3.043744 173 119 28 64
3.045744 173 119 28 64
3.047744 173 119 28 64
3.049744 173 119 28 64
3.051744 173 119 28 64
3.053744 173 119 28 64
3.055744 173 119 28 64
3.057744 173 119 28 64
3.059744 173 119 28 64
3.061744 173 119 28 64
3.063744 172 119 27 63
3.065744 172 119 27 63
3.067744 172 119 27 63
3.069744 172 119 27 63
3.071744 172 119 27 63
3.073744 172 119 27 63
3.075744 172 119 27 63
3.077744 172 119 27 63
3.079744 172 119 27 63
3.081744 172 119 27 63
3.083744 172 119 27 63
3.085744 172 119 27 63
3.087744 172 119 27 63
3.089744 172 119 27 63
3.091744 172 119 27 63
3.093744 172 119 27 63
3.095744 172 119 27 63
3.097744 171 119 26 63
3.099744 171 119 26 63
3.101744 171 119 26 63
3.103744 171 119 26 63
3.105744 171 119 26 63
3.107744 171 119 26 63
3.109744 171 119 26 63
3.111744 171 119 26 63
3.113744 171 119 26 63
3.115744 171 119 26 63
3.117744 171 119 26 63
3.119744 171 119 26 63
3.121744 171 119 26 63
3.123744 171 119 26 63
3.125744 171 119 26 63
3.127744 171 119 26 63
3.129744 170 119 26 63
3.131744 170 119 26 63
3.133744 170 119 26 63
3.135744 170 119 26 63
3.137744 170 119 26 63
3.139744 170 119 26 63
3.141744 170 119 26 63
3.143744 170 119 26 63
3.145744 170 119 26 63
3.147744 170 119 26 63
3.149744 170 119 26 63
3.151744 170 119 26 63
3.153744 170 119 26 63
3.155744 170 119 26 63
3.157744 170 119 26 63
3.159744 170 119 26 63
3.161744 170 119 26 63
3.163744 169 119 25 64
3.165744 169 119 25 64
3.167744 169 119 25 64
3.169744 169 119 25 64
3.171744 169 119 25 64
3.173744 169 119 25 64
3.175744 169 119 25 64
3.177744 169 119 25 64
3.179744 169 119 24 64
3.181744 169 119 24 64
3.183744 169 119 24 64
3.185744 168 119 24 64
3.187744 168 119 24 64
3.189744 168 119 24 64
3.191744 168 119 24 64
3.193744 168 119 24 64
3.195744 168 118 23 64
3.197744 168 118 23 64
3.199744 168 118 23 64
3.201744 168 118 23 64
3.203744 168 118 23 64
3.205744 168 118 23 64
3.207744 167 118 23 64
3.209744 167 118 23 64
3.211744 167 118 22 64
3.213744 167 118 22 64
3.215744 167 118 22 64
3.217744 167 118 22 64
3.219744 167 118 22 64
3.221744 167 118 22 64
3.223744 167 118 22 64
3.225744 167 118 22 64
3.227744 167 118 22 64
3.229744 166 118 22 64
3.231744 166 118 22 64
3.233744 166 118 22 64
3.235744 166 118 22 64
3.237744 166 118 22 64
3.239744 166 118 22 64
3.241744 166 118 22 64
3.243744 166 118 22 64
3.245744 166 118 22 64
3.247744 166 118 22 64
3.249744 166 118 22 64
3.251744 165 118 22 64
3.253744 165 118 22 64
3.255744 165 118 22 64
3.257744 165 118 22 64
3.259744 165 118 22 64
3.261744 165 118 22 64
3.263744 165 118 22 64
3.265744 165 118 22 64
3.267744 165 118 22 64
3.269744 165 118 22 64
3.271744 165 118 22 64
3.273744 164 118 22 64
3.275744 164 118 22 64
3.277744 164 118 22 64
3.279744 164 118 22 64
3.281744 164 118 22 64
3.283744 164 118 22 64
3.285744 164 118 22 64
3.287744 164 118 22 64
3.289744 164 118 22 64
3.291744 164 118 22 64
3.293744 163 118 22 64
3.295744 163 118 22 64
3.297744 163 118 22 64
3.299744 163 118 22 64
3.301744 163 118 22 64
3.303744 163 118 22 64
3.305744 163 118 22 64
3.307744 163 118 22 64
3.309744 163 118 22 64
3.311744 163 118 22 64
3.313744 163 118 22 64
3.315744 162 118 22 64
3.317744 162 118 22 64
3.319744 162 118 22 64
3.321744 162 118 22 64
3.323744 162 118 22 64
3.325744 162 118 22 64
3.327744 162 118 23 64
3.329744 162 118 23 64
3.331744 162 118 23 64
3.333744 162 118 23 64
3.335744 162 118 23 64
3.337744 161 118 23 64
3.339744 161 118 23 64
3.341744 161 118 23 64
3.343744 161 118 23 64
3.345744 161 118 23 64
3.347744 161 118 23 64
3.349744 161 118 23 64
3.351744 161 118 23 64
3.353744 161 118 23 64
3.355744 161 118 23 64
3.357744 161 118 23 64
3.359744 160 118 24 65
3.361744 160 118 24 65
3.363744 160 118 24 65
3.365744 160 118 24 65
3.367744 160 118 24 65
3.369744 160 118 24 65
3.371744 160 118 24 65
3.373744 159 118 25 65
3.375744 159 118 25 65
3.377744 159 118 25 65
3.379744 159 118 25 65
3.381744 159 118 25 65
3.383744 159 118 25 65
3.385744 159 118 25 65
3.387744 158 118 26 65
3.389744 158 118 26 65
3.391744 158 118 26 65
3.393744 158 118 26 65
3.395744 158 118 26 65
3.397744 158 118 26 65
3.399744 157 118 27 65
3.401744 157 118 27 65
3.403744 157 118 27 65
3.405744 157 118 27 65
3.407744 157 118 27 65
3.409744 157 118 27 65
3.411744 157 118 27 65
3.413744 156 118 28 65
3.415744 156 118 28 65
3.417744 156 118 28 65
3.419744 156 118 28 65
3.421744 156 118 28 65
3.423744 156 118 28 65
3.425744 155 118 29 64
3.427744 155 118 29 64
3.429744 155 118 29 64
3.431744 155 118 29 64
3.433744 155 118 29 64
3.435744 155 118 29 64
3.437744 155 118 29 64
3.439744 155 118 29 64
3.441744 155 118 29 64
3.443744 154 118 29 64
3.445744 154 118 29 64
3.447744 154 118 30 64
3.449744 154 118 30 64
3.451744 154 118 30 64
3.453744 154 118 30 64
3.455744 154 118 30 64
3.457744 154 118 30 64
3.459744 153 119 30 63
3.461744 153 119 30 63
3.463744 153 119 30 63
3.465744 153 119 30 63
3.467744 153 119 30 63
3.469744 153 119 31 63
3.471744 153 119 31 63
3.473744 153 119 31 63
3.475744 152 119 31 63
3.477744 152 119 31 63
3.479744 152 119 31 63
3.481744 152 119 31 63
3.483744 152 119 31 63
3.485744 152 119 31 63
3.487744 152 119 31 63
3.489744 152 119 31 63
3.491744 151 120 32 62
3.493744 151 120 32 62
3.495744 151 120 32 62
3.497744 151 120 32 62
3.499744 151 120 32 62
3.501744 151 120 32 62
3.503744 151 120 32 62
3.505744 151 120 32 62
3.507744 151 120 32 62
3.509744 151 120 32 62
3.511744 151 120 32 62
3.513744 151 120 32 62
3.515744 151 120 32 62
3.517744 151 120 32 62
3.519744 151 120 32 62
3.521744 151 120 32 62
3.523744 151 120 32 62
3.525744 150 120 32 62
3.527744 150 120 32 62
3.529744 150 120 32 62
3.531744 150 120 32 62
3.533744 150 120 32 62
3.535744 150 120 32 62
3.537744 150 120 32 62
3.539744 150 120 32 62
3.541744 150 120 32 62
3.543744 150 120 32 62
3.545744 150 120 32 62
3.547744 150 120 32 62
3.549744 150 120 32 62
3.551744 150 120 32 62
3.553744 150 120 32 62
3.555744 150 120 32 62
3.557744 149 120 31 62
3.559744 149 120 31 62
3.561744 149 120 31 62
3.563744 149 120 31 62
3.565744 149 120 31 62
3.567744 149 120 31 62
3.569744 149 120 31 62
3.571744 149 120 31 62
3.573744 149 120 31 62
3.575744 149 120 31 62
3.577744 149 120 31 62
3.579744 149 120 31 62
3.581744 149 120 31 62
3.583744 149 120 31 62
3.585744 149 120 31 62
3.587744 149 120 31 62
3.589744 149 120 31 62
3.591744 148 120 30 62
3.593744 148 120 30 62
3.595744 148 120 30 62
3.597744 148 120 30 62
3.599744 148 120 30 62
3.601744 148 120 30 62
3.603744 148 120 30 62
3.605744 148 120 30 62
3.607744 148 120 30 62
3.609744 148 120 30 62
3.611744 148 120 30 62
3.613744 148 120 30 62
3.615744 148 120 30 62
3.617744 148 120 30 62
3.619744 148 120 30 62
3.621744 148 120 30 62
3.623744 147 120 29 62
3.625744 147 120 29 62
3.627744 147 120 29 62
3.629744 147 120 29 62
3.631744 147 120 29 62
3.633744 147 120 29 62
3.635744 147 120 29 62
3.637744 147 120 29 62
3.639744 147 120 29 62
3.641744 147 120 29 62
3.643744 147 120 29 62
3.645744 147 120 28 61
3.647744 147 120 28 61
3.649744 147 120 28 61
3.651744 147 120 28 61
3.653744 147 120 28 61
3.655744 147 120 28 61
3.657744 147 120 28 61
3.659744 147 120 28 61
3.661744 147 120 28 61
3.663744 147 120 28 61
3.665744 147 120 28 61
3.667744 147 120 27 60
3.669744 147 120 27 60
3.671744 147 120 27 60
3.673744 147 120 27 60
3.675744 147 120 27 60
3.677744 147 120 27 60
3.679744 147 120 27 60
3.681744 147 120 27 60
3.683744 147 120 27 60
3.685744 147 120 27 60
3.687744 147 120 27 60
3.689744 147 120 26 60
3.691744 147 120 26 60
3.693744 147 120 26 60
3.695744 147 120 26 60
3.697744 147 120 26 60
3.699744 147 120 26 60
3.701744 147 120 26 60
3.703744 147 120 26 60
3.705744 147 120 25 60
3.707744 147 120 25 60
3.709744 147 120 25 60
3.711744 147 120 25 60
3.713744 147 120 25 60
3.715744 147 120 25 60
3.717744 147 120 25 60
3.719744 147 120 25 60
3.721744 147 120 25 60
3.723744 147 120 24 60
3.725744 147 120 24 60
3.727744 147 120 24 60
3.729744 147 120 24 60
3.731744 147 120 24 60
3.733744 147 120 24 60
3.735744 147 120 24 60
3.737744 147 120 24 60
3.739744 147 120 23 60
3.741744 147 120 23 60
3.743744 147 120 23 60
3.745744 147 120 23 60
3.747744 147 120 23 60
3.749744 147 120 23 60
3.751744 147 120 23 60
3.753744 147 120 23 60
3.755744 146 120 23 60
3.757744 146 120 23 60
3.759744 146 120 23 60
3.761744 146 120 23 60
3.763744 146 120 23 60
3.765744 146 120 23 60
3.767744 146 120 23 60
3.769744 146 120 23 60
3.771744 146 120 23 60
3.773744 146 120 23 60
3.775744 146 120 23 60
3.777744 145 120 23 60
3.779744 145 120 23 60
3.781744 145 120 23 60
3.783744 145 120 23 60
3.785744 145 120 23 60
3.787744 145 120 23 60
3.789744 145 120 23 60
3.791744 145 120 23 60
3.793744 145 120 23 60
3.795744 145 120 23 60
3.797744 145 120 23 60
3.799744 144 120 23 60
3.801744 144 120 23 60
3.803744 144 120 23 60
3.805744 144 120 23 60
3.807744 144 120 23 60
3.809744 144 120 23 60
3.811744 144 120 23 60
3.813744 144 120 23 60
3.815744 144 120 23 60
3.817744 144 120 23 60
3.819744 144 120 23 60
3.821744 143 120 22 60
3.823744 143 120 22 60
3.825744 143 120 22 60
3.827744 143 120 22 60
3.829744 143 120 22 60
3.831744 143 120 22 60
3.833744 143 120 22 60
3.835744 143 120 22 60
3.837744 143 120 22 60
3.839744 143 120 22 60
3.841744 143 120 22 60
3.843744 143 120 22 60
3.845744 143 120 22 60
3.847744 143 120 22 60
3.849744 143 120 22 60
3.851744 143 120 22 60
3.853744 142 120 22 60
3.855744 142 120 22 60
3.857744 142 120 22 60
3.859744 142 120 22 60
3.861744 142 120 22 60
3.863744 142 120 22 60
3.865744 142 120 22 60
3.867744 142 120 22 60
3.869744 142 120 22 60
3.871744 142 120 22 60
3.873744 142 120 22 60
3.875744 142 120 22 60
3.877744 142 120 22 60
3.879744 142 120 22 60
3.881744 142 120 22 60
3.883744 142 120 22 60
3.885744 142 120 22 60
3.887744 141 121 22 59
3.889744 141 121 22 59
3.891744 141 121 22 59
3.893744 141 121 22 59
3.895744 141 121 22 59
3.897744 141 121 22 59
3.899744 141 121 22 59
3.901744 141 121 22 59
3.903744 140 121 22 59
3.905744 140 121 22 59
3.907744 140 121 22 59
3.909744 140 121 23 59
3.911744 140 121 23 59
3.913744 140 121 23 59
3.915744 140 121 23 59
3.917744 140 121 23 59
3.919744 139 121 23 59
3.921744 139 121 23 59
3.923744 139 121 23 59
3.925744 139 121 23 59
3.927744 139 121 23 59
3.929744 139 121 23 59
3.931744 139 121 24 59
3.933744 139 121 24 59
3.935744 139 121 24 59
3.937744 138 121 24 59
3.939744 138 121 24 59
3.941744 138 121 24 59
3.943744 138 121 24 59
3.945744 138 121 24 59
3.947744 138 121 24 59
3.949744 138 121 24 59
3.951744 138 121 24 59
3.953744 137 120 25 59
3.955744 137 120 25 59
3.957744 137 120 25 59
3.959744 137 120 25 59
3.961744 137 120 25 59
3.963744 137 120 25 59
3.965744 137 120 25 59
3.967744 137 120 25 59
3.969744 137 120 25 59
3.971744 137 120 25 59
3.973744 137 120 25 59
3.975744 137 120 25 59
3.977744 137 120 25 59
3.979744 137 120 25 59
3.981744 137 120 25 59
3.983744 137 120 25 59
3.985744 136 120 25 59
3.987744 136 120 25 59
3.989744 136 120 25 59
3.991744 136 120 25 59
3.993744 136 120 25 59
3.995744 136 120 25 59
3.997744 136 120 25 59
3.999744 136 120 25 59
4.001744 136 120 25 59
4.003744 136 120 25 59
4.005744 136 120 25 59
4.007744 136 120 25 59
4.009744 136 120 25 59
4.011744 136 120 25 59
4.013744 136 120 25 59
4.015744 136 120 25 59
4.017744 136 120 25 59
4.019744 135 120 25 59
4.021744 135 120 25 59
4.023744 135 120 25 59
4.025744 135 120 25 59
4.027744 135 120 25 59
4.029744 135 120 25 59
4.031744 135 120 25 59
4.033744 135 120 25 59
4.035744 135 120 25 59
4.037744 135 120 25 59
4.039744 135 120 25 59
4.041744 135 120 25 59
4.043744 135 120 25 59
4.045744 135 120 25 59
4.047744 135 120 25 59
4.049744 135 120 25 59
4.051744 134 121 25 59
4.053744 134 121 25 59
4.055744 134 121 25 59
4.057744 134 121 25 59
4.059744 134 121 25 59
4.061744 134 121 25 59
4.063744 134 121 25 59
4.065744 134 121 25 59
4.067744 134 121 25 59
4.069744 134 121 25 59
4.071744 134 121 25 59
4.073744 134 121 25 59
4.075744 134 121 25 59
4.077744 134 121 25 59
4.079744 134 121 25 59
4.081744 134 121 25 59
4.083744 134 121 25 59
4.085744 133 121 26 59
4.087744 133 121 26 59
4.089744 133 121 26 59
4.091744 133 121 26 59
4.093744 133 121 26 59
4.095744 133 121 26 59
4.097744 133 121 26 59
4.099744 133 121 26 59
4.101744 133 121 26 59
4.103744 133 121 26 59
4.105744 133 121 26 59
4.107744 133 121 26 59
4.109744 133 121 26 59
4.111744 133 121 26 59
4.113744 133 121 26 59
4.115744 133 121 26 59
4.117744 132 121 26 59
4.119744 132 121 26 59
4.121744 132 121 26 59
4.123744 132 121 26 59
4.125744 132 121 26 59
4.127744 132 121 26 59
4.129744 132 121 26 59
4.131744 132 121 26 59
4.133744 132 121 26 59
4.135744 132 121 26 59
4.137744 132 121 26 59
4.139744 132 121 26 59
4.141744 132 121 26 59
4.143744 132 121 26 59
4.145744 132 121 26 59
4.147744 132 121 26 59
4.149744 132 121 26 59
4.151744 131 121 26 58
4.153744 131 121 26 58
4.155744 131 121 26 58
4.157744 131 121 26 58
4.159744 131 121 26 58
4.161744 131 121 26 58
4.163744 131 121 26 58
4.165744 131 121 26 58
4.167744 131 121 26 58
4.169744 131 121 26 58
4.171744 131 121 26 58
4.173744 131 121 26 58
4.175744 131 121 26 58
4.177744 131 121 26 58
4.179744 131 121 26 58
4.181744 131 121 26 58
4.183744 130 121 26 57
4.185744 130 121 26 57
4.187744 130 121 26 57
4.189744 130 121 26 57
4.191744 130 121 26 57
4.193744 130 121 26 57
4.195744 130 121 26 57
4.197744 130 121 26 57
4.199744 130 121 26 57
4.201744 130 121 26 57
4.203744 130 121 26 57
4.205744 130 121 26 57
4.207744 130 121 26 57
4.209744 130 121 26 57
4.211744 130 121 26 57
4.213744 130 121 26 57
4.215744 129 121 26 57
4.217744 129 121 26 57
4.219744 129 121 26 57
4.221744 129 121 26 57
4.223744 129 121 26 57
4.225744 129 121 26 57
4.227744 129 121 26 57
4.229744 129 121 26 57
4.231744 129 121 26 57
4.233744 129 121 26 57
4.235744 129 121 26 57
4.237744 129 121 26 57
4.239744 129 121 26 57
4.241744 129 121 26 57
4.243744 129 121 26 57
4.245744 129 121 26 57
4.247744 129 121 26 57
4.249744 128 121 26 58
4.251744 128 121 26 58
4.253744 128 121 26 58
4.255744 128 121 26 58
4.257744 128 121 26 58
4.259744 128 121 26 58
4.261744 128 121 26 58
4.263744 128 121 26 58
4.265744 128 121 26 58
4.267744 128 121 26 58
4.269744 128 121 26 58
4.271744 128 121 26 58
4.273744 128 121 26 58
4.275744 128 121 26 58
4.277744 128 121 26 58
4.279744 128 121 26 58
4.281744 127 120 25 59
4.283744 127 120 25 59
4.285744 127 120 25 59
4.287744 127 120 25 59
4.289744 127 120 25 59
4.291744 127 120 25 59
4.293744 127 120 25 59
4.295744 127 120 25 59
4.297744 127 120 25 59
4.299744 127 120 25 59
4.301744 127 120 25 59
4.303744 126 120 25 59
4.305744 126 120 25 59
4.307744 126 120 25 59
4.309744 126 120 25 59
4.311744 126 120 25 59
4.313744 126 120 25 59
4.315744 126 120 24 59
4.317744 126 120 24 59
4.319744 126 120 24 59
4.321744 126 120 24 59
4.323744 126 120 24 59
4.325744 125 120 24 59
4.327744 125 120 24 59
4.329744 125 120 24 59
4.331744 125 120 24 59
4.333744 125 120 24 59
4.335744 125 120 24 59
4.337744 125 120 24 59
4.339744 125 120 24 59
4.341744 125 120 24 59
4.343744 125 120 24 59
4.345744 125 120 24 59
4.347744 124 120 24 58
4.349744 124 120 24 58
4.351744 124 120 24 58
4.353744 124 120 24 58
4.355744 124 120 24 58
4.357744 124 120 24 58
4.359744 124 120 24 58
4.361744 124 120 24 58
4.363744 124 120 24 58
4.365744 124 120 24 58
4.367744 124 120 24 58
4.369744 124 120 24 58
4.371744 124 120 24 58
4.373744 124 120 24 58
4.375744 124 120 24 58
4.377744 124 120 24 58
4.379744 124 120 24 58
4.381744 124 120 24 58
4.383744 124 120 24 58
4.385744 124 120 24 58
4.387744 124 120 24 58
4.389744 124 120 24 58
4.391744 124 120 24 58
4.393744 124 120 24 58
4.395744 124 120 24 58
4.397744 124 120 24 58
4.399744 124 120 24 58
4.401744 124 120 24 58
4.403744 124 120 24 58
4.405744 124 120 24 58
4.407744 124 120 24 58
4.409744 124 120 24 58
4.411744 124 120 24 58
4.413744 124 121 23 58
4.415744 124 121 23 58
4.417744 124 121 23 58
4.419744 124 121 23 58
4.421744 124 121 23 58
4.423744 124 121 23 58
4.425744 124 121 23 58
4.427744 124 121 23 58
4.429744 124 121 23 58
4.431744 124 121 23 58
4.433744 124 121 23 58
4.435744 124 121 23 58
4.437744 124 121 23 58
4.439744 124 121 23 58
4.441744 124 121 23 58
4.443744 124 121 23 58
4.445744 124 121 23 58
4.447744 124 121 22 58
4.449744 124 121 22 58
4.451744 124 121 22 58
4.453744 124 121 22 58
4.455744 124 121 22 58
4.457744 124 121 22 58
4.459744 124 121 22 58
4.461744 124 121 22 58
4.463744 124 121 22 58
4.465744 124 121 22 58
4.467744 124 121 22 58
4.469744 124 121 22 58
4.471744 124 121 22 58
4.473744 124 121 22 58
4.475744 124 121 22 58
4.477744 124 121 22 58
4.479744 123 121 22 57
4.481744 123 121 22 57
4.483744 123 121 22 57
4.485744 123 121 22 57
4.487744 123 121 22 57
4.489744 123 121 22 57
4.491744 123 121 22 57
4.493744 123 121 22 57
4.495744 122 121 23 57
4.497744 122 121 23 57
4.499744 122 121 23 57
4.501744 122 121 23 57
4.503744 122 121 23 57
4.505744 122 121 23 57
4.507744 122 121 23 57
4.509744 122 121 23 57
4.511744 121 121 24 57
4.513744 121 121 24 57
4.515744 121 121 24 57
4.517744 121 121 24 57
4.519744 121 121 24 57
4.521744 121 121 24 57
4.523744 121 121 24 57
4.525744 121 121 24 57
4.527744 121 121 24 57
4.529744 120 121 25 57
4.531744 120 121 25 57
4.533744 120 121 25 57
4.535744 120 121 25 57
4.537744 120 121 25 57
4.539744 120 121 25 57
4.541744 120 121 25 57
4.543744 120 121 25 57
4.545744 119 121 26 57
4.547744 119 121 26 57
4.549744 119 121 26 57
4.551744 119 121 26 57
4.553744 119 121 26 57
4.555744 119 121 26 57
4.557744 119 121 26 57
4.559744 119 121 26 57
4.561744 119 121 26 57
4.563744 119 121 26 57
4.565744 119 121 26 57
4.567744 119 121 26 57
4.569744 119 121 26 57
4.571744 119 121 26 57
4.573744 119 121 26 57
4.575744 119 121 26 57
4.577744 118 120 26 57
4.579744 118 120 26 57
4.581744 118 120 26 57
4.583744 118 120 26 57
4.585744 118 120 26 57
4.587744 118 120 26 57
4.589744 118 120 26 57
4.591744 118 120 26 57
4.593744 118 120 26 57
4.595744 118 120 26 57
4.597744 118 120 26 57
4.599744 118 120 26 57
4.601744 118 120 26 57
4.603744 118 120 26 57
4.605744 118 120 26 57
4.607744 118 120 26 57
4.609744 118 120 26 57
4.611744 117 120 27 57
4.613744 117 120 27 57
4.615744 117 120 27 57
4.617744 117 120 27 57
4.619744 117 120 27 57
4.621744 117 120 27 57
4.623744 117 120 27 57
4.625744 117 120 27 57
4.627744 117 120 27 57
4.629744 117 120 27 57
4.631744 117 120 27 57
4.633744 116 120 27 57
4.635744 116 120 27 57
4.637744 116 120 27 57
4.639744 116 120 27 57
4.641744 116 120 27 57
4.643744 116 120 27 57
4.645744 116 120 27 57
4.647744 116 120 27 57
4.649744 116 120 27 57
4.651744 116 120 27 57
4.653744 116 120 27 57
4.655744 115 120 27 57
4.657744 115 120 27 57
4.659744 115 120 27 57
4.661744 115 120 27 57
4.663744 115 120 27 57
4.665744 115 120 27 57
4.667744 115 120 27 57
4.669744 115 120 27 57
4.671744 115 120 27 57
4.673744 115 120 27 57
4.675744 115 120 27 57
4.677744 115 121 27 56
4.679744 115 121 27 56
4.681744 115 121 27 56
4.683744 115 121 26 56
4.685744 115 121 26 56
4.687744 115 121 26 56
4.689744 115 121 26 56
4.691744 115 121 25 56
4.693744 115 121 25 55
4.695744 115 121 25 55
4.697744 115 121 25 55
4.699744 116 121 24 55
4.701744 116 121 24 55
4.703744 116 121 24 55
4.705744 116 121 23 55
4.707744 116 121 23 55
4.709744 116 121 23 54
4.711744 116 121 23 54
4.713744 116 121 22 54
4.715744 116 121 22 54
4.717744 116 121 22 54
4.719744 116 121 22 54
4.721744 117 121 21 54
4.723744 117 121 21 54
4.725744 117 121 21 53
4.727744 117 121 20 53
4.729744 117 121 20 53
4.731744 117 121 20 53
4.733744 117 121 20 53
4.735744 117 121 19 53
4.737744 117 121 19 53
4.739744 117 121 19 53
4.741744 117 122 18 53
4.743744 117 122 18 53
4.745744 117 122 18 53
4.747744 117 122 18 53
4.749744 117 122 18 53
4.751744 117 122 18 53
4.753744 117 122 18 53
4.755744 117 122 18 53
4.757744 117 122 18 53
4.759744 117 122 18 53
4.761744 117 122 18 53
4.763744 117 122 18 53
4.765744 117 122 18 53
4.767744 117 122 18 53
4.769744 117 122 18 53
4.771744 117 122 18 53
4.773744 117 122 18 53
4.775744 116 122 18 53
4.777744 116 122 18 53
4.779744 116 122 18 53
4.781744 116 122 18 53
4.783744 116 122 18 53
4.785744 116 122 18 53
4.787744 116 122 18 53
4.789744 116 122 18 53
4.791744 116 122 18 53
4.793744 116 122 18 53
4.795744 116 122 18 53
4.797744 116 122 18 53
4.799744 116 122 18 53
4.801744 116 122 18 53
4.803744 116 122 18 53
4.805744 116 122 18 53
