0.035958 8 117 35 81
0.037958 8 116 34 81
0.039958 8 116 34 81
0.041958 8 116 34 81
0.043958 8 116 34 81
0.045958 8 116 34 81
0.047958 8 116 34 81
0.049958 8 116 34 81
0.051958 8 116 34 81
0.053958 8 116 34 81
0.055958 9 116 34 81
0.057958 9 116 34 81
0.059958 9 116 34 81
0.061958 9 115 33 82
0.063958 9 115 33 82
0.065958 9 115 33 82
0.067958 9 115 33 82
0.069958 9 115 33 82
0.071958 9 115 33 82
0.073958 10 115 33 82
0.075958 10 115 33 82
0.077958 10 115 33 82
0.079958 10 115 33 82
0.081958 10 115 33 82
0.083958 10 115 33 82
0.085958 10 114 32 83
0.087958 10 114 32 83
0.089958 10 114 32 83
0.091958 11 114 32 83
0.093958 11 114 32 83
0.095958 11 114 32 83
0.097958 11 114 32 83
0.099958 11 114 32 83
0.101958 11 114 32 83
0.103958 11 114 32 83
0.105958 11 114 32 83
0.107958 11 114 32 83
0.109958 12 114 31 83
0.111958 12 114 31 83
0.113958 12 114 31 83
0.115958 12 114 31 83
0.117958 12 114 31 83
0.119958 13 114 31 83
0.121958 13 114 31 83
0.123958 13 114 31 83
0.125958 13 114 31 83
0.127958 14 114 31 83
0.129958 14 114 31 83
0.131958 14 114 31 83
0.133958 14 114 30 83
0.135958 14 114 30 83
0.137958 15 114 30 83
0.139958 15 114 30 83
0.141958 15 114 30 83
0.143958 15 114 30 83
0.145958 16 114 30 83
0.147958 16 114 30 83
0.149958 16 114 30 83
0.151958 16 114 30 83
0.153958 16 114 30 83
0.155958 17 114 30 83
0.157958 17 114 29 83
0.159958 17 114 29 83
0.161958 17 114 29 83
0.163958 18 114 29 83
0.165958 18 114 29 83
0.167958 18 114 29 83
0.169958 18 114 29 83
0.171958 18 114 29 83
0.173958 19 114 29 83
0.175958 19 114 29 83
0.177958 19 114 29 83
0.179958 19 114 29 83
0.181958 20 115 29 83
0.183958 20 115 29 83
0.185958 20 115 29 83
0.187958 20 115 29 83
0.189958 20 115 29 83
0.191958 20 115 29 83
0.193958 20 115 29 83
0.195958 20 115 29 83
0.197958 20 115 29 83
0.199958 20 115 29 83
0.201958 20 115 29 83
0.203958 20 115 29 83
0.205958 20 115 29 83
0.207958 20 115 30 83
0.209958 20 115 30 83
0.211958 20 115 30 83
0.213958 20 115 30 83
0.215958 20 115 30 83
0.217958 20 115 30 83
0.219958 21 115 30 84
0.221958 21 115 30 84
0.223958 21 115 30 84
0.225958 21 115 30 84
0.227958 21 115 30 84
0.229958 21 115 30 84
0.231958 21 115 31 84
0.233958 21 115 31 84
0.235958 21 115 31 84
0.237958 21 115 31 84
0.239958 21 115 31 84
0.241958 21 115 31 84
0.243958 21 115 31 84
0.245958 21 115 31 84
0.247958 21 115 31 84
0.249958 21 115 31 84
0.251958 21 115 31 84
0.253958 21 115 31 84
0.255958 22 115 32 84
0.257958 22 115 32 84
0.259958 22 115 32 84
0.261958 22 115 32 84
0.263958 22 115 32 84
0.265958 22 115 33 84
0.267958 22 115 33 84
0.269958 22 115 33 84
0.271958 22 115 33 84
0.273958 22 115 33 84
0.275958 22 115 34 84
0.277958 22 115 34 84
0.279958 22 115 34 84
0.281958 22 115 34 84
0.283958 22 115 34 84
0.285958 22 115 34 84
0.287958 22 115 35 84
0.289958 22 115 35 84
0.291958 22 115 35 83
0.293958 22 115 35 83
0.295958 22 115 35 83
0.297958 22 115 36 83
0.299958 22 115 36 83
0.301958 22 115 36 83
0.303958 22 115 36 83
0.305958 22 115 36 83
0.307958 22 115 37 83
0.309958 22 115 37 83
0.311958 22 115 37 83
0.313958 22 115 37 83
0.315958 22 115 37 83
0.317958 22 115 38 83
0.319958 22 115 38 83
0.321958 22 115 38 83
0.323958 22 115 38 83
0.325958 22 115 38 83
0.327958 23 116 39 83
0.329958 23 116 39 83
0.331958 23 116 39 83
0.333958 23 116 39 83
0.335958 23 116 39 83
0.337958 23 116 39 83
0.339958 23 116 39 83
0.341958 23 116 39 83
0.343958 23 116 39 83
0.345958 23 116 39 83
0.347958 23 116 39 83
0.349958 23 116 39 83
0.351958 23 116 39 83
0.353958 24 116 40 83
0.355958 24 116 40 83
0.357958 24 116 40 83
0.359958 24 116 40 83
0.361958 24 116 40 83
0.363958 24 116 40 83
0.365958 24 116 40 84
0.367958 24 116 40 84
0.369958 24 116 40 84
0.371958 24 116 40 84
0.373958 24 116 40 84
0.375958 24 116 40 84
0.377958 25 116 41 84
0.379958 25 116 41 84
0.381958 25 116 41 84
0.383958 25 116 41 84
0.385958 25 116 41 84
0.387958 25 116 41 84
0.389958 25 116 41 84
0.391958 25 116 41 84
0.393958 25 116 41 84
0.395958 25 116 41 84
0.397958 25 116 41 84
0.399958 25 116 41 84
0.401958 26 116 41 85
0.403958 26 116 41 85
0.405958 26 116 41 85
0.407958 26 116 41 85
0.409958 26 116 41 85
0.411958 26 116 41 85
0.413958 27 116 41 85
0.415958 27 116 41 85
0.417958 27 116 41 85
0.419958 27 116 40 85
0.421958 27 116 40 85
0.423958 27 116 40 85
0.425958 28 116 40 85
0.427958 28 116 40 85
0.429958 28 116 40 85
0.431958 28 116 40 85
0.433958 28 116 40 85
0.435958 28 116 40 85
0.437958 29 116 39 85
0.439958 29 116 39 85
0.441958 29 116 39 85
0.443958 29 116 39 85
0.445958 29 116 39 85
0.447958 29 116 39 85
0.449958 30 116 39 85
0.451958 30 116 39 85
0.453958 30 116 39 85
0.455958 30 116 38 85
0.457958 30 116 38 85
0.459958 30 116 38 85
0.461958 31 116 38 85
0.463958 31 116 38 85
0.465958 31 116 38 85
0.467958 31 116 38 85
0.469958 31 116 38 85
0.471958 31 116 38 85
0.473958 32 116 38 86
0.475958 32 116 38 86
0.477958 32 116 38 86
0.479958 32 116 38 86
0.481958 32 116 38 86
0.483958 32 116 38 86
0.485958 32 116 38 86
0.487958 32 116 38 86
0.489958 32 116 38 86
0.491958 32 116 38 86
0.493958 32 116 38 86
0.495958 32 116 38 86
0.497958 32 116 38 86
0.499958 32 116 38 87
0.501958 32 116 38 87
0.503958 32 116 38 87
0.505958 32 116 38 87
0.507958 32 116 38 87
0.509958 32 116 38 87
0.511958 32 116 38 87
0.513958 32 116 38 87
0.515958 32 116 38 87
0.517958 32 116 38 87
0.519958 32 116 38 87
0.521958 32 116 38 87
0.523958 32 116 38 88
0.525958 32 116 38 88
0.527958 32 116 38 88
0.529958 32 116 38 88
0.531958 32 116 38 88
0.533958 32 116 38 88
0.535958 32 116 38 88
0.537958 32 116 38 88
0.539958 32 116 38 88
0.541958 32 116 38 88
0.543958 32 116 38 88
0.545958 32 116 38 88
0.547958 33 115 38 89
0.549958 33 115 38 89
0.551958 33 115 38 89
0.553958 34 115 38 89
0.555958 34 115 38 89
0.557958 34 115 38 89
0.559958 35 115 37 89
0.561958 35 115 37 89
0.563958 35 115 37 89
0.565958 36 115 37 89
0.567958 36 115 37 89
0.569958 36 115 37 89
0.571958 37 114 36 89
0.573958 37 114 36 89
0.575958 37 114 36 89
0.577958 38 114 36 89
0.579958 38 114 36 89
0.581958 38 114 36 89
0.583958 39 114 35 89
0.585958 39 114 35 89
0.587958 39 114 35 89
0.589958 40 114 35 89
0.591958 40 114 35 89
0.593958 40 114 35 89
0.595958 41 113 34 89
0.597958 41 113 34 89
0.599958 41 113 34 89
0.601958 42 113 34 89
0.603958 42 113 34 89
0.605958 42 113 34 89
0.607958 43 113 33 89
0.609958 43 113 33 89
0.611958 43 113 33 89
0.613958 44 113 33 89
0.615958 44 113 33 89
0.617958 44 113 33 89
0.619958 45 113 32 89
0.621958 45 113 32 89
0.623958 45 113 32 89
0.625958 45 113 32 89
0.627958 45 113 32 89
0.629958 46 113 32 89
0.631958 46 113 32 89
0.633958 46 113 32 89
0.635958 46 113 32 89
0.637958 47 113 32 89
0.639958 47 113 32 89
0.641958 47 113 32 89
0.643958 47 113 31 89
0.645958 47 113 31 89
0.647958 48 113 31 89
0.649958 48 113 31 89
0.651958 48 113 31 89
0.653958 48 113 31 89
0.655958 48 113 31 89
0.657958 49 114 31 88
0.659958 49 114 31 88
0.661958 49 114 31 88
0.663958 49 114 31 88
0.665958 50 114 31 88
0.667958 50 114 31 88
0.669958 50 114 30 88
0.671958 50 114 30 88
0.673958 50 114 30 88
0.675958 51 114 30 88
0.677958 51 114 30 88
0.679958 51 114 30 88
0.681958 51 114 30 88
0.683958 52 114 30 88
0.685958 52 114 30 88
0.687958 52 114 30 88
0.689958 52 114 30 88
0.691958 52 114 30 88
0.693958 53 115 30 87
0.695958 53 115 30 87
0.697958 53 115 30 87
0.699958 53 115 31 87
0.701958 53 115 31 87
0.703958 53 115 31 87
0.705958 53 115 32 87
0.707958 53 115 32 87
0.709958 53 115 32 87
0.711958 53 115 33 87
0.713958 53 115 33 87
0.715958 53 115 33 87
0.717958 53 115 34 87
0.719958 53 115 34 87
0.721958 53 115 34 87
0.723958 53 115 35 87
0.725958 53 115 35 87
0.727958 53 115 35 87
0.729958 53 115 36 87
0.731958 53 115 36 87
0.733958 53 115 36 87
0.735958 53 115 37 87
0.737958 53 115 37 87
0.739958 53 115 37 87
0.741958 53 115 38 87
0.743958 53 115 38 87
0.745958 53 115 38 87
0.747958 53 115 39 87
0.749958 53 115 39 87
0.751958 53 115 39 87
0.753958 53 115 40 87
0.755958 53 115 40 87
0.757958 53 115 40 87
0.759958 53 115 41 87
0.761958 53 115 41 87
0.763958 53 115 41 87
0.765958 54 115 42 87
0.767958 54 115 42 87
0.769958 54 115 42 87
0.771958 54 115 42 87
0.773958 54 115 42 87
0.775958 54 115 42 87
0.777958 54 115 43 87
0.779958 54 115 43 87
0.781958 54 115 43 87
0.783958 54 115 43 87
0.785958 54 115 43 87
0.787958 54 115 43 87
0.789958 54 115 44 87
0.791958 54 115 44 87
0.793958 54 115 44 87
0.795958 54 115 44 87
0.797958 54 115 44 87
0.799958 54 115 44 87
0.801958 54 115 44 87
0.803958 54 115 45 87
0.805958 54 115 45 87
0.807958 54 115 45 87
0.809958 54 115 45 87
0.811958 54 115 45 87
0.813958 54 115 45 87
0.815958 54 115 46 87
0.817958 54 115 46 87
0.819958 54 115 46 87
0.821958 54 115 46 87
0.823958 54 115 46 87
0.825958 54 115 46 87
0.827958 54 115 47 87
0.829958 54 115 47 87
0.831958 54 115 47 87
0.833958 54 115 47 87
0.835958 54 115 47 87
0.837958 54 115 47 87
0.839958 55 115 47 87
0.841958 55 115 47 87
0.843958 55 115 47 87
0.845958 55 115 47 87
0.847958 55 115 47 87
0.849958 55 115 47 87
0.851958 55 115 47 87
0.853958 55 115 47 87
0.855958 55 115 47 87
0.857958 55 115 47 87
0.859958 55 115 47 87
0.861958 55 115 47 87
0.863958 56 115 46 87
0.865958 56 115 46 87
0.867958 56 115 46 87
0.869958 56 115 46 87
0.871958 56 115 46 87
0.873958 56 115 46 87
0.875958 56 116 46 86
0.877958 56 116 46 86
0.879958 56 116 46 86
0.881958 56 116 46 86
0.883958 56 116 46 86
0.885958 56 116 46 86
0.887958 57 116 45 86
0.889958 57 116 45 86
0.891958 57 116 45 86
0.893958 57 116 45 86
0.895958 57 116 45 86
0.897958 57 116 45 86
0.899958 57 116 45 86
0.901958 57 116 45 86
0.903958 57 116 45 86
0.905958 57 116 45 86
0.907958 57 116 45 86
0.909958 57 116 45 86
0.911958 58 116 44 86
0.913958 58 116 44 86
0.915958 58 116 44 86
0.917958 58 116 44 86
0.919958 58 116 44 86
0.921958 58 116 44 87
0.923958 58 115 44 87
0.925958 58 115 44 87
0.927958 58 115 44 87
0.929958 59 115 44 87
0.931958 59 115 44 87
0.933958 59 115 44 88
0.935958 59 114 44 88
0.937958 59 114 44 88
0.939958 59 114 44 88
0.941958 59 114 44 88
0.943958 59 114 44 89
0.945958 59 114 44 89
0.947958 60 113 44 89
0.949958 60 113 44 89
0.951958 60 113 44 89
0.953958 60 113 44 90
0.955958 60 113 44 90
0.957958 60 113 44 90
0.959958 60 113 44 90
0.961958 60 112 44 90
0.963958 60 112 44 91
0.965958 60 112 44 91
0.967958 61 112 44 91
0.969958 61 112 44 91
0.971958 61 112 44 91
0.973958 61 111 44 91
0.975958 61 111 44 92
0.977958 61 111 44 92
0.979958 61 111 44 92
0.981958 61 111 44 92
0.983958 61 111 44 92
0.985958 62 111 43 92
0.987958 62 111 43 92
0.989958 62 111 43 92
0.991958 63 111 42 92
0.993958 63 111 42 92
0.995958 64 111 41 92
0.997958 64 111 41 92
0.999958 64 111 41 92
1.001958 65 111 40 92
1.003958 65 111 40 92
1.005958 65 111 40 92
1.007958 66 111 39 92
1.009958 66 111 39 92
1.011958 66 111 39 92
1.013958 67 111 38 92
1.015958 67 111 38 92
1.017958 67 111 38 92
1.019958 68 111 37 92
1.021958 68 111 37 91
1.023958 69 111 36 91
1.025958 69 111 36 91
1.027958 69 111 36 91
1.029958 70 111 35 91
1.031958 70 111 35 91
1.033958 70 111 35 91
1.035958 71 111 34 91
1.037958 71 111 34 91
1.039958 71 111 34 91
1.041958 72 111 33 91
1.043958 72 111 33 91
1.045958 72 111 33 91
1.047958 73 111 32 91
1.049958 73 111 32 91
1.051958 74 111 31 91
1.053958 74 111 31 91
1.055958 74 111 31 91
1.057958 75 112 30 90
1.059958 75 112 30 90
1.061958 75 112 30 90
1.063958 75 112 30 90
1.065958 75 112 30 90
1.067958 75 112 30 90
1.069958 76 112 30 90
1.071958 76 112 30 90
1.073958 76 112 30 90
1.075958 76 112 30 90
1.077958 76 112 30 90
1.079958 76 112 30 90
1.081958 77 112 30 90
1.083958 77 112 30 90
1.085958 77 112 30 90
1.087958 77 112 30 90
1.089958 77 112 30 90
1.091958 77 112 30 90
1.093958 78 113 29 90
1.095958 78 113 29 90
1.097958 78 113 29 90
1.099958 78 113 29 90
1.101958 78 113 29 90
1.103958 78 113 29 90
1.105958 78 113 29 90
1.107958 79 113 29 90
1.109958 79 113 29 90
1.111958 79 113 29 90
1.113958 79 113 29 90
1.115958 79 113 29 90
1.117958 79 113 29 90
1.119958 80 113 29 90
1.121958 80 113 29 90
1.123958 80 113 29 90
1.125958 80 113 29 90
1.127958 80 113 29 90
1.129958 80 113 29 90
1.131958 81 114 29 90
1.133958 81 114 29 90
1.135958 81 114 29 90
1.137958 81 114 29 90
1.139958 81 114 29 90
1.141958 81 114 29 90
1.143958 81 114 30 90
1.145958 81 114 30 90
1.147958 81 114 30 90
1.149958 81 114 30 90
1.151958 81 114 30 90
1.153958 81 114 30 90
1.155958 81 114 31 90
1.157958 81 114 31 90
1.159958 81 114 31 90
1.161958 81 114 31 90
1.163958 81 114 31 90
1.165958 81 114 31 90
1.167958 81 114 32 90
1.169958 81 114 32 90
1.171958 81 114 32 90
1.173958 81 114 32 90
1.175958 81 114 32 90
1.177958 81 114 32 90
1.179958 81 114 33 90
1.181958 81 114 33 90
1.183958 81 114 33 90
1.185958 81 114 33 90
1.187958 81 114 33 90
1.189958 81 114 33 90
1.191958 81 114 34 90
1.193958 81 114 34 90
1.195958 81 114 34 90
1.197958 81 114 34 90
1.199958 81 114 34 90
1.201958 81 114 34 90
1.203958 81 114 35 89
1.205958 81 114 35 89
1.207958 81 114 35 89
1.209958 81 114 36 89
1.211958 81 114 36 89
1.213958 81 114 36 89
1.215958 81 114 36 89
1.217958 81 114 37 89
1.219958 81 114 37 89
1.221958 81 114 37 89
1.223958 81 114 38 89
1.225958 81 114 38 89
1.227958 82 114 38 89
1.229958 82 114 39 89
1.231958 82 114 39 89
1.233958 82 114 39 89
1.235958 82 114 39 89
1.237958 82 114 40 89
1.239958 82 114 40 88
1.241958 82 114 40 88
1.243958 82 114 41 88
1.245958 82 114 41 88
1.247958 82 114 41 88
1.249958 82 114 42 88
1.251958 83 114 42 88
1.253958 83 114 42 88
1.255958 83 114 42 88
1.257958 83 114 43 88
1.259958 83 114 43 88
1.261958 83 114 43 88
1.263958 83 114 44 88
1.265958 83 114 44 88
1.267958 83 114 44 88
1.269958 83 114 45 88
1.271958 83 114 45 88
1.273958 83 114 45 88
1.275958 83 114 45 88
1.277958 84 115 46 88
1.279958 84 115 46 88
1.281958 84 115 46 88
1.283958 84 115 46 88
1.285958 84 115 46 88
1.287958 84 115 46 88
1.289958 84 115 46 88
1.291958 84 115 46 88
1.293958 84 115 46 88
1.295958 84 115 46 88
1.297958 84 115 46 88
1.299958 84 115 46 88
1.301958 85 115 46 88
1.303958 85 115 46 88
1.305958 85 115 46 88
1.307958 85 115 46 88
1.309958 85 115 46 88
1.311958 85 115 46 88
1.313958 85 115 46 88
1.315958 85 115 46 88
1.317958 85 115 46 88
1.319958 85 115 46 88
1.321958 85 115 46 88
1.323958 85 115 46 88
1.325958 86 115 46 88
1.327958 86 115 46 88
1.329958 86 115 46 88
1.331958 86 115 46 88
1.333958 86 115 46 88
1.335958 86 115 46 88
1.337958 86 115 46 88
1.339958 86 115 46 88
1.341958 86 115 46 88
1.343958 86 115 46 88
1.345958 86 115 46 88
1.347958 86 115 46 88
1.349958 87 115 46 89
1.351958 87 115 46 89
1.353958 87 115 46 89
1.355958 87 115 46 89
1.357958 87 115 46 89
1.359958 87 115 46 89
1.361958 87 115 46 89
1.363958 87 115 46 89
1.365958 87 115 46 89
1.367958 87 115 46 89
1.369958 87 115 46 89
1.371958 87 115 46 89
1.373958 87 115 46 89
1.375958 87 115 46 89
1.377958 87 115 46 89
1.379958 87 115 46 89
1.381958 87 115 46 89
1.383958 87 115 46 89
1.385958 87 115 46 89
1.387958 87 115 46 89
1.389958 87 115 46 89
1.391958 87 115 46 89
1.393958 87 115 46 89
1.395958 87 115 46 89
1.397958 87 115 46 89
1.399958 87 115 46 89
1.401958 87 115 46 89
1.403958 87 115 46 89
1.405958 87 115 46 89
1.407958 87 115 46 89
1.409958 87 115 46 89
1.411958 87 115 46 89
1.413958 87 115 46 89
1.415958 87 115 46 89
1.417958 87 115 46 89
1.419958 87 115 46 89
1.421958 87 115 46 89
1.423958 88 115 47 89
1.425958 88 115 47 89
1.427958 88 115 47 89
1.429958 88 115 47 89
1.431958 88 115 47 89
1.433958 88 115 47 89
1.435958 88 115 47 89
1.437958 88 115 47 89
1.439958 88 115 47 89
1.441958 89 115 47 89
1.443958 89 115 47 89
1.445958 89 115 47 89
1.447958 89 115 47 90
1.449958 89 115 47 90
1.451958 89 115 47 90
1.453958 89 115 47 90
1.455958 89 115 47 90
1.457958 89 115 47 90
1.459958 90 114 47 90
1.461958 90 114 47 90
1.463958 90 114 47 90
1.465958 90 114 47 90
1.467958 90 114 47 90
1.469958 90 114 47 90
1.471958 90 114 47 91
1.473958 90 114 47 91
1.475958 90 114 47 91
1.477958 91 114 47 91
1.479958 91 114 47 91
1.481958 91 114 47 91
1.483958 91 114 47 91
1.485958 91 114 47 91
1.487958 91 114 47 91
1.489958 91 114 47 91
1.491958 91 114 47 91
1.493958 91 114 47 91
1.495958 92 113 46 92
1.497958 92 113 46 92
1.499958 93 113 45 92
1.501958 93 113 45 92
1.503958 94 113 44 92
1.505958 95 113 44 92
1.507958 95 113 44 92
1.509958 96 113 43 92
1.511958 96 113 43 92
1.513958 97 113 42 92
1.515958 98 113 42 92
1.517958 98 113 41 92
1.519958 99 113 41 92
1.521958 99 113 40 92
1.523958 100 113 40 92
1.525958 100 113 39 92
1.527958 101 113 39 92
1.529958 102 113 38 92
1.531958 102 113 38 92
1.533958 103 113 37 92
1.535958 103 113 37 92
1.537958 104 113 37 92
1.539958 104 113 36 92
1.541958 105 113 36 92
1.543958 106 113 35 92
1.545958 106 113 35 92
1.547958 107 113 34 92
1.549958 107 113 34 92
1.551958 108 113 33 92
1.553958 108 113 33 92
1.555958 109 113 32 92
1.557958 110 113 32 92
1.559958 110 113 31 92
1.561958 111 113 31 92
1.563958 111 113 30 92
1.565958 112 113 30 92
1.567958 112 113 30 92
1.569958 113 113 30 92
1.571958 113 113 30 92
1.573958 113 113 30 92
1.575958 113 113 30 92
1.577958 113 113 30 92
1.579958 113 113 30 92
1.581958 113 113 30 92
1.583958 114 113 31 92
1.585958 114 113 31 92
1.587958 114 113 31 92
1.589958 114 113 31 92
1.591958 114 113 31 92
1.593958 114 113 31 92
1.595958 114 113 31 92
1.597958 115 113 32 92
1.599958 115 113 32 92
1.601958 115 113 32 92
1.603958 115 113 32 92
1.605958 115 113 32 92
1.607958 115 113 32 92
1.609958 115 113 32 92
1.611958 116 113 33 92
1.613958 116 113 33 92
1.615958 116 113 33 92
1.617958 116 113 33 92
1.619958 116 113 33 92
1.621958 116 113 33 92
1.623958 116 113 33 92
1.625958 116 113 33 92
1.627958 117 113 34 92
1.629958 117 113 34 92
1.631958 117 113 34 92
1.633958 117 113 34 92
1.635958 117 113 34 92
1.637958 117 113 34 92
1.639958 117 113 34 92
1.641958 117 113 35 91
1.643958 117 113 35 91
1.645958 117 113 35 91
1.647958 117 113 36 91
1.649958 117 113 36 91
1.651958 117 113 36 91
1.653958 117 113 36 91
1.655958 117 113 37 91
1.657958 117 113 37 91
1.659958 117 113 37 91
1.661958 117 113 38 91
1.663958 117 113 38 91
1.665958 117 113 38 91
1.667958 117 113 39 91
1.669958 117 113 39 91
1.671958 117 113 39 91
1.673958 117 113 39 91
1.675958 117 113 40 91
1.677958 117 114 40 90
1.679958 117 114 40 90
1.681958 117 114 41 90
1.683958 117 114 41 90
1.685958 117 114 41 90
1.687958 117 114 42 90
1.689958 117 114 42 90
1.691958 117 114 42 90
1.693958 117 114 42 90
1.695958 117 114 43 90
1.697958 117 114 43 90
1.699958 117 114 43 90
1.701958 117 114 44 90
1.703958 117 114 44 90
1.705958 117 114 44 90
1.707958 117 114 45 90
1.709958 117 114 45 90
1.711958 117 114 45 90
1.713958 117 115 46 90
1.715958 117 115 46 90
1.717958 117 115 46 90
1.719958 117 115 46 90
1.721958 117 115 46 90
1.723958 117 115 46 90
1.725958 117 115 46 90
1.727958 117 115 47 90
1.729958 117 115 47 90
1.731958 117 115 47 90
1.733958 117 115 47 90
1.735958 117 115 47 90
1.737958 117 115 47 90
1.739958 117 115 48 90
1.741958 117 115 48 90
1.743958 117 115 48 90
1.745958 117 115 48 90
1.747958 117 115 48 90
1.749958 117 115 48 90
1.751958 118 115 49 90
1.753958 118 115 49 90
1.755958 118 115 49 90
1.757958 118 115 49 90
1.759958 118 115 49 90
1.761958 118 115 49 90
1.763958 118 115 50 90
1.765958 118 115 50 90
1.767958 118 115 50 90
1.769958 118 115 50 90
1.771958 118 115 50 90
1.773958 118 115 50 90
1.775958 118 115 51 90
1.777958 118 115 51 90
1.779958 118 115 51 90
1.781958 118 115 51 90
1.783958 118 115 51 90
1.785958 118 115 51 90
1.787958 119 114 51 90
1.789958 119 114 51 90
1.791958 119 114 51 90
1.793958 119 114 51 90
1.795958 119 114 51 90
1.797958 119 114 51 90
1.799958 120 114 51 90
1.801958 120 114 51 90
1.803958 120 114 51 90
1.805958 120 114 51 90
1.807958 120 114 51 90
1.809958 120 114 51 90
1.811958 121 114 51 90
1.813958 121 114 51 90
1.815958 121 114 51 90
1.817958 121 114 51 90
1.819958 121 114 51 90
1.821958 121 114 51 90
1.823958 122 114 51 90
1.825958 122 114 51 90
1.827958 122 114 51 90
1.829958 122 114 51 90
1.831958 122 114 51 90
1.833958 122 114 51 90
1.835958 123 114 51 90
1.837958 123 114 51 90
1.839958 123 114 51 90
1.841958 123 114 51 90
1.843958 123 114 51 90
1.845958 123 114 51 90
1.847958 124 114 51 90
1.849958 124 114 51 90
1.851958 124 114 51 90
1.853958 124 114 51 90
1.855958 124 114 51 90
1.857958 124 114 51 90
1.859958 125 114 50 90
1.861958 125 114 50 90
1.863958 125 114 50 90
1.865958 125 114 50 90
1.867958 125 114 50 90
1.869958 125 114 50 90
1.871958 126 114 50 90
1.873958 126 114 50 90
1.875958 126 114 49 90
1.877958 126 114 49 90
1.879958 126 114 49 90
1.881958 127 114 49 90
1.883958 127 114 49 90
1.885958 127 114 49 90
1.887958 127 114 49 90
1.889958 127 114 48 90
1.891958 128 114 48 90
1.893958 128 114 48 90
1.895958 128 114 48 90
1.897958 128 114 48 90
1.899958 128 114 48 90
1.901958 129 114 48 90
1.903958 129 114 47 90
1.905958 129 114 47 90
1.907958 129 114 47 90
1.909958 129 114 47 90
1.911958 129 114 47 90
1.913958 130 114 47 90
1.915958 130 114 47 90
1.917958 130 114 47 90
1.919958 130 114 46 90
1.921958 130 114 46 90
1.923958 131 114 46 90
1.925958 131 114 46 90
1.927958 131 114 46 90
1.929958 131 114 46 90
1.931958 131 114 46 90
1.933958 132 114 45 90
1.935958 132 114 45 90
1.937958 132 114 44 90
1.939958 133 114 44 90
1.941958 133 114 44 90
1.943958 134 114 43 90
1.945958 134 114 43 90
1.947958 134 114 42 90
1.949958 135 114 42 90
1.951958 135 114 42 90
1.953958 136 114 41 90
1.955958 136 114 41 90
1.957958 136 114 40 91
1.959958 137 114 40 91
1.961958 137 114 40 91
1.963958 137 114 39 91
1.965958 138 114 39 91
1.967958 138 114 38 91
1.969958 139 113 38 91
1.971958 139 113 37 91
1.973958 139 113 37 91
1.975958 140 113 37 91
1.977958 140 113 36 91
1.979958 141 113 36 91
1.981958 141 113 35 92
1.983958 141 113 35 92
1.985958 142 113 35 92
1.987958 142 113 34 92
1.989958 142 113 34 92
1.991958 143 113 33 92
1.993958 143 113 33 92
1.995958 144 113 33 92
1.997958 144 113 32 92
1.999958 144 113 32 92
2.001958 145 113 31 92
2.003958 145 113 31 92
2.005958 146 113 31 92
2.007958 146 113 31 92
2.009958 146 113 31 92
2.011958 146 113 31 92
2.013958 146 113 31 92
2.015958 146 113 31 92
2.017958 147 113 31 92
2.019958 147 113 31 92
2.021958 147 113 31 92
2.023958 147 113 31 92
2.025958 147 113 31 92
2.027958 148 113 31 92
2.029958 148 113 31 92
2.031958 148 113 31 92
2.033958 148 113 31 92
2.035958 148 113 31 92
2.037958 149 113 31 92
2.039958 149 113 31 92
2.041958 149 113 31 92
2.043958 149 113 31 92
2.045958 149 113 31 92
2.047958 150 113 31 92
2.049958 150 113 31 92
2.051958 150 113 31 92
2.053958 150 113 31 92
2.055958 150 113 31 92
2.057958 151 113 31 92
2.059958 151 113 31 92
2.061958 151 113 31 92
2.063958 151 113 31 92
2.065958 151 113 31 92
2.067958 151 113 31 92
2.069958 152 113 31 92
2.071958 152 113 31 92
2.073958 152 113 31 92
2.075958 152 113 31 92
2.077958 152 113 31 92
2.079958 152 114 31 91
2.081958 152 114 31 91
2.083958 152 114 32 91
2.085958 152 114 32 91
2.087958 152 114 33 91
2.089958 152 114 33 91
2.091958 152 114 34 91
2.093958 152 114 34 91
2.095958 152 114 35 91
2.097958 152 114 35 91
2.099958 152 114 35 91
2.101958 152 114 36 91
2.103958 152 114 36 91
2.105958 152 114 37 91
2.107958 152 114 37 91
2.109958 152 114 38 91
2.111958 152 114 38 91
2.113958 152 114 39 91
2.115958 152 114 39 91
2.117958 152 114 40 91
2.119958 152 114 40 91
2.121958 152 114 41 91
2.123958 152 114 41 91
2.125958 152 114 42 91
2.127958 152 114 42 91
2.129958 152 114 42 91
2.131958 152 114 43 91
2.133958 152 114 43 91
2.135958 152 114 44 91
2.137958 152 114 44 91
2.139958 152 114 45 91
2.141958 152 114 45 91
2.143958 152 114 46 91
2.145958 152 114 46 91
2.147958 152 114 47 91
2.149958 152 114 47 91
2.151958 152 115 47 91
2.153958 152 115 47 91
2.155958 152 115 47 91
2.157958 152 115 47 91
2.159958 152 115 47 91
2.161958 152 115 47 91
2.163958 152 115 47 91
2.165958 152 115 47 91
2.167958 152 115 47 91
2.169958 152 115 47 91
2.171958 152 115 47 91
2.173958 152 115 47 91
2.175958 152 115 47 91
2.177958 152 115 47 91
2.179958 152 115 47 91
2.181958 152 115 47 91
2.183958 152 115 47 91
2.185958 152 115 47 91
2.187958 152 115 47 91
2.189958 153 115 47 91
2.191958 153 115 47 91
2.193958 153 115 47 91
2.195958 153 115 47 91
2.197958 153 115 47 91
2.199958 153 115 47 91
2.201958 153 115 47 91
2.203958 153 115 47 91
2.205958 153 115 47 91
2.207958 153 115 47 91
2.209958 153 115 47 91
2.211958 153 115 47 91
2.213958 153 115 47 91
2.215958 153 115 47 91
2.217958 153 115 47 91
2.219958 153 115 47 91
2.221958 153 115 47 91
2.223958 153 115 47 91
2.225958 154 115 47 90
2.227958 154 115 47 90
2.229958 154 115 47 90
2.231958 154 115 47 90
2.233958 154 115 47 90
2.235958 154 115 47 90
2.237958 154 115 47 90
2.239958 154 115 47 90
2.241958 154 115 47 90
2.243958 155 115 47 90
2.245958 155 115 47 90
2.247958 155 115 47 90
2.249958 155 115 47 90
2.251958 155 115 47 90
2.253958 155 115 47 90
2.255958 155 115 47 90
2.257958 155 115 47 90
2.259958 155 115 47 90
2.261958 156 116 47 89
2.263958 156 116 47 89
2.265958 156 116 47 89
2.267958 156 116 47 89
2.269958 156 116 47 89
2.271958 156 116 47 89
2.273958 156 116 47 89
2.275958 156 116 47 89
2.277958 156 116 47 89
2.279958 157 116 47 89
2.281958 157 116 47 89
2.283958 157 116 47 89
2.285958 157 116 47 89
2.287958 157 116 47 89
2.289958 157 116 47 89
2.291958 157 116 47 89
2.293958 157 116 47 89
2.295958 157 116 47 89
2.297958 158 116 47 88
2.299958 158 116 47 88
2.301958 158 116 47 88
2.303958 158 116 47 88
2.305958 158 116 47 88
2.307958 158 116 47 88
2.309958 159 116 47 88
2.311958 159 116 47 88
2.313958 159 116 47 88
2.315958 159 116 47 88
2.317958 159 116 47 88
2.319958 160 116 47 88
2.321958 160 116 46 88
2.323958 160 116 46 88
2.325958 160 116 46 88
2.327958 160 116 46 88
2.329958 161 116 46 88
2.331958 161 116 46 88
2.333958 161 116 46 88
2.335958 161 116 46 88
2.337958 161 116 46 88
2.339958 162 116 46 88
2.341958 162 116 46 88
2.343958 162 116 46 88
2.345958 162 116 46 88
2.347958 162 116 45 88
2.349958 163 116 45 88
2.351958 163 116 45 88
2.353958 163 116 45 88
2.355958 163 116 45 88
2.357958 163 116 45 88
2.359958 163 116 45 88
2.361958 164 116 45 88
2.363958 164 116 45 88
2.365958 164 116 45 88
2.367958 164 116 45 88
2.369958 164 116 45 88
2.371958 165 115 44 88
2.373958 165 115 44 88
2.375958 165 115 44 88
2.377958 166 115 43 88
2.379958 166 115 43 88
2.381958 166 115 43 88
2.383958 167 115 42 88
2.385958 167 115 42 88
2.387958 167 115 42 88
2.389958 168 115 42 88
2.391958 168 115 41 88
2.393958 168 115 41 88
2.395958 169 115 41 88
2.397958 169 115 40 88
2.399958 169 115 40 88
2.401958 170 115 40 88
2.403958 170 115 39 88
2.405958 170 115 39 88
2.407958 171 115 39 89
2.409958 171 115 39 89
2.411958 171 115 38 89
2.413958 172 115 38 89
2.415958 172 115 38 89
2.417958 172 115 37 89
2.419958 173 115 37 89
2.421958 173 115 37 89
2.423958 173 115 36 89
2.425958 174 115 36 89
2.427958 174 115 36 89
2.429958 174 115 36 89
2.431958 175 115 35 89
2.433958 175 115 35 89
2.435958 175 115 35 89
2.437958 176 115 34 89
2.439958 176 115 34 89
2.441958 176 115 34 89
2.443958 177 115 34 90
2.445958 177 115 34 90
2.447958 177 115 34 90
2.449958 177 115 34 90
2.451958 178 115 34 90
2.453958 178 115 34 90
2.455958 178 115 34 90
2.457958 179 115 34 90
2.459958 179 115 34 90
2.461958 179 115 34 90
2.463958 180 115 34 90
2.465958 180 115 34 90
2.467958 180 115 34 90
2.469958 180 115 34 90
2.471958 181 115 34 90
2.473958 181 115 34 90
2.475958 181 115 34 90
2.477958 182 115 34 90
2.479958 182 115 34 90
2.481958 182 116 34 90
2.483958 183 116 34 90
2.485958 183 116 34 90
2.487958 183 116 34 90
2.489958 184 116 34 90
2.491958 184 116 34 90
2.493958 184 116 34 90
2.495958 184 116 34 90
2.497958 185 116 34 90
2.499958 185 116 34 90
2.501958 185 116 34 90
2.503958 186 116 34 90
2.505958 186 116 34 90
2.507958 186 116 34 90
2.509958 187 116 34 90
2.511958 187 116 34 90
2.513958 187 116 34 90
2.515958 187 116 34 90
2.517958 187 117 34 90
2.519958 187 117 34 90
2.521958 187 117 34 90
2.523958 187 117 34 90
2.525958 187 117 35 90
2.527958 187 117 35 90
2.529958 187 117 35 90
2.531958 187 117 35 90
2.533958 187 117 35 90
2.535958 187 117 36 90
2.537958 187 117 36 90
2.539958 187 117 36 90
2.541958 187 117 36 90
2.543958 187 117 37 90
2.545958 187 117 37 90
2.547958 187 117 37 90
2.549958 187 117 37 90
2.551958 187 117 37 90
2.553958 187 117 38 90
2.555958 187 117 38 90
2.557958 187 117 38 90
2.559958 187 117 38 90
2.561958 187 117 38 90
2.563958 187 117 39 90
2.565958 187 117 39 90
2.567958 187 117 39 90
2.569958 187 117 39 90
2.571958 187 117 40 90
2.573958 187 117 40 90
2.575958 187 117 40 90
2.577958 187 117 40 90
2.579958 187 117 40 90
2.581958 187 117 41 90
2.583958 187 117 41 90
2.585958 187 117 41 90
2.587958 187 117 41 90
2.589958 187 117 42 90
2.591958 187 117 42 90
2.593958 187 117 42 90
2.595958 187 117 42 90
2.597958 187 117 42 90
2.599958 188 117 42 90
2.601958 188 117 42 90
2.603958 188 117 42 90
2.605958 188 117 42 90
2.607958 188 117 43 90
2.609958 188 117 43 90
2.611958 189 117 43 90
2.613958 189 117 43 90
2.615958 189 117 43 90
2.617958 189 117 43 90
2.619958 189 117 43 90
2.621958 190 117 43 90
2.623958 190 117 43 90
2.625958 190 117 44 90
2.627958 190 117 44 90
2.629958 190 117 44 90
2.631958 191 117 44 90
2.633958 191 117 44 90
2.635958 191 117 44 90
2.637958 191 117 44 90
2.639958 191 117 44 90
2.641958 192 117 44 90
2.643958 192 117 44 90
2.645958 192 117 45 90
2.647958 192 117 45 90
2.649958 192 117 45 90
2.651958 192 117 45 90
2.653958 193 117 45 90
2.655958 193 117 45 90
2.657958 193 117 45 90
2.659958 193 117 45 90
2.661958 193 117 45 90
2.663958 194 116 45 90
2.665958 194 116 45 90
2.667958 194 116 45 90
2.669958 194 116 45 90
2.671958 194 116 45 90
2.673958 194 116 45 90
2.675958 194 116 45 90
2.677958 194 116 45 90
2.679958 194 116 45 90
2.681958 195 116 45 90
2.683958 195 116 45 90
2.685958 195 116 45 90
2.687958 195 116 44 90
2.689958 195 116 44 90
2.691958 195 116 44 90
2.693958 195 116 44 90
2.695958 195 116 44 90
2.697958 195 116 44 90
2.699958 196 116 44 90
2.701958 196 116 44 90
2.703958 196 116 44 90
2.705958 196 116 44 90
2.707958 196 116 44 90
2.709958 196 116 44 90
2.711958 196 116 43 90
2.713958 196 116 43 90
2.715958 196 116 43 90
2.717958 197 116 43 90
2.719958 197 116 43 90
2.721958 197 116 43 90
2.723958 197 116 43 90
2.725958 197 116 43 90
2.727958 197 116 43 90
2.729958 197 116 43 90
2.731958 197 116 43 90
2.733958 197 116 43 90
2.735958 198 116 42 89
2.737958 198 116 42 89
2.739958 198 116 42 89
2.741958 198 116 42 89
2.743958 198 116 42 89
2.745958 199 116 42 89
2.747958 199 116 42 89
2.749958 199 116 42 89
2.751958 199 116 42 89
2.753958 199 116 42 89
2.755958 199 116 42 89
2.757958 200 116 42 89
2.759958 200 116 42 89
2.761958 200 116 42 89
2.763958 200 116 42 89
2.765958 200 116 42 89
2.767958 201 116 42 89
2.769958 201 116 42 89
2.771958 201 117 42 88
2.773958 201 117 42 88
2.775958 201 117 42 88
2.777958 202 117 42 88
2.779958 202 117 42 88
2.781958 202 117 42 88
2.783958 202 117 42 88
2.785958 202 117 42 88
2.787958 203 117 42 88
2.789958 203 117 42 88
2.791958 203 117 42 88
2.793958 203 117 42 88
2.795958 203 117 42 88
2.797958 204 117 42 88
2.799958 204 117 42 88
2.801958 204 117 42 88
2.803958 204 117 42 88
2.805958 204 117 42 88
2.807958 204 117 42 88
2.809958 205 117 41 88
2.811958 205 117 41 88
2.813958 205 117 41 88
2.815958 205 117 41 88
2.817958 206 117 40 88
2.819958 206 117 40 88
2.821958 206 117 40 88
2.823958 206 117 40 88
2.825958 206 117 40 88
2.827958 207 117 39 88
2.829958 207 117 39 88
2.831958 207 117 39 88
2.833958 207 117 39 88
2.835958 208 117 38 88
2.837958 208 117 38 88
2.839958 208 117 38 88
2.841958 208 117 38 88
2.843958 208 117 38 88
2.845958 209 116 37 88
2.847958 209 116 37 88
2.849958 209 116 37 88
2.851958 209 116 37 88
2.853958 210 116 36 88
2.855958 210 116 36 88
2.857958 210 116 36 88
2.859958 210 116 36 88
2.861958 210 116 36 88
2.863958 211 116 35 88
2.865958 211 116 35 88
2.867958 211 116 35 88
2.869958 211 116 35 88
2.871958 211 116 35 88
2.873958 212 116 34 88
2.875958 212 116 34 88
2.877958 212 116 34 88
2.879958 212 116 34 88
2.881958 213 115 33 89
2.883958 213 115 33 89
2.885958 213 115 33 89
2.887958 213 115 33 89
2.889958 213 115 33 89
2.891958 214 115 33 89
2.893958 214 115 33 89
2.895958 214 115 33 89
2.897958 214 115 33 89
2.899958 215 115 33 89
2.901958 215 115 33 89
2.903958 215 115 33 89
2.905958 215 115 33 89
2.907958 215 115 33 89
2.909958 216 115 33 89
2.911958 216 115 33 89
2.913958 216 115 33 89
2.915958 216 115 33 89
2.917958 217 115 32 89
2.919958 217 115 32 89
2.921958 217 115 32 89
2.923958 217 115 32 89
2.925958 217 115 32 89
2.927958 218 115 32 89
2.929958 218 115 32 89
2.931958 218 115 32 89
2.933958 218 115 32 89
2.935958 218 115 32 89
2.937958 219 115 32 89
2.939958 219 115 32 89
2.941958 219 115 32 89
2.943958 219 115 32 89
2.945958 220 115 32 89
2.947958 220 115 32 89
2.949958 220 115 32 89
2.951958 220 115 32 89
2.953958 220 115 32 89
2.955958 221 114 32 89
2.957958 221 114 32 89
2.959958 221 114 32 89
2.961958 221 114 32 89
2.963958 221 114 32 89
2.965958 221 114 32 89
2.967958 221 114 33 89
2.969958 222 114 33 89
2.971958 222 114 33 89
2.973958 222 114 33 90
2.975958 222 114 33 90
2.977958 222 114 33 90
2.979958 222 114 34 90
2.981958 222 114 34 90
2.983958 223 114 34 90
2.985958 223 114 34 90
2.987958 223 114 34 90
2.989958 223 114 34 90
2.991958 223 114 35 91
2.993958 223 114 35 91
2.995958 223 114 35 91
2.997958 223 114 35 91
2.999958 224 114 35 91
3.001958 224 114 35 91
3.003958 224 114 36 91
3.005958 224 114 36 91
3.007958 224 114 36 91
3.009958 224 114 36 92
3.011958 224 114 36 92
3.013958 225 114 36 92
3.015958 225 114 37 92
3.017958 225 114 37 92
3.019958 225 114 37 92
3.021958 225 114 37 92
3.023958 225 114 37 92
3.025958 225 114 37 92
3.027958 225 114 38 92
3.029958 225 114 38 92
3.031958 225 114 38 92
3.033958 225 114 39 92
3.035958 225 114 39 92
3.037958 225 114 39 92
3.039958 225 114 40 92
3.041958 225 114 40 91
3.043958 225 114 40 91
3.045958 225 114 41 91
3.047958 225 114 41 91
3.049958 225 114 42 91
3.051958 225 114 42 91
3.053958 225 114 42 91
3.055958 225 114 43 91
3.057958 225 114 43 90
3.059958 225 114 43 90
3.061958 225 114 44 90
3.063958 225 115 44 90
3.065958 225 115 44 90
3.067958 225 115 45 90
3.069958 225 115 45 90
3.071958 225 115 45 89
3.073958 225 115 46 89
3.075958 225 115 46 89
3.077958 225 115 47 89
3.079958 225 115 47 89
3.081958 225 115 47 89
3.083958 225 115 48 89
3.085958 225 115 48 88
3.087958 225 115 48 88
3.089958 225 115 49 88
3.091958 225 115 49 88
3.093958 225 115 49 88
3.095958 225 115 50 88
3.097958 225 115 50 88
3.099958 225 115 50 88
3.101958 225 116 51 87
3.103958 225 116 51 87
3.105958 225 116 51 87
3.107958 225 116 51 87
3.109958 225 116 51 87
3.111958 225 116 51 87
3.113958 225 116 51 87
3.115958 225 116 51 87
3.117958 225 116 51 87
3.119958 225 116 51 87
3.121958 225 116 51 87
3.123958 225 116 51 87
3.125958 225 117 51 87
3.127958 225 117 51 87
3.129958 225 117 51 87
3.131958 225 117 51 87
3.133958 225 117 51 87
3.135958 225 117 51 87
3.137958 226 117 51 87
3.139958 226 117 51 87
3.141958 226 117 51 87
3.143958 226 117 51 87
3.145958 226 117 51 87
3.147958 226 117 51 87
3.149958 226 118 51 87
3.151958 226 118 51 87
3.153958 226 118 51 87
3.155958 226 118 51 87
3.157958 226 118 51 87
3.159958 226 118 51 87
3.161958 226 118 51 87
3.163958 226 118 51 87
3.165958 226 118 51 87
3.167958 226 118 51 87
3.169958 226 118 51 87
3.171958 226 118 51 87
3.173958 227 119 51 86
3.175958 227 119 51 86
3.177958 227 119 51 86
3.179958 227 119 51 86
3.181958 227 119 51 86
3.183958 227 119 51 86
3.185958 227 119 51 86
3.187958 228 119 51 86
3.189958 228 119 51 86
3.191958 228 119 50 86
3.193958 228 119 50 86
3.195958 228 119 50 86
3.197958 228 119 50 86
3.199958 228 119 50 86
3.201958 228 119 50 86
3.203958 229 119 50 86
3.205958 229 119 50 86
3.207958 229 119 50 86
3.209958 229 119 49 86
3.211958 229 119 49 86
3.213958 229 119 49 86
3.215958 229 119 49 86
3.217958 230 119 49 86
3.219958 230 119 49 86
3.221958 230 119 49 86
3.223958 230 119 49 86
3.225958 230 119 49 86
3.227958 230 119 48 86
3.229958 230 119 48 86
3.231958 231 119 48 86
3.233958 231 119 48 86
3.235958 231 119 48 86
3.237958 231 119 48 86
3.239958 231 119 48 86
3.241958 231 119 48 86
3.243958 231 119 48 86
3.245958 231 119 48 86
3.247958 232 118 47 86
3.249958 232 118 47 86
3.251958 232 118 47 86
3.253958 232 118 47 86
3.255958 233 118 46 86
3.257958 233 118 46 86
3.259958 233 118 46 86
3.261958 233 118 46 86
3.263958 234 118 45 86
3.265958 234 118 45 86
3.267958 234 118 45 86
3.269958 234 118 45 86
3.271958 235 118 44 86
3.273958 235 118 44 86
3.275958 235 118 44 86
3.277958 235 118 44 86
3.279958 236 118 43 86
3.281958 236 118 43 86
3.283958 236 117 43 86
3.285958 236 117 43 86
3.287958 237 117 42 86
3.289958 237 117 42 86
3.291958 237 117 42 86
3.293958 237 117 42 86
3.295958 238 117 41 86
3.297958 238 117 41 86
3.299958 238 117 41 86
3.301958 238 117 41 86
3.303958 239 117 40 86
3.305958 239 117 40 86
3.307958 239 117 40 86
3.309958 239 117 40 86
3.311958 240 117 39 86
3.313958 240 117 39 86
3.315958 240 117 39 86
3.317958 240 117 39 86
3.319958 241 116 38 87
3.321958 241 116 38 87
3.323958 241 116 38 87
3.325958 242 116 38 87
3.327958 242 116 38 87
3.329958 242 116 38 87
3.331958 242 116 38 87
3.333958 243 116 38 87
3.335958 243 116 38 87
3.337958 243 116 37 87
3.339958 244 116 37 87
3.341958 244 116 37 87
3.343958 244 116 37 87
3.345958 245 116 37 87
3.347958 245 116 37 87
3.349958 245 116 37 87
3.351958 245 116 37 87
3.353958 246 116 37 87
3.355958 246 116 36 87
3.357958 246 116 36 87
3.359958 247 116 36 87
3.361958 247 116 36 87
3.363958 247 116 36 87
3.365958 248 116 36 87
3.367958 248 116 36 87
3.369958 248 116 36 87
3.371958 248 116 36 87
3.373958 249 116 35 87
3.375958 249 116 35 87
3.377958 249 116 35 87
3.379958 250 116 35 87
3.381958 250 116 35 87
3.383958 250 116 35 87
3.385958 251 116 35 87
3.387958 251 116 35 87
3.389958 251 116 35 87
3.391958 252 116 34 88
3.393958 252 116 34 88
3.395958 252 116 34 88
3.397958 252 116 34 88
3.399958 252 116 34 88
3.401958 253 116 34 88
3.403958 253 116 34 88
3.405958 253 116 34 88
3.407958 253 116 34 88
3.409958 253 116 34 88
3.411958 254 116 34 88
3.413958 254 116 34 88
3.415958 254 116 34 88
3.417958 254 116 34 88
3.419958 255 116 34 88
3.421958 255 116 34 88
3.423958 255 116 34 88
3.425958 255 116 34 88
3.427958 255 116 34 88
3.429958 256 116 34 88
3.431958 256 116 34 88
3.433958 256 116 34 88
3.435958 256 116 34 88
3.437958 257 116 34 88
3.439958 257 116 34 88
3.441958 257 116 34 88
3.443958 257 116 34 88
3.445958 257 116 34 88
3.447958 258 116 34 88
3.449958 258 116 34 88
3.451958 258 116 34 88
3.453958 258 116 34 88
3.455958 259 116 34 88
3.457958 259 116 34 88
3.459958 259 116 34 88
3.461958 259 116 34 88
3.463958 259 116 34 88
3.465958 260 116 34 88
3.467958 260 116 34 88
3.469958 260 116 34 88
3.471958 260 116 34 88
3.473958 260 116 34 88
3.475958 260 116 34 88
3.477958 260 116 34 88
3.479958 260 116 34 88
3.481958 260 116 34 88
3.483958 260 116 34 88
3.485958 260 116 34 88
3.487958 260 116 34 88
3.489958 261 116 34 87
3.491958 261 116 34 87
3.493958 261 116 34 87
3.495958 261 116 34 87
3.497958 261 116 34 87
3.499958 261 116 34 87
3.501958 261 117 34 87
3.503958 261 117 34 87
3.505958 261 117 34 87
3.507958 261 117 34 87
3.509958 261 117 34 87
3.511958 261 117 34 87
3.513958 262 117 34 86
3.515958 262 117 34 86
3.517958 262 117 34 86
3.519958 262 117 34 86
3.521958 262 117 34 86
3.523958 262 117 34 86
3.525958 262 117 34 86
3.527958 262 117 34 86
3.529958 262 117 34 86
3.531958 262 117 34 86
3.533958 262 117 34 86
3.535958 262 117 34 86
3.537958 263 118 34 85
3.539958 263 118 34 85
3.541958 263 118 34 85
3.543958 263 118 34 85
3.545958 263 118 34 85
3.547958 263 118 34 85
3.549958 263 118 34 85
3.551958 263 118 34 85
3.553958 263 118 34 85
3.555958 263 118 34 85
3.557958 263 118 34 85
3.559958 263 118 34 85
3.561958 263 118 34 85
3.563958 263 118 35 85
3.565958 263 118 35 85
3.567958 263 118 35 85
3.569958 263 118 35 85
3.571958 263 118 35 85
3.573958 263 118 35 85
3.575958 263 118 35 85
3.577958 263 118 35 85
3.579958 263 118 35 85
3.581958 263 118 35 85
3.583958 263 118 35 85
3.585958 263 118 35 85
3.587958 263 118 36 85
3.589958 263 118 36 85
3.591958 263 118 36 85
3.593958 263 118 36 85
3.595958 263 118 36 85
3.597958 263 118 36 85
3.599958 263 118 36 85
3.601958 263 118 36 85
3.603958 263 118 36 85
3.605958 263 118 36 85
3.607958 263 118 36 85
3.609958 263 118 36 85
3.611958 264 118 37 84
3.613958 264 118 37 84
3.615958 264 118 37 84
3.617958 264 118 37 84
3.619958 264 118 37 84
3.621958 264 118 37 84
3.623958 264 118 37 84
3.625958 264 118 37 84
3.627958 264 118 37 84
3.629958 264 118 37 84
3.631958 264 118 37 84
3.633958 264 118 37 84
3.635958 265 118 37 84
3.637958 265 118 37 84
3.639958 265 118 37 84
3.641958 265 118 37 84
3.643958 265 118 37 84
3.645958 265 118 37 84
3.647958 265 118 37 84
3.649958 265 118 37 84
3.651958 265 118 37 84
3.653958 265 118 37 84
3.655958 265 118 37 84
3.657958 265 118 37 84
3.659958 266 118 37 84
3.661958 266 118 37 84
3.663958 266 118 37 84
3.665958 266 118 37 84
3.667958 266 118 37 84
3.669958 266 118 37 84
3.671958 266 118 37 84
3.673958 266 118 37 84
3.675958 266 118 37 84
3.677958 266 118 37 84
3.679958 266 118 37 84
3.681958 266 118 37 84
3.683958 267 119 37 83
3.685958 267 119 37 83
3.687958 267 119 37 83
3.689958 267 119 37 83
3.691958 268 119 37 83
3.693958 268 119 37 83
3.695958 268 119 37 83
3.697958 268 119 37 83
3.699958 268 119 36 83
3.701958 269 119 36 83
3.703958 269 119 36 83
3.705958 269 119 36 83
3.707958 269 119 36 83
3.709958 270 119 36 83
3.711958 270 119 36 83
3.713958 270 119 35 83
3.715958 270 119 35 83
3.717958 271 119 35 83
3.719958 271 119 35 83
3.721958 271 119 35 82
3.723958 271 119 35 82
3.725958 272 119 35 82
3.727958 272 119 34 82
3.729958 272 119 34 82
3.731958 272 119 34 82
3.733958 273 119 34 82
3.735958 273 119 34 82
3.737958 273 119 34 82
3.739958 273 119 34 82
3.741958 274 119 34 82
3.743958 274 119 33 82
3.745958 274 119 33 82
3.747958 274 119 33 82
3.749958 275 119 33 82
3.751958 275 119 33 82
3.753958 275 119 33 82
3.755958 275 119 33 82
3.757958 276 118 32 82
3.759958 276 118 32 82
3.761958 276 118 32 82
3.763958 276 118 32 82
3.765958 277 118 32 82
3.767958 277 118 32 82
3.769958 277 118 32 82
3.771958 277 118 31 82
3.773958 277 118 31 82
3.775958 278 118 31 82
3.777958 278 118 31 82
3.779958 278 118 31 82
3.781958 278 117 31 83
3.783958 278 117 31 83
3.785958 279 117 30 83
3.787958 279 117 30 83
3.789958 279 117 30 83
3.791958 279 117 30 83
3.793958 280 117 30 83
3.795958 280 117 30 83
3.797958 280 117 30 83
3.799958 280 117 30 83
3.801958 280 117 29 83
3.803958 281 117 29 83
3.805958 281 116 29 84
3.807958 281 116 29 84
3.809958 281 116 29 84
3.811958 282 116 29 84
3.813958 282 116 29 84
3.815958 282 116 28 84
3.817958 282 116 28 84
3.819958 282 116 28 84
3.821958 283 116 28 84
3.823958 283 116 28 84
3.825958 283 116 28 84
3.827958 283 116 28 84
3.829958 284 115 28 85
3.831958 284 115 28 85
3.833958 284 115 28 85
3.835958 284 115 28 85
3.837958 284 115 28 85
3.839958 284 115 28 85
3.841958 284 115 28 85
3.843958 284 115 28 85
3.845958 284 115 28 85
3.847958 285 115 28 85
3.849958 285 115 28 85
3.851958 285 115 28 85
3.853958 285 115 28 85
3.855958 285 115 28 85
3.857958 285 115 28 85
3.859958 285 115 28 85
3.861958 285 115 28 85
3.863958 285 115 28 85
3.865958 285 115 28 85
3.867958 286 115 28 86
3.869958 286 115 28 86
3.871958 286 115 28 86
3.873958 286 115 28 86
3.875958 286 115 28 86
3.877958 286 115 28 86
3.879958 286 115 28 86
3.881958 286 115 28 86
3.883958 286 115 28 86
3.885958 287 115 28 86
3.887958 287 115 28 86
3.889958 287 115 28 86
3.891958 287 115 28 86
3.893958 287 115 28 86
3.895958 287 115 28 86
3.897958 287 115 28 86
3.899958 287 115 28 86
3.901958 287 115 28 86
3.903958 288 115 28 86
3.905958 288 115 28 86
3.907958 288 115 28 86
3.909958 288 115 28 86
3.911958 288 115 28 86
3.913958 288 115 28 86
3.915958 288 115 29 86
3.917958 288 115 29 86
3.919958 288 115 29 86
3.921958 288 115 29 85
3.923958 288 115 29 85
3.925958 288 115 29 85
3.927958 288 115 30 85
3.929958 288 115 30 85
3.931958 288 115 30 85
3.933958 288 115 30 85
3.935958 288 115 30 85
3.937958 288 115 30 85
3.939958 289 116 31 84
3.941958 289 116 31 84
3.943958 289 116 31 84
3.945958 289 116 31 84
3.947958 289 116 31 84
3.949958 289 116 31 84
3.951958 289 116 32 84
3.953958 289 116 32 84
3.955958 289 116 32 84
3.957958 289 116 32 83
3.959958 289 116 32 83
3.961958 289 116 32 83
3.963958 289 116 33 83
3.965958 289 116 33 83
3.967958 289 116 33 83
3.969958 289 116 33 83
3.971958 289 116 33 83
3.973958 289 116 33 83
3.975958 290 116 34 83
3.977958 290 116 34 83
3.979958 290 116 34 83
3.981958 290 116 34 83
3.983958 290 116 34 83
3.985958 290 116 34 83
3.987958 290 116 35 83
3.989958 290 116 35 83
3.991958 290 116 35 83
3.993958 290 116 35 83
3.995958 290 116 35 83
3.997958 290 116 36 83
3.999958 290 116 36 83
4.001958 290 116 36 83
4.003958 290 116 36 83
4.005958 290 116 36 83
4.007958 290 116 37 83
4.009958 290 116 37 83
4.011958 290 116 37 83
4.013958 290 116 37 83
4.015958 290 116 37 83
4.017958 290 116 38 83
4.019958 290 116 38 83
4.021958 290 116 38 83
4.023958 290 116 38 83
4.025958 290 116 38 83
4.027958 290 116 39 83
4.029958 290 116 39 83
4.031958 290 116 39 83
4.033958 290 116 39 83
4.035958 290 116 39 83
4.037958 290 116 39 83
4.039958 290 116 40 83
4.041958 290 116 40 83
4.043958 290 116 40 83
4.045958 290 116 40 83
4.047958 290 116 40 83
4.049958 290 116 40 84
4.051958 290 116 40 84
4.053958 290 116 40 84
4.055958 290 116 40 84
4.057958 290 116 40 84
4.059958 290 116 40 84
4.061958 290 116 40 84
4.063958 290 116 40 84
4.065958 290 116 40 84
4.067958 290 116 40 84
4.069958 290 116 40 84
4.071958 290 116 40 84
4.073958 290 116 40 84
4.075958 290 116 40 84
4.077958 290 116 40 84
4.079958 290 116 40 84
4.081958 290 116 40 84
4.083958 290 116 40 84
4.085958 291 116 40 84
4.087958 291 116 40 84
4.089958 291 116 40 84
4.091958 291 116 40 84
4.093958 291 116 40 84
4.095958 291 116 40 84
4.097958 291 116 40 84
4.099958 291 116 40 84
4.101958 291 116 40 84
4.103958 291 116 40 84
4.105958 291 116 40 84
4.107958 291 116 40 84
4.109958 291 116 40 84
4.111958 291 116 40 84
4.113958 291 116 40 84
4.115958 291 116 40 84
4.117958 291 116 40 84
4.119958 291 116 40 84
4.121958 292 117 39 83
4.123958 292 117 39 83
4.125958 292 117 39 83
4.127958 292 117 39 83
4.129958 292 117 39 83
4.131958 292 117 39 83
4.133958 292 117 39 83
4.135958 292 117 39 83
4.137958 292 117 39 83
4.139958 293 117 39 83
4.141958 293 117 39 83
4.143958 293 117 39 83
4.145958 293 117 39 83
4.147958 293 117 39 83
4.149958 293 117 39 83
4.151958 293 117 39 83
4.153958 293 117 39 83
4.155958 293 117 39 83
4.157958 293 117 39 83
4.159958 294 117 39 83
4.161958 294 117 39 83
4.163958 294 117 39 83
4.165958 294 117 39 83
4.167958 294 117 39 83
4.169958 294 117 39 83
4.171958 294 117 39 83
4.173958 294 117 39 83
4.175958 294 117 39 83
4.177958 295 117 39 83
4.179958 295 117 39 83
4.181958 295 117 39 83
4.183958 295 117 39 83
4.185958 295 117 39 83
4.187958 295 117 39 83
4.189958 295 117 39 83
4.191958 295 117 39 83
4.193958 295 117 39 83
4.195958 296 117 38 83
4.197958 296 117 38 83
4.199958 296 117 37 83
4.201958 297 117 37 83
4.203958 297 117 37 83
4.205958 297 117 36 83
4.207958 297 117 36 83
4.209958 298 117 35 83
4.211958 298 117 35 83
4.213958 298 117 34 83
4.215958 298 117 34 83
4.217958 299 117 34 83
4.219958 299 117 33 83
4.221958 299 117 33 83
4.223958 300 117 32 83
4.225958 300 117 32 83
4.227958 300 117 32 83
4.229958 300 117 31 83
4.231958 301 117 31 83
4.233958 301 117 30 83
4.235958 301 117 30 83
4.237958 301 117 30 83
4.239958 302 117 29 83
4.241958 302 117 29 83
4.243958 302 117 28 83
4.245958 303 117 28 83
4.247958 303 117 28 83
4.249958 303 117 27 83
4.251958 303 117 27 83
4.253958 304 117 26 83
4.255958 304 117 26 83
4.257958 304 117 25 83
4.259958 304 117 25 83
4.261958 305 117 25 83
4.263958 305 117 24 83
4.265958 305 117 24 83
