0.040530 1 98 35 109
0.042530 1 97 35 109
0.044530 1 97 35 109
0.046530 1 97 35 109
0.048530 1 97 35 109
0.050530 1 97 35 109
0.052530 1 97 35 109
0.054530 1 97 35 109
0.056530 1 97 35 109
0.058530 1 97 35 109
0.060530 1 97 35 109
0.062530 1 97 35 109
0.064530 1 96 35 109
0.066530 1 96 35 109
0.068530 1 96 35 109
0.070530 1 96 35 109
0.072530 1 96 35 109
0.074530 1 96 35 109
0.076530 1 96 35 109
0.078530 1 96 35 109
0.080530 1 96 35 109
0.082530 1 96 35 109
0.084530 1 96 35 109
0.086530 1 96 35 109
0.088530 1 96 35 109
0.090530 1 96 35 109
0.092530 1 96 35 109
0.094530 1 96 35 109
0.096530 1 96 35 109
0.098530 1 96 35 109
0.100530 1 96 35 108
0.102530 1 96 35 108
0.104530 1 96 35 108
0.106530 1 96 35 108
0.108530 1 96 35 108
0.110530 1 96 35 108
0.112530 1 96 36 107
0.114530 1 96 36 107
0.116530 1 96 36 107
0.118530 1 96 36 107
0.120530 1 96 36 107
0.122530 1 96 36 107
0.124530 1 96 36 106
0.126530 1 96 36 106
0.128530 1 96 36 106
0.130530 1 96 36 106
0.132530 1 96 36 106
0.134530 1 96 36 106
0.136530 2 95 37 106
0.138530 2 95 37 106
0.140530 2 95 37 106
0.142530 2 95 37 107
0.144530 2 95 37 107
0.146530 2 95 37 107
0.148530 2 95 38 108
0.150530 2 95 38 108
0.152530 2 95 38 108
0.154530 2 95 38 108
0.156530 2 95 38 109
0.158530 2 95 38 109
0.160530 2 95 39 109
0.162530 2 95 39 110
0.164530 2 95 39 110
0.166530 2 95 39 110
0.168530 2 95 39 110
0.170530 2 95 40 111
0.172530 2 95 40 111
0.174530 2 95 40 111
0.176530 2 95 40 112
0.178530 2 95 40 112
0.180530 2 95 40 112
0.182530 2 95 41 112
0.184530 2 95 41 112
0.186530 2 95 41 112
0.188530 3 95 41 111
0.190530 3 95 41 111
0.192530 3 95 41 110
0.194530 4 95 41 110
0.196530 4 95 41 109
0.198530 4 95 41 109
0.200530 5 95 41 109
0.202530 5 95 41 108
0.204530 5 95 41 108
0.206530 6 95 41 107
0.208530 6 95 41 107
0.210530 6 95 41 106
0.212530 7 95 41 106
0.214530 7 95 41 106
0.216530 7 95 41 105
0.218530 8 95 41 105
0.220530 8 95 41 104
0.222530 8 95 41 104
0.224530 9 95 41 104
0.226530 9 95 41 103
0.228530 9 95 41 103
0.230530 9 96 42 103
0.232530 9 96 42 103
0.234530 9 96 42 103
0.236530 9 96 42 103
0.238530 9 96 42 103
0.240530 9 96 42 103
0.242530 9 96 42 103
0.244530 9 96 42 103
0.246530 9 96 42 103
0.248530 9 96 42 103
0.250530 9 96 42 103
0.252530 9 96 42 103
0.254530 8 96 42 103
0.256530 8 96 42 103
0.258530 8 96 42 103
0.260530 8 96 42 103
0.262530 8 96 42 103
0.264530 8 96 42 103
0.266530 8 96 42 103
0.268530 8 96 42 103
0.270530 8 96 42 103
0.272530 8 96 42 103
0.274530 8 96 42 103
0.276530 8 96 42 103
0.278530 8 96 42 103
0.280530 8 96 42 103
0.282530 8 96 42 103
0.284530 8 96 43 104
0.286530 8 96 43 104
0.288530 8 96 43 104
0.290530 8 96 44 104
0.292530 8 96 44 105
0.294530 8 96 44 105
0.296530 8 96 44 105
0.298530 8 96 45 105
0.300530 8 96 45 106
0.302530 8 96 45 106
0.304530 8 96 46 106
0.306530 8 96 46 106
0.308530 8 96 46 107
0.310530 8 96 47 107
0.312530 8 96 47 107
0.314530 8 96 47 107
0.316530 8 96 47 108
0.318530 8 96 48 108
0.320530 8 96 48 108
0.322530 8 96 48 108
0.324530 7 97 49 108
0.326530 7 97 49 108
0.328530 7 97 49 108
0.330530 7 97 49 108
0.332530 7 97 49 108
0.334530 7 97 49 107
0.336530 7 97 49 107
0.338530 7 97 49 107
0.340530 6 97 49 107
0.342530 6 97 49 107
0.344530 6 97 49 106
0.346530 6 97 49 106
0.348530 6 97 50 106
0.350530 6 97 50 106
0.352530 6 97 50 105
0.354530 6 97 50 105
0.356530 5 97 50 105
0.358530 5 97 50 105
0.360530 5 97 50 105
0.362530 5 97 50 104
0.364530 5 97 50 104
0.366530 5 97 50 104
0.368530 5 97 50 104
0.370530 5 97 50 104
0.372530 5 97 50 104
0.374530 5 97 50 104
0.376530 5 97 50 104
0.378530 5 97 50 104
0.380530 5 97 50 104
0.382530 5 97 50 104
0.384530 5 97 50 105
0.386530 5 97 50 105
0.388530 6 96 50 105
0.390530 6 96 50 105
0.392530 6 96 50 105
0.394530 6 96 50 105
0.396530 6 96 49 106
0.398530 6 96 49 106
0.400530 6 96 49 106
0.402530 7 95 49 106
0.404530 7 95 49 106
0.406530 7 95 49 107
0.408530 7 95 49 107
0.410530 7 95 49 107
0.412530 7 95 49 107
0.414530 7 95 49 107
0.416530 7 95 49 107
0.418530 8 95 49 107
0.420530 8 95 49 107
0.422530 8 95 49 107
0.424530 8 95 49 107
0.426530 8 95 49 107
0.428530 8 95 49 107
0.430530 8 95 49 107
0.432530 8 95 49 107
0.434530 8 95 50 107
0.436530 8 95 50 107
0.438530 8 95 50 107
0.440530 8 95 50 107
0.442530 8 96 50 106
0.444530 8 96 50 106
0.446530 8 96 50 106
0.448530 8 96 50 106
0.450530 8 96 51 106
0.452530 8 96 51 106
0.454530 8 96 51 106
0.456530 8 96 51 106
0.458530 8 96 51 106
0.460530 8 96 51 106
0.462530 8 96 51 106
0.464530 8 96 51 106
0.466530 8 97 51 106
0.468530 8 97 51 106
0.470530 8 97 51 106
0.472530 9 97 51 106
0.474530 9 97 50 106
0.476530 9 97 50 106
0.478530 10 97 50 106
0.480530 10 97 50 106
0.482530 10 97 49 106
0.484530 11 97 49 106
0.486530 11 97 49 106
0.488530 11 97 49 106
0.490530 12 97 48 106
0.492530 12 97 48 106
0.494530 12 97 48 106
0.496530 13 97 48 106
0.498530 13 97 47 106
0.500530 13 97 47 106
0.502530 14 97 47 106
0.504530 14 97 47 106
0.506530 14 97 46 106
0.508530 15 97 46 106
0.510530 15 97 46 106
0.512530 15 97 46 106
0.514530 16 98 46 105
0.516530 16 98 46 105
0.518530 17 98 46 105
0.520530 17 98 46 105
0.522530 17 98 46 105
0.524530 18 98 46 104
0.526530 18 98 46 104
0.528530 19 98 46 104
0.530530 19 98 46 104
0.532530 19 98 46 104
0.534530 20 98 46 104
0.536530 20 98 46 103
0.538530 20 98 46 103
0.540530 21 98 46 103
0.542530 21 98 46 103
0.544530 22 98 46 103
0.546530 22 98 46 103
0.548530 22 98 46 102
0.550530 23 98 46 102
0.552530 23 98 46 102
0.554530 23 98 46 102
0.556530 24 98 46 102
0.558530 24 98 46 102
0.560530 25 97 46 101
0.562530 25 97 46 101
0.564530 25 97 46 101
0.566530 25 97 46 100
0.568530 25 97 46 100
0.570530 25 97 46 99
0.572530 25 97 46 99
0.574530 25 97 46 98
0.576530 25 97 46 98
0.578530 25 97 46 98
0.580530 25 97 46 97
0.582530 25 97 46 97
0.584530 25 96 46 96
0.586530 25 96 46 96
0.588530 25 96 46 95
0.590530 25 96 46 95
0.592530 25 96 46 95
0.594530 25 96 46 94
0.596530 25 96 46 94
0.598530 25 96 46 93
0.600530 25 96 46 93
0.602530 25 96 46 92
0.604530 25 96 46 92
0.606530 25 96 46 92
0.608530 26 96 45 92
0.610530 26 96 45 92
0.612530 26 96 45 93
0.614530 26 96 45 93
0.616530 26 96 45 94
0.618530 26 96 44 94
0.620530 27 96 44 95
0.622530 27 96 44 95
0.624530 27 96 44 96
0.626530 27 96 43 96
0.628530 27 96 43 96
0.630530 27 96 43 97
0.632530 28 96 43 97
0.634530 28 96 43 98
0.636530 28 96 42 98
0.638530 28 96 42 99
0.640530 28 96 42 99
0.642530 29 96 42 100
0.644530 29 96 42 100
0.646530 29 96 41 101
0.648530 29 96 41 101
0.650530 29 96 41 102
0.652530 29 96 41 102
0.654530 30 96 40 102
0.656530 30 96 40 102
0.658530 30 96 40 102
0.660530 30 96 40 102
0.662530 31 96 40 102
0.664530 31 96 39 102
0.666530 31 96 39 102
0.668530 32 96 39 102
0.670530 32 96 39 102
0.672530 32 96 39 102
0.674530 32 96 38 102
0.676530 33 96 38 102
0.678530 33 96 38 102
0.680530 33 96 38 102
0.682530 34 96 38 102
0.684530 34 96 37 102
0.686530 34 96 37 102
0.688530 35 96 37 102
0.690530 35 96 37 102
0.692530 35 96 36 102
0.694530 35 96 36 102
0.696530 36 96 36 102
0.698530 36 96 36 102
0.700530 36 96 36 102
0.702530 37 96 36 102
0.704530 37 96 36 102
0.706530 37 96 36 102
0.708530 37 96 37 103
0.710530 37 96 37 103
0.712530 37 96 38 104
0.714530 37 96 38 104
0.716530 37 96 38 104
0.718530 37 96 39 105
0.720530 37 96 39 105
0.722530 37 96 40 106
0.724530 37 96 40 106
0.726530 37 96 40 106
0.728530 37 96 41 107
0.730530 37 96 41 107
0.732530 37 96 41 107
0.734530 37 96 42 108
0.736530 37 96 42 108
0.738530 37 96 43 109
0.740530 37 96 43 109
0.742530 37 96 43 109
0.744530 37 96 44 110
0.746530 37 96 44 110
0.748530 37 96 44 110
0.750530 36 97 45 110
0.752530 36 97 45 110
0.754530 36 97 46 110
0.756530 36 97 46 110
0.758530 36 97 47 109
0.760530 36 97 47 109
0.762530 36 97 47 109
0.764530 35 97 48 109
0.766530 35 97 48 109
0.768530 35 97 49 108
0.770530 35 97 49 108
0.772530 35 97 50 108
0.774530 35 97 50 108
0.776530 35 97 50 108
0.778530 35 97 51 107
0.780530 34 97 51 107
0.782530 34 97 52 107
0.784530 34 97 52 107
0.786530 34 97 53 106
0.788530 34 97 53 106
0.790530 34 97 53 106
0.792530 34 97 54 106
0.794530 34 97 54 106
0.796530 34 97 55 106
0.798530 34 97 55 106
0.800530 34 97 55 106
0.802530 34 97 55 106
0.804530 34 97 55 106
0.806530 34 97 55 106
0.808530 34 97 56 106
0.810530 34 97 56 106
0.812530 35 97 56 106
0.814530 35 97 56 106
0.816530 35 97 56 106
0.818530 35 97 56 106
0.820530 35 97 57 106
0.822530 35 97 57 106
0.824530 35 97 57 106
0.826530 35 97 57 106
0.828530 36 97 57 106
0.830530 36 97 57 106
0.832530 36 97 58 106
0.834530 36 97 58 106
0.836530 36 97 58 106
0.838530 36 97 58 106
0.840530 36 97 58 106
0.842530 36 97 58 106
0.844530 37 98 58 105
0.846530 37 98 58 105
0.848530 37 98 58 105
0.850530 37 98 58 105
0.852530 37 98 58 105
0.854530 38 98 58 105
0.856530 38 98 58 105
0.858530 38 98 58 105
0.860530 38 98 58 105
0.862530 39 98 58 105
0.864530 39 98 58 105
0.866530 39 98 58 105
0.868530 39 99 58 104
0.870530 39 99 58 104
0.872530 40 99 58 104
0.874530 40 99 58 104
0.876530 40 99 58 104
0.878530 40 99 58 104
0.880530 40 99 58 104
0.882530 41 99 58 104
0.884530 41 99 58 104
0.886530 41 99 58 104
0.888530 41 99 58 104
0.890530 41 100 58 104
0.892530 41 100 58 104
0.894530 41 100 58 104
0.896530 41 100 58 104
0.898530 41 100 58 104
0.900530 41 100 59 104
0.902530 40 100 59 104
0.904530 40 100 59 104
0.906530 40 100 59 104
0.908530 40 100 59 104
0.910530 40 100 60 104
0.912530 40 100 60 104
0.914530 39 100 60 104
0.916530 39 100 60 104
0.918530 39 100 60 104
0.920530 39 100 61 104
0.922530 39 100 61 104
0.924530 39 100 61 104
0.926530 38 100 61 104
0.928530 38 100 62 104
0.930530 38 100 62 104
0.932530 38 100 62 104
0.934530 38 100 62 104
0.936530 38 100 62 104
0.938530 38 100 63 105
0.940530 38 100 63 105
0.942530 38 100 63 105
0.944530 38 100 63 105
0.946530 38 100 63 105
0.948530 38 100 63 105
0.950530 38 100 63 105
0.952530 38 100 63 105
0.954530 38 100 63 105
0.956530 38 100 63 105
0.958530 38 100 63 105
0.960530 38 100 63 105
0.962530 38 100 64 106
0.964530 38 100 64 106
0.966530 38 100 64 106
0.968530 38 100 64 106
0.970530 38 100 64 106
0.972530 38 100 64 106
0.974530 38 100 64 106
0.976530 38 100 64 106
0.978530 38 100 64 106
0.980530 38 100 64 106
0.982530 38 100 64 106
0.984530 38 100 64 106
0.986530 39 99 64 107
0.988530 39 99 64 107
0.990530 39 99 64 107
0.992530 39 99 64 107
0.994530 39 99 63 107
0.996530 39 99 63 107
0.998530 39 99 63 107
1.000530 39 99 63 107
1.002530 39 99 63 107
1.004530 39 99 62 107
1.006530 39 99 62 107
1.008530 40 99 62 107
1.010530 40 99 62 107
1.012530 40 99 62 107
1.014530 40 99 61 107
1.016530 40 99 61 107
1.018530 40 99 61 107
1.020530 40 99 61 107
1.022530 40 99 61 107
1.024530 40 99 60 107
1.026530 40 99 60 107
1.028530 40 99 60 107
1.030530 40 99 60 107
1.032530 41 99 59 106
1.034530 41 99 59 106
1.036530 42 99 58 106
1.038530 42 99 58 106
1.040530 43 99 57 106
1.042530 44 99 57 106
1.044530 44 99 56 106
1.046530 45 99 56 106
1.048530 45 99 55 106
1.050530 46 99 54 106
1.052530 47 99 54 106
1.054530 47 99 53 106
1.056530 48 99 53 105
1.058530 48 99 52 105
1.060530 49 99 52 105
1.062530 50 99 51 105
1.064530 50 99 51 105
1.066530 51 99 50 105
1.068530 51 99 49 105
1.070530 52 99 49 105
1.072530 53 99 48 105
1.074530 53 99 48 105
1.076530 54 99 47 105
1.078530 54 99 47 105
1.080530 55 99 46 104
1.082530 55 99 46 104
1.084530 55 99 46 104
1.086530 56 99 46 104
1.088530 56 99 46 104
1.090530 56 99 46 103
1.092530 56 99 46 103
1.094530 57 99 46 103
1.096530 57 99 45 103
1.098530 57 99 45 102
1.100530 58 99 45 102
1.102530 58 99 45 102
1.104530 58 99 45 102
1.106530 59 99 45 102
1.108530 59 99 45 101
1.110530 59 99 45 101
1.112530 59 99 44 101
1.114530 60 99 44 101
1.116530 60 99 44 101
1.118530 60 99 44 100
1.120530 61 99 44 100
1.122530 61 99 44 100
1.124530 61 99 44 100
1.126530 62 100 43 100
1.128530 62 100 43 100
1.130530 62 100 43 100
1.132530 62 100 43 100
1.134530 62 100 43 101
1.136530 63 100 43 101
1.138530 63 100 43 101
1.140530 63 100 43 101
1.142530 63 100 42 102
1.144530 63 100 42 102
1.146530 64 100 42 102
1.148530 64 100 42 102
1.150530 64 100 42 103
1.152530 64 100 42 103
1.154530 64 100 42 103
1.156530 65 100 42 103
1.158530 65 100 41 104
1.160530 65 100 41 104
1.162530 65 100 41 104
1.164530 66 100 41 104
1.166530 66 100 41 105
1.168530 66 100 41 105
1.170530 66 100 41 105
1.172530 66 100 41 105
1.174530 67 99 40 106
1.176530 67 99 40 106
1.178530 67 99 40 106
1.180530 68 99 40 106
1.182530 68 99 40 106
1.184530 69 99 40 106
1.186530 69 99 40 107
1.188530 69 99 40 107
1.190530 70 99 40 107
1.192530 70 99 40 107
1.194530 70 99 40 107
1.196530 71 99 40 107
1.198530 71 99 39 108
1.200530 72 99 39 108
1.202530 72 99 39 108
1.204530 72 99 39 108
1.206530 73 99 39 108
1.208530 73 99 39 108
1.210530 74 99 39 109
1.212530 74 99 39 109
1.214530 74 99 39 109
1.216530 75 99 39 109
1.218530 75 99 39 109
1.220530 75 99 39 109
1.222530 76 99 39 110
1.224530 76 99 39 110
1.226530 76 99 39 110
1.228530 76 99 39 110
1.230530 76 99 39 111
1.232530 76 99 39 111
1.234530 76 99 39 111
1.236530 76 99 39 111
1.238530 77 99 40 112
1.240530 77 99 40 112
1.242530 77 99 40 112
1.244530 77 99 40 113
1.246530 77 99 40 113
1.248530 77 99 40 113
1.250530 77 99 40 113
1.252530 78 99 41 114
1.254530 78 99 41 114
1.256530 78 99 41 114
1.258530 78 99 41 114
1.260530 78 99 41 115
1.262530 78 99 41 115
1.264530 78 99 41 115
1.266530 78 99 41 115
1.268530 79 99 42 115
1.270530 79 99 42 115
1.272530 79 99 42 115
1.274530 79 99 42 115
1.276530 79 99 42 114
1.278530 79 99 42 114
1.280530 80 99 42 114
1.282530 80 99 42 113
1.284530 80 99 43 113
1.286530 80 99 43 113
1.288530 80 99 43 112
1.290530 80 99 43 112
1.292530 81 99 43 112
1.294530 81 99 43 112
1.296530 81 99 43 111
1.298530 81 99 43 111
1.300530 81 99 44 111
1.302530 81 99 44 110
1.304530 82 99 44 110
1.306530 82 99 44 110
1.308530 82 99 44 110
1.310530 82 99 44 109
1.312530 82 99 44 109
1.314530 82 99 44 109
1.316530 83 100 45 109
1.318530 83 100 45 109
1.320530 83 100 45 109
1.322530 83 100 45 109
1.324530 83 100 45 109
1.326530 83 100 45 109
1.328530 83 100 46 109
1.330530 83 100 46 109
1.332530 83 100 46 109
1.334530 83 100 46 109
1.336530 83 100 46 109
1.338530 83 100 46 109
1.340530 83 100 47 110
1.342530 83 100 47 110
1.344530 83 100 47 110
1.346530 83 100 47 110
1.348530 83 100 47 110
1.350530 83 100 47 110
1.352530 83 100 48 110
1.354530 83 100 48 110
1.356530 83 100 48 110
1.358530 83 100 48 110
1.360530 83 100 48 110
1.362530 83 100 48 110
1.364530 84 101 49 110
1.366530 84 101 49 110
1.368530 84 101 49 110
1.370530 84 101 50 110
1.372530 84 101 50 110
1.374530 84 101 50 110
1.376530 84 101 50 110
1.378530 84 101 51 110
1.380530 84 101 51 110
1.382530 84 101 51 110
1.384530 84 101 51 110
1.386530 84 101 52 109
1.388530 84 101 52 109
1.390530 84 101 52 109
1.392530 84 101 52 109
1.394530 84 101 53 109
1.396530 84 101 53 109
1.398530 84 101 53 109
1.400530 84 101 53 109
1.402530 84 101 54 109
1.404530 84 101 54 109
1.406530 84 101 54 109
1.408530 84 101 54 109
1.410530 84 100 55 109
1.412530 84 100 55 109
1.414530 84 100 55 109
1.416530 84 100 55 109
1.418530 84 100 55 109
1.420530 84 100 55 109
1.422530 84 100 55 109
1.424530 84 100 55 109
1.426530 84 100 56 109
1.428530 84 100 56 109
1.430530 84 100 56 109
1.432530 84 100 56 109
1.434530 83 100 56 109
1.436530 83 100 56 109
1.438530 83 100 56 109
1.440530 83 100 56 109
1.442530 83 100 57 109
1.444530 83 100 57 109
1.446530 83 100 57 109
1.448530 83 100 57 109
1.450530 83 100 57 109
1.452530 83 100 57 109
1.454530 83 100 57 109
1.456530 83 100 57 109
1.458530 82 100 58 109
1.460530 82 100 58 109
1.462530 82 100 58 109
1.464530 82 100 59 109
1.466530 82 100 59 109
1.468530 82 100 59 109
1.470530 81 100 60 109
1.472530 81 100 60 109
1.474530 81 100 60 109
1.476530 81 100 61 109
1.478530 81 100 61 109
1.480530 81 100 61 109
1.482530 80 100 62 110
1.484530 80 100 62 110
1.486530 80 100 63 110
1.488530 80 100 63 110
1.490530 80 100 63 110
1.492530 79 100 64 110
1.494530 79 100 64 110
1.496530 79 100 64 110
1.498530 79 100 65 110
1.500530 79 100 65 110
1.502530 79 100 65 110
1.504530 79 101 65 110
1.506530 79 101 65 110
1.508530 79 101 65 110
1.510530 79 101 64 110
1.512530 80 101 64 110
1.514530 80 101 64 110
1.516530 80 101 63 110
1.518530 81 101 63 110
1.520530 81 101 63 110
1.522530 81 101 62 110
1.524530 82 101 62 110
1.526530 82 101 62 110
1.528530 82 101 61 109
1.530530 82 101 61 109
1.532530 83 101 61 109
1.534530 83 101 60 109
1.536530 83 101 60 109
1.538530 84 101 60 109
1.540530 84 101 59 109
1.542530 84 101 59 109
1.544530 84 101 59 109
1.546530 85 101 58 109
1.548530 85 101 58 109
1.550530 85 101 58 109
1.552530 86 101 58 109
1.554530 86 101 58 109
1.556530 86 101 58 109
1.558530 86 101 58 109
1.560530 86 101 58 109
1.562530 87 101 58 109
1.564530 87 101 58 109
1.566530 87 101 58 109
1.568530 87 101 58 109
1.570530 88 101 58 109
1.572530 88 101 58 109
1.574530 88 101 58 109
1.576530 88 101 58 110
1.578530 88 101 58 110
1.580530 89 101 58 110
1.582530 89 101 58 110
1.584530 89 101 58 110
1.586530 89 101 58 110
1.588530 89 101 58 110
1.590530 90 101 58 110
1.592530 90 101 58 110
1.594530 90 101 58 110
1.596530 90 101 58 110
1.598530 90 101 58 110
1.600530 91 100 58 111
1.602530 91 100 58 111
1.604530 91 100 58 111
1.606530 92 100 58 111
1.608530 92 100 58 111
1.610530 92 100 58 111
1.612530 92 100 58 111
1.614530 93 100 58 111
1.616530 93 100 58 111
1.618530 93 100 58 111
1.620530 93 100 58 111
1.622530 94 100 57 111
1.624530 94 100 57 111
1.626530 94 100 57 111
1.628530 94 100 57 111
1.630530 95 100 57 111
1.632530 95 100 57 111
1.634530 95 100 57 111
1.636530 95 100 57 111
1.638530 96 100 57 111
1.640530 96 100 57 111
1.642530 96 100 57 111
1.644530 96 100 57 111
1.646530 97 100 56 111
1.648530 97 100 56 111
1.650530 98 100 55 111
1.652530 99 100 54 111
1.654530 100 100 54 112
1.656530 100 100 53 112
1.658530 101 100 52 112
1.660530 102 100 52 112
1.662530 103 100 51 113
1.664530 103 100 51 113
1.666530 104 100 50 113
1.668530 105 100 49 113
1.670530 105 100 49 114
1.672530 106 100 48 114
1.674530 107 100 47 114
1.676530 108 100 47 114
1.678530 108 100 46 115
1.680530 109 100 45 115
1.682530 110 100 45 115
1.684530 110 100 44 115
1.686530 111 100 44 116
1.688530 112 100 43 116
1.690530 113 100 42 116
1.692530 113 100 42 116
1.694530 114 100 41 116
1.696530 114 100 41 116
1.698530 115 100 40 116
1.700530 115 100 40 116
1.702530 115 100 39 115
1.704530 116 100 39 115
1.706530 116 100 39 115
1.708530 116 100 38 115
1.710530 117 100 38 114
1.712530 117 100 37 114
1.714530 118 100 37 114
1.716530 118 100 37 114
1.718530 118 100 36 113
1.720530 119 100 36 113
1.722530 119 100 35 113
1.724530 119 100 35 113
1.726530 120 100 34 112
1.728530 120 100 34 112
1.730530 121 100 34 112
1.732530 121 100 33 111
1.734530 121 100 33 111
1.736530 122 100 32 111
1.738530 122 100 32 111
1.740530 122 99 32 111
1.742530 122 99 33 111
1.744530 122 99 33 111
1.746530 122 99 34 111
1.748530 121 99 35 111
1.750530 121 99 36 111
1.752530 121 99 37 111
1.754530 120 99 38 111
1.756530 120 99 39 111
1.758530 120 99 40 111
1.760530 119 99 41 111
1.762530 119 99 41 111
1.764530 119 99 42 112
1.766530 119 99 43 112
1.768530 118 99 44 112
1.770530 118 99 45 112
1.772530 118 99 46 112
1.774530 117 99 47 112
1.776530 117 99 48 112
1.778530 117 99 49 112
1.780530 117 99 49 112
1.782530 116 99 50 112
1.784530 116 99 51 112
1.786530 116 99 52 112
1.788530 116 99 52 112
1.790530 116 99 52 112
1.792530 116 99 52 112
1.794530 117 99 51 112
1.796530 117 99 51 112
1.798530 118 99 50 112
1.800530 118 99 50 112
1.802530 118 99 50 112
1.804530 119 99 49 112
1.806530 119 99 49 112
1.808530 120 99 48 112
1.810530 120 99 48 112
1.812530 120 99 48 112
1.814530 121 99 47 112
1.816530 121 99 47 112
1.818530 121 99 47 112
1.820530 122 99 46 112
1.822530 122 99 46 112
1.824530 123 99 45 112
1.826530 123 99 45 112
1.828530 123 99 45 112
1.830530 124 99 44 112
1.832530 124 99 44 112
1.834530 124 99 44 112
1.836530 125 99 44 112
1.838530 125 99 44 112
1.840530 125 99 44 112
1.842530 125 99 45 112
1.844530 125 99 45 112
1.846530 125 99 45 112
1.848530 125 99 46 112
1.850530 125 99 46 112
1.852530 125 99 46 112
1.854530 125 99 46 112
1.856530 125 99 47 112
1.858530 125 99 47 112
1.860530 125 99 47 112
1.862530 125 99 48 112
1.864530 125 99 48 112
1.866530 125 99 48 112
1.868530 125 99 49 112
1.870530 125 99 49 112
1.872530 125 99 49 112
1.874530 125 99 49 112
1.876530 125 99 50 112
1.878530 125 99 50 112
1.880530 125 99 50 112
1.882530 125 99 50 112
1.884530 125 99 50 112
1.886530 125 99 50 111
1.888530 125 99 50 111
1.890530 125 100 50 110
1.892530 125 100 50 110
1.894530 125 100 50 109
1.896530 125 101 50 109
1.898530 126 101 50 108
1.900530 126 101 50 108
1.902530 126 102 50 107
1.904530 126 102 50 107
1.906530 126 102 50 106
1.908530 126 102 50 106
1.910530 126 103 50 105
1.912530 126 103 50 105
1.914530 127 103 50 104
1.916530 127 104 50 104
1.918530 127 104 50 103
1.920530 127 104 50 103
1.922530 127 105 50 102
1.924530 127 105 50 102
1.926530 127 105 50 101
1.928530 127 105 50 101
1.930530 128 106 50 100
1.932530 128 106 50 100
1.934530 128 106 50 100
1.936530 128 106 51 100
1.938530 128 106 51 100
1.940530 128 106 51 100
1.942530 128 106 51 100
1.944530 128 106 52 100
1.946530 128 106 52 100
1.948530 128 106 52 100
1.950530 128 106 53 100
1.952530 128 106 53 100
1.954530 128 106 53 100
1.956530 128 106 54 100
1.958530 128 106 54 100
1.960530 128 106 54 100
1.962530 128 106 54 100
1.964530 128 106 55 100
1.966530 128 106 55 100
1.968530 128 106 55 100
1.970530 128 106 56 100
1.972530 128 106 56 100
1.974530 128 106 56 100
1.976530 128 107 57 100
1.978530 128 107 57 100
1.980530 128 107 57 100
1.982530 128 107 57 100
1.984530 128 107 57 101
1.986530 128 107 57 101
1.988530 128 107 58 101
1.990530 128 107 58 101
1.992530 128 107 58 102
1.994530 128 107 58 102
1.996530 128 107 58 102
1.998530 128 107 58 102
2.000530 128 107 59 103
2.002530 128 107 59 103
2.004530 128 107 59 103
2.006530 128 107 59 103
2.008530 128 107 59 104
2.010530 128 107 59 104
2.012530 128 107 60 104
2.014530 128 107 60 104
2.016530 128 107 60 105
2.018530 128 107 60 105
2.020530 128 107 60 105
2.022530 128 107 60 105
2.024530 128 107 61 106
2.026530 128 107 61 106
2.028530 128 107 61 106
2.030530 128 107 61 106
2.032530 128 107 61 106
2.034530 128 107 61 106
2.036530 128 107 61 106
2.038530 128 107 61 106
2.040530 128 107 61 106
2.042530 128 107 61 106
2.044530 128 107 61 106
2.046530 128 107 61 106
2.048530 128 107 61 106
2.050530 128 107 61 106
2.052530 128 107 61 106
2.054530 128 107 61 106
2.056530 128 107 61 106
2.058530 128 107 61 106
2.060530 128 107 61 106
2.062530 128 107 61 106
2.064530 128 107 61 106
2.066530 128 107 61 106
2.068530 128 107 61 106
2.070530 128 107 61 106
2.072530 128 107 61 106
2.074530 128 107 61 106
2.076530 128 107 61 106
2.078530 128 107 61 106
2.080530 128 107 61 106
2.082530 128 107 61 106
2.084530 128 107 61 106
2.086530 128 107 61 106
2.088530 128 107 61 106
2.090530 128 107 61 106
2.092530 128 107 61 106
2.094530 128 107 61 106
2.096530 128 107 61 106
2.098530 128 107 61 106
2.100530 128 107 61 106
2.102530 128 107 61 106
2.104530 128 107 61 106
2.106530 128 107 61 106
2.108530 128 107 61 106
2.110530 128 107 61 106
2.112530 128 107 61 106
2.114530 128 107 61 106
2.116530 128 107 61 106
2.118530 128 106 61 106
2.120530 128 106 61 106
2.122530 129 106 61 106
2.124530 129 106 61 106
2.126530 130 106 61 106
2.128530 130 106 61 106
2.130530 131 106 61 106
2.132530 131 106 61 106
2.134530 132 106 61 106
2.136530 132 106 61 106
2.138530 133 106 61 106
2.140530 133 106 61 106
2.142530 134 106 61 106
2.144530 134 106 61 106
2.146530 135 106 61 106
2.148530 135 106 61 106
2.150530 136 106 61 106
2.152530 136 106 61 106
2.154530 137 106 61 106
2.156530 137 106 61 106
2.158530 138 106 61 106
2.160530 138 106 61 106
2.162530 139 106 61 106
2.164530 139 106 61 106
2.166530 140 106 60 106
2.168530 140 106 60 106
2.170530 140 106 60 106
2.172530 141 106 59 106
2.174530 141 106 59 106
2.176530 141 106 59 106
2.178530 142 106 58 106
2.180530 142 106 58 106
2.182530 142 106 58 106
2.184530 143 106 57 106
2.186530 143 106 57 106
2.188530 143 106 57 106
2.190530 144 106 56 106
2.192530 144 106 56 106
2.194530 144 106 56 106
2.196530 145 106 55 106
2.198530 145 106 55 106
2.200530 145 106 55 106
2.202530 146 106 54 106
2.204530 146 106 54 106
2.206530 147 106 53 106
2.208530 147 106 53 106
2.210530 147 106 53 106
2.212530 148 106 52 106
2.214530 148 106 52 106
2.216530 149 106 51 106
2.218530 149 106 51 106
2.220530 150 106 50 106
2.222530 150 106 50 106
2.224530 151 106 49 106
2.226530 151 106 49 106
2.228530 152 106 48 106
2.230530 152 106 48 106
2.232530 153 106 47 106
2.234530 153 106 47 106
2.236530 154 106 46 106
2.238530 154 106 46 106
2.240530 155 106 45 106
2.242530 155 106 45 106
2.244530 156 106 44 106
2.246530 156 106 44 106
2.248530 157 106 43 106
2.250530 157 106 43 106
2.252530 158 106 42 106
2.254530 158 106 42 106
2.256530 159 106 41 106
2.258530 159 106 41 106
2.260530 160 106 41 107
2.262530 160 106 41 107
2.264530 160 106 41 107
2.266530 160 106 41 107
2.268530 161 106 41 107
2.270530 161 106 41 107
2.272530 161 106 41 107
2.274530 161 106 41 107
2.276530 162 106 41 107
2.278530 162 106 41 107
2.280530 162 106 41 107
2.282530 162 106 41 107
2.284530 163 106 41 107
2.286530 163 106 41 107
2.288530 163 106 41 107
2.290530 163 106 41 107
2.292530 164 106 41 107
2.294530 164 106 41 107
2.296530 164 106 41 107
2.298530 164 106 41 107
2.300530 165 106 41 107
2.302530 165 106 41 107
2.304530 165 106 41 107
2.306530 165 106 41 107
2.308530 166 106 41 107
2.310530 166 106 41 107
2.312530 166 106 41 107
2.314530 167 106 41 107
2.316530 167 106 41 107
2.318530 167 106 41 107
2.320530 168 106 41 107
2.322530 168 106 41 107
2.324530 168 106 41 107
2.326530 168 106 41 107
2.328530 169 106 41 107
2.330530 169 106 41 107
2.332530 169 106 41 107
2.334530 170 106 41 107
2.336530 170 106 41 107
2.338530 170 106 41 107
2.340530 170 106 41 107
2.342530 171 106 41 107
2.344530 171 106 41 107
2.346530 171 106 41 107
2.348530 172 106 41 107
2.350530 172 106 41 107
2.352530 172 106 41 107
2.354530 173 105 41 107
2.356530 173 105 41 107
2.358530 173 105 41 107
2.360530 173 105 42 107
2.362530 173 105 42 108
2.364530 173 105 42 108
2.366530 173 105 43 108
2.368530 173 105 43 108
2.370530 173 105 43 109
2.372530 173 105 44 109
2.374530 173 105 44 109
2.376530 173 105 44 109
2.378530 173 105 45 110
2.380530 173 105 45 110
2.382530 173 105 45 110
2.384530 173 105 46 110
2.386530 173 105 46 111
2.388530 173 105 46 111
2.390530 173 105 47 111
2.392530 173 105 47 111
2.394530 173 105 47 112
2.396530 173 105 48 112
2.398530 173 105 48 112
2.400530 173 105 48 112
2.402530 172 105 49 112
2.404530 172 105 49 112
2.406530 172 105 49 112
2.408530 172 105 49 112
2.410530 172 105 50 112
2.412530 172 105 50 112
2.414530 172 105 50 111
2.416530 172 105 50 111
2.418530 172 105 51 111
2.420530 172 105 51 111
2.422530 172 105 51 111
2.424530 172 105 51 111
2.426530 171 106 52 110
2.428530 171 106 52 110
2.430530 171 106 52 110
2.432530 171 106 52 110
2.434530 171 106 53 110
2.436530 171 106 53 110
2.438530 171 106 53 109
2.440530 171 106 53 109
2.442530 171 106 54 109
2.444530 171 106 54 109
2.446530 171 106 54 109
2.448530 171 107 55 109
2.450530 171 107 55 109
2.452530 171 107 55 109
2.454530 171 107 56 109
2.456530 171 107 56 109
2.458530 171 107 56 109
2.460530 171 107 57 109
2.462530 171 107 57 109
2.464530 171 107 57 109
2.466530 171 107 58 109
2.468530 171 107 58 109
2.470530 171 107 58 109
2.472530 171 107 59 110
2.474530 171 107 59 110
2.476530 171 107 59 110
2.478530 171 107 60 110
2.480530 171 107 60 110
2.482530 171 107 60 110
2.484530 171 107 61 110
2.486530 171 107 61 110
2.488530 171 107 61 110
2.490530 171 107 62 110
2.492530 171 107 62 110
2.494530 171 107 62 110
2.496530 171 107 63 111
2.498530 171 107 63 111
2.500530 171 107 63 111
2.502530 171 107 63 111
2.504530 171 107 63 111
2.506530 171 107 63 111
2.508530 171 107 63 111
2.510530 171 107 63 111
2.512530 171 107 63 111
2.514530 171 107 63 111
2.516530 171 107 63 111
2.518530 171 107 63 111
2.520530 171 108 64 112
2.522530 171 108 64 112
2.524530 171 108 64 112
2.526530 171 108 64 112
2.528530 171 108 64 112
2.530530 171 108 64 112
2.532530 171 108 64 112
2.534530 171 108 64 112
2.536530 171 108 64 112
2.538530 171 108 64 112
2.540530 171 108 64 112
2.542530 171 108 64 112
2.544530 172 108 65 112
2.546530 172 108 65 112
2.548530 172 108 65 112
2.550530 172 108 65 112
2.552530 172 108 65 112
2.554530 172 108 65 112
2.556530 172 108 65 112
2.558530 172 108 65 112
2.560530 172 108 65 112
2.562530 172 108 65 112
2.564530 172 108 65 112
2.566530 172 108 65 112
2.568530 173 108 65 112
2.570530 173 108 65 112
2.572530 173 108 65 112
2.574530 173 108 65 112
2.576530 173 108 65 112
2.578530 173 108 65 112
2.580530 173 108 65 112
2.582530 173 108 65 112
2.584530 173 108 65 112
2.586530 173 108 65 112
2.588530 173 108 65 112
2.590530 174 107 64 111
2.592530 174 107 64 111
2.594530 174 107 64 111
2.596530 174 107 64 111
2.598530 174 107 63 111
2.600530 175 107 63 111
2.602530 175 107 63 111
2.604530 175 107 62 111
2.606530 175 107 62 111
2.608530 175 107 62 111
2.610530 176 107 61 111
2.612530 176 107 61 111
2.614530 176 107 61 110
2.616530 176 107 61 110
2.618530 177 107 60 110
2.620530 177 107 60 110
2.622530 177 107 60 110
2.624530 177 107 59 110
2.626530 177 107 59 110
2.628530 178 107 59 110
2.630530 178 107 59 110
2.632530 178 107 58 110
2.634530 178 107 58 110
2.636530 178 107 58 110
2.638530 179 107 57 110
2.640530 179 107 57 110
2.642530 179 107 57 110
2.644530 179 107 57 110
2.646530 180 107 57 110
2.648530 180 107 57 110
2.650530 180 107 57 110
2.652530 180 107 57 110
2.654530 181 107 57 110
2.656530 181 107 57 110
2.658530 181 107 57 110
2.660530 181 107 57 110
2.662530 182 107 56 110
2.664530 182 107 56 110
2.666530 182 107 56 110
2.668530 182 107 56 110
2.670530 183 107 56 110
2.672530 183 107 56 110
2.674530 183 107 56 110
2.676530 183 107 56 110
2.678530 184 107 56 110
2.680530 184 107 56 110
2.682530 184 107 56 110
2.684530 184 107 56 110
2.686530 185 106 56 110
2.688530 186 106 56 110
2.690530 186 106 56 110
2.692530 187 106 56 110
2.694530 187 106 56 110
2.696530 188 106 56 110
2.698530 188 106 56 110
2.700530 189 106 56 110
2.702530 189 106 56 110
2.704530 190 106 56 110
2.706530 190 106 56 110
2.708530 191 106 56 110
2.710530 191 106 56 110
2.712530 192 106 56 110
2.714530 192 106 56 110
2.716530 193 106 56 110
2.718530 193 106 56 110
2.720530 194 106 56 110
2.722530 194 106 56 110
2.724530 195 106 56 110
2.726530 195 106 56 110
2.728530 196 106 56 110
2.730530 196 106 56 110
2.732530 197 105 56 110
2.734530 197 105 56 110
2.736530 197 105 55 110
2.738530 198 105 55 110
2.740530 198 105 54 110
2.742530 199 105 54 110
2.744530 199 105 54 110
2.746530 199 105 53 110
2.748530 200 105 53 111
2.750530 200 105 52 111
2.752530 200 105 52 111
2.754530 201 105 51 111
2.756530 201 105 51 111
2.758530 202 105 50 111
2.760530 202 105 50 111
2.762530 202 105 49 111
2.764530 203 105 49 112
2.766530 203 105 48 112
2.768530 204 105 48 112
2.770530 204 105 47 112
2.772530 204 105 47 112
2.774530 205 105 47 112
2.776530 205 105 46 112
2.778530 205 105 46 112
2.780530 206 105 45 113
2.782530 206 105 45 113
2.784530 206 105 45 113
2.786530 206 105 45 113
2.788530 207 105 45 113
2.790530 207 105 45 113
2.792530 207 105 45 113
2.794530 207 105 45 113
2.796530 208 105 45 113
2.798530 208 105 45 113
2.800530 208 105 45 113
2.802530 208 105 45 113
2.804530 209 106 45 114
2.806530 209 106 45 114
2.808530 209 106 45 114
2.810530 210 106 45 114
2.812530 210 106 45 114
2.814530 210 106 45 114
2.816530 210 106 45 114
2.818530 211 106 45 114
2.820530 211 106 45 114
2.822530 211 106 45 114
2.824530 211 106 45 114
2.826530 212 107 45 115
2.828530 212 107 45 115
2.830530 212 107 45 115
2.832530 212 107 45 115
2.834530 212 107 45 115
2.836530 212 107 46 115
2.838530 213 107 46 115
2.840530 213 107 46 115
2.842530 213 107 46 116
2.844530 213 107 46 116
2.846530 213 107 47 116
2.848530 213 107 47 116
2.850530 214 107 47 116
2.852530 214 107 47 116
2.854530 214 107 47 116
2.856530 214 107 48 116
2.858530 214 107 48 117
2.860530 214 107 48 117
2.862530 215 107 48 117
2.864530 215 107 49 117
2.866530 215 107 49 117
2.868530 215 107 49 117
2.870530 215 107 49 117
2.872530 215 107 49 117
2.874530 216 107 50 117
2.876530 216 107 50 117
2.878530 216 107 50 117
2.880530 216 107 50 117
2.882530 216 107 50 117
2.884530 216 107 50 116
2.886530 216 107 50 116
2.888530 216 107 50 116
2.890530 217 107 51 116
2.892530 217 107 51 115
2.894530 217 107 51 115
2.896530 217 107 51 115
2.898530 217 107 51 115
2.900530 217 107 51 115
2.902530 217 107 51 114
2.904530 217 107 51 114
2.906530 218 107 52 114
2.908530 218 107 52 114
2.910530 218 107 52 114
2.912530 218 107 52 113
2.914530 218 107 52 113
2.916530 218 107 52 113
2.918530 218 107 52 113
2.920530 218 107 52 113
2.922530 219 108 53 112
2.924530 219 108 53 112
2.926530 219 108 53 112
2.928530 219 108 53 112
2.930530 219 108 53 112
2.932530 219 108 54 112
2.934530 219 108 54 112
2.936530 219 108 54 111
2.938530 219 108 54 111
2.940530 219 108 54 111
2.942530 219 108 54 111
2.944530 220 109 55 111
2.946530 220 109 55 111
2.948530 220 109 55 111
2.950530 220 109 55 111
2.952530 220 109 55 110
2.954530 220 109 55 110
2.956530 220 109 56 110
2.958530 220 109 56 110
2.960530 220 109 56 110
2.962530 220 109 56 110
2.964530 220 109 56 110
2.966530 220 109 56 110
2.968530 220 110 57 110
2.970530 220 110 57 110
2.972530 220 110 57 110
2.974530 220 110 57 110
2.976530 220 110 58 110
2.978530 220 110 58 110
2.980530 220 110 58 110
2.982530 220 110 59 110
2.984530 220 110 59 110
2.986530 220 110 59 110
2.988530 220 110 60 110
2.990530 220 110 60 110
2.992530 219 110 60 110
2.994530 219 110 60 110
2.996530 219 110 61 110
2.998530 219 110 61 110
3.000530 219 110 61 110
3.002530 219 110 62 110
3.004530 219 110 62 110
3.006530 219 110 62 110
3.008530 219 110 63 110
3.010530 219 110 63 110
3.012530 219 110 63 110
3.014530 219 110 63 110
3.016530 219 110 64 110
3.018530 219 110 64 110
3.020530 219 110 64 110
3.022530 219 110 64 110
3.024530 219 110 64 110
3.026530 219 110 64 110
3.028530 219 110 65 110
3.030530 219 110 65 110
3.032530 219 110 65 110
3.034530 219 110 65 110
3.036530 219 110 65 110
3.038530 219 110 65 110
3.040530 220 110 66 110
3.042530 220 110 66 110
3.044530 220 110 66 110
3.046530 220 110 66 110
3.048530 220 110 66 110
3.050530 220 110 67 110
3.052530 220 110 67 110
3.054530 220 110 67 110
3.056530 220 110 67 110
3.058530 220 110 67 110
3.060530 220 110 67 110
3.062530 221 111 67 111
3.064530 221 111 67 111
3.066530 221 111 67 111
3.068530 221 111 67 111
3.070530 221 111 66 111
3.072530 221 111 66 111
3.074530 221 111 66 111
3.076530 221 111 66 111
3.078530 221 111 65 111
3.080530 221 111 65 111
3.082530 221 111 65 111
3.084530 221 111 65 111
3.086530 221 111 64 111
3.088530 221 111 64 111
3.090530 221 111 64 111
3.092530 221 111 64 111
3.094530 221 111 63 111
3.096530 221 111 63 111
3.098530 221 111 63 111
3.100530 221 111 63 111
3.102530 221 111 62 111
3.104530 221 111 62 111
3.106530 221 111 62 111
3.108530 221 111 62 111
3.110530 222 111 62 111
3.112530 222 111 62 111
3.114530 222 111 62 111
3.116530 222 111 62 111
3.118530 222 111 62 111
3.120530 222 111 62 111
3.122530 223 111 63 111
3.124530 223 111 63 111
3.126530 223 111 63 111
3.128530 223 111 63 111
3.130530 223 111 63 111
3.132530 223 111 63 111
3.134530 224 111 64 111
3.136530 224 111 64 111
3.138530 224 111 64 111
3.140530 224 111 64 111
3.142530 224 111 64 111
3.144530 224 111 64 111
3.146530 225 111 65 111
3.148530 225 111 65 111
3.150530 225 111 65 111
3.152530 225 111 65 111
3.154530 225 111 65 111
3.156530 225 111 65 111
3.158530 226 111 65 111
3.160530 226 111 65 111
3.162530 226 111 65 111
3.164530 227 111 65 111
3.166530 227 111 65 111
3.168530 227 111 65 111
3.170530 228 111 65 111
3.172530 228 111 65 111
3.174530 228 111 65 111
3.176530 228 111 65 111
3.178530 229 111 65 111
3.180530 229 111 64 111
3.182530 229 111 64 111
3.184530 230 111 64 111
3.186530 230 111 64 111
3.188530 230 111 64 111
3.190530 231 111 64 111
3.192530 231 111 64 111
3.194530 231 111 64 111
3.196530 231 111 64 111
3.198530 232 111 64 111
3.200530 232 111 64 111
3.202530 232 111 64 111
3.204530 233 111 63 110
3.206530 233 111 63 110
3.208530 233 111 63 110
3.210530 234 111 62 110
3.212530 234 111 62 110
3.214530 234 111 61 110
3.216530 235 111 61 110
3.218530 235 111 60 110
3.220530 235 111 60 110
3.222530 236 111 60 110
3.224530 236 111 59 110
3.226530 236 111 59 110
3.228530 237 111 58 109
3.230530 237 111 58 109
3.232530 237 111 57 109
3.234530 238 111 57 109
3.236530 238 111 57 109
3.238530 238 111 56 109
3.240530 239 111 56 109
3.242530 239 111 55 109
3.244530 239 111 55 109
3.246530 240 111 54 109
3.248530 240 111 54 109
3.250530 240 111 54 109
3.252530 241 110 53 109
3.254530 241 110 53 109
3.256530 242 110 53 109
3.258530 242 110 52 109
3.260530 242 110 52 109
3.262530 243 110 52 109
3.264530 243 110 52 109
3.266530 243 110 51 109
3.268530 244 110 51 109
3.270530 244 110 51 109
3.272530 245 110 50 109
3.274530 245 110 50 109
3.276530 245 110 50 109
3.278530 246 110 49 109
3.280530 246 110 49 109
3.282530 246 110 49 109
3.284530 247 110 49 109
3.286530 247 110 48 109
3.288530 248 110 48 109
3.290530 248 110 48 109
3.292530 248 110 47 109
3.294530 249 110 47 109
3.296530 249 110 47 109
3.298530 250 110 46 110
3.300530 250 110 46 110
3.302530 250 110 46 110
3.304530 251 110 46 110
3.306530 251 110 45 110
3.308530 251 110 45 110
3.310530 252 110 45 110
3.312530 252 110 45 110
3.314530 252 110 44 110
3.316530 253 110 44 110
3.318530 253 110 44 110
3.320530 253 110 44 110
3.322530 254 110 43 111
3.324530 254 110 43 111
3.326530 254 110 43 111
3.328530 255 110 43 111
3.330530 255 110 42 111
3.332530 255 110 42 111
3.334530 256 110 42 111
3.336530 256 110 42 111
3.338530 256 110 41 111
3.340530 257 110 41 111
3.342530 257 110 41 111
3.344530 257 110 41 111
3.346530 258 110 41 111
3.348530 258 110 41 111
3.350530 258 110 41 111
3.352530 258 110 41 111
3.354530 258 110 41 111
3.356530 259 110 41 111
3.358530 259 110 41 111
3.360530 259 110 41 111
3.362530 259 110 41 111
3.364530 260 110 41 111
3.366530 260 110 41 111
3.368530 260 110 41 111
3.370530 260 110 42 111
3.372530 260 110 42 111
3.374530 261 110 42 111
3.376530 261 110 42 111
3.378530 261 110 42 111
3.380530 261 110 42 111
3.382530 261 110 42 111
3.384530 262 110 42 111
3.386530 262 110 42 111
3.388530 262 110 42 111
3.390530 262 110 42 111
3.392530 262 110 42 111
3.394530 262 111 43 110
3.396530 262 111 43 110
3.398530 262 111 43 110
3.400530 262 111 43 110
3.402530 262 111 44 110
3.404530 262 111 44 110
3.406530 262 111 44 110
3.408530 262 111 44 110
3.410530 262 111 45 109
3.412530 262 111 45 109
3.414530 262 111 45 109
3.416530 262 111 46 109
3.418530 262 111 46 109
3.420530 262 111 46 109
3.422530 262 111 46 109
3.424530 262 111 47 108
3.426530 262 111 47 108
3.428530 262 111 47 108
3.430530 262 111 47 108
3.432530 262 111 48 108
3.434530 262 111 48 108
3.436530 262 111 48 108
3.438530 262 111 48 108
3.440530 262 112 49 107
3.442530 262 112 49 107
3.444530 262 112 49 107
3.446530 262 112 49 107
3.448530 262 112 50 107
3.450530 262 112 50 107
3.452530 262 112 50 107
3.454530 262 112 50 107
3.456530 263 112 51 107
3.458530 263 112 51 107
3.460530 263 112 51 107
3.462530 263 112 51 107
3.464530 263 112 52 106
3.466530 263 112 52 106
3.468530 263 112 52 106
3.470530 263 112 52 106
3.472530 264 112 53 106
3.474530 264 112 53 106
3.476530 264 112 53 106
3.478530 264 112 53 106
3.480530 264 112 54 106
3.482530 264 112 54 106
3.484530 264 112 54 106
3.486530 264 112 54 106
3.488530 264 112 55 106
3.490530 264 112 55 106
3.492530 264 112 55 106
3.494530 264 112 55 106
3.496530 264 112 55 106
3.498530 264 112 56 106
3.500530 264 112 56 106
3.502530 264 112 56 106
3.504530 264 112 56 106
3.506530 264 112 57 106
3.508530 264 112 57 106
3.510530 264 112 57 106
3.512530 264 112 57 106
3.514530 264 112 57 106
3.516530 264 112 58 106
3.518530 264 112 58 106
3.520530 264 112 58 106
3.522530 264 112 58 106
3.524530 264 112 58 106
3.526530 264 112 59 106
3.528530 264 112 59 106
3.530530 264 112 59 106
3.532530 264 112 59 106
3.534530 264 113 59 107
3.536530 264 113 59 107
3.538530 264 113 59 107
3.540530 264 113 59 107
3.542530 264 113 58 107
3.544530 264 113 58 107
3.546530 264 113 58 107
3.548530 264 113 58 107
3.550530 264 113 57 107
3.552530 264 113 57 107
3.554530 264 113 57 107
3.556530 264 113 57 107
3.558530 264 113 56 108
3.560530 264 113 56 108
3.562530 264 113 56 108
3.564530 264 113 56 108
3.566530 264 113 55 108
3.568530 264 113 55 108
3.570530 264 113 55 108
3.572530 264 113 55 108
3.574530 264 113 54 108
3.576530 264 113 54 108
3.578530 264 113 54 108
3.580530 264 113 54 108
3.582530 265 112 53 109
3.584530 265 112 53 109
3.586530 265 112 53 109
3.588530 265 112 53 109
3.590530 265 112 53 109
3.592530 265 112 53 109
3.594530 265 112 53 109
3.596530 265 112 53 109
3.598530 265 112 53 109
3.600530 265 112 53 109
3.602530 265 112 53 109
3.604530 265 112 53 109
3.606530 265 112 53 110
3.608530 265 112 53 110
3.610530 265 112 53 110
3.612530 265 112 53 110
3.614530 265 112 53 110
3.616530 265 112 53 110
3.618530 265 112 53 110
3.620530 265 112 53 110
3.622530 265 112 53 110
3.624530 265 112 53 110
3.626530 265 112 53 110
3.628530 265 112 53 110
3.630530 266 111 52 111
3.632530 266 111 52 111
3.634530 266 111 52 111
3.636530 266 111 52 111
3.638530 266 111 52 111
3.640530 266 111 52 111
3.642530 266 111 52 111
3.644530 266 111 52 111
3.646530 267 111 52 111
3.648530 267 111 52 111
3.650530 267 111 52 111
3.652530 267 111 52 112
3.654530 267 111 52 112
3.656530 267 111 52 112
3.658530 267 111 52 112
3.660530 268 111 52 112
3.662530 268 111 52 112
3.664530 268 111 52 112
3.666530 268 111 52 112
3.668530 268 111 52 112
3.670530 268 111 52 112
3.672530 268 111 52 112
3.674530 268 111 52 112
3.676530 269 111 51 112
3.678530 269 111 51 112
3.680530 269 111 51 112
3.682530 270 111 51 112
3.684530 270 111 51 112
3.686530 270 111 50 112
3.688530 271 111 50 112
3.690530 271 111 50 112
3.692530 271 111 50 111
3.694530 272 111 50 111
3.696530 272 111 49 111
3.698530 272 111 49 111
3.700530 273 111 49 111
3.702530 273 111 49 111
3.704530 273 111 48 111
3.706530 274 111 48 111
3.708530 274 111 48 110
3.710530 274 111 48 110
3.712530 275 111 48 110
3.714530 275 111 47 110
3.716530 275 111 47 110
3.718530 276 111 47 110
3.720530 276 111 47 110
3.722530 276 111 47 110
3.724530 277 110 47 110
3.726530 277 110 47 110
3.728530 277 110 47 110
3.730530 278 110 47 110
3.732530 278 110 47 110
3.734530 278 110 47 110
3.736530 278 110 47 110
3.738530 279 110 47 110
3.740530 279 110 47 110
3.742530 279 110 47 110
3.744530 280 110 47 110
3.746530 280 110 47 110
3.748530 280 110 47 110
3.750530 281 110 47 110
3.752530 281 110 47 110
3.754530 281 110 47 110
3.756530 281 110 47 110
3.758530 282 110 47 110
3.760530 282 110 47 110
3.762530 282 110 47 110
3.764530 283 110 47 110
3.766530 283 110 47 110
3.768530 283 110 47 110
3.770530 284 109 47 110
3.772530 284 109 47 110
3.774530 284 109 47 110
3.776530 284 109 47 110
3.778530 284 109 47 110
3.780530 285 109 47 110
3.782530 285 109 47 110
3.784530 285 109 47 110
3.786530 285 109 47 110
3.788530 285 109 47 110
3.790530 286 109 47 110
3.792530 286 109 47 110
3.794530 286 109 47 110
3.796530 286 109 47 110
3.798530 286 109 47 110
3.800530 287 109 47 110
3.802530 287 109 47 110
3.804530 287 109 47 110
3.806530 287 109 47 110
3.808530 288 109 47 110
3.810530 288 109 47 110
3.812530 288 109 47 110
3.814530 288 109 47 110
3.816530 288 109 47 110
3.818530 289 109 47 109
3.820530 289 109 47 109
3.822530 289 109 47 109
3.824530 289 109 47 109
3.826530 289 109 47 109
3.828530 289 109 47 109
3.830530 289 109 47 109
3.832530 289 109 47 109
3.834530 289 110 47 108
3.836530 289 110 47 108
3.838530 289 110 47 108
3.840530 289 110 47 108
3.842530 290 110 47 108
3.844530 290 110 47 108
3.846530 290 110 47 108
3.848530 290 110 47 108
3.850530 290 111 47 107
3.852530 290 111 47 107
3.854530 290 111 47 107
3.856530 290 111 47 107
3.858530 290 111 47 107
3.860530 290 111 47 107
3.862530 290 111 47 107
3.864530 290 111 47 107
3.866530 291 112 47 107
3.868530 291 112 47 107
3.870530 292 112 46 107
3.872530 293 112 46 107
3.874530 293 112 46 107
3.876530 294 112 45 107
3.878530 294 112 45 107
3.880530 295 112 45 107
3.882530 295 112 44 107
3.884530 296 112 44 107
3.886530 296 112 43 107
3.888530 297 112 43 107
3.890530 298 112 43 107
3.892530 298 112 42 107
3.894530 299 112 42 107
3.896530 299 112 41 107
3.898530 300 112 41 107
3.900530 300 112 41 107
3.902530 301 112 40 107
3.904530 301 112 40 107
3.906530 302 112 40 107
3.908530 302 112 39 107
3.910530 303 112 39 107
3.912530 304 112 39 107
3.914530 304 112 39 107
3.916530 304 112 39 107
3.918530 304 112 39 107
3.920530 304 112 39 107
3.922530 304 112 39 107
3.924530 304 112 39 107
3.926530 304 112 39 107
3.928530 305 112 39 107
3.930530 305 112 39 107
3.932530 305 112 39 107
3.934530 305 112 39 107
3.936530 305 112 39 107
3.938530 305 112 39 107
3.940530 305 112 39 107
3.942530 305 112 39 107
3.944530 306 112 39 107
3.946530 306 112 39 107
3.948530 306 112 39 107
3.950530 306 112 39 107
3.952530 306 112 39 107
3.954530 306 112 39 107
3.956530 306 112 39 107
3.958530 306 112 39 107
3.960530 307 112 38 106
3.962530 307 112 38 106
3.964530 307 112 38 106
3.966530 307 112 38 105
3.968530 307 112 38 105
3.970530 307 112 38 104
3.972530 307 112 38 104
3.974530 307 112 38 104
3.976530 307 113 38 103
3.978530 307 113 38 103
3.980530 307 113 38 102
3.982530 307 113 38 102
3.984530 308 113 37 102
3.986530 308 113 37 101
3.988530 308 113 37 101
3.990530 308 113 37 101
3.992530 308 114 37 100
3.994530 308 114 37 100
3.996530 308 114 37 99
3.998530 308 114 37 99
4.000530 308 114 37 99
4.002530 308 114 37 98
4.004530 308 114 37 98
4.006530 308 114 37 98
