0.072676 135 113 16 44
0.074676 135 112 16 44
0.076676 135 112 16 44
0.078676 135 112 16 44
0.080676 135 112 16 44
0.082676 135 112 16 44
0.084676 135 112 16 44
0.086676 135 112 16 44
0.088676 135 112 16 44
0.090676 135 112 16 44
0.092676 135 112 16 44
0.094676 135 112 16 44
0.096676 135 112 16 44
0.098676 135 112 16 44
0.100676 135 112 16 45
0.102676 135 112 16 45
0.104676 135 112 16 45
0.106676 135 112 16 45
0.108676 135 112 16 45
0.110676 135 112 16 45
0.112676 135 112 16 45
0.114676 135 112 16 45
0.116676 135 112 16 45
0.118676 135 112 16 45
0.120676 135 112 16 45
0.122676 135 112 16 45
0.124676 135 112 16 45
0.126676 135 112 16 46
0.128676 135 112 16 46
0.130676 135 112 16 46
0.132676 135 112 16 46
0.134676 135 112 16 46
0.136676 135 112 16 46
0.138676 135 112 16 46
0.140676 135 112 16 46
0.142676 135 112 16 46
0.144676 135 112 16 46
0.146676 135 112 16 46
0.148676 135 112 16 46
0.150676 135 112 16 46
0.152676 136 112 16 46
0.154676 136 112 16 46
0.156676 136 112 16 46
0.158676 136 112 16 46
0.160676 136 112 16 46
0.162676 136 112 16 46
0.164676 136 112 16 46
0.166676 136 112 16 46
0.168676 136 112 16 46
0.170676 136 112 16 46
0.172676 136 112 16 46
0.174676 136 112 16 46
0.176676 136 112 16 46
0.178676 136 112 16 46
0.180676 136 112 16 46
0.182676 136 112 16 46
0.184676 136 112 16 46
0.186676 136 112 16 46
0.188676 136 112 16 46
0.190676 136 112 16 46
0.192676 136 112 16 46
0.194676 136 112 16 46
0.196676 136 112 16 46
0.198676 136 112 16 46
0.200676 136 112 16 46
0.202676 136 112 16 46
0.204676 136 112 16 46
0.206676 136 112 16 46
0.208676 136 112 16 46
0.210676 136 112 16 46
0.212676 136 112 16 46
0.214676 136 112 16 46
0.216676 136 112 16 46
0.218676 136 112 16 46
0.220676 136 112 16 46
0.222676 136 112 16 46
0.224676 136 112 16 46
0.226676 136 112 16 46
0.228676 136 112 16 46
0.230676 136 112 16 46
0.232676 136 112 16 46
0.234676 136 112 16 46
0.236676 136 112 16 46
0.238676 136 112 16 46
0.240676 136 112 16 46
0.242676 136 112 16 46
0.244676 136 112 16 46
0.246676 136 112 16 46
0.248676 136 112 16 46
0.250676 136 112 16 46
0.252676 136 112 16 46
0.254676 136 112 16 46
0.256676 136 112 16 46
0.258676 136 112 16 46
0.260676 136 112 16 46
0.262676 136 112 16 46
0.264676 136 112 16 46
0.266676 136 112 16 46
0.268676 136 112 16 46
0.270676 136 112 16 46
0.272676 136 112 16 46
0.274676 136 112 16 46
0.276676 136 112 16 46
0.278676 136 112 16 46
0.280676 136 112 16 46
0.282676 136 112 16 46
0.284676 136 112 16 46
0.286676 136 112 16 46
0.288676 136 112 16 46
0.290676 136 112 16 46
0.292676 136 112 16 46
0.294676 136 112 16 46
0.296676 136 112 16 46
0.298676 136 112 16 46
0.300676 136 112 16 46
0.302676 136 112 16 46
0.304676 136 112 16 46
0.306676 136 112 16 46
0.308676 136 111 16 47
0.310676 136 111 16 47
0.312676 136 111 16 47
0.314676 136 111 16 47
0.316676 136 111 16 47
0.318676 136 111 16 47
0.320676 136 111 16 47
0.322676 136 111 16 47
0.324676 136 111 16 47
0.326676 136 111 16 47
0.328676 136 111 16 47
0.330676 136 111 16 47
0.332676 136 111 16 47
0.334676 136 111 16 47
0.336676 136 111 16 47
0.338676 136 111 16 47
0.340676 136 111 16 47
0.342676 136 111 16 47
0.344676 136 111 16 47
0.346676 136 111 16 47
0.348676 136 111 16 47
0.350676 136 111 16 47
0.352676 136 111 16 47
0.354676 136 111 16 47
0.356676 136 111 16 47
0.358676 136 111 16 47
0.360676 136 111 16 47
0.362676 136 111 16 47
0.364676 136 111 16 47
0.366676 136 111 16 47
0.368676 136 111 16 47
0.370676 136 111 16 47
0.372676 136 111 16 47
0.374676 136 111 16 47
0.376676 136 111 16 47
0.378676 136 111 16 47
0.380676 136 111 16 47
0.382676 136 111 16 47
0.384676 136 111 16 47
0.386676 136 111 16 47
0.388676 136 111 16 47
0.390676 136 111 16 47
0.392676 136 111 16 47
0.394676 136 111 16 47
0.396676 136 111 16 47
0.398676 136 111 16 47
0.400676 136 111 16 47
0.402676 136 111 16 47
0.404676 136 111 16 47
0.406676 136 111 16 47
0.408676 136 111 16 47
0.410676 136 111 16 47
0.412676 136 111 16 47
0.414676 136 111 16 47
0.416676 136 111 16 47
0.418676 136 111 16 47
0.420676 136 111 16 47
0.422676 136 111 16 47
0.424676 136 111 16 47
0.426676 136 111 16 47
0.428676 136 111 16 47
0.430676 136 111 16 47
0.432676 136 111 16 47
0.434676 136 111 16 47
0.436676 136 111 16 47
0.438676 136 111 16 47
0.440676 136 111 16 47
0.442676 136 111 16 47
0.444676 136 111 16 47
0.446676 136 111 16 47
0.448676 136 111 16 47
0.450676 136 111 16 47
0.452676 136 111 16 47
0.454676 136 111 16 47
0.456676 136 111 16 47
0.458676 136 111 16 47
0.460676 136 111 16 47
0.462676 136 111 16 47
0.464676 136 111 16 47
0.466676 136 111 16 47
0.468676 136 111 16 47
0.470676 136 111 16 47
0.472676 136 111 16 47
0.474676 136 111 16 47
0.476676 136 111 16 47
0.478676 136 111 16 47
0.480676 136 111 16 47
0.482676 136 111 16 47
0.484676 136 111 16 47
0.486676 136 111 16 47
0.488676 136 111 16 47
0.490676 136 111 16 47
0.492676 136 111 16 47
0.494676 136 111 16 47
0.496676 136 111 16 47
0.498676 136 111 16 47
0.500676 136 111 16 47
0.502676 136 111 16 47
0.504676 136 111 16 47
0.506676 136 111 16 47
0.508676 136 111 16 47
0.510676 136 111 16 47
0.512676 136 111 16 47
0.514676 136 111 16 47
0.516676 136 111 16 47
0.518676 136 111 16 47
0.520676 136 111 16 47
0.522676 136 111 16 47
0.524676 136 111 16 47
0.526676 136 111 16 47
0.528676 136 111 16 47
0.530676 136 111 16 47
0.532676 136 111 16 47
0.534676 136 111 16 47
0.536676 136 111 16 47
0.538676 136 111 16 47
0.540676 136 111 16 47
0.542676 136 111 16 47
0.544676 137 110 16 47
0.546676 137 110 16 47
0.548676 137 110 16 47
0.550676 137 110 16 47
0.552676 137 110 16 47
0.554676 137 110 16 47
0.556676 137 110 16 47
0.558676 137 110 16 47
0.560676 137 110 16 47
0.562676 137 110 16 47
0.564676 137 110 16 47
0.566676 137 110 16 47
0.568676 137 110 16 47
0.570676 137 110 16 47
0.572676 137 110 16 47
0.574676 137 110 16 47
0.576676 137 110 16 47
0.578676 137 110 16 47
0.580676 137 110 16 47
0.582676 137 110 16 48
0.584676 137 110 16 48
0.586676 137 110 16 48
0.588676 137 110 16 48
0.590676 137 110 16 48
0.592676 137 110 16 48
0.594676 137 110 16 48
0.596676 137 110 16 48
0.598676 137 110 16 48
0.600676 137 110 16 48
0.602676 137 110 16 48
0.604676 137 110 16 48
0.606676 137 110 16 48
0.608676 137 110 16 48
0.610676 137 110 16 48
0.612676 137 110 16 48
0.614676 137 110 16 48
0.616676 137 110 16 48
0.618676 137 110 16 48
0.620676 137 110 16 48
0.622676 137 110 16 49
0.624676 137 110 16 49
0.626676 137 110 16 49
0.628676 137 110 16 49
0.630676 137 110 16 49
0.632676 137 110 16 49
0.634676 137 110 16 49
0.636676 137 110 16 49
0.638676 137 110 16 49
0.640676 137 110 16 49
0.642676 137 110 16 49
0.644676 137 110 16 49
0.646676 137 110 16 49
0.648676 137 110 16 49
0.650676 137 110 16 49
0.652676 137 110 16 49
0.654676 137 110 16 49
0.656676 137 110 16 49
0.658676 137 110 16 49
0.660676 137 110 16 49
0.662676 137 110 16 49
0.664676 137 110 16 49
0.666676 137 110 16 49
0.668676 137 110 16 49
0.670676 137 110 16 49
0.672676 137 110 16 49
0.674676 137 110 16 49
0.676676 137 110 16 49
0.678676 137 110 16 49
0.680676 137 110 16 49
0.682676 137 110 16 49
0.684676 137 110 16 49
0.686676 137 110 16 49
0.688676 137 110 16 49
0.690676 137 110 16 49
0.692676 137 110 16 49
0.694676 137 110 16 49
0.696676 137 110 16 49
0.698676 137 110 16 49
0.700676 137 110 16 49
0.702676 137 110 16 49
0.704676 137 110 16 49
0.706676 137 110 16 49
0.708676 137 110 16 49
0.710676 137 110 16 49
0.712676 137 110 16 49
0.714676 137 110 16 49
0.716676 137 110 16 49
0.718676 137 110 16 49
0.720676 137 110 16 49
0.722676 137 110 16 49
0.724676 137 110 16 49
0.726676 137 110 16 49
0.728676 137 110 16 49
0.730676 137 110 16 49
0.732676 137 110 16 49
0.734676 137 110 16 49
0.736676 137 110 16 49
0.738676 137 110 16 49
0.740676 138 110 16 49
0.742676 138 110 16 49
0.744676 138 110 16 49
0.746676 138 110 16 49
0.748676 138 110 16 49
0.750676 138 110 16 49
0.752676 138 110 16 49
0.754676 138 110 16 49
0.756676 138 110 16 49
0.758676 138 110 16 49
0.760676 138 110 16 49
0.762676 138 110 16 49
0.764676 138 110 16 49
0.766676 138 110 16 49
0.768676 138 110 16 49
0.770676 138 110 16 49
0.772676 138 110 16 49
0.774676 138 110 16 49
0.776676 138 110 16 49
0.778676 139 110 17 48
0.780676 139 110 17 48
0.782676 139 110 17 48
0.784676 139 110 17 48
0.786676 139 110 17 48
0.788676 139 110 17 48
0.790676 139 110 17 48
0.792676 139 110 17 48
0.794676 139 110 17 48
0.796676 139 110 17 48
0.798676 139 110 17 48
0.800676 139 110 17 48
0.802676 139 110 17 48
0.804676 139 110 17 48
0.806676 139 110 17 48
0.808676 139 110 17 48
0.810676 139 110 17 48
0.812676 139 110 17 48
0.814676 139 110 17 48
0.816676 139 110 17 48
0.818676 139 110 17 47
0.820676 139 110 17 47
0.822676 139 110 17 47
0.824676 139 110 17 47
0.826676 139 110 17 47
0.828676 139 110 17 47
0.830676 139 110 17 47
0.832676 139 110 17 47
0.834676 139 110 17 47
0.836676 139 110 17 47
0.838676 139 110 17 47
0.840676 139 110 17 47
0.842676 139 110 17 47
0.844676 139 110 17 47
0.846676 139 110 17 47
0.848676 139 110 17 47
0.850676 139 110 17 47
0.852676 139 110 17 47
0.854676 139 110 17 47
0.856676 139 110 17 47
0.858676 139 110 17 47
0.860676 139 110 17 47
0.862676 139 110 17 47
0.864676 139 110 17 47
0.866676 139 110 17 47
0.868676 139 110 17 47
0.870676 139 110 17 47
0.872676 139 110 17 47
0.874676 139 110 17 47
0.876676 139 110 17 47
0.878676 139 110 17 47
0.880676 139 110 17 47
0.882676 139 110 17 47
0.884676 139 110 17 47
0.886676 139 110 17 47
0.888676 139 110 17 47
0.890676 139 110 17 47
0.892676 139 110 17 47
0.894676 139 110 17 47
0.896676 139 110 17 47
0.898676 139 110 17 47
0.900676 139 110 17 47
0.902676 139 110 17 47
0.904676 139 110 17 47
0.906676 139 110 17 47
0.908676 139 110 17 47
0.910676 139 110 17 47
0.912676 139 110 17 47
0.914676 139 110 17 47
0.916676 139 110 17 47
0.918676 139 110 17 47
0.920676 139 110 17 47
0.922676 139 110 17 47
0.924676 139 110 17 47
0.926676 139 110 17 47
0.928676 139 110 17 47
0.930676 139 110 17 47
0.932676 139 110 17 47
0.934676 140 110 17 47
0.936676 140 110 17 47
0.938676 140 110 17 47
0.940676 140 110 17 47
0.942676 140 110 17 47
0.944676 140 110 17 47
0.946676 140 110 17 47
0.948676 140 110 17 47
0.950676 140 110 17 47
0.952676 140 110 17 47
0.954676 140 110 17 47
0.956676 140 110 17 47
0.958676 140 110 17 47
0.960676 140 110 17 47
0.962676 140 110 17 47
0.964676 140 110 17 47
0.966676 140 110 17 47
0.968676 140 110 17 47
0.970676 140 110 17 47
0.972676 140 110 17 47
0.974676 140 111 17 47
0.976676 140 111 17 47
0.978676 140 111 17 47
0.980676 140 111 17 47
0.982676 140 111 17 47
0.984676 140 111 17 47
0.986676 140 111 17 47
0.988676 140 111 17 47
0.990676 140 111 17 47
0.992676 140 111 17 47
0.994676 140 111 17 47
0.996676 140 111 17 47
0.998676 140 111 17 47
1.000676 140 111 17 47
1.002676 140 111 17 47
1.004676 140 111 17 47
1.006676 140 111 17 47
1.008676 140 111 17 47
1.010676 140 111 17 47
1.012676 140 111 17 47
1.014676 140 111 17 47
1.016676 140 111 17 47
1.018676 140 111 17 47
1.020676 140 111 17 47
1.022676 140 111 17 47
1.024676 140 111 17 47
1.026676 140 111 17 47
1.028676 140 111 17 47
1.030676 140 111 17 47
1.032676 140 111 17 47
1.034676 140 111 17 47
1.036676 140 111 17 47
1.038676 140 111 17 47
1.040676 140 111 17 48
1.042676 140 111 17 48
1.044676 140 111 17 48
1.046676 140 111 17 48
1.048676 140 111 17 48
1.050676 140 111 17 48
1.052676 140 111 17 48
1.054676 140 111 17 48
1.056676 140 111 17 48
1.058676 140 111 17 48
1.060676 140 111 17 48
1.062676 140 111 17 48
1.064676 140 111 17 48
1.066676 140 111 17 49
1.068676 140 111 17 49
1.070676 140 111 17 49
1.072676 140 111 17 49
1.074676 140 111 17 49
1.076676 140 111 17 49
1.078676 140 111 17 49
1.080676 140 111 17 49
1.082676 140 111 17 49
1.084676 140 111 17 49
1.086676 140 111 17 49
1.088676 140 111 17 49
1.090676 140 111 17 49
1.092676 140 110 18 50
1.094676 140 110 18 50
1.096676 140 110 18 50
1.098676 140 110 18 50
1.100676 140 110 18 50
1.102676 140 110 18 50
1.104676 140 110 18 50
1.106676 140 110 18 50
1.108676 140 110 18 50
1.110676 140 110 18 50
1.112676 140 110 18 50
1.114676 140 110 18 50
1.116676 140 110 18 50
1.118676 140 110 18 50
1.120676 140 110 18 50
1.122676 140 110 18 50
1.124676 140 110 18 50
1.126676 140 110 18 50
1.128676 140 110 18 50
1.130676 140 110 18 51
1.132676 140 110 18 51
1.134676 140 110 18 51
1.136676 140 110 18 51
1.138676 140 110 18 51
1.140676 140 110 18 51
1.142676 140 110 18 51
1.144676 140 110 18 51
1.146676 140 110 18 51
1.148676 140 110 18 51
1.150676 140 110 18 51
1.152676 140 110 18 51
1.154676 140 110 18 51
1.156676 140 110 18 51
1.158676 140 110 18 51
1.160676 140 110 18 51
1.162676 140 110 18 51
1.164676 140 110 18 51
1.166676 140 110 18 51
1.168676 140 110 18 51
1.170676 141 110 18 52
1.172676 141 110 18 52
1.174676 141 110 18 52
1.176676 141 110 18 52
1.178676 141 110 18 52
1.180676 141 110 18 52
1.182676 141 110 18 52
1.184676 141 110 18 52
1.186676 141 110 18 52
1.188676 141 110 18 52
1.190676 141 110 18 52
1.192676 141 110 18 52
1.194676 141 110 18 52
1.196676 141 110 18 52
1.198676 141 110 18 52
1.200676 141 110 18 52
1.202676 141 110 18 52
1.204676 141 110 18 52
1.206676 141 110 18 52
1.208676 141 110 18 52
1.210676 141 110 18 52
1.212676 141 110 18 52
1.214676 141 110 18 52
1.216676 141 110 18 52
1.218676 141 110 18 52
1.220676 141 110 18 52
1.222676 141 110 18 52
1.224676 141 110 18 52
1.226676 141 110 18 52
1.228676 141 110 18 52
1.230676 141 110 18 52
1.232676 141 110 18 52
1.234676 141 110 18 52
1.236676 141 110 18 52
1.238676 141 110 18 52
1.240676 141 110 18 52
1.242676 141 110 18 52
1.244676 141 110 18 52
1.246676 141 110 18 52
1.248676 141 110 18 51
1.250676 141 110 18 51
1.252676 141 110 18 51
1.254676 141 110 18 51
1.256676 141 110 18 51
1.258676 141 110 18 51
1.260676 141 110 18 51
1.262676 141 110 18 51
1.264676 141 110 18 51
1.266676 141 110 18 51
1.268676 141 110 18 51
1.270676 141 110 18 51
1.272676 141 110 18 51
1.274676 141 110 18 51
1.276676 141 110 18 51
1.278676 141 110 18 51
1.280676 141 110 18 51
1.282676 141 110 18 51
1.284676 141 110 18 51
1.286676 141 110 18 51
1.288676 142 110 18 51
1.290676 142 110 18 51
1.292676 142 110 18 51
1.294676 142 110 18 51
1.296676 142 110 18 51
1.298676 142 110 18 51
1.300676 142 110 18 51
1.302676 142 110 18 51
1.304676 142 110 18 51
1.306676 142 110 18 51
1.308676 142 110 18 51
1.310676 142 110 18 51
1.312676 142 110 18 51
1.314676 142 110 18 51
1.316676 142 110 18 51
1.318676 142 110 18 51
1.320676 142 110 18 51
1.322676 142 110 18 51
1.324676 142 110 18 51
1.326676 143 110 18 51
1.328676 143 110 18 51
1.330676 143 110 18 51
1.332676 143 110 18 51
1.334676 143 110 18 51
1.336676 143 110 18 51
1.338676 143 110 18 51
1.340676 143 110 18 51
1.342676 143 110 18 51
1.344676 143 110 18 51
1.346676 143 110 18 51
1.348676 143 110 18 51
1.350676 143 110 18 51
1.352676 143 110 18 51
1.354676 143 110 18 51
1.356676 143 110 18 51
1.358676 143 110 18 51
1.360676 143 110 18 51
1.362676 143 110 18 51
1.364676 143 110 18 51
1.366676 143 110 18 52
1.368676 143 110 18 52
1.370676 143 110 18 52
1.372676 143 110 18 52
1.374676 143 110 18 52
1.376676 143 110 18 52
1.378676 143 110 18 52
1.380676 143 110 18 52
1.382676 143 110 18 52
1.384676 143 110 18 52
1.386676 143 110 18 52
1.388676 143 110 18 52
1.390676 143 110 18 52
1.392676 143 110 18 52
1.394676 143 110 18 52
1.396676 143 110 18 52
1.398676 143 110 18 52
1.400676 143 110 18 52
1.402676 143 110 18 52
1.404676 143 110 18 52
1.406676 142 110 18 52
1.408676 142 110 18 52
1.410676 142 110 18 52
1.412676 142 110 18 52
1.414676 142 110 18 52
1.416676 142 110 18 52
1.418676 142 110 18 52
1.420676 142 110 18 52
1.422676 142 110 18 52
1.424676 142 110 18 52
1.426676 142 110 18 52
1.428676 142 110 18 52
1.430676 142 110 18 52
1.432676 142 110 18 52
1.434676 142 110 18 52
1.436676 142 110 18 52
1.438676 142 110 18 52
1.440676 142 110 18 52
1.442676 142 110 18 52
1.444676 142 110 18 52
1.446676 142 110 18 52
1.448676 142 110 18 52
1.450676 142 110 18 52
1.452676 142 110 18 52
1.454676 142 110 18 52
1.456676 142 110 18 52
1.458676 142 110 18 52
1.460676 142 110 18 52
1.462676 142 110 18 52
1.464676 142 110 18 52
1.466676 142 110 18 52
1.468676 142 110 18 52
1.470676 142 110 18 52
1.472676 142 110 18 52
1.474676 142 110 18 52
1.476676 142 110 18 52
1.478676 142 110 18 52
1.480676 142 110 18 52
1.482676 142 110 18 52
1.484676 142 109 19 52
1.486676 142 109 19 52
1.488676 142 109 19 52
1.490676 142 109 19 52
1.492676 142 109 19 52
1.494676 142 109 19 52
1.496676 142 109 19 52
1.498676 142 109 19 52
1.500676 142 109 19 52
1.502676 142 109 19 52
1.504676 142 109 19 52
1.506676 142 109 19 52
1.508676 142 109 19 52
1.510676 142 109 19 52
1.512676 142 109 19 52
1.514676 142 109 19 52
1.516676 142 109 19 52
1.518676 142 109 19 52
1.520676 142 109 19 52
1.522676 142 109 19 53
1.524676 142 109 19 53
1.526676 142 109 19 53
1.528676 142 109 19 53
1.530676 142 109 19 53
1.532676 142 109 19 53
1.534676 142 109 19 53
1.536676 142 109 19 53
1.538676 142 109 19 53
1.540676 142 109 19 53
1.542676 142 109 19 53
1.544676 142 109 19 53
1.546676 142 109 19 53
1.548676 142 109 19 53
1.550676 142 109 19 53
1.552676 142 109 19 53
1.554676 142 109 19 53
1.556676 142 109 19 53
1.558676 142 109 19 53
1.560676 142 109 19 53
1.562676 143 108 19 54
1.564676 143 108 19 54
1.566676 143 108 19 54
1.568676 143 108 19 54
1.570676 143 108 19 54
1.572676 143 108 19 54
1.574676 143 108 19 54
1.576676 143 108 19 54
1.578676 143 108 19 54
1.580676 143 108 19 54
1.582676 143 108 19 54
1.584676 143 108 19 54
1.586676 143 108 19 54
1.588676 143 108 19 54
1.590676 143 108 19 54
1.592676 143 108 19 54
1.594676 143 108 19 54
1.596676 143 108 19 54
1.598676 143 108 19 54
1.600676 143 108 19 54
1.602676 143 108 19 54
1.604676 143 108 19 54
1.606676 143 108 19 54
1.608676 143 108 19 54
1.610676 143 108 19 54
1.612676 143 108 19 54
1.614676 143 108 19 54
1.616676 143 108 19 54
1.618676 143 108 19 54
1.620676 143 108 19 54
1.622676 143 108 19 54
1.624676 143 108 19 54
1.626676 143 108 19 54
1.628676 143 108 19 54
1.630676 143 108 19 54
1.632676 143 108 19 54
1.634676 143 108 19 54
1.636676 143 108 19 54
1.638676 143 108 19 54
1.640676 143 108 19 54
1.642676 143 108 19 54
1.644676 143 108 19 54
1.646676 143 108 19 54
1.648676 143 108 19 54
1.650676 143 108 19 54
1.652676 143 108 19 54
1.654676 143 108 19 54
1.656676 143 108 19 54
1.658676 143 108 19 54
1.660676 143 108 19 54
1.662676 143 108 19 54
1.664676 143 108 19 54
1.666676 143 108 19 54
1.668676 143 108 19 54
1.670676 143 108 19 54
1.672676 143 108 19 54
1.674676 143 108 19 54
1.676676 143 108 19 54
1.678676 143 108 19 54
1.680676 143 108 19 54
1.682676 143 108 19 54
1.684676 143 108 19 54
1.686676 143 108 19 54
1.688676 143 108 19 54
1.690676 143 108 19 54
1.692676 143 108 19 54
1.694676 143 108 19 54
1.696676 143 108 19 54
1.698676 143 108 19 54
1.700676 143 108 19 54
1.702676 143 108 19 54
1.704676 143 108 19 54
1.706676 143 108 19 54
1.708676 143 108 19 54
1.710676 143 108 19 54
1.712676 143 108 19 54
1.714676 143 108 19 54
1.716676 143 108 19 54
1.718676 143 108 20 54
1.720676 143 108 20 54
1.722676 143 108 20 54
1.724676 143 108 20 54
1.726676 143 108 20 54
1.728676 143 108 20 54
1.730676 143 108 20 54
1.732676 143 108 20 54
1.734676 143 108 20 54
1.736676 143 108 20 54
1.738676 143 108 20 54
1.740676 143 108 20 54
1.742676 143 108 20 54
1.744676 143 108 20 54
1.746676 143 108 20 54
1.748676 143 108 20 54
1.750676 143 108 20 54
1.752676 143 108 20 54
1.754676 143 108 20 54
1.756676 143 108 20 54
1.758676 143 108 20 54
1.760676 143 108 20 54
1.762676 143 108 20 54
1.764676 143 108 20 54
1.766676 143 108 20 54
1.768676 143 108 20 54
1.770676 143 108 20 54
1.772676 143 108 20 54
1.774676 143 108 20 54
1.776676 143 108 20 54
1.778676 143 108 20 54
1.780676 143 108 20 54
1.782676 143 108 20 54
1.784676 143 108 20 54
1.786676 143 108 20 54
1.788676 143 108 20 54
1.790676 143 108 20 54
1.792676 143 108 20 54
1.794676 143 108 20 54
1.796676 143 108 20 55
1.798676 143 108 20 55
1.800676 143 108 20 55
1.802676 143 108 20 55
1.804676 143 108 20 55
1.806676 143 108 20 55
1.808676 143 108 20 55
1.810676 143 108 20 55
1.812676 143 108 20 55
1.814676 143 108 20 55
1.816676 143 108 20 55
1.818676 143 108 20 55
1.820676 143 108 20 55
1.822676 143 108 20 55
1.824676 143 108 20 55
1.826676 143 108 20 55
1.828676 143 108 20 55
1.830676 143 108 20 55
1.832676 143 108 20 55
1.834676 143 108 20 55
1.836676 143 108 20 55
1.838676 143 108 20 55
1.840676 143 108 20 55
1.842676 143 108 20 55
1.844676 143 108 20 55
1.846676 143 108 20 55
1.848676 143 108 20 55
1.850676 143 108 20 55
1.852676 143 108 20 55
1.854676 143 108 20 55
1.856676 143 108 20 55
1.858676 143 108 20 55
1.860676 143 108 20 55
1.862676 143 108 20 55
1.864676 143 108 20 55
1.866676 143 108 20 55
1.868676 143 108 20 55
1.870676 143 108 20 55
1.872676 143 108 20 55
1.874676 143 108 20 55
1.876676 142 108 21 55
1.878676 142 108 21 55
1.880676 142 108 21 55
1.882676 142 108 21 55
1.884676 142 108 21 55
1.886676 142 108 21 55
1.888676 142 108 21 55
1.890676 142 108 21 55
1.892676 142 108 21 55
1.894676 142 108 21 55
1.896676 142 108 21 55
1.898676 142 108 21 55
1.900676 142 108 21 55
1.902676 142 108 21 55
1.904676 142 108 21 55
1.906676 142 108 21 55
1.908676 142 108 21 55
1.910676 142 108 21 55
1.912676 142 108 21 55
1.914676 142 108 21 56
1.916676 142 108 21 56
1.918676 142 108 21 56
1.920676 142 108 21 56
1.922676 142 108 21 56
1.924676 142 108 21 56
1.926676 142 108 21 56
1.928676 142 108 21 56
1.930676 142 108 21 56
1.932676 142 108 21 56
1.934676 142 108 21 56
1.936676 142 108 21 56
1.938676 142 108 21 56
1.940676 142 108 21 56
1.942676 142 108 21 56
1.944676 142 108 21 56
1.946676 142 108 21 56
1.948676 142 108 21 56
1.950676 142 108 21 56
1.952676 142 108 21 56
1.954676 142 107 21 57
1.956676 142 107 21 57
1.958676 142 107 21 57
1.960676 142 107 21 57
1.962676 142 107 21 57
1.964676 142 107 21 57
1.966676 142 107 21 57
1.968676 142 107 21 57
1.970676 142 107 21 57
1.972676 142 107 21 57
1.974676 142 107 21 57
1.976676 142 107 21 57
1.978676 142 107 21 57
1.980676 142 107 21 57
1.982676 142 107 21 57
1.984676 142 107 21 57
1.986676 142 107 21 57
1.988676 142 107 21 57
1.990676 142 107 21 57
1.992676 142 107 21 57
1.994676 142 107 21 57
1.996676 142 107 21 57
1.998676 142 107 21 57
2.000676 142 107 21 57
2.002676 142 107 21 57
2.004676 142 107 21 57
2.006676 142 107 21 57
2.008676 142 107 21 57
2.010676 142 107 21 57
2.012676 142 107 21 57
2.014676 142 107 21 57
2.016676 142 107 21 57
2.018676 142 107 21 57
2.020676 142 107 21 57
2.022676 142 107 21 57
2.024676 142 107 21 57
2.026676 142 107 21 57
2.028676 142 107 21 57
2.030676 142 107 21 57
2.032676 142 107 22 56
2.034676 142 107 22 56
2.036676 142 107 22 56
2.038676 142 107 22 56
2.040676 142 107 22 56
2.042676 142 107 22 56
2.044676 142 107 22 56
2.046676 142 107 22 56
2.048676 142 107 22 56
2.050676 142 107 22 56
2.052676 142 107 22 56
2.054676 142 107 22 56
2.056676 142 107 22 56
2.058676 142 107 22 56
2.060676 142 107 22 56
2.062676 142 107 22 56
2.064676 142 107 22 56
2.066676 142 107 22 56
2.068676 142 107 22 56
2.070676 142 107 22 56
2.072676 142 107 22 56
2.074676 142 107 22 56
2.076676 142 107 22 56
2.078676 142 107 22 56
2.080676 142 107 22 56
2.082676 142 107 22 56
2.084676 142 107 22 56
2.086676 142 107 22 56
2.088676 142 107 22 56
2.090676 142 107 22 56
2.092676 142 107 22 56
2.094676 142 107 22 56
2.096676 142 107 22 56
2.098676 142 107 22 56
2.100676 142 107 22 56
2.102676 142 107 22 56
2.104676 142 107 22 56
2.106676 142 107 22 56
2.108676 142 107 22 56
2.110676 142 106 22 56
2.112676 142 106 22 56
2.114676 142 106 22 56
2.116676 142 106 22 56
2.118676 142 106 22 56
2.120676 142 106 22 56
2.122676 142 106 22 56
2.124676 142 106 22 56
2.126676 142 106 22 56
2.128676 142 106 22 56
2.130676 142 106 22 56
2.132676 142 106 22 56
2.134676 142 106 22 56
2.136676 142 106 22 57
2.138676 142 106 22 57
2.140676 142 106 22 57
2.142676 142 106 22 57
2.144676 142 106 22 57
2.146676 142 106 22 57
2.148676 142 106 22 57
2.150676 142 105 22 57
2.152676 142 105 22 57
2.154676 142 105 22 57
2.156676 142 105 22 57
2.158676 142 105 22 57
2.160676 142 105 22 57
2.162676 142 105 22 58
2.164676 142 105 22 58
2.166676 142 105 22 58
2.168676 142 105 22 58
2.170676 142 105 22 58
2.172676 142 105 22 58
2.174676 142 105 22 58
2.176676 142 105 22 58
2.178676 142 105 22 58
2.180676 142 105 22 58
2.182676 142 105 22 58
2.184676 142 105 22 58
2.186676 142 105 22 58
2.188676 142 105 22 59
2.190676 142 105 22 59
2.192676 142 105 22 59
2.194676 142 105 22 59
2.196676 142 105 22 59
2.198676 142 105 22 59
2.200676 142 105 22 59
2.202676 142 105 22 59
2.204676 142 105 22 59
2.206676 142 105 22 59
2.208676 142 105 22 59
2.210676 142 105 22 59
2.212676 142 105 22 59
2.214676 142 105 22 59
2.216676 142 105 22 59
2.218676 142 105 22 59
2.220676 142 105 22 59
2.222676 142 105 22 59
2.224676 142 105 22 59
2.226676 142 105 22 59
2.228676 142 105 22 59
2.230676 142 105 22 59
2.232676 142 105 22 59
2.234676 142 105 22 59
2.236676 142 105 22 59
2.238676 142 105 22 59
2.240676 142 105 22 59
2.242676 142 105 22 59
2.244676 142 105 22 59
2.246676 142 105 22 59
2.248676 142 105 22 59
2.250676 142 105 22 59
2.252676 142 105 22 59
2.254676 142 105 22 59
2.256676 142 105 22 59
2.258676 142 105 22 59
2.260676 142 105 22 59
2.262676 142 105 22 59
2.264676 142 105 22 59
2.266676 142 105 22 59
2.268676 142 105 22 59
2.270676 142 105 22 59
2.272676 142 105 22 59
2.274676 142 105 22 59
2.276676 142 105 22 59
2.278676 142 105 22 59
2.280676 142 105 22 59
2.282676 142 105 22 59
2.284676 142 105 22 59
2.286676 142 105 22 59
2.288676 142 105 22 59
2.290676 142 105 22 59
2.292676 142 105 22 59
2.294676 142 105 22 59
2.296676 142 105 22 59
2.298676 142 105 22 59
2.300676 142 105 22 59
2.302676 142 105 22 59
2.304676 142 105 22 59
2.306676 142 105 22 59
2.308676 142 105 22 59
2.310676 142 105 22 59
2.312676 142 105 22 59
2.314676 142 105 22 59
2.316676 142 105 22 59
2.318676 142 105 22 59
2.320676 142 105 22 59
2.322676 142 105 22 59
2.324676 142 105 22 59
2.326676 142 105 22 59
2.328676 142 105 22 59
2.330676 142 105 22 59
2.332676 142 105 22 59
2.334676 142 105 22 59
2.336676 142 105 22 59
2.338676 142 105 22 59
2.340676 142 105 22 59
2.342676 142 105 22 59
2.344676 142 105 22 59
2.346676 142 105 22 59
2.348676 142 105 22 59
2.350676 142 105 22 59
2.352676 142 105 22 59
2.354676 142 105 22 59
2.356676 142 105 22 59
2.358676 142 105 22 59
2.360676 142 105 22 59
2.362676 142 105 22 59
2.364676 142 105 22 59
2.366676 142 105 22 59
2.368676 142 105 22 59
2.370676 142 105 22 59
2.372676 142 105 22 60
2.374676 142 105 22 60
2.376676 142 105 22 60
2.378676 142 105 22 60
2.380676 142 105 22 60
2.382676 142 105 22 60
2.384676 142 105 22 60
2.386676 142 105 22 60
2.388676 142 105 22 60
2.390676 142 105 22 60
2.392676 142 105 22 60
2.394676 142 105 22 60
2.396676 142 105 22 60
2.398676 142 105 22 61
2.400676 142 105 22 61
2.402676 142 105 22 61
2.404676 142 105 22 61
2.406676 142 105 22 61
2.408676 142 105 22 61
2.410676 142 105 22 61
2.412676 142 105 22 61
2.414676 142 105 22 61
2.416676 142 105 22 61
2.418676 142 105 22 61
2.420676 142 105 22 61
2.422676 142 105 22 61
2.424676 142 105 22 61
2.426676 142 105 22 61
2.428676 142 105 22 61
2.430676 142 105 22 61
2.432676 142 105 22 61
2.434676 142 105 22 61
2.436676 142 105 22 61
2.438676 142 105 22 61
2.440676 142 105 22 61
2.442676 142 105 22 61
2.444676 142 105 22 61
2.446676 142 105 22 61
2.448676 142 105 22 61
2.450676 142 105 22 61
2.452676 142 105 22 61
2.454676 142 105 22 61
2.456676 142 105 22 61
2.458676 142 105 22 61
2.460676 142 105 22 61
2.462676 142 105 21 61
2.464676 142 105 21 61
2.466676 142 105 21 61
2.468676 142 105 21 61
2.470676 142 105 21 61
2.472676 142 105 21 61
2.474676 142 105 21 61
2.476676 142 105 21 61
2.478676 142 105 21 61
2.480676 142 105 21 61
2.482676 142 105 21 61
2.484676 142 105 21 61
2.486676 142 105 21 61
2.488676 142 105 21 61
2.490676 142 105 21 61
2.492676 142 105 21 61
2.494676 142 105 21 61
2.496676 142 105 21 61
2.498676 142 105 21 61
2.500676 142 105 21 61
2.502676 142 105 21 61
2.504676 142 105 21 61
2.506676 142 105 21 61
2.508676 142 105 21 61
2.510676 142 105 21 61
2.512676 142 105 21 61
2.514676 142 105 21 61
2.516676 142 105 21 61
2.518676 142 105 21 61
2.520676 142 105 21 61
2.522676 142 105 21 61
2.524676 142 105 21 61
2.526676 142 105 21 61
2.528676 142 105 21 61
2.530676 142 105 21 61
2.532676 142 105 21 61
2.534676 142 105 21 61
2.536676 142 105 21 61
2.538676 142 105 21 61
2.540676 142 105 21 61
2.542676 142 105 21 62
2.544676 142 105 21 62
2.546676 142 105 21 62
2.548676 142 105 21 62
2.550676 142 105 21 62
2.552676 142 105 21 62
2.554676 142 105 21 62
2.556676 142 105 21 62
2.558676 142 105 21 62
2.560676 142 105 21 62
2.562676 142 105 21 62
2.564676 142 105 21 62
2.566676 142 105 21 62
2.568676 142 105 21 62
2.570676 142 105 21 62
2.572676 142 105 21 62
2.574676 142 105 21 62
2.576676 142 105 21 62
2.578676 142 105 21 62
2.580676 141 104 22 63
2.582676 141 104 22 63
2.584676 141 104 22 63
2.586676 141 104 22 63
2.588676 141 104 22 63
2.590676 141 104 22 63
2.592676 141 104 22 63
2.594676 141 104 22 63
2.596676 141 104 22 63
2.598676 141 104 22 63
2.600676 141 104 22 63
2.602676 141 104 22 63
2.604676 141 104 22 63
2.606676 141 104 22 63
2.608676 141 104 22 63
2.610676 141 104 22 63
2.612676 141 104 22 63
2.614676 141 104 22 63
2.616676 141 104 22 63
2.618676 141 104 22 63
2.620676 141 104 22 63
2.622676 141 104 22 63
2.624676 141 104 22 63
2.626676 141 104 22 63
2.628676 141 104 22 63
2.630676 141 104 22 63
2.632676 141 104 22 63
2.634676 141 104 22 63
2.636676 141 104 22 63
2.638676 141 104 22 63
2.640676 141 104 22 63
2.642676 141 104 22 63
2.644676 141 104 22 63
2.646676 141 104 22 63
2.648676 141 104 22 63
2.650676 141 104 22 63
2.652676 141 104 22 63
2.654676 141 104 22 63
2.656676 141 104 22 63
2.658676 141 104 23 64
2.660676 141 104 23 64
2.662676 141 104 23 64
2.664676 141 104 23 64
2.666676 141 104 23 64
2.668676 141 104 23 64
2.670676 141 104 23 64
2.672676 141 104 23 64
2.674676 141 104 23 64
2.676676 141 104 23 64
2.678676 141 104 23 64
2.680676 141 104 23 64
2.682676 141 104 23 64
2.684676 141 104 23 64
2.686676 141 104 23 64
2.688676 141 104 23 64
2.690676 141 104 23 64
2.692676 141 104 23 64
2.694676 141 104 23 64
2.696676 141 104 23 64
2.698676 141 104 23 64
2.700676 141 104 23 64
2.702676 141 104 23 64
2.704676 141 104 23 64
2.706676 141 104 23 64
2.708676 141 104 23 64
2.710676 141 104 23 64
2.712676 141 104 23 64
2.714676 141 104 23 64
2.716676 141 104 23 64
2.718676 141 104 23 64
2.720676 141 104 23 64
2.722676 141 104 23 64
2.724676 141 104 23 64
2.726676 141 104 23 64
2.728676 141 104 23 64
2.730676 141 104 23 64
2.732676 141 104 23 64
2.734676 141 104 23 64
2.736676 141 104 23 64
2.738676 141 103 23 64
2.740676 141 103 23 64
2.742676 141 103 23 64
2.744676 141 103 23 64
2.746676 141 103 23 64
2.748676 141 103 23 64
2.750676 141 103 23 64
2.752676 141 103 23 64
2.754676 141 103 23 64
2.756676 141 103 23 64
2.758676 141 103 23 64
2.760676 141 103 23 64
2.762676 141 103 23 64
2.764676 141 103 23 64
2.766676 141 103 23 64
2.768676 141 103 23 64
2.770676 141 103 23 64
2.772676 141 103 23 64
2.774676 141 103 23 64
2.776676 141 103 23 64
2.778676 141 103 23 64
2.780676 141 103 23 64
2.782676 141 103 23 64
2.784676 141 103 23 64
2.786676 141 103 23 64
2.788676 141 103 23 64
2.790676 141 103 23 64
2.792676 141 103 23 64
2.794676 141 103 23 64
2.796676 141 103 23 64
2.798676 141 103 23 64
2.800676 141 103 23 64
2.802676 141 103 23 64
2.804676 141 103 23 64
2.806676 141 103 23 64
2.808676 141 103 23 64
2.810676 141 103 23 64
2.812676 141 103 23 64
2.814676 141 103 23 64
2.816676 141 103 24 65
2.818676 141 103 24 65
2.820676 141 103 24 65
2.822676 141 103 24 65
2.824676 141 103 24 65
2.826676 141 103 24 65
2.828676 141 103 24 65
2.830676 141 103 24 65
2.832676 141 103 24 65
2.834676 141 103 24 65
2.836676 141 103 24 65
2.838676 141 103 24 65
2.840676 141 103 24 65
2.842676 141 103 24 65
2.844676 141 103 24 65
2.846676 141 103 24 65
2.848676 141 103 24 65
2.850676 141 103 24 65
2.852676 141 103 24 65
2.854676 141 103 24 65
2.856676 141 103 24 65
2.858676 141 103 24 65
2.860676 141 103 24 65
2.862676 141 103 24 65
2.864676 141 103 24 65
2.866676 141 103 24 65
2.868676 141 103 24 65
2.870676 141 103 24 65
2.872676 141 103 24 65
2.874676 141 103 24 65
2.876676 141 103 24 65
2.878676 141 103 24 65
2.880676 141 103 24 65
2.882676 141 103 24 65
2.884676 141 103 24 65
2.886676 141 103 24 65
2.888676 141 103 24 65
2.890676 141 103 24 65
2.892676 141 103 24 65
2.894676 141 103 24 65
2.896676 141 103 24 65
2.898676 141 103 24 65
2.900676 141 103 24 65
2.902676 141 103 24 65
2.904676 141 103 24 65
2.906676 141 103 24 65
2.908676 141 103 24 65
2.910676 141 103 24 64
2.912676 141 103 24 64
2.914676 141 103 23 64
2.916676 141 103 23 64
2.918676 141 103 23 64
2.920676 141 103 23 64
2.922676 141 103 23 64
2.924676 141 103 23 64
2.926676 141 103 23 63
2.928676 141 103 23 63
2.930676 141 103 23 63
2.932676 142 104 22 63
2.934676 142 104 22 63
2.936676 142 104 22 63
2.938676 142 104 22 63
2.940676 142 104 22 62
2.942676 142 104 22 62
2.944676 142 104 22 62
2.946676 142 104 22 62
2.948676 142 104 22 62
2.950676 142 104 22 62
2.952676 142 104 21 62
2.954676 142 104 21 62
2.956676 142 104 21 61
2.958676 142 104 21 61
2.960676 142 104 21 61
2.962676 142 104 21 61
2.964676 142 104 21 61
2.966676 142 104 21 61
2.968676 142 104 21 61
2.970676 142 104 21 61
2.972676 143 104 21 61
2.974676 143 104 21 61
2.976676 143 104 21 61
2.978676 143 104 21 61
2.980676 143 104 21 61
2.982676 143 104 21 61
2.984676 143 104 21 62
2.986676 143 104 22 62
2.988676 143 104 22 62
2.990676 143 104 22 62
2.992676 143 104 22 62
2.994676 143 104 22 63
2.996676 143 104 22 63
2.998676 143 104 23 63
3.000676 143 104 23 63
3.002676 143 104 23 63
3.004676 143 104 23 63
3.006676 143 104 23 64
3.008676 143 104 23 64
3.010676 143 104 23 64
3.012676 143 103 24 64
3.014676 143 103 24 64
3.016676 143 103 24 65
3.018676 143 103 24 65
3.020676 143 103 24 65
3.022676 143 103 24 65
3.024676 143 103 25 65
3.026676 143 103 25 65
3.028676 143 103 25 66
3.030676 143 103 25 66
3.032676 143 103 25 66
3.034676 143 103 25 66
3.036676 143 103 25 66
3.038676 143 103 26 66
3.040676 143 103 26 67
3.042676 143 103 26 67
3.044676 143 103 26 67
3.046676 143 103 26 67
3.048676 143 103 26 67
3.050676 143 103 26 67
3.052676 143 103 26 67
3.054676 143 103 26 67
3.056676 143 103 26 67
3.058676 143 103 26 67
3.060676 143 103 26 67
3.062676 143 103 26 67
3.064676 143 103 26 67
3.066676 144 103 25 67
3.068676 144 103 25 67
3.070676 144 103 25 67
3.072676 144 103 25 67
3.074676 144 103 25 67
3.076676 144 103 25 67
3.078676 144 103 25 67
3.080676 144 103 25 67
3.082676 145 103 24 67
3.084676 145 103 24 67
3.086676 145 103 24 67
3.088676 145 103 24 67
3.090676 145 103 24 67
3.092676 145 103 24 67
3.094676 145 103 24 67
3.096676 145 103 24 67
3.098676 146 103 23 67
3.100676 146 103 23 67
3.102676 146 103 23 67
3.104676 146 103 23 67
3.106676 146 103 23 67
3.108676 146 103 23 67
3.110676 146 103 23 67
3.112676 146 103 23 67
3.114676 147 103 22 67
3.116676 147 103 22 67
3.118676 147 103 22 67
3.120676 147 103 22 67
3.122676 147 103 22 67
3.124676 147 103 22 67
3.126676 147 103 22 67
3.128676 148 103 22 67
3.130676 148 103 22 67
3.132676 148 103 22 67
3.134676 148 103 22 67
3.136676 148 103 22 67
3.138676 148 103 22 67
3.140676 148 103 22 67
3.142676 148 103 22 67
3.144676 148 103 22 67
3.146676 148 103 22 67
3.148676 148 103 22 67
3.150676 148 103 22 67
3.152676 148 103 22 67
3.154676 148 103 22 67
3.156676 148 103 22 67
3.158676 148 103 22 67
3.160676 148 103 22 67
3.162676 148 103 22 67
3.164676 148 103 22 67
3.166676 148 103 22 67
3.168676 148 103 22 67
3.170676 148 103 22 67
3.172676 148 103 22 67
3.174676 148 103 22 67
3.176676 148 103 22 67
3.178676 148 103 22 67
3.180676 148 103 22 67
3.182676 148 103 22 67
3.184676 148 103 22 67
3.186676 148 103 22 67
3.188676 148 103 22 67
3.190676 148 103 22 67
3.192676 148 103 22 67
3.194676 148 103 22 67
3.196676 148 103 22 67
3.198676 148 103 22 67
3.200676 148 103 22 67
3.202676 148 103 22 67
3.204676 148 103 22 67
3.206676 148 103 22 67
3.208676 148 102 22 68
3.210676 148 102 22 68
3.212676 148 102 22 68
3.214676 148 102 22 68
3.216676 148 102 22 68
3.218676 148 102 22 68
3.220676 148 102 22 68
3.222676 148 102 22 68
3.224676 148 102 22 68
3.226676 148 102 22 68
3.228676 148 102 22 68
3.230676 148 102 22 68
3.232676 148 102 22 68
3.234676 148 102 22 68
3.236676 148 102 22 68
3.238676 148 102 22 68
3.240676 148 102 22 68
3.242676 148 102 22 68
3.244676 148 102 22 68
3.246676 148 101 22 69
3.248676 148 101 22 69
3.250676 148 101 22 69
3.252676 148 101 22 69
3.254676 148 101 22 69
3.256676 148 101 22 69
3.258676 148 101 22 69
3.260676 148 101 22 69
3.262676 148 101 22 69
3.264676 148 101 22 69
3.266676 148 101 22 69
3.268676 148 101 22 69
3.270676 148 101 22 69
3.272676 148 101 22 69
3.274676 148 101 22 69
3.276676 148 101 22 69
3.278676 148 101 22 69
3.280676 148 101 22 69
3.282676 148 101 22 69
3.284676 148 101 22 69
3.286676 149 101 22 70
3.288676 149 101 22 70
3.290676 149 101 22 70
3.292676 149 101 22 70
3.294676 149 101 22 70
3.296676 149 101 22 70
3.298676 149 101 22 70
3.300676 149 101 22 70
3.302676 149 101 22 70
3.304676 149 101 22 70
3.306676 149 101 22 70
3.308676 149 101 22 70
3.310676 149 101 22 70
3.312676 149 101 22 70
3.314676 149 101 22 70
3.316676 149 101 22 70
3.318676 149 101 22 70
3.320676 149 101 22 70
3.322676 149 101 22 70
3.324676 150 101 22 70
3.326676 150 101 22 70
3.328676 150 101 22 70
3.330676 150 101 22 70
3.332676 150 101 22 70
3.334676 150 101 22 70
3.336676 150 101 22 70
3.338676 150 101 22 70
3.340676 150 101 22 70
3.342676 150 101 22 70
3.344676 150 101 22 70
3.346676 150 101 22 70
3.348676 150 101 22 70
3.350676 150 101 22 70
3.352676 150 101 22 70
3.354676 150 101 22 70
3.356676 150 101 22 70
3.358676 150 101 22 70
3.360676 150 101 22 70
3.362676 150 101 22 70
3.364676 151 101 22 71
3.366676 151 101 22 71
3.368676 151 101 22 71
3.370676 151 101 22 71
3.372676 151 101 22 71
3.374676 151 101 22 71
3.376676 151 101 22 71
3.378676 151 101 22 71
3.380676 151 101 22 71
3.382676 151 101 22 71
3.384676 151 101 22 71
3.386676 151 101 22 71
3.388676 151 101 22 71
3.390676 151 101 22 71
3.392676 151 101 22 71
3.394676 151 101 22 71
3.396676 151 101 22 71
3.398676 151 101 22 71
3.400676 151 101 22 71
3.402676 151 101 22 71
3.404676 151 101 22 71
3.406676 151 101 22 71
3.408676 151 101 22 71
3.410676 151 101 22 71
3.412676 151 101 22 71
3.414676 151 101 22 71
3.416676 151 101 22 71
3.418676 151 101 22 71
3.420676 151 101 22 71
3.422676 151 101 22 71
3.424676 151 101 22 71
3.426676 151 101 22 71
3.428676 151 101 22 71
3.430676 151 101 22 71
3.432676 151 101 22 71
3.434676 151 101 22 71
3.436676 151 101 22 71
3.438676 151 101 22 71
3.440676 151 101 22 71
3.442676 152 101 23 72
3.444676 152 101 23 72
3.446676 152 101 23 72
3.448676 152 101 23 72
3.450676 152 101 23 72
3.452676 152 101 23 72
3.454676 152 101 23 72
3.456676 152 101 23 72
3.458676 152 101 23 72
3.460676 152 101 23 72
3.462676 152 101 23 72
3.464676 152 101 23 72
3.466676 152 101 23 72
3.468676 152 101 23 72
3.470676 152 101 23 72
3.472676 152 101 23 72
3.474676 152 101 23 72
3.476676 152 101 23 72
3.478676 152 101 23 72
3.480676 152 101 23 72
3.482676 152 101 23 72
3.484676 152 101 23 72
3.486676 152 101 23 72
3.488676 152 101 23 72
3.490676 152 101 23 72
3.492676 152 101 23 72
3.494676 152 101 23 72
3.496676 152 101 23 72
3.498676 152 101 23 72
3.500676 152 101 23 72
3.502676 152 101 23 72
3.504676 152 101 23 72
3.506676 152 101 23 72
3.508676 152 101 23 72
3.510676 152 101 23 72
3.512676 152 101 23 72
3.514676 152 101 23 72
3.516676 152 101 23 72
3.518676 152 101 23 72
3.520676 153 101 23 73
3.522676 153 101 23 73
3.524676 153 101 23 73
3.526676 153 101 23 73
3.528676 153 101 23 73
3.530676 153 101 23 73
3.532676 153 101 23 73
3.534676 153 101 23 73
3.536676 153 101 23 73
3.538676 153 101 23 73
3.540676 153 101 23 73
3.542676 153 101 23 73
3.544676 153 101 23 73
3.546676 153 101 23 73
3.548676 153 101 23 73
3.550676 153 101 23 73
3.552676 153 101 23 73
3.554676 153 101 23 73
3.556676 153 101 23 73
3.558676 153 101 23 73
3.560676 153 101 22 73
3.562676 153 101 22 73
3.564676 153 101 22 73
3.566676 153 101 22 73
3.568676 153 101 22 73
3.570676 153 101 22 73
3.572676 153 101 22 73
3.574676 153 101 22 73
3.576676 153 101 22 73
3.578676 153 101 22 73
3.580676 153 101 22 73
3.582676 153 101 22 73
3.584676 153 101 22 73
3.586676 153 101 22 73
3.588676 153 101 22 73
3.590676 153 101 22 73
3.592676 153 101 22 73
3.594676 153 101 22 73
3.596676 153 101 22 73
3.598676 153 101 22 73
3.600676 154 100 22 73
3.602676 154 100 22 73
3.604676 154 100 22 73
3.606676 154 100 22 73
3.608676 154 100 22 73
3.610676 154 100 22 73
3.612676 154 100 22 73
3.614676 154 100 22 73
3.616676 154 100 22 73
3.618676 154 100 22 73
3.620676 154 100 22 73
3.622676 154 100 22 73
3.624676 154 100 22 73
3.626676 154 100 22 73
3.628676 154 100 22 73
3.630676 154 100 22 73
3.632676 154 100 22 73
3.634676 154 100 22 73
3.636676 154 100 22 73
3.638676 154 100 22 74
3.640676 154 100 22 74
3.642676 154 100 22 74
3.644676 154 100 22 74
3.646676 154 100 22 74
3.648676 154 100 22 74
3.650676 154 100 22 74
3.652676 154 100 22 74
3.654676 154 100 22 74
3.656676 154 100 22 74
3.658676 154 100 22 74
3.660676 154 100 22 74
3.662676 154 100 22 74
3.664676 154 100 22 74
3.666676 154 100 22 74
3.668676 154 100 22 74
3.670676 154 100 22 74
3.672676 154 100 22 74
3.674676 154 100 22 74
3.676676 154 100 22 74
3.678676 154 99 23 75
3.680676 154 99 23 75
3.682676 154 99 23 75
3.684676 154 99 23 75
3.686676 154 99 23 75
3.688676 154 99 23 75
3.690676 154 99 23 75
3.692676 154 99 23 75
3.694676 154 99 23 75
3.696676 154 99 23 75
3.698676 154 99 23 75
3.700676 154 99 23 75
3.702676 154 99 23 75
3.704676 154 99 23 75
3.706676 154 99 23 75
3.708676 154 99 23 75
3.710676 154 99 23 75
3.712676 154 99 23 75
3.714676 154 99 23 75
3.716676 155 99 23 75
3.718676 155 99 23 75
3.720676 155 99 23 75
3.722676 155 99 23 75
3.724676 155 99 23 75
3.726676 155 99 23 75
3.728676 155 99 23 75
3.730676 155 99 23 75
3.732676 155 99 23 75
3.734676 155 99 23 75
3.736676 155 99 23 75
3.738676 155 99 23 75
3.740676 155 99 23 75
3.742676 155 99 23 75
3.744676 155 99 23 75
3.746676 155 99 23 75
3.748676 155 99 23 75
3.750676 155 99 23 75
3.752676 155 99 23 75
3.754676 155 99 23 75
3.756676 156 99 23 76
3.758676 156 99 23 76
3.760676 156 99 23 76
3.762676 156 99 23 76
3.764676 156 99 23 76
3.766676 156 99 23 76
3.768676 156 99 23 76
3.770676 156 99 23 76
3.772676 156 99 23 76
3.774676 156 99 23 76
3.776676 156 99 23 76
3.778676 156 99 23 76
3.780676 156 99 23 76
3.782676 156 99 23 76
3.784676 156 99 23 76
3.786676 156 99 23 76
3.788676 156 99 23 76
3.790676 156 99 23 76
3.792676 156 99 23 76
3.794676 157 99 24 76
3.796676 157 99 24 76
3.798676 157 99 24 76
3.800676 157 99 24 76
3.802676 157 99 24 76
3.804676 157 99 24 76
3.806676 157 99 24 76
3.808676 157 99 24 76
3.810676 157 99 24 76
3.812676 157 99 24 76
3.814676 157 99 24 76
3.816676 157 99 24 76
3.818676 157 99 24 76
3.820676 157 99 24 76
3.822676 157 99 24 76
3.824676 157 99 24 76
3.826676 157 99 24 76
3.828676 157 99 24 76
3.830676 157 99 24 76
3.832676 157 99 24 76
3.834676 158 99 25 77
3.836676 158 99 25 77
3.838676 158 99 25 77
3.840676 158 99 25 77
3.842676 158 99 25 77
3.844676 158 99 25 77
3.846676 158 99 25 77
3.848676 158 99 25 77
3.850676 158 99 25 77
3.852676 158 99 25 77
3.854676 158 99 25 77
3.856676 158 99 25 77
3.858676 158 99 25 77
3.860676 159 99 25 77
3.862676 159 99 25 77
3.864676 159 99 25 77
3.866676 159 99 25 77
3.868676 159 99 25 77
3.870676 159 99 25 77
3.872676 159 99 25 77
3.874676 159 99 25 77
3.876676 159 99 25 77
3.878676 159 99 25 77
3.880676 159 99 25 77
3.882676 159 99 25 77
3.884676 159 99 25 77
3.886676 160 99 25 77
3.888676 160 99 25 77
3.890676 160 99 25 77
3.892676 160 99 25 77
3.894676 160 99 25 77
3.896676 160 99 25 77
3.898676 160 99 25 77
3.900676 160 99 25 77
3.902676 160 99 25 77
3.904676 160 99 25 77
3.906676 160 99 25 77
3.908676 160 99 25 77
3.910676 160 99 25 77
3.912676 161 98 26 78
3.914676 161 98 26 78
3.916676 161 98 26 78
3.918676 161 98 26 78
3.920676 161 98 26 78
3.922676 161 98 26 78
3.924676 161 98 26 78
3.926676 161 98 26 78
3.928676 161 98 26 78
3.930676 161 98 26 78
3.932676 161 98 26 78
3.934676 161 98 26 78
3.936676 161 98 26 78
3.938676 161 98 26 78
3.940676 161 98 26 78
3.942676 161 98 26 78
3.944676 161 98 26 78
3.946676 161 98 26 78
3.948676 161 98 26 78
3.950676 161 98 26 78
3.952676 161 98 27 78
3.954676 161 98 27 78
3.956676 161 98 27 78
3.958676 161 98 27 78
3.960676 161 98 27 78
3.962676 161 98 27 78
3.964676 161 98 27 78
3.966676 161 98 27 78
3.968676 161 98 27 78
3.970676 161 98 27 78
3.972676 161 98 27 78
3.974676 161 98 27 78
3.976676 161 98 27 78
3.978676 161 98 27 78
3.980676 161 98 27 78
3.982676 161 98 27 78
3.984676 161 98 27 78
3.986676 161 98 27 78
3.988676 161 98 27 78
3.990676 162 98 28 79
3.992676 162 98 28 79
3.994676 162 98 28 79
3.996676 162 98 28 79
3.998676 162 98 28 79
4.000676 162 98 28 79
4.002676 162 98 28 79
4.004676 162 98 28 79
4.006676 162 98 28 79
4.008676 162 98 28 79
4.010676 162 98 28 79
4.012676 162 98 28 79
4.014676 162 98 28 79
4.016676 162 98 28 80
4.018676 162 98 28 80
4.020676 162 98 28 80
4.022676 162 98 28 80
4.024676 162 98 28 80
4.026676 162 98 28 80
4.028676 162 98 28 80
4.030676 163 98 28 80
4.032676 163 98 28 80
4.034676 163 98 28 80
4.036676 163 98 28 80
4.038676 163 98 28 80
4.040676 163 98 28 80
4.042676 163 98 28 80
4.044676 163 98 28 81
4.046676 163 98 28 81
4.048676 163 98 28 81
4.050676 163 98 28 81
4.052676 163 98 28 81
4.054676 163 98 28 81
4.056676 163 98 28 81
4.058676 163 98 28 81
4.060676 163 98 28 81
4.062676 163 98 28 81
4.064676 163 98 28 81
4.066676 163 98 28 81
4.068676 163 98 28 81
4.070676 164 99 28 81
4.072676 164 99 28 81
4.074676 164 99 28 81
4.076676 164 99 28 81
4.078676 164 99 28 81
4.080676 164 99 28 81
4.082676 164 99 28 81
4.084676 164 99 28 81
4.086676 164 99 28 81
4.088676 164 99 28 81
4.090676 164 99 28 81
4.092676 164 99 28 81
4.094676 164 99 28 81
4.096676 164 99 28 81
4.098676 164 99 28 81
4.100676 164 99 28 81
4.102676 164 99 28 81
4.104676 164 99 28 81
4.106676 164 99 28 81
4.108676 165 99 28 81
4.110676 165 99 28 81
4.112676 165 99 28 81
4.114676 165 99 28 81
4.116676 165 99 28 81
4.118676 165 99 28 81
4.120676 165 99 28 81
4.122676 165 99 28 81
4.124676 165 99 28 81
4.126676 165 99 28 81
4.128676 165 99 28 81
4.130676 165 99 28 81
4.132676 165 99 28 81
4.134676 165 99 28 81
4.136676 165 99 28 81
4.138676 165 99 28 81
4.140676 165 99 28 81
4.142676 165 99 28 81
4.144676 165 99 28 81
4.146676 165 99 28 81
4.148676 166 98 28 81
4.150676 166 98 28 81
4.152676 166 98 28 81
4.154676 166 98 28 81
4.156676 166 98 28 81
4.158676 166 98 28 81
4.160676 166 98 28 81
4.162676 166 98 28 81
4.164676 166 98 28 81
4.166676 166 98 28 81
4.168676 166 98 28 81
4.170676 166 98 28 81
4.172676 166 98 28 81
4.174676 166 98 28 81
4.176676 166 98 28 81
4.178676 166 98 28 81
4.180676 166 98 28 81
4.182676 166 98 28 81
4.184676 166 98 28 81
4.186676 166 97 28 81
4.188676 166 97 28 81
4.190676 166 97 28 81
4.192676 166 97 28 81
4.194676 166 97 28 81
4.196676 166 97 28 81
4.198676 166 97 28 81
4.200676 166 97 28 81
4.202676 166 97 28 81
4.204676 166 97 28 81
4.206676 166 97 28 81
4.208676 166 97 28 81
4.210676 166 97 28 81
4.212676 166 97 28 81
4.214676 166 97 28 81
4.216676 166 97 28 81
4.218676 166 97 28 81
4.220676 166 97 28 81
4.222676 166 97 28 81
4.224676 166 97 28 81
4.226676 167 97 28 81
4.228676 167 97 28 81
4.230676 167 97 28 81
4.232676 167 97 28 81
4.234676 167 97 28 81
4.236676 167 97 28 81
4.238676 167 97 28 81
4.240676 167 97 28 81
4.242676 167 97 28 81
4.244676 167 97 28 81
4.246676 167 97 28 81
4.248676 167 97 28 81
4.250676 167 97 28 81
4.252676 168 97 28 81
4.254676 168 97 28 81
4.256676 168 97 28 81
4.258676 168 97 28 81
4.260676 168 97 28 81
4.262676 168 97 28 81
4.264676 168 97 28 81
4.266676 168 97 28 81
4.268676 168 97 28 81
4.270676 168 97 28 81
4.272676 168 97 28 81
4.274676 168 97 28 81
4.276676 168 97 28 81
4.278676 169 97 28 81
4.280676 169 97 28 81
4.282676 169 97 28 81
4.284676 169 97 28 81
4.286676 169 97 28 81
4.288676 169 97 28 81
4.290676 169 97 28 81
4.292676 169 97 28 81
4.294676 169 97 28 81
4.296676 169 97 28 81
4.298676 169 97 28 81
4.300676 169 97 28 81
4.302676 169 97 28 81
4.304676 170 97 27 81
4.306676 170 97 27 81
4.308676 170 97 27 81
4.310676 170 97 27 81
4.312676 170 97 27 81
4.314676 170 97 27 81
4.316676 170 97 27 81
4.318676 170 97 27 81
4.320676 171 97 27 81
4.322676 171 97 27 81
4.324676 171 97 27 81
4.326676 171 97 27 81
4.328676 171 97 27 81
4.330676 171 97 27 81
4.332676 171 97 27 81
4.334676 171 97 27 81
4.336676 172 97 27 81
4.338676 172 97 27 81
4.340676 172 97 27 81
4.342676 172 97 27 81
4.344676 172 96 27 82
4.346676 172 96 27 82
4.348676 172 96 27 82
4.350676 172 96 27 82
4.352676 173 96 27 82
4.354676 173 96 27 82
4.356676 173 96 27 82
4.358676 173 96 27 82
4.360676 173 96 27 82
4.362676 173 96 27 82
4.364676 173 96 27 82
4.366676 174 96 27 82
4.368676 174 96 27 82
4.370676 174 96 27 82
4.372676 174 96 27 82
4.374676 174 96 27 82
4.376676 174 96 27 82
4.378676 174 96 27 82
4.380676 174 96 27 82
4.382676 174 95 27 83
4.384676 174 95 27 83
4.386676 174 95 27 83
4.388676 174 95 27 83
4.390676 174 95 27 83
4.392676 174 95 27 83
4.394676 174 95 27 83
4.396676 174 95 27 84
4.398676 174 95 27 84
4.400676 174 95 27 84
4.402676 174 95 28 84
4.404676 174 95 28 84
4.406676 174 95 28 84
4.408676 174 95 28 85
4.410676 174 95 28 85
4.412676 174 95 28 85
4.414676 174 95 28 85
4.416676 174 95 28 85
4.418676 174 95 28 85
4.420676 174 95 28 85
4.422676 174 94 29 86
4.424676 174 94 29 86
4.426676 174 94 29 86
4.428676 174 94 29 86
4.430676 174 94 29 86
4.432676 174 94 29 86
4.434676 174 94 29 87
4.436676 174 94 29 87
4.438676 174 94 29 87
4.440676 174 94 29 87
4.442676 174 94 30 87
4.444676 174 94 30 87
4.446676 174 94 30 87
4.448676 174 94 30 88
4.450676 174 94 30 88
4.452676 174 94 30 88
4.454676 174 94 30 88
4.456676 174 94 30 88
4.458676 174 94 30 88
4.460676 174 94 30 88
4.462676 174 94 30 88
4.464676 174 94 30 88
4.466676 174 94 30 88
4.468676 174 94 30 88
4.470676 174 94 30 88
4.472676 174 94 30 88
4.474676 174 94 30 88
4.476676 174 95 30 88
4.478676 174 95 30 88
4.480676 175 95 30 87
4.482676 175 95 30 87
4.484676 175 95 30 87
4.486676 175 95 30 87
4.488676 175 95 30 87
4.490676 175 95 30 87
4.492676 175 96 30 87
4.494676 175 96 30 87
4.496676 175 96 30 87
4.498676 175 96 30 87
4.500676 176 96 29 86
4.502676 176 96 29 86
4.504676 176 96 29 86
4.506676 176 96 29 86
4.508676 176 97 29 86
4.510676 176 97 29 86
4.512676 176 97 29 86
4.514676 176 97 29 86
4.516676 176 97 29 86
4.518676 176 97 29 86
4.520676 177 97 29 85
4.522676 177 97 29 85
4.524676 177 98 29 85
4.526676 177 98 29 85
4.528676 177 98 29 85
4.530676 177 98 29 85
4.532676 177 98 29 85
4.534676 177 98 29 85
4.536676 177 98 29 85
4.538676 177 98 29 85
4.540676 178 98 29 85
4.542676 178 98 29 85
4.544676 178 98 29 85
4.546676 178 98 29 85
4.548676 178 98 29 85
4.550676 178 98 29 85
4.552676 178 98 29 85
4.554676 178 98 29 85
4.556676 178 98 29 85
4.558676 178 98 29 86
4.560676 178 98 29 86
4.562676 178 98 29 86
4.564676 178 98 29 86
4.566676 178 98 29 86
4.568676 178 98 29 86
4.570676 178 98 29 86
4.572676 178 98 29 86
4.574676 178 98 29 86
4.576676 178 98 29 86
4.578676 179 97 29 87
4.580676 179 97 29 87
4.582676 179 97 29 87
4.584676 179 97 29 87
4.586676 179 97 29 87
4.588676 179 97 29 87
4.590676 179 97 29 87
4.592676 179 97 29 87
4.594676 179 97 29 87
4.596676 179 97 29 87
4.598676 179 97 29 88
4.600676 179 97 29 88
4.602676 179 97 29 88
4.604676 179 97 29 88
4.606676 179 97 29 88
4.608676 179 97 29 88
4.610676 179 97 29 88
4.612676 179 97 29 88
4.614676 179 97 29 88
4.616676 179 97 29 88
4.618676 180 96 29 89
4.620676 180 96 29 89
4.622676 180 96 29 89
4.624676 180 96 29 89
4.626676 180 96 29 89
4.628676 180 96 29 89
4.630676 180 96 29 89
4.632676 180 96 29 89
4.634676 180 96 29 89
4.636676 180 96 29 89
4.638676 180 96 29 89
4.640676 180 96 29 89
4.642676 180 96 29 89
4.644676 180 96 30 89
4.646676 180 96 30 89
4.648676 180 96 30 89
4.650676 180 96 30 89
4.652676 180 96 30 89
4.654676 180 96 30 89
4.656676 180 95 30 90
4.658676 180 95 30 90
4.660676 180 95 30 90
4.662676 180 95 30 90
4.664676 180 95 30 90
4.666676 180 95 30 90
4.668676 180 95 30 90
4.670676 180 95 31 90
4.672676 180 95 31 90
4.674676 180 95 31 90
4.676676 180 95 31 90
4.678676 180 95 31 90
4.680676 180 95 31 90
4.682676 180 95 31 90
4.684676 180 95 31 90
4.686676 180 95 31 90
4.688676 180 95 31 90
4.690676 180 95 31 90
4.692676 180 95 31 90
4.694676 180 95 31 90
4.696676 180 95 32 91
4.698676 180 95 32 91
4.700676 180 95 32 91
4.702676 180 95 32 91
4.704676 180 95 32 91
4.706676 180 95 32 91
4.708676 180 95 32 91
4.710676 180 95 32 91
4.712676 180 95 32 91
4.714676 180 95 32 91
4.716676 180 95 32 91
4.718676 180 95 32 91
4.720676 180 95 32 91
4.722676 180 95 32 91
4.724676 180 95 32 91
4.726676 180 95 32 91
4.728676 180 95 32 91
4.730676 180 95 32 91
4.732676 180 95 32 91
4.734676 180 95 32 91
4.736676 181 95 32 91
4.738676 181 95 32 91
4.740676 181 95 32 91
4.742676 181 95 32 91
4.744676 181 95 32 91
4.746676 181 95 32 91
4.748676 181 95 32 91
4.750676 181 95 32 91
4.752676 181 95 32 91
4.754676 181 95 32 91
4.756676 181 95 32 91
4.758676 181 95 32 91
4.760676 181 95 32 91
4.762676 181 95 32 91
4.764676 181 95 32 91
4.766676 181 95 32 91
4.768676 181 95 32 91
4.770676 181 95 32 91
4.772676 181 95 32 91
4.774676 182 95 31 91
4.776676 182 95 31 91
4.778676 182 95 31 91
4.780676 182 95 31 91
4.782676 182 95 31 91
4.784676 182 95 31 91
4.786676 182 95 31 91
4.788676 182 95 31 91
4.790676 182 95 31 91
4.792676 182 95 31 91
4.794676 183 95 31 91
4.796676 183 95 31 91
4.798676 183 95 31 91
4.800676 183 95 30 91
4.802676 183 95 30 91
4.804676 183 95 30 91
4.806676 183 95 30 91
4.808676 183 95 30 91
4.810676 183 95 30 91
4.812676 183 95 30 91
4.814676 184 94 30 91
4.816676 184 94 30 91
4.818676 184 94 30 91
4.820676 184 94 30 91
4.822676 184 94 30 91
4.824676 184 94 30 91
4.826676 184 94 29 91
4.828676 184 94 29 91
4.830676 184 94 29 91
4.832676 184 94 29 91
4.834676 185 94 29 91
4.836676 185 94 29 91
4.838676 185 94 29 91
4.840676 185 94 29 91
4.842676 185 94 29 91
4.844676 185 94 29 91
4.846676 185 94 29 91
4.848676 185 94 29 91
4.850676 185 94 29 91
4.852676 186 94 29 92
4.854676 186 94 29 92
4.856676 186 94 29 92
4.858676 186 94 29 92
4.860676 186 94 29 92
4.862676 186 94 29 92
4.864676 186 94 29 92
4.866676 186 94 29 92
4.868676 186 94 29 92
4.870676 186 94 29 92
4.872676 187 94 29 92
4.874676 187 94 29 92
4.876676 187 94 29 92
4.878676 187 94 29 92
4.880676 187 94 29 92
4.882676 187 94 29 92
4.884676 187 94 29 92
4.886676 187 94 29 92
4.888676 187 94 29 92
4.890676 187 94 29 92
4.892676 188 94 29 92
4.894676 188 94 29 92
4.896676 188 94 29 92
4.898676 188 94 29 92
4.900676 188 94 29 92
4.902676 188 94 29 92
4.904676 188 94 29 92
4.906676 188 94 29 92
4.908676 188 94 29 92
4.910676 188 94 29 92
4.912676 189 94 29 92
4.914676 189 94 29 92
4.916676 189 94 29 92
4.918676 189 94 29 92
4.920676 189 94 29 92
4.922676 189 94 29 92
4.924676 189 94 29 92
4.926676 189 94 29 92
4.928676 189 94 29 92
4.930676 189 94 29 92
4.932676 190 93 30 93
4.934676 190 93 30 93
4.936676 190 93 30 93
4.938676 190 93 30 93
4.940676 190 93 30 93
4.942676 190 93 30 93
4.944676 190 93 30 93
4.946676 190 93 30 93
4.948676 190 93 30 93
4.950676 190 93 30 93
4.952676 190 93 30 93
4.954676 190 93 30 93
4.956676 190 93 30 93
4.958676 191 92 30 94
4.960676 191 92 30 94
4.962676 191 92 30 94
4.964676 191 92 30 94
4.966676 191 92 30 94
4.968676 191 92 30 94
4.970676 191 92 31 94
4.972676 191 92 31 94
4.974676 191 92 31 94
4.976676 191 92 31 94
4.978676 191 92 31 94
4.980676 191 92 31 94
4.982676 191 92 31 94
4.984676 192 91 31 95
4.986676 192 91 31 95
4.988676 192 91 31 95
4.990676 192 91 31 95
4.992676 192 91 31 95
4.994676 192 91 31 95
4.996676 192 91 31 95
4.998676 192 91 31 95
5.000676 192 91 31 95
5.002676 192 91 31 95
5.004676 192 91 31 95
5.006676 192 91 31 95
5.008676 192 91 31 95
5.010676 193 90 32 96
5.012676 193 90 32 96
5.014676 193 90 32 96
5.016676 193 90 32 96
5.018676 193 90 32 96
5.020676 193 90 32 96
5.022676 193 90 33 96
5.024676 193 90 33 96
5.026676 193 90 33 96
5.028676 193 90 33 96
5.030676 193 90 33 96
5.032676 193 90 33 96
5.034676 193 90 33 96
5.036676 193 90 34 97
5.038676 193 90 34 97
5.040676 193 90 34 97
5.042676 193 90 34 97
5.044676 193 90 34 97
5.046676 193 90 34 97
5.048676 193 90 35 97
5.050676 193 90 35 97
5.052676 193 90 35 97
5.054676 193 90 35 97
5.056676 193 90 35 97
5.058676 193 90 35 97
5.060676 193 90 35 97
5.062676 193 90 36 98
5.064676 193 90 36 98
5.066676 193 90 36 98
5.068676 193 90 36 98
5.070676 193 90 36 98
5.072676 193 90 36 98
5.074676 193 90 37 98
5.076676 193 90 37 98
5.078676 193 90 37 98
5.080676 193 90 37 98
5.082676 193 90 37 98
5.084676 193 90 37 98
5.086676 193 90 37 98
5.088676 193 90 37 99
5.090676 193 90 37 99
5.092676 193 90 37 99
5.094676 193 90 37 99
5.096676 193 90 37 99
5.098676 193 90 37 99
5.100676 193 90 37 99
5.102676 193 90 37 99
5.104676 193 90 37 99
5.106676 193 90 37 99
5.108676 193 90 37 99
5.110676 193 90 37 99
5.112676 193 90 37 99
5.114676 193 90 37 100
5.116676 193 90 37 100
5.118676 193 90 37 100
5.120676 193 90 37 100
5.122676 193 90 37 100
5.124676 193 90 37 100
5.126676 194 90 37 100
5.128676 194 90 37 100
5.130676 194 90 37 100
5.132676 194 90 37 100
5.134676 194 90 37 100
5.136676 194 90 37 100
5.138676 194 90 37 100
5.140676 194 90 37 101
5.142676 194 90 37 101
5.144676 194 90 37 101
5.146676 194 90 37 101
5.148676 194 90 37 101
5.150676 194 90 37 101
5.152676 194 90 37 101
5.154676 194 90 37 101
5.156676 194 90 37 101
5.158676 194 90 37 101
5.160676 194 90 37 101
5.162676 194 90 37 101
5.164676 194 90 37 101
5.166676 195 89 37 102
5.168676 195 89 37 102
5.170676 195 89 37 102
5.172676 195 89 37 102
5.174676 195 89 37 102
5.176676 195 89 37 102
5.178676 195 89 37 102
5.180676 195 89 37 102
5.182676 195 89 37 102
5.184676 195 89 37 102
5.186676 195 89 37 102
5.188676 195 89 37 102
5.190676 195 89 37 102
5.192676 195 89 37 102
5.194676 195 89 37 102
5.196676 195 89 37 102
5.198676 195 89 37 102
5.200676 195 89 37 102
5.202676 195 89 37 102
5.204676 195 89 37 102
5.206676 195 89 38 102
5.208676 195 89 38 102
5.210676 195 89 38 102
5.212676 195 89 38 102
5.214676 195 89 38 102
5.216676 195 89 38 102
5.218676 195 89 38 102
5.220676 195 89 38 102
5.222676 195 89 38 102
5.224676 195 89 38 102
5.226676 195 89 38 102
5.228676 195 89 38 102
5.230676 195 89 38 102
5.232676 195 89 38 102
5.234676 195 89 38 102
5.236676 195 89 38 102
5.238676 195 89 38 102
5.240676 195 89 38 102
5.242676 195 89 38 102
5.244676 195 89 38 102
5.246676 195 89 38 102
5.248676 195 89 38 102
5.250676 195 89 38 102
5.252676 195 89 38 102
5.254676 195 89 38 102
5.256676 195 89 38 102
5.258676 195 89 38 102
5.260676 195 89 38 102
5.262676 195 89 38 102
5.264676 195 89 38 102
5.266676 195 89 38 102
5.268676 195 89 38 102
5.270676 195 89 38 102
5.272676 195 89 38 102
5.274676 195 89 38 102
5.276676 195 89 38 102
5.278676 195 89 38 102
5.280676 195 89 38 102
5.282676 195 89 38 102
5.284676 196 89 37 102
5.286676 196 89 37 102
5.288676 196 89 37 102
5.290676 196 89 37 102
5.292676 196 89 37 102
5.294676 196 89 37 102
5.296676 196 89 37 102
5.298676 196 89 37 102
5.300676 196 89 37 102
5.302676 196 89 37 102
5.304676 196 89 37 102
5.306676 196 89 37 102
5.308676 196 89 37 102
5.310676 196 89 37 102
5.312676 196 89 37 102
5.314676 196 89 37 102
5.316676 196 89 37 102
5.318676 196 89 37 102
5.320676 196 89 37 102
5.322676 197 89 36 103
5.324676 197 89 36 103
5.326676 197 89 36 103
5.328676 197 89 36 103
5.330676 197 89 36 103
5.332676 198 89 36 103
5.334676 198 89 36 103
5.336676 198 89 36 103
5.338676 198 89 36 103
5.340676 198 89 36 103
5.342676 199 89 36 103
5.344676 199 89 36 103
5.346676 199 89 36 103
5.348676 199 89 36 103
5.350676 199 89 36 103
5.352676 200 89 36 103
5.354676 200 89 36 103
5.356676 200 89 36 103
5.358676 200 89 36 103
5.360676 200 89 36 103
5.362676 201 89 35 103
5.364676 201 89 35 103
5.366676 201 89 35 103
5.368676 201 89 35 103
5.370676 201 89 35 103
5.372676 202 89 35 103
5.374676 202 89 35 103
5.376676 202 89 35 103
5.378676 202 89 35 103
5.380676 202 89 35 103
5.382676 203 89 35 103
5.384676 203 89 35 103
5.386676 203 89 35 103
5.388676 203 89 35 103
5.390676 203 89 35 103
5.392676 204 89 35 103
5.394676 204 89 35 103
5.396676 204 89 35 103
5.398676 204 89 35 103
5.400676 204 89 35 103
5.402676 205 88 35 103
5.404676 205 88 35 103
5.406676 205 88 35 103
5.408676 205 88 35 103
5.410676 205 88 35 103
5.412676 205 88 35 103
5.414676 206 88 35 103
5.416676 206 88 35 103
5.418676 206 88 35 103
5.420676 206 88 35 104
5.422676 206 88 35 104
5.424676 206 88 35 104
5.426676 206 88 35 104
5.428676 207 87 35 104
5.430676 207 87 35 104
5.432676 207 87 35 104
5.434676 207 87 35 104
5.436676 207 87 35 104
5.438676 207 87 35 104
5.440676 208 87 36 105
5.442676 208 87 36 105
5.444676 208 87 36 105
5.446676 208 87 36 105
5.448676 208 87 36 105
5.450676 208 87 36 105
5.452676 208 87 36 105
5.454676 209 86 36 105
5.456676 209 86 36 105
5.458676 209 86 36 105
5.460676 209 86 36 106
5.462676 209 86 36 106
5.464676 209 86 36 106
5.466676 210 86 36 106
5.468676 210 86 36 106
5.470676 210 86 36 106
5.472676 210 86 36 106
5.474676 210 86 36 106
5.476676 210 86 36 106
5.478676 210 86 36 106
5.480676 211 86 37 107
5.482676 211 86 37 107
5.484676 211 86 37 107
5.486676 211 86 37 107
5.488676 211 86 37 107
5.490676 211 86 37 107
5.492676 211 86 37 107
5.494676 211 86 37 107
5.496676 211 86 37 107
5.498676 211 86 37 107
5.500676 211 86 37 107
5.502676 211 86 37 107
5.504676 211 86 37 107
5.506676 212 86 37 107
5.508676 212 86 37 107
5.510676 212 86 37 107
5.512676 212 86 37 107
5.514676 212 86 37 107
5.516676 212 86 37 107
5.518676 212 86 37 107
5.520676 212 86 37 107
5.522676 212 86 37 107
5.524676 212 86 37 107
5.526676 212 86 37 107
5.528676 212 86 37 107
5.530676 212 86 37 107
5.532676 213 86 37 107
5.534676 213 86 37 107
5.536676 213 86 37 107
5.538676 213 86 37 107
5.540676 213 86 37 107
5.542676 213 86 37 107
5.544676 213 86 37 107
5.546676 213 86 37 107
5.548676 213 86 37 107
5.550676 213 86 37 107
5.552676 213 86 37 107
5.554676 213 86 37 107
5.556676 213 86 37 107
5.558676 214 86 37 107
5.560676 214 86 37 107
5.562676 214 86 37 107
5.564676 214 86 37 107
5.566676 214 86 37 107
5.568676 214 86 37 107
5.570676 214 86 37 107
5.572676 214 86 37 107
5.574676 214 86 37 108
5.576676 214 86 37 108
5.578676 214 86 38 108
5.580676 214 86 38 108
5.582676 214 86 38 108
5.584676 215 86 38 108
5.586676 215 86 38 108
5.588676 215 86 38 108
5.590676 215 86 38 109
5.592676 215 86 38 109
5.594676 215 86 38 109
5.596676 215 86 38 109
5.598676 215 86 39 109
5.600676 215 86 39 109
5.602676 215 86 39 109
5.604676 215 86 39 110
5.606676 215 86 39 110
5.608676 215 86 39 110
5.610676 216 86 39 110
5.612676 216 86 39 110
5.614676 216 86 39 110
5.616676 216 86 40 110
5.618676 216 86 40 110
5.620676 216 86 40 111
5.622676 216 86 40 111
5.624676 216 86 40 111
5.626676 216 86 40 111
5.628676 216 86 40 111
5.630676 216 86 40 111
5.632676 216 86 40 111
5.634676 216 86 40 111
5.636676 217 86 41 112
5.638676 217 86 41 112
5.640676 217 86 41 112
5.642676 217 86 41 112
5.644676 217 86 41 112
5.646676 217 86 41 112
5.648676 217 86 41 112
5.650676 217 86 41 112
5.652676 217 86 42 112
5.654676 217 86 42 112
5.656676 217 86 42 112
5.658676 217 86 42 112
5.660676 217 86 42 112
5.662676 217 86 42 112
5.664676 217 86 42 112
5.666676 217 86 42 112
5.668676 217 86 43 112
5.670676 217 86 43 112
5.672676 217 86 43 112
5.674676 217 86 43 112
5.676676 217 86 43 112
5.678676 217 86 43 112
5.680676 217 86 43 112
5.682676 217 86 43 112
5.684676 217 86 44 112
5.686676 217 86 44 112
5.688676 217 86 44 112
5.690676 217 86 44 112
5.692676 217 86 44 112
5.694676 217 86 44 112
5.696676 217 86 44 112
5.698676 217 86 45 112
5.700676 217 86 45 112
5.702676 217 86 45 112
5.704676 217 86 45 112
5.706676 217 86 45 112
5.708676 217 86 45 112
5.710676 217 86 45 112
5.712676 217 86 45 112
5.714676 217 86 45 112
5.716676 217 86 45 112
5.718676 217 86 45 112
5.720676 217 86 45 112
5.722676 217 86 45 112
5.724676 217 86 45 112
5.726676 217 86 45 112
5.728676 217 86 45 112
5.730676 217 86 45 112
5.732676 217 86 45 112
5.734676 217 86 45 112
5.736676 217 86 45 112
5.738676 217 86 45 112
5.740676 218 86 45 113
5.742676 218 86 45 113
5.744676 218 86 45 113
5.746676 218 86 45 113
5.748676 218 86 45 113
5.750676 218 86 45 113
5.752676 218 86 45 113
5.754676 218 85 44 113
5.756676 218 85 44 113
5.758676 218 85 44 113
5.760676 218 85 44 113
5.762676 218 85 44 113
5.764676 218 85 44 113
5.766676 219 85 44 114
5.768676 219 85 44 114
5.770676 219 85 44 114
5.772676 219 85 44 114
5.774676 219 85 44 114
5.776676 219 85 44 114
5.778676 219 85 44 114
5.780676 219 85 44 114
5.782676 219 85 44 114
5.784676 219 85 44 114
5.786676 219 85 44 114
5.788676 219 85 44 114
5.790676 219 85 44 114
5.792676 220 84 44 115
5.794676 220 84 44 115
5.796676 220 84 44 115
5.798676 220 84 44 115
5.800676 220 84 44 115
5.802676 220 84 44 115
5.804676 220 84 44 115
5.806676 220 84 44 115
5.808676 220 84 44 115
5.810676 220 84 44 115
5.812676 220 84 44 115
5.814676 220 84 44 115
5.816676 220 84 44 115
5.818676 220 84 44 115
5.820676 221 83 44 115
5.822676 221 83 44 115
5.824676 221 83 44 115
5.826676 221 83 44 115
5.828676 221 83 44 115
5.830676 221 83 44 115
5.832676 221 83 44 116
5.834676 221 83 44 116
5.836676 221 83 44 116
5.838676 221 83 44 116
5.840676 221 83 44 116
5.842676 221 83 44 116
5.844676 221 83 44 116
5.846676 222 82 44 116
5.848676 222 82 44 116
5.850676 222 82 44 116
5.852676 222 82 44 116
5.854676 222 82 44 116
5.856676 222 82 44 116
5.858676 222 82 44 116
5.860676 222 82 44 116
5.862676 222 82 44 116
5.864676 222 82 44 116
5.866676 222 82 44 116
5.868676 222 82 44 116
5.870676 222 82 44 116
5.872676 223 82 44 117
5.874676 223 82 44 117
5.876676 223 82 44 117
5.878676 223 82 44 117
5.880676 223 82 44 117
5.882676 224 82 44 117
5.884676 224 82 44 117
5.886676 224 82 44 117
5.888676 224 82 44 117
5.890676 224 82 44 117
5.892676 224 82 44 117
5.894676 225 82 44 117
5.896676 225 82 44 117
5.898676 225 82 44 117
5.900676 225 82 44 117
5.902676 225 82 44 117
5.904676 226 82 44 117
5.906676 226 82 44 117
5.908676 226 82 44 117
5.910676 226 83 44 117
5.912676 226 83 44 117
5.914676 226 83 44 117
5.916676 227 83 44 117
5.918676 227 83 44 117
5.920676 227 83 44 117
5.922676 227 83 44 117
5.924676 227 83 44 117
5.926676 227 83 44 117
5.928676 228 83 44 117
5.930676 228 83 44 117
5.932676 228 83 44 117
5.934676 228 83 44 117
5.936676 228 83 44 117
5.938676 229 83 44 117
5.940676 229 83 44 117
5.942676 229 83 44 117
5.944676 229 83 44 117
5.946676 229 83 44 117
5.948676 229 83 44 117
5.950676 230 83 44 117
5.952676 230 83 44 117
5.954676 230 83 44 117
5.956676 230 83 44 117
5.958676 230 83 44 117
5.960676 231 83 44 117
5.962676 231 83 44 117
5.964676 231 83 44 117
5.966676 231 83 44 117
5.968676 231 83 44 117
5.970676 231 83 44 118
5.972676 232 83 44 118
5.974676 232 83 44 118
5.976676 232 82 44 118
5.978676 232 82 44 118
5.980676 232 82 44 118
5.982676 232 82 44 118
5.984676 233 82 44 118
5.986676 233 82 44 118
5.988676 233 82 44 119
5.990676 233 82 44 119
5.992676 233 82 44 119
5.994676 234 82 44 119
5.996676 234 82 44 119
5.998676 234 82 44 119
6.000676 234 82 44 119
6.002676 234 81 44 119
6.004676 234 81 44 119
6.006676 235 81 44 119
6.008676 235 81 44 120
6.010676 235 81 44 120
6.012676 235 81 44 120
6.014676 235 81 44 120
6.016676 236 81 44 120
6.018676 236 81 44 120
6.020676 236 81 44 120
6.022676 236 81 44 120
6.024676 236 81 44 120
6.026676 236 81 44 120
6.028676 237 81 45 121
6.030676 237 81 45 121
6.032676 237 81 45 121
6.034676 237 81 45 121
6.036676 237 81 45 121
6.038676 237 81 45 121
6.040676 237 81 45 121
6.042676 237 81 45 121
6.044676 237 81 45 121
6.046676 237 81 45 121
6.048676 237 81 46 121
6.050676 237 81 46 121
6.052676 237 81 46 121
6.054676 237 81 46 121
6.056676 237 81 46 121
6.058676 237 81 46 121
6.060676 237 81 46 121
6.062676 237 81 46 121
6.064676 237 81 46 121
6.066676 237 81 46 121
6.068676 238 81 47 122
6.070676 238 81 47 122
6.072676 238 81 47 122
6.074676 238 81 47 122
6.076676 238 81 47 122
6.078676 238 81 47 122
6.080676 238 81 47 122
6.082676 238 81 47 122
6.084676 238 81 47 122
6.086676 238 81 48 122
6.088676 238 81 48 122
6.090676 238 81 48 122
6.092676 238 81 48 122
6.094676 238 81 48 122
6.096676 238 81 48 122
6.098676 238 81 48 122
6.100676 238 81 48 122
6.102676 238 81 48 122
6.104676 238 81 48 122
6.106676 239 80 49 123
6.108676 239 80 49 123
6.110676 239 80 49 123
6.112676 239 80 49 123
6.114676 239 80 49 123
6.116676 239 80 50 123
6.118676 239 80 50 123
6.120676 239 80 50 123
6.122676 239 80 50 123
6.124676 239 80 50 123
6.126676 239 80 51 123
6.128676 239 80 51 123
6.130676 239 80 51 123
6.132676 239 80 51 123
6.134676 239 80 51 123
6.136676 239 80 52 123
6.138676 239 80 52 123
6.140676 239 80 52 123
6.142676 239 80 52 123
6.144676 239 80 52 123
6.146676 240 79 53 123
6.148676 240 79 53 123
6.150676 240 79 53 123
6.152676 240 79 53 123
6.154676 240 79 53 123
6.156676 240 79 54 123
6.158676 240 79 54 123
6.160676 240 79 54 123
6.162676 240 79 54 123
6.164676 240 79 54 123
6.166676 240 79 55 123
6.168676 240 79 55 123
6.170676 240 79 55 123
6.172676 240 79 55 123
6.174676 240 79 56 123
6.176676 240 79 56 123
6.178676 240 79 56 123
6.180676 240 79 56 123
6.182676 240 79 56 123
6.184676 241 79 57 124
6.186676 241 79 57 124
6.188676 241 79 57 124
6.190676 241 79 57 124
6.192676 241 79 57 124
6.194676 241 79 57 124
6.196676 241 79 57 124
6.198676 241 79 57 124
6.200676 241 79 57 124
6.202676 241 79 57 124
6.204676 241 79 57 124
6.206676 241 79 57 124
6.208676 241 79 57 124
6.210676 241 79 57 124
6.212676 241 79 57 124
6.214676 241 79 57 124
6.216676 241 79 57 124
6.218676 241 79 57 124
6.220676 241 79 57 124
6.222676 241 79 57 124
6.224676 241 79 58 125
6.226676 241 79 58 125
6.228676 241 79 58 125
6.230676 241 79 58 125
6.232676 241 79 58 125
6.234676 241 79 58 125
6.236676 241 79 58 125
6.238676 241 79 58 125
6.240676 241 79 58 125
6.242676 241 79 58 125
6.244676 241 79 58 125
6.246676 241 79 58 125
6.248676 241 79 58 125
6.250676 241 79 58 125
6.252676 241 79 58 125
6.254676 241 79 58 125
6.256676 241 79 58 125
6.258676 241 79 58 125
6.260676 241 79 58 125
6.262676 241 79 58 125
6.264676 242 78 58 125
6.266676 242 78 58 125
6.268676 242 78 58 125
6.270676 242 78 58 125
6.272676 242 78 58 125
6.274676 242 78 58 125
6.276676 242 78 58 125
6.278676 242 78 58 125
6.280676 242 78 58 125
6.282676 242 78 58 125
6.284676 242 78 58 125
6.286676 242 78 58 125
6.288676 242 78 58 125
6.290676 242 78 57 125
6.292676 242 78 57 125
6.294676 242 78 57 125
6.296676 242 78 57 125
6.298676 242 78 57 125
6.300676 242 78 57 125
6.302676 243 78 57 125
6.304676 243 78 57 125
6.306676 243 78 57 125
6.308676 243 78 57 125
6.310676 243 78 57 125
6.312676 243 78 57 125
6.314676 243 78 57 125
6.316676 243 78 56 125
6.318676 243 78 56 125
6.320676 243 78 56 125
6.322676 243 78 56 125
6.324676 243 78 56 125
6.326676 243 78 56 125
6.328676 243 78 56 125
6.330676 243 78 56 125
6.332676 243 78 56 125
6.334676 243 78 56 125
6.336676 243 78 56 125
6.338676 243 78 56 125
6.340676 243 78 56 125
6.342676 244 78 56 125
6.344676 244 78 56 125
6.346676 244 78 56 125
6.348676 244 78 56 125
6.350676 244 78 56 125
6.352676 244 78 56 125
6.354676 244 78 56 125
6.356676 244 78 56 125
6.358676 245 78 56 125
6.360676 245 78 56 125
6.362676 245 78 56 125
6.364676 245 78 56 125
6.366676 245 78 56 125
6.368676 245 78 56 125
6.370676 245 78 56 125
6.372676 246 78 56 125
6.374676 246 78 56 125
6.376676 246 78 56 125
6.378676 246 78 56 125
6.380676 246 78 57 125
6.382676 246 78 57 125
6.384676 246 78 57 125
6.386676 246 78 57 125
6.388676 247 78 57 125
6.390676 247 78 57 125
6.392676 247 78 57 125
6.394676 247 78 57 125
6.396676 247 78 57 125
6.398676 247 78 57 125
6.400676 247 78 57 125
6.402676 247 78 57 125
6.404676 248 78 57 125
6.406676 248 78 57 125
6.408676 248 78 57 125
6.410676 248 78 57 125
6.412676 248 78 57 125
6.414676 248 78 57 125
6.416676 248 78 57 125
6.418676 248 78 57 125
6.420676 249 77 57 126
6.422676 249 77 57 126
6.424676 249 77 57 126
6.426676 250 77 57 126
6.428676 250 77 57 126
6.430676 250 77 57 126
6.432676 251 77 57 126
6.434676 251 77 57 126
6.436676 252 77 57 126
6.438676 252 77 57 126
6.440676 252 77 57 126
6.442676 253 77 57 126
6.444676 253 77 57 126
6.446676 253 77 57 126
6.448676 254 77 57 126
6.450676 254 77 57 126
6.452676 254 77 57 126
6.454676 255 77 57 126
6.456676 255 77 57 126
6.458676 255 77 57 126
6.460676 256 77 56 127
6.462676 256 77 56 127
6.464676 257 77 56 127
6.466676 257 77 56 127
6.468676 257 77 56 127
6.470676 258 77 56 127
6.472676 258 77 56 127
6.474676 258 77 56 127
6.476676 259 77 56 127
6.478676 259 77 56 127
6.480676 259 77 56 127
6.482676 260 77 56 127
6.484676 260 77 56 127
6.486676 260 77 56 127
6.488676 261 77 56 127
6.490676 261 77 56 127
6.492676 262 77 56 127
6.494676 262 77 56 127
6.496676 262 77 56 127
6.498676 263 77 55 128
6.500676 263 77 55 128
6.502676 263 77 55 128
6.504676 264 77 55 128
6.506676 264 77 55 128
6.508676 264 77 54 128
6.510676 265 77 54 128
6.512676 265 77 54 128
6.514676 265 77 54 128
6.516676 266 77 54 128
6.518676 266 77 53 128
6.520676 266 77 53 128
6.522676 267 77 53 128
6.524676 267 77 53 128
6.526676 267 77 53 128
6.528676 268 77 52 128
6.530676 268 77 52 128
6.532676 268 77 52 128
6.534676 269 77 52 128
6.536676 269 77 52 128
6.538676 269 77 51 129
6.540676 270 77 51 129
6.542676 270 77 51 129
6.544676 270 77 51 129
6.546676 271 77 51 129
6.548676 271 77 50 129
6.550676 271 77 50 129
6.552676 272 77 50 129
6.554676 272 77 50 129
6.556676 272 77 49 129
6.558676 273 77 49 129
6.560676 273 77 49 129
6.562676 273 77 49 129
6.564676 274 77 49 129
6.566676 274 77 48 129
6.568676 274 77 48 129
6.570676 275 77 48 129
6.572676 275 77 48 129
6.574676 275 77 48 129
6.576676 276 77 48 130
6.578676 276 77 48 130
6.580676 276 77 48 130
6.582676 276 77 48 130
6.584676 276 77 48 130
6.586676 276 77 49 130
6.588676 276 77 49 130
6.590676 276 77 49 130
6.592676 276 77 49 130
6.594676 276 77 50 130
6.596676 276 77 50 130
6.598676 276 77 50 130
6.600676 276 77 50 130
6.602676 277 77 51 130
6.604676 277 77 51 130
6.606676 277 77 51 130
6.608676 277 77 51 130
6.610676 277 77 51 130
6.612676 277 77 52 130
6.614676 277 77 52 130
6.616676 277 77 52 131
6.618676 277 77 52 131
6.620676 277 77 53 131
6.622676 277 77 53 131
6.624676 277 77 53 131
6.626676 277 77 53 131
6.628676 278 77 54 131
6.630676 278 77 54 131
6.632676 278 77 54 131
6.634676 278 77 54 131
6.636676 278 77 54 131
6.638676 278 77 55 131
6.640676 278 77 55 131
6.642676 278 77 55 131
6.644676 278 77 55 131
6.646676 278 77 56 131
6.648676 278 77 56 131
6.650676 278 77 56 131
6.652676 278 77 56 131
6.654676 279 77 57 132
6.656676 279 77 57 132
6.658676 279 77 57 132
6.660676 279 77 57 132
6.662676 279 77 57 132
6.664676 279 77 57 132
6.666676 279 77 57 132
6.668676 279 77 58 132
6.670676 279 77 58 132
6.672676 279 77 58 132
6.674676 279 77 58 132
6.676676 279 77 58 132
6.678676 279 77 58 132
6.680676 279 77 58 132
6.682676 279 77 59 132
6.684676 279 77 59 132
6.686676 279 77 59 132
6.688676 279 77 59 132
6.690676 279 77 59 132
6.692676 279 77 59 132
6.694676 279 77 60 133
6.696676 279 77 60 133
6.698676 279 77 60 133
6.700676 279 77 60 133
6.702676 279 77 60 133
6.704676 279 77 60 133
6.706676 279 77 60 133
6.708676 279 77 61 133
6.710676 279 77 61 133
6.712676 279 77 61 133
6.714676 279 77 61 133
6.716676 279 77 61 133
6.718676 279 77 61 133
6.720676 279 77 62 133
6.722676 279 77 62 133
6.724676 279 77 62 133
6.726676 279 77 62 133
6.728676 279 77 62 133
6.730676 279 77 62 133
6.732676 279 77 62 133
6.734676 278 77 63 133
6.736676 278 77 63 133
6.738676 278 77 63 133
6.740676 278 77 63 133
6.742676 278 77 63 133
6.744676 278 77 63 133
6.746676 278 77 63 133
6.748676 278 77 64 133
6.750676 278 77 64 133
6.752676 278 77 64 133
6.754676 278 77 64 133
6.756676 278 77 64 133
6.758676 278 77 64 133
6.760676 278 77 64 133
6.762676 278 77 64 133
6.764676 278 77 65 133
6.766676 278 77 65 133
6.768676 278 77 65 133
6.770676 278 77 65 133
6.772676 278 78 65 132
6.774676 278 78 65 132
6.776676 278 78 65 132
6.778676 278 78 65 132
6.780676 278 78 66 132
6.782676 278 78 66 132
6.784676 278 78 66 132
6.786676 278 78 66 132
6.788676 278 78 66 132
6.790676 278 78 66 132
6.792676 278 78 66 132
6.794676 278 78 66 132
6.796676 278 78 67 132
6.798676 278 78 67 132
6.800676 278 78 67 132
6.802676 278 78 67 132
6.804676 278 78 67 132
6.806676 278 78 67 132
6.808676 278 78 67 132
6.810676 278 78 67 132
