0.009676 303 64 43 163
0.011676 302 64 43 162
0.013676 302 64 43 162
0.015676 302 64 43 162
0.017676 301 64 43 162
0.019676 301 64 44 162
0.021676 301 64 44 162
0.023676 301 64 44 162
0.025676 300 64 44 162
0.027676 300 64 44 162
0.029676 300 64 45 161
0.031676 299 64 45 161
0.033676 299 64 45 161
0.035676 299 64 45 161
0.037676 299 64 46 161
0.039676 298 64 46 161
0.041676 298 64 46 161
0.043676 298 64 46 161
0.045676 298 64 46 161
0.047676 297 64 47 160
0.049676 297 64 47 160
0.051676 297 64 47 160
0.053676 296 64 47 160
0.055676 296 64 48 160
0.057676 296 64 48 160
0.059676 296 64 48 160
0.061676 295 64 48 160
0.063676 295 64 48 160
0.065676 295 64 49 159
0.067676 295 64 49 159
0.069676 294 64 49 159
0.071676 294 64 49 159
0.073676 294 64 50 159
0.075676 293 64 50 159
0.077676 293 64 50 159
0.079676 293 64 50 159
0.081676 293 64 50 159
0.083676 292 65 51 159
0.085676 292 65 51 159
0.087676 292 65 51 159
0.089676 292 65 51 159
0.091676 291 65 51 159
0.093676 291 65 51 159
0.095676 291 65 51 159
0.097676 290 65 51 159
0.099676 290 65 51 159
0.101676 290 65 51 159
0.103676 290 65 51 159
0.105676 289 65 51 159
0.107676 289 65 52 159
0.109676 289 65 52 159
0.111676 289 65 52 159
0.113676 288 65 52 159
0.115676 288 65 52 159
0.117676 288 65 52 159
0.119676 287 65 52 159
0.121676 287 65 52 159
0.123676 287 65 52 159
0.125676 287 65 52 159
0.127676 286 65 52 159
0.129676 286 65 52 159
0.131676 286 65 53 159
0.133676 286 65 53 159
0.135676 285 65 53 159
0.137676 285 65 53 159
0.139676 285 65 53 159
0.141676 284 65 53 159
0.143676 284 65 53 159
0.145676 284 65 53 159
0.147676 284 65 53 159
0.149676 283 65 53 159
0.151676 283 65 53 159
0.153676 283 65 53 159
0.155676 282 65 54 159
0.157676 282 65 54 159
0.159676 281 65 54 159
0.161676 281 65 55 159
0.163676 280 65 55 159
0.165676 280 65 55 159
0.167676 279 65 55 159
0.169676 279 65 56 158
0.171676 278 65 56 158
0.173676 278 65 56 158
0.175676 277 66 57 158
0.177676 276 66 57 158
0.179676 276 66 57 158
0.181676 275 66 58 157
0.183676 275 66 58 157
0.185676 274 66 58 157
0.187676 274 66 59 157
0.189676 273 66 59 157
0.191676 273 66 59 157
0.193676 272 67 60 156
0.195676 272 67 60 156
0.197676 271 67 60 156
0.199676 270 67 61 156
0.201676 270 67 61 156
0.203676 269 67 61 156
0.205676 269 67 62 155
0.207676 268 67 62 155
0.209676 268 67 62 155
0.211676 267 68 63 155
0.213676 267 68 63 155
0.215676 266 68 63 155
0.217676 265 68 64 154
0.219676 265 68 64 154
0.221676 264 68 64 154
0.223676 264 68 65 154
0.225676 263 68 65 154
0.227676 263 68 65 154
0.229676 262 69 66 153
0.231676 262 69 66 153
0.233676 262 69 66 153
0.235676 261 69 66 153
0.237676 261 69 67 153
0.239676 261 69 67 153
0.241676 261 69 67 153
0.243676 260 69 67 153
0.245676 260 69 68 153
0.247676 260 69 68 153
0.249676 259 69 68 153
0.251676 259 69 68 153
0.253676 259 69 69 153
0.255676 258 69 69 153
0.257676 258 69 69 153
0.259676 258 69 69 153
0.261676 258 69 70 153
0.263676 257 69 70 153
0.265676 257 69 70 152
0.267676 257 69 70 152
0.269676 256 69 71 152
0.271676 256 69 71 152
0.273676 256 69 71 152
0.275676 255 69 71 152
0.277676 255 69 72 152
0.279676 255 69 72 152
0.281676 254 69 72 152
0.283676 254 69 72 152
0.285676 254 69 73 152
0.287676 254 69 73 152
0.289676 253 69 73 152
0.291676 253 69 73 152
0.293676 253 69 74 152
0.295676 252 69 74 152
0.297676 252 69 74 152
0.299676 252 69 74 152
0.301676 251 69 75 152
0.303676 251 69 75 152
0.305676 251 69 75 152
0.307676 251 69 75 152
0.309676 251 69 75 152
0.311676 251 69 75 152
0.313676 251 69 75 153
0.315676 251 69 75 153
0.317676 250 69 75 153
0.319676 250 69 75 153
0.321676 250 69 75 153
0.323676 250 69 75 153
0.325676 250 69 75 153
0.327676 250 68 75 154
0.329676 250 68 75 154
0.331676 249 68 75 154
0.333676 249 68 75 154
0.335676 249 68 75 154
0.337676 249 68 75 154
0.339676 249 68 75 155
0.341676 249 68 75 155
0.343676 249 68 75 155
0.345676 248 68 75 155
0.347676 248 68 75 155
0.349676 248 68 75 155
0.351676 248 67 75 156
0.353676 248 67 75 156
0.355676 248 67 75 156
0.357676 248 67 75 156
0.359676 248 67 75 156
0.361676 247 67 75 156
0.363676 247 67 75 157
0.365676 247 67 75 157
0.367676 247 67 75 157
0.369676 247 67 75 157
0.371676 247 67 75 157
0.373676 247 67 75 157
0.375676 246 66 76 157
0.377676 246 66 76 157
0.379676 246 66 76 157
0.381676 246 66 76 157
0.383676 246 66 76 157
0.385676 246 66 76 157
0.387676 246 66 76 157
0.389676 246 66 76 157
0.391676 246 66 76 157
0.393676 246 66 76 157
0.395676 246 66 76 157
0.397676 246 66 76 157
0.399676 245 66 76 157
0.401676 245 66 76 157
0.403676 245 66 76 157
0.405676 245 66 76 157
0.407676 245 66 76 157
0.409676 245 66 76 157
0.411676 245 66 76 157
0.413676 245 66 76 157
0.415676 245 66 76 157
0.417676 245 66 76 157
0.419676 245 66 76 157
0.421676 245 66 76 157
0.423676 244 66 76 157
0.425676 244 66 76 157
0.427676 244 66 76 157
0.429676 244 66 76 157
0.431676 244 66 76 157
0.433676 244 66 76 157
0.435676 244 66 76 157
0.437676 244 66 76 157
0.439676 244 66 76 157
0.441676 244 66 76 157
0.443676 244 66 76 157
0.445676 244 66 76 157
0.447676 244 65 75 156
0.449676 244 65 75 156
0.451676 244 65 75 156
0.453676 244 65 74 156
0.455676 244 65 74 156
0.457676 244 65 74 156
0.459676 244 65 73 156
0.461676 244 65 73 156
0.463676 244 65 73 155
0.465676 244 65 72 155
0.467676 244 65 72 155
0.469676 244 65 72 155
0.471676 244 65 72 155
0.473676 245 65 71 155
0.475676 245 65 71 155
0.477676 245 65 71 154
0.479676 245 65 70 154
0.481676 245 65 70 154
0.483676 245 65 70 154
0.485676 245 65 69 154
0.487676 245 65 69 154
0.489676 245 65 69 154
0.491676 245 65 68 153
0.493676 245 65 68 153
0.495676 245 65 68 153
0.497676 246 65 67 153
0.499676 246 65 67 153
0.501676 246 65 67 153
0.503676 246 65 66 153
0.505676 246 65 66 153
0.507676 246 65 66 152
0.509676 246 65 65 152
0.511676 246 65 65 152
0.513676 246 65 65 152
0.515676 246 65 64 152
0.517676 246 65 64 152
0.519676 246 65 64 152
0.521676 246 65 63 151
0.523676 246 65 63 151
0.525676 246 65 62 151
0.527676 246 65 61 151
0.529676 246 65 61 151
0.531676 246 65 60 151
0.533676 246 65 60 151
0.535676 246 65 59 151
0.537676 246 65 59 151
0.539676 246 65 58 150
0.541676 246 65 57 150
0.543676 246 65 57 150
0.545676 245 65 56 150
0.547676 245 65 56 150
0.549676 245 65 55 150
0.551676 245 65 54 150
0.553676 245 65 54 150
0.555676 245 65 53 150
0.557676 245 65 53 149
0.559676 245 65 52 149
0.561676 245 65 52 149
0.563676 245 65 51 149
0.565676 245 65 50 149
0.567676 245 65 50 149
0.569676 244 65 49 149
0.571676 244 65 49 149
0.573676 244 65 48 149
0.575676 244 65 48 148
0.577676 244 65 47 148
0.579676 244 65 46 148
0.581676 244 65 46 148
0.583676 244 65 45 148
0.585676 244 65 45 148
0.587676 244 65 44 148
0.589676 244 65 44 148
0.591676 244 65 43 148
0.593676 243 65 43 147
0.595676 243 65 43 147
0.597676 243 65 43 147
0.599676 242 65 43 147
0.601676 242 65 43 147
0.603676 242 65 43 147
0.605676 241 65 44 147
0.607676 241 65 44 147
0.609676 241 65 44 146
0.611676 240 65 44 146
0.613676 240 65 44 146
0.615676 240 65 44 146
0.617676 239 66 45 146
0.619676 239 66 45 146
0.621676 238 66 45 146
0.623676 238 66 45 145
0.625676 238 66 45 145
0.627676 237 66 45 145
0.629676 237 66 45 145
0.631676 237 66 46 145
0.633676 236 66 46 145
0.635676 236 66 46 145
0.637676 236 66 46 144
0.639676 235 66 46 144
0.641676 235 66 46 144
0.643676 235 67 47 144
0.645676 234 67 47 144
0.647676 234 67 47 144
0.649676 233 67 47 144
0.651676 233 67 47 144
0.653676 233 67 47 143
0.655676 232 67 48 143
0.657676 232 67 48 143
0.659676 232 67 48 143
0.661676 231 67 48 143
0.663676 231 67 48 143
0.665676 231 67 48 143
0.667676 230 68 49 143
0.669676 230 68 49 143
0.671676 230 68 49 143
0.673676 230 68 49 143
0.675676 230 68 49 143
0.677676 229 68 49 143
0.679676 229 68 49 143
0.681676 229 68 49 143
0.683676 229 68 49 143
0.685676 229 68 50 143
0.687676 228 68 50 143
0.689676 228 68 50 143
0.691676 228 68 50 143
0.693676 228 68 50 143
0.695676 228 68 50 143
0.697676 227 68 50 143
0.699676 227 68 50 143
0.701676 227 68 50 143
0.703676 227 69 51 144
0.705676 227 69 51 144
0.707676 227 69 51 144
0.709676 226 69 51 144
0.711676 226 69 51 144
0.713676 226 69 51 144
0.715676 226 69 51 144
0.717676 226 69 51 144
0.719676 225 69 51 144
0.721676 225 69 52 144
0.723676 225 69 52 144
0.725676 225 69 52 144
0.727676 225 69 52 144
0.729676 224 69 52 144
0.731676 224 69 52 144
0.733676 224 69 52 144
0.735676 224 69 52 144
0.737676 224 69 52 144
0.739676 223 70 53 145
0.741676 223 70 53 145
0.743676 223 70 53 145
0.745676 222 70 53 145
0.747676 222 70 53 145
0.749676 222 70 54 145
0.751676 221 70 54 145
0.753676 221 70 54 145
0.755676 221 70 54 145
0.757676 220 70 54 145
0.759676 220 70 54 145
0.761676 220 70 55 145
0.763676 219 70 55 145
0.765676 219 70 55 145
0.767676 219 70 55 145
0.769676 218 70 55 145
0.771676 218 70 56 145
0.773676 218 70 56 145
0.775676 218 70 56 145
0.777676 217 70 56 146
0.779676 217 70 56 146
0.781676 217 70 57 146
0.783676 216 70 57 146
0.785676 216 70 57 146
0.787676 216 70 57 146
0.789676 215 70 57 146
0.791676 215 70 58 146
0.793676 215 70 58 146
0.795676 214 70 58 146
0.797676 214 70 58 146
0.799676 214 70 58 146
0.801676 213 70 58 146
0.803676 213 70 59 146
0.805676 213 70 59 146
0.807676 212 70 59 146
0.809676 212 70 59 146
0.811676 212 70 59 146
0.813676 211 71 60 146
0.815676 211 71 60 146
0.817676 211 71 60 146
0.819676 211 71 60 146
0.821676 211 71 60 146
0.823676 211 71 60 146
0.825676 211 71 60 146
0.827676 211 71 60 146
0.829676 211 71 60 146
0.831676 211 71 60 146
0.833676 211 71 60 146
0.835676 211 71 60 146
0.837676 210 71 60 146
0.839676 210 71 60 146
0.841676 210 71 60 146
0.843676 210 71 60 146
0.845676 210 71 60 146
0.847676 210 71 60 146
0.849676 210 71 60 145
0.851676 210 71 60 145
0.853676 210 71 60 145
0.855676 210 71 60 145
0.857676 210 71 60 145
0.859676 210 71 60 145
0.861676 209 71 60 145
0.863676 209 71 60 145
0.865676 209 71 60 145
0.867676 209 71 60 145
0.869676 209 71 60 145
0.871676 209 71 60 145
0.873676 209 71 60 145
0.875676 209 71 60 145
0.877676 209 71 60 145
0.879676 209 71 60 145
0.881676 209 71 60 145
0.883676 209 71 60 145
0.885676 208 71 60 145
0.887676 208 71 60 145
0.889676 208 71 60 145
0.891676 208 71 60 145
0.893676 208 71 60 145
0.895676 207 71 60 145
0.897676 207 71 60 145
0.899676 207 71 60 145
0.901676 207 71 61 145
0.903676 206 71 61 145
0.905676 206 71 61 145
0.907676 206 71 61 145
0.909676 206 71 61 145
0.911676 206 71 61 145
0.913676 205 71 61 145
0.915676 205 71 62 145
0.917676 205 71 62 145
0.919676 205 71 62 145
0.921676 204 71 62 146
0.923676 204 71 62 146
0.925676 204 71 62 146
0.927676 204 71 62 146
0.929676 204 71 63 146
0.931676 203 71 63 146
0.933676 203 71 63 146
0.935676 203 71 63 146
0.937676 203 71 63 146
0.939676 203 71 63 146
0.941676 202 71 63 146
0.943676 202 71 64 146
0.945676 202 71 64 146
0.947676 202 71 64 146
0.949676 201 71 64 146
0.951676 201 71 64 146
0.953676 201 71 64 146
0.955676 201 71 64 146
0.957676 201 71 64 146
0.959676 201 71 64 146
0.961676 201 71 64 146
0.963676 201 71 64 146
0.965676 201 71 64 146
0.967676 201 71 63 145
0.969676 201 71 63 145
0.971676 201 71 63 145
0.973676 201 71 63 145
0.975676 201 71 63 145
0.977676 201 71 62 144
0.979676 201 71 62 144
0.981676 201 71 62 144
0.983676 201 71 62 144
0.985676 201 71 61 143
0.987676 201 71 61 143
0.989676 201 71 61 143
0.991676 201 71 61 143
0.993676 201 71 61 143
0.995676 201 71 60 142
0.997676 201 71 60 142
0.999676 201 71 60 142
1.001676 201 71 60 142
1.003676 201 71 60 142
1.005676 201 71 59 141
1.007676 201 71 59 141
1.009676 201 71 59 141
1.011676 201 71 59 141
1.013676 201 71 58 140
1.015676 201 71 58 140
1.017676 201 71 58 140
1.019676 201 71 58 140
1.021676 201 71 58 140
1.023676 201 71 57 139
1.025676 201 71 57 139
1.027676 201 71 57 139
1.029676 201 71 57 139
1.031676 201 71 56 138
1.033676 201 71 56 138
1.035676 201 71 56 138
1.037676 201 71 56 138
1.039676 201 71 56 137
1.041676 201 71 55 137
1.043676 201 71 55 137
1.045676 201 71 55 137
1.047676 201 71 55 136
1.049676 200 71 55 136
1.051676 200 71 55 136
1.053676 200 71 54 136
1.055676 200 71 54 135
1.057676 200 71 54 135
1.059676 200 71 54 135
1.061676 200 71 54 135
1.063676 200 71 53 134
1.065676 200 71 53 134
1.067676 199 71 53 134
1.069676 199 71 53 134
1.071676 199 71 53 133
1.073676 199 71 52 133
1.075676 199 71 52 133
1.077676 199 71 52 133
1.079676 199 71 52 133
1.081676 199 71 52 132
1.083676 199 71 51 132
1.085676 199 71 51 132
1.087676 198 71 51 132
1.089676 198 71 51 131
1.091676 198 71 51 131
1.093676 198 71 50 131
1.095676 198 71 50 131
1.097676 198 71 50 130
1.099676 198 71 50 130
1.101676 198 71 50 130
1.103676 198 71 50 130
1.105676 197 71 49 130
1.107676 197 71 49 130
1.109676 197 71 49 130
1.111676 197 71 49 130
1.113676 197 71 49 130
1.115676 197 71 49 130
1.117676 197 71 49 130
1.119676 197 71 49 130
1.121676 197 71 49 130
1.123676 197 71 48 130
1.125676 197 71 48 130
1.127676 197 71 48 130
1.129676 196 71 48 130
1.131676 196 71 48 130
1.133676 196 71 48 130
1.135676 196 71 48 130
1.137676 196 71 48 130
1.139676 196 71 48 130
1.141676 196 71 47 131
1.143676 196 71 47 131
1.145676 196 71 47 131
1.147676 196 71 47 131
1.149676 196 71 47 131
1.151676 196 71 47 131
1.153676 195 71 47 131
1.155676 195 71 47 131
1.157676 195 71 47 131
1.159676 195 71 46 131
1.161676 195 71 46 131
1.163676 195 71 46 131
1.165676 195 71 46 131
1.167676 195 71 46 131
1.169676 195 71 46 131
1.171676 195 71 46 131
1.173676 195 71 46 131
1.175676 195 71 46 131
1.177676 194 71 45 131
1.179676 194 71 45 131
1.181676 194 71 45 131
1.183676 194 71 45 131
1.185676 194 71 45 131
1.187676 194 71 45 131
1.189676 194 71 45 131
1.191676 194 71 45 131
1.193676 194 71 45 131
1.195676 194 71 44 131
1.197676 194 71 44 131
1.199676 194 71 44 131
1.201676 193 71 44 130
1.203676 193 71 44 130
1.205676 193 71 44 130
1.207676 193 71 44 130
1.209676 193 71 44 130
1.211676 193 71 44 130
1.213676 193 71 43 130
1.215676 193 71 43 130
1.217676 193 71 43 130
1.219676 193 71 43 130
1.221676 193 71 43 130
1.223676 193 71 43 130
1.225676 192 71 43 129
1.227676 192 71 43 129
1.229676 192 71 43 129
1.231676 192 71 43 129
1.233676 192 71 42 129
1.235676 192 71 42 129
1.237676 192 71 42 129
1.239676 192 71 42 129
1.241676 192 71 42 129
1.243676 192 71 42 129
1.245676 192 71 42 129
1.247676 192 71 42 129
1.249676 192 71 42 129
1.251676 191 72 42 128
1.253676 191 72 42 128
1.255676 191 72 42 128
1.257676 191 72 42 128
1.259676 190 72 42 128
1.261676 190 72 42 128
1.263676 190 72 43 128
1.265676 190 72 43 127
1.267676 189 72 43 127
1.269676 189 73 43 127
1.271676 189 73 43 127
1.273676 189 73 43 127
1.275676 188 73 44 127
1.277676 188 73 44 127
1.279676 188 73 44 126
1.281676 188 73 44 126
1.283676 187 73 44 126
1.285676 187 73 44 126
1.287676 187 74 45 126
1.289676 187 74 45 126
1.291676 186 74 45 126
1.293676 186 74 45 126
1.295676 186 74 45 125
1.297676 186 74 45 125
1.299676 185 74 46 125
1.301676 185 74 46 125
1.303676 185 74 46 125
1.305676 185 75 46 125
1.307676 184 75 46 125
1.309676 184 75 46 124
1.311676 184 75 47 124
1.313676 184 75 47 124
1.315676 183 75 47 124
1.317676 183 75 47 124
1.319676 183 75 47 124
1.321676 183 75 47 124
1.323676 182 76 48 124
1.325676 182 76 48 124
1.327676 182 76 48 124
1.329676 182 76 48 124
1.331676 181 76 48 124
1.333676 181 76 48 124
1.335676 181 76 48 124
1.337676 180 76 49 124
1.339676 180 76 49 124
1.341676 180 76 49 124
1.343676 180 76 49 124
1.345676 179 76 49 124
1.347676 179 76 49 124
1.349676 179 76 49 124
1.351676 179 76 49 124
1.353676 178 76 50 124
1.355676 178 76 50 124
1.357676 178 76 50 124
1.359676 177 76 50 125
1.361676 177 76 50 125
1.363676 177 76 50 125
1.365676 177 76 50 125
1.367676 176 76 51 125
1.369676 176 76 51 125
1.371676 176 76 51 125
1.373676 176 76 51 125
1.375676 175 76 51 125
1.377676 175 76 51 125
1.379676 175 76 51 125
1.381676 174 76 52 125
1.383676 174 76 52 125
1.385676 174 76 52 125
1.387676 174 76 52 125
1.389676 173 76 52 125
1.391676 173 76 52 125
1.393676 173 76 52 125
1.395676 173 76 52 125
1.397676 172 76 52 125
1.399676 172 76 52 125
1.401676 172 76 52 125
1.403676 172 76 52 125
1.405676 172 76 52 125
1.407676 172 76 52 125
1.409676 172 76 52 125
1.411676 172 76 52 125
1.413676 172 76 52 125
1.415676 172 76 52 125
1.417676 172 76 52 125
1.419676 172 76 52 125
1.421676 172 76 52 125
1.423676 172 76 52 125
1.425676 172 76 52 125
1.427676 172 76 52 125
1.429676 172 76 52 125
1.431676 172 76 52 125
1.433676 172 76 52 125
1.435676 172 76 52 125
1.437676 172 76 52 125
1.439676 172 76 52 125
1.441676 172 76 52 125
1.443676 172 76 52 125
1.445676 172 76 52 125
1.447676 172 76 52 125
1.449676 172 76 52 125
1.451676 172 76 52 125
1.453676 172 76 52 125
1.455676 172 76 52 125
1.457676 172 76 52 125
1.459676 172 76 52 125
1.461676 172 76 52 125
1.463676 172 76 52 125
1.465676 172 76 52 125
1.467676 172 76 52 125
1.469676 171 76 52 125
1.471676 171 76 52 125
1.473676 171 76 52 125
1.475676 171 76 52 125
1.477676 171 76 52 125
1.479676 171 76 52 125
1.481676 171 76 52 125
1.483676 171 76 52 125
1.485676 171 76 52 125
1.487676 171 76 52 125
1.489676 171 76 52 125
1.491676 171 76 52 125
1.493676 170 76 52 125
1.495676 170 76 52 125
1.497676 170 76 52 125
1.499676 170 76 52 125
1.501676 170 76 52 125
1.503676 170 76 52 125
1.505676 170 76 52 126
1.507676 170 76 52 126
1.509676 170 76 52 126
1.511676 170 76 52 126
1.513676 170 76 52 126
1.515676 170 76 52 126
1.517676 169 76 52 126
1.519676 169 76 52 126
1.521676 169 76 52 126
1.523676 169 76 52 126
1.525676 169 76 52 126
1.527676 169 76 52 126
1.529676 169 76 52 126
1.531676 169 76 52 126
1.533676 169 76 52 126
1.535676 169 76 52 126
1.537676 169 76 52 126
1.539676 169 76 52 126
1.541676 169 76 52 126
1.543676 168 76 52 126
1.545676 168 76 52 126
1.547676 168 76 52 126
1.549676 168 76 52 126
1.551676 168 76 52 126
1.553676 168 76 52 126
1.555676 168 76 52 126
1.557676 168 76 52 126
1.559676 168 76 52 126
1.561676 168 76 51 126
1.563676 168 76 51 126
1.565676 168 76 51 126
1.567676 168 76 51 126
1.569676 168 76 51 126
1.571676 168 76 51 126
1.573676 168 76 51 126
1.575676 168 76 51 126
1.577676 168 76 51 126
1.579676 168 76 50 126
1.581676 168 76 50 126
1.583676 168 76 50 126
1.585676 168 76 50 126
1.587676 168 76 50 126
1.589676 168 76 50 126
1.591676 168 76 50 126
1.593676 168 76 50 126
1.595676 168 76 50 126
1.597676 168 76 49 126
1.599676 168 76 49 126
1.601676 168 76 49 126
1.603676 168 76 49 126
1.605676 168 76 49 126
1.607676 168 76 49 126
1.609676 168 76 49 126
1.611676 168 76 49 126
1.613676 168 76 49 126
1.615676 167 77 48 125
1.617676 167 77 48 125
1.619676 167 77 48 125
1.621676 167 77 48 125
1.623676 167 77 48 125
1.625676 167 77 48 125
1.627676 166 77 47 125
1.629676 166 77 47 125
1.631676 166 77 47 125
1.633676 166 77 47 125
1.635676 166 77 47 125
1.637676 166 77 47 125
1.639676 165 77 46 124
1.641676 165 77 46 124
1.643676 165 77 46 124
1.645676 165 77 46 124
1.647676 165 77 46 124
1.649676 165 77 46 124
1.651676 164 77 45 124
1.653676 164 77 45 124
1.655676 164 77 45 124
1.657676 164 77 45 124
1.659676 164 77 45 124
1.661676 164 77 45 124
1.663676 163 77 44 123
1.665676 163 77 44 123
1.667676 163 77 44 123
1.669676 163 77 44 123
1.671676 163 77 44 123
1.673676 163 77 44 123
1.675676 162 77 43 123
1.677676 162 77 43 123
1.679676 162 77 43 123
1.681676 162 77 43 123
1.683676 162 77 43 123
1.685676 162 77 43 123
1.687676 161 77 43 122
1.689676 161 77 43 122
1.691676 161 77 43 122
1.693676 161 77 43 122
1.695676 161 77 43 122
1.697676 160 77 43 122
1.699676 160 77 43 121
1.701676 160 77 43 121
1.703676 160 77 43 121
1.705676 159 77 43 121
1.707676 159 77 43 121
1.709676 159 77 43 120
1.711676 159 77 43 120
1.713676 158 77 44 120
1.715676 158 77 44 120
1.717676 158 77 44 120
1.719676 158 77 44 119
1.721676 157 77 44 119
1.723676 157 77 44 119
1.725676 157 77 44 119
1.727676 157 77 44 119
1.729676 156 77 44 118
1.731676 156 77 44 118
1.733676 156 77 44 118
1.735676 156 77 44 118
1.737676 155 77 45 118
1.739676 155 77 45 118
1.741676 155 77 45 117
1.743676 155 77 45 117
1.745676 154 77 45 117
1.747676 154 77 45 117
1.749676 154 77 45 117
1.751676 154 77 45 116
1.753676 153 77 45 116
1.755676 153 77 45 116
1.757676 153 77 45 116
1.759676 153 77 45 116
1.761676 152 78 46 115
1.763676 152 78 46 115
1.765676 152 78 46 115
1.767676 152 78 46 115
1.769676 152 78 46 115
1.771676 152 78 46 115
1.773676 152 78 46 115
1.775676 152 78 46 115
1.777676 152 78 46 115
1.779676 152 78 46 115
1.781676 152 78 46 115
1.783676 152 78 46 115
1.785676 151 78 46 115
1.787676 151 78 46 115
1.789676 151 78 46 115
1.791676 151 78 46 115
1.793676 151 78 46 115
1.795676 151 78 46 115
1.797676 151 78 46 115
1.799676 151 78 46 115
1.801676 151 78 46 115
1.803676 151 78 46 115
1.805676 151 78 46 115
1.807676 151 78 46 115
1.809676 150 78 46 115
1.811676 150 78 46 115
1.813676 150 78 46 115
1.815676 150 78 46 115
1.817676 150 78 46 115
1.819676 150 78 46 115
1.821676 150 78 46 115
1.823676 150 78 46 115
1.825676 150 78 46 115
1.827676 150 78 46 115
1.829676 150 78 46 115
1.831676 150 78 46 115
1.833676 149 78 46 114
1.835676 149 78 46 114
1.837676 149 78 46 114
1.839676 149 78 46 114
1.841676 149 78 46 114
1.843676 149 78 46 114
1.845676 149 78 46 114
1.847676 149 78 46 114
1.849676 148 78 46 114
1.851676 148 78 46 114
1.853676 148 78 46 114
1.855676 148 78 46 114
1.857676 148 78 46 114
1.859676 148 78 46 114
1.861676 148 78 46 114
1.863676 147 78 46 114
1.865676 147 78 46 114
1.867676 147 78 46 114
1.869676 147 78 46 114
1.871676 147 78 46 113
1.873676 147 78 46 113
1.875676 147 78 46 113
1.877676 146 78 46 113
1.879676 146 78 46 113
1.881676 146 78 46 113
1.883676 146 78 46 113
1.885676 146 78 46 113
1.887676 146 78 46 113
1.889676 146 78 46 113
1.891676 146 78 46 113
1.893676 145 78 46 113
1.895676 145 78 46 113
1.897676 145 78 46 113
1.899676 145 78 46 113
1.901676 145 78 46 113
1.903676 145 78 46 113
1.905676 145 78 46 113
1.907676 144 79 46 113
1.909676 144 79 46 113
1.911676 144 79 46 113
1.913676 144 79 46 113
1.915676 144 79 46 113
1.917676 144 79 46 113
1.919676 144 79 46 113
1.921676 143 79 46 113
1.923676 143 79 46 113
1.925676 143 79 46 113
1.927676 143 79 46 113
1.929676 143 79 46 113
1.931676 143 79 46 113
1.933676 143 79 46 113
1.935676 143 79 46 113
1.937676 142 79 46 113
1.939676 142 79 46 113
1.941676 142 79 46 113
1.943676 142 80 46 113
1.945676 142 80 46 113
1.947676 142 80 46 113
1.949676 142 80 46 113
1.951676 141 80 46 113
1.953676 141 80 46 113
1.955676 141 80 46 113
1.957676 141 80 46 113
1.959676 141 80 46 113
1.961676 141 80 46 113
1.963676 141 80 46 113
1.965676 140 80 46 113
1.967676 140 80 46 113
1.969676 140 80 46 113
1.971676 140 80 46 113
1.973676 140 80 46 113
1.975676 140 80 46 113
1.977676 140 80 46 113
1.979676 139 81 45 113
1.981676 139 81 45 113
1.983676 139 81 45 113
1.985676 139 81 45 113
1.987676 139 81 45 113
1.989676 139 81 45 113
1.991676 139 81 45 113
1.993676 139 81 45 113
1.995676 139 81 45 113
1.997676 139 81 45 113
1.999676 139 81 45 113
2.001676 139 81 45 113
2.003676 139 81 45 113
2.005676 139 81 45 113
2.007676 139 81 45 113
2.009676 139 81 45 113
2.011676 139 81 45 113
2.013676 139 81 45 113
2.015676 139 81 45 113
2.017676 138 81 45 112
2.019676 138 81 45 112
2.021676 138 81 45 112
2.023676 138 81 45 112
2.025676 138 81 45 112
2.027676 138 81 45 112
2.029676 138 81 45 112
2.031676 138 81 45 112
2.033676 138 81 45 112
2.035676 138 81 45 112
2.037676 138 81 45 112
2.039676 138 81 45 112
2.041676 138 81 45 112
2.043676 138 81 45 112
2.045676 138 81 45 112
2.047676 138 81 45 112
2.049676 138 81 45 112
2.051676 138 81 45 112
2.053676 138 81 44 112
2.055676 138 81 44 112
2.057676 138 81 44 112
2.059676 138 81 44 112
2.061676 138 81 44 112
2.063676 138 81 44 112
2.065676 138 81 44 112
2.067676 138 81 44 112
2.069676 138 81 44 112
2.071676 138 81 43 112
2.073676 138 81 43 112
2.075676 138 81 43 112
2.077676 138 81 43 112
2.079676 138 81 43 112
2.081676 138 81 43 112
2.083676 138 81 43 112
2.085676 138 81 43 112
2.087676 138 81 43 112
2.089676 138 81 42 112
2.091676 138 81 42 112
2.093676 138 81 42 112
2.095676 138 81 42 112
2.097676 138 81 42 112
2.099676 138 81 42 112
2.101676 138 81 42 112
2.103676 138 81 42 112
2.105676 138 81 42 112
2.107676 138 81 41 112
2.109676 138 81 41 112
2.111676 138 81 41 112
2.113676 138 81 41 112
2.115676 138 81 41 112
2.117676 138 81 41 112
2.119676 138 81 41 112
2.121676 138 81 41 112
2.123676 138 81 41 112
2.125676 138 81 40 112
2.127676 138 81 40 112
2.129676 138 81 40 112
2.131676 138 81 40 112
2.133676 138 81 40 112
2.135676 138 81 40 112
2.137676 138 81 40 111
2.139676 138 81 40 111
2.141676 138 81 40 111
2.143676 138 81 40 111
2.145676 138 81 40 111
2.147676 138 81 40 111
2.149676 138 81 40 111
2.151676 138 81 40 110
2.153676 138 81 40 110
2.155676 138 81 40 110
2.157676 138 81 40 110
2.159676 138 81 40 110
2.161676 138 81 40 110
2.163676 138 81 40 109
2.165676 138 81 40 109
2.167676 138 81 40 109
2.169676 138 81 40 109
2.171676 138 81 40 109
2.173676 138 81 40 109
2.175676 138 81 40 108
2.177676 138 81 40 108
2.179676 138 81 40 108
2.181676 138 81 40 108
2.183676 138 81 40 108
2.185676 138 81 40 108
2.187676 138 81 40 107
2.189676 138 81 40 107
2.191676 138 81 40 107
2.193676 138 81 40 107
2.195676 138 81 40 107
2.197676 138 81 40 107
2.199676 137 81 39 107
2.201676 137 81 39 107
2.203676 137 81 39 107
2.205676 137 81 39 107
2.207676 137 81 39 107
2.209676 137 81 39 107
2.211676 137 81 39 107
2.213676 137 81 39 107
2.215676 137 81 39 107
2.217676 137 81 38 107
2.219676 137 81 38 107
2.221676 137 81 38 107
2.223676 137 81 38 107
2.225676 137 81 38 107
2.227676 137 81 38 107
2.229676 137 81 38 107
2.231676 137 81 38 107
2.233676 137 81 38 107
2.235676 137 81 37 107
2.237676 137 81 37 107
2.239676 137 81 37 107
2.241676 137 81 37 107
2.243676 137 81 37 107
2.245676 137 81 37 107
2.247676 137 81 37 107
2.249676 137 81 37 107
2.251676 137 81 37 107
2.253676 137 81 36 107
2.255676 137 81 36 107
2.257676 137 81 36 107
2.259676 137 81 36 107
2.261676 137 81 36 107
2.263676 137 81 36 107
2.265676 137 81 36 107
2.267676 137 81 36 107
2.269676 137 81 36 107
2.271676 136 81 35 107
2.273676 136 81 35 107
2.275676 136 81 35 107
2.277676 136 81 35 107
2.279676 136 81 35 107
2.281676 136 81 35 107
2.283676 136 81 35 107
2.285676 136 81 35 107
2.287676 136 81 35 107
2.289676 136 81 35 107
2.291676 136 81 35 107
2.293676 136 81 35 107
2.295676 136 81 35 107
2.297676 136 81 35 107
2.299676 136 81 35 107
2.301676 136 81 35 107
2.303676 136 81 35 107
2.305676 136 81 35 107
2.307676 136 81 35 107
2.309676 136 81 34 106
2.311676 136 81 34 106
2.313676 136 81 34 106
2.315676 136 81 34 106
2.317676 136 81 34 106
2.319676 136 81 34 106
2.321676 136 81 34 106
2.323676 136 81 34 106
2.325676 136 81 34 106
2.327676 136 81 34 106
2.329676 136 81 34 106
2.331676 136 81 34 106
2.333676 136 81 34 106
2.335676 136 81 34 106
2.337676 136 81 34 106
2.339676 136 81 34 106
2.341676 136 81 34 106
2.343676 136 81 34 106
2.345676 135 82 34 105
2.347676 135 82 34 105
2.349676 135 82 34 105
2.351676 135 82 34 105
2.353676 135 82 34 105
2.355676 135 82 34 105
2.357676 135 82 34 105
2.359676 135 82 34 105
2.361676 135 82 34 105
2.363676 135 82 34 104
2.365676 135 82 34 104
2.367676 135 82 34 104
2.369676 134 82 34 104
2.371676 134 82 34 104
2.373676 134 82 34 104
2.375676 134 82 34 104
2.377676 134 82 34 104
2.379676 134 82 34 104
2.381676 134 82 34 103
2.383676 134 82 34 103
2.385676 134 82 34 103
2.387676 134 82 34 103
2.389676 134 82 34 103
2.391676 134 82 34 103
2.393676 133 82 34 103
2.395676 133 82 34 103
2.397676 133 82 34 103
2.399676 133 82 34 102
2.401676 133 82 34 102
2.403676 133 82 34 102
2.405676 133 82 34 102
2.407676 133 82 34 102
2.409676 133 82 34 102
2.411676 133 82 34 102
2.413676 133 82 34 102
2.415676 133 82 34 102
2.417676 132 83 34 101
2.419676 132 83 34 101
2.421676 132 83 34 101
2.423676 132 83 34 101
2.425676 132 83 34 101
2.427676 132 83 34 101
2.429676 132 83 34 101
2.431676 132 83 34 101
2.433676 131 83 34 100
2.435676 131 83 34 100
2.437676 131 83 34 100
2.439676 131 83 34 100
2.441676 131 83 35 100
2.443676 131 83 35 100
2.445676 131 83 35 100
2.447676 130 83 35 99
2.449676 130 83 35 99
2.451676 130 83 35 99
2.453676 130 83 35 99
2.455676 130 84 35 99
2.457676 130 84 35 99
2.459676 130 84 35 99
2.461676 129 84 35 98
2.463676 129 84 35 98
2.465676 129 84 35 98
2.467676 129 84 36 98
2.469676 129 84 36 98
2.471676 129 84 36 98
2.473676 129 84 36 98
2.475676 128 84 36 97
2.477676 128 84 36 97
2.479676 128 84 36 97
2.481676 128 84 36 97
2.483676 128 84 36 97
2.485676 128 84 36 97
2.487676 128 84 36 97
2.489676 128 84 36 97
2.491676 127 85 36 96
2.493676 127 85 36 96
2.495676 127 85 36 96
2.497676 127 85 36 96
2.499676 127 85 36 96
2.501676 127 85 36 96
2.503676 127 85 36 96
2.505676 127 85 36 96
2.507676 127 85 36 96
2.509676 127 85 36 96
2.511676 127 85 36 96
2.513676 127 85 36 96
2.515676 127 85 36 96
2.517676 127 85 36 96
2.519676 127 85 36 96
2.521676 127 85 36 96
2.523676 127 85 36 96
2.525676 127 85 36 96
2.527676 127 85 36 96
2.529676 127 85 36 96
2.531676 127 85 36 96
2.533676 127 85 36 96
2.535676 127 85 36 96
2.537676 127 85 36 96
2.539676 127 85 36 96
2.541676 127 85 36 96
2.543676 127 85 36 96
2.545676 127 85 36 96
2.547676 127 85 36 96
2.549676 127 85 36 96
2.551676 127 85 36 96
2.553676 127 85 36 96
2.555676 127 85 36 96
2.557676 127 85 36 96
2.559676 127 85 36 96
2.561676 127 85 36 96
2.563676 126 85 36 96
2.565676 126 85 36 96
2.567676 126 85 36 96
2.569676 126 85 36 96
2.571676 126 85 36 96
2.573676 126 85 36 96
2.575676 126 85 36 96
2.577676 126 85 36 96
2.579676 126 85 36 96
2.581676 126 85 36 96
2.583676 126 85 36 96
2.585676 126 85 36 96
2.587676 125 85 37 96
2.589676 125 85 37 96
2.591676 125 85 37 96
2.593676 125 85 37 96
2.595676 125 85 37 96
2.597676 125 85 37 96
2.599676 125 84 37 97
2.601676 125 84 37 97
2.603676 125 84 37 97
2.605676 125 84 37 97
2.607676 125 84 37 97
2.609676 125 84 37 97
2.611676 125 84 37 97
2.613676 124 84 38 97
2.615676 124 84 38 97
2.617676 124 84 38 97
2.619676 124 84 38 97
2.621676 124 84 38 97
2.623676 124 84 38 97
2.625676 124 84 38 97
2.627676 124 84 38 97
2.629676 124 84 38 97
2.631676 124 84 38 97
2.633676 124 84 38 97
2.635676 124 84 38 97
2.637676 123 84 38 97
2.639676 123 84 38 97
2.641676 123 84 38 97
2.643676 123 84 38 97
2.645676 123 84 38 97
2.647676 123 84 38 97
2.649676 123 84 38 97
2.651676 123 84 38 97
2.653676 123 84 38 97
2.655676 123 84 38 96
2.657676 123 84 38 96
2.659676 123 84 38 96
2.661676 122 84 37 96
2.663676 122 84 37 96
2.665676 122 84 37 96
2.667676 122 84 37 96
2.669676 122 84 37 96
2.671676 122 84 37 96
2.673676 122 84 37 95
2.675676 122 84 37 95
2.677676 122 84 37 95
2.679676 122 84 37 95
2.681676 122 84 37 95
2.683676 122 84 37 95
2.685676 121 84 36 95
2.687676 121 84 36 95
2.689676 121 84 36 95
2.691676 121 84 36 94
2.693676 121 84 36 94
2.695676 121 84 36 94
2.697676 121 84 36 94
2.699676 121 84 36 94
2.701676 121 84 36 94
2.703676 121 84 36 94
2.705676 121 84 36 94
2.707676 121 84 36 94
2.709676 120 84 35 94
2.711676 120 84 35 94
2.713676 120 84 35 94
2.715676 120 84 35 94
2.717676 120 84 35 94
2.719676 120 84 35 94
2.721676 120 84 35 94
2.723676 120 84 35 94
2.725676 120 84 35 94
2.727676 119 84 35 94
2.729676 119 84 35 94
2.731676 119 84 35 94
2.733676 119 84 35 94
2.735676 119 84 35 94
2.737676 119 84 35 94
2.739676 119 84 35 94
2.741676 119 84 35 94
2.743676 119 84 35 94
2.745676 118 84 34 94
2.747676 118 84 34 94
2.749676 118 84 34 94
2.751676 118 84 34 94
2.753676 118 84 34 94
2.755676 118 84 34 94
2.757676 118 84 34 94
2.759676 118 84 34 94
2.761676 118 84 34 94
2.763676 118 84 34 94
2.765676 117 84 34 94
2.767676 117 84 34 94
2.769676 117 84 34 94
2.771676 117 84 34 94
2.773676 117 84 34 94
2.775676 117 84 34 94
2.777676 117 84 34 94
2.779676 117 84 34 94
2.781676 117 84 34 94
2.783676 116 84 33 93
2.785676 116 84 33 93
2.787676 116 84 33 93
2.789676 116 84 33 93
2.791676 116 84 33 93
2.793676 116 84 33 93
2.795676 116 84 33 93
2.797676 116 84 33 93
2.799676 116 84 33 93
2.801676 116 84 33 93
2.803676 116 84 33 93
2.805676 116 84 33 93
2.807676 115 84 32 93
2.809676 115 84 32 93
2.811676 115 84 32 93
2.813676 115 84 32 93
2.815676 115 84 32 93
2.817676 115 84 32 93
2.819676 115 84 32 93
2.821676 115 84 32 93
2.823676 115 84 32 93
2.825676 115 84 32 93
2.827676 115 84 32 93
2.829676 115 84 32 93
2.831676 114 84 31 93
2.833676 114 84 31 93
2.835676 114 84 31 93
2.837676 114 84 31 93
2.839676 114 84 31 93
2.841676 114 84 31 93
2.843676 114 84 31 93
2.845676 114 84 31 93
2.847676 114 84 31 93
2.849676 114 84 31 93
2.851676 114 84 31 93
2.853676 114 84 31 93
2.855676 113 85 31 92
2.857676 113 85 31 92
2.859676 113 85 31 92
2.861676 113 85 31 92
2.863676 113 85 31 92
2.865676 113 85 31 92
2.867676 113 85 31 92
2.869676 113 85 31 92
2.871676 113 85 31 92
2.873676 113 85 31 92
2.875676 113 85 31 92
2.877676 113 85 31 92
2.879676 112 85 31 92
2.881676 112 85 31 92
2.883676 112 85 31 92
2.885676 112 85 31 92
2.887676 112 85 31 92
2.889676 112 85 31 92
2.891676 112 85 32 92
2.893676 112 85 32 92
2.895676 112 85 32 92
2.897676 112 85 32 92
2.899676 112 85 32 92
2.901676 112 85 32 92
2.903676 111 85 32 92
2.905676 111 85 32 92
2.907676 111 85 32 92
2.909676 111 85 32 92
2.911676 111 85 32 92
2.913676 111 85 32 92
2.915676 111 85 32 92
2.917676 111 85 32 92
2.919676 111 85 32 92
2.921676 111 85 32 92
2.923676 111 85 32 92
2.925676 111 85 32 92
2.927676 111 85 32 92
2.929676 110 85 33 91
2.931676 110 85 33 91
2.933676 110 85 33 91
2.935676 110 85 33 91
2.937676 110 85 33 91
2.939676 110 85 33 91
2.941676 110 85 33 91
2.943676 110 85 33 91
2.945676 110 85 33 91
2.947676 110 85 33 91
2.949676 110 85 33 91
2.951676 110 85 33 91
2.953676 110 85 33 90
2.955676 110 85 33 90
2.957676 110 85 33 90
2.959676 110 85 33 90
2.961676 110 85 33 90
2.963676 110 85 33 90
2.965676 109 85 33 90
2.967676 109 85 33 90
2.969676 109 85 33 90
2.971676 109 85 33 90
2.973676 109 85 33 90
2.975676 109 85 33 90
2.977676 109 85 33 89
2.979676 109 85 33 89
2.981676 109 85 33 89
2.983676 109 85 33 89
2.985676 109 85 33 89
2.987676 109 85 33 89
2.989676 109 85 33 89
2.991676 109 85 33 89
2.993676 109 85 33 89
2.995676 109 85 33 89
2.997676 109 85 33 89
2.999676 109 85 33 89
3.001676 108 86 34 88
3.003676 108 86 34 88
3.005676 108 86 34 88
3.007676 108 86 34 88
3.009676 108 86 34 88
3.011676 108 86 34 88
3.013676 108 86 34 88
3.015676 108 86 34 88
3.017676 108 86 34 88
3.019676 108 86 34 88
3.021676 108 86 34 88
3.023676 108 86 34 88
3.025676 108 86 34 88
3.027676 108 86 34 88
3.029676 108 86 34 88
3.031676 108 86 34 88
3.033676 108 86 34 88
3.035676 108 86 34 88
3.037676 107 87 35 88
3.039676 107 87 35 88
3.041676 107 87 35 88
3.043676 107 87 35 88
3.045676 107 87 35 88
3.047676 107 87 35 88
3.049676 107 87 35 88
3.051676 107 87 35 88
3.053676 107 87 35 88
3.055676 107 87 35 88
3.057676 107 87 35 88
3.059676 107 87 35 88
3.061676 107 87 35 88
3.063676 107 87 35 88
3.065676 107 87 35 88
3.067676 107 87 35 88
3.069676 107 87 35 88
3.071676 107 87 35 88
3.073676 107 87 35 88
3.075676 107 88 36 87
3.077676 107 88 36 87
3.079676 107 88 36 87
3.081676 107 88 36 87
3.083676 107 88 36 87
3.085676 107 88 36 87
3.087676 107 88 36 87
3.089676 107 88 36 87
3.091676 107 88 36 87
3.093676 107 88 36 87
3.095676 107 88 36 87
3.097676 107 88 36 87
3.099676 107 88 36 87
3.101676 107 88 36 87
3.103676 107 88 36 87
3.105676 107 88 36 87
3.107676 107 88 36 87
3.109676 107 88 36 87
3.111676 107 88 36 86
3.113676 107 88 36 86
3.115676 107 88 36 86
3.117676 107 88 36 86
3.119676 107 88 36 86
3.121676 107 88 36 86
3.123676 107 88 36 86
3.125676 107 88 36 86
3.127676 107 88 36 86
3.129676 107 88 36 86
3.131676 107 88 36 86
3.133676 107 88 36 86
3.135676 107 88 36 86
3.137676 107 88 36 86
3.139676 107 88 36 86
3.141676 107 88 36 86
3.143676 107 88 36 86
3.145676 107 88 36 86
3.147676 106 89 35 86
3.149676 106 89 35 86
3.151676 106 89 35 86
3.153676 106 89 35 86
3.155676 106 89 35 86
3.157676 106 89 35 86
3.159676 106 89 35 86
3.161676 106 89 35 86
3.163676 106 89 35 86
3.165676 106 89 35 86
3.167676 106 89 35 86
3.169676 106 89 35 86
3.171676 106 89 35 86
3.173676 106 89 35 86
3.175676 106 89 35 86
3.177676 106 89 35 86
3.179676 106 89 35 86
3.181676 106 89 35 86
3.183676 105 89 34 86
3.185676 105 89 34 86
3.187676 105 89 34 86
3.189676 105 89 34 86
3.191676 105 89 34 86
3.193676 105 89 34 86
3.195676 105 89 34 86
3.197676 105 89 34 86
3.199676 105 89 34 86
3.201676 105 89 34 86
3.203676 105 89 34 86
3.205676 105 89 34 86
3.207676 105 89 34 86
3.209676 105 89 34 86
3.211676 105 89 34 86
3.213676 105 89 34 86
3.215676 105 89 34 86
3.217676 105 89 34 86
3.219676 105 89 34 86
3.221676 105 88 33 86
3.223676 105 88 33 86
3.225676 105 88 33 86
3.227676 105 88 33 86
3.229676 105 88 33 86
3.231676 105 88 33 86
3.233676 105 88 33 86
3.235676 105 88 33 86
3.237676 105 88 33 86
3.239676 105 88 33 86
3.241676 105 88 33 86
3.243676 105 88 33 86
3.245676 105 88 33 85
3.247676 105 88 33 85
3.249676 105 88 33 85
3.251676 105 88 33 85
3.253676 105 88 33 85
3.255676 105 88 33 85
3.257676 105 88 33 85
3.259676 105 88 33 85
3.261676 105 88 33 85
3.263676 105 88 33 85
3.265676 105 88 33 85
3.267676 105 88 33 85
3.269676 105 88 33 84
3.271676 105 88 33 84
3.273676 105 88 33 84
3.275676 105 88 33 84
3.277676 105 88 33 84
3.279676 105 88 33 84
3.281676 105 88 33 84
3.283676 105 88 33 84
3.285676 105 88 33 84
3.287676 105 88 33 84
3.289676 105 88 33 84
3.291676 105 88 33 84
3.293676 104 88 32 84
3.295676 104 88 32 84
3.297676 104 88 32 84
3.299676 104 88 32 84
3.301676 104 88 32 84
3.303676 104 88 32 84
3.305676 104 88 32 84
3.307676 104 88 32 84
3.309676 104 88 32 84
3.311676 104 88 32 84
3.313676 104 88 32 84
3.315676 104 88 32 84
3.317676 104 88 32 84
3.319676 104 88 32 84
3.321676 104 88 32 84
3.323676 104 88 32 84
3.325676 104 88 32 84
3.327676 104 88 32 84
3.329676 104 88 31 84
3.331676 104 88 31 84
3.333676 104 88 31 84
3.335676 104 88 31 84
3.337676 104 88 31 84
3.339676 104 88 31 84
3.341676 104 88 31 84
3.343676 104 88 31 84
3.345676 104 88 31 84
3.347676 104 88 31 84
3.349676 104 88 31 84
3.351676 104 88 31 84
3.353676 104 88 31 84
3.355676 104 88 31 84
3.357676 104 88 31 84
3.359676 104 88 31 84
3.361676 104 88 31 84
3.363676 104 88 31 84
3.365676 103 88 30 84
3.367676 103 88 30 84
3.369676 103 88 30 84
3.371676 103 88 30 84
3.373676 103 88 30 84
3.375676 103 88 30 84
3.377676 103 88 30 84
3.379676 103 88 30 84
3.381676 103 88 30 84
3.383676 103 88 30 84
3.385676 103 88 30 84
3.387676 103 88 30 84
3.389676 103 88 30 84
3.391676 103 88 30 84
3.393676 103 88 30 84
3.395676 103 88 30 84
3.397676 103 88 30 84
3.399676 103 88 30 84
3.401676 103 88 30 84
3.403676 103 88 29 84
3.405676 103 88 29 84
3.407676 103 88 29 84
3.409676 103 88 29 84
3.411676 103 88 29 84
3.413676 103 88 29 84
3.415676 103 88 29 84
3.417676 103 88 29 84
3.419676 103 88 29 84
3.421676 103 88 29 84
3.423676 103 88 29 84
3.425676 103 88 29 84
3.427676 103 88 29 84
3.429676 103 88 29 84
3.431676 103 88 29 84
3.433676 103 88 29 84
3.435676 103 88 29 84
3.437676 103 88 29 84
3.439676 102 88 28 84
3.441676 102 88 28 84
3.443676 102 88 28 84
3.445676 102 88 28 84
3.447676 102 88 28 84
3.449676 102 88 28 84
3.451676 102 88 28 84
3.453676 102 88 28 84
3.455676 102 88 28 84
3.457676 102 88 28 84
3.459676 102 88 28 84
3.461676 102 88 28 84
3.463676 102 88 28 83
3.465676 102 88 28 83
3.467676 102 88 28 83
3.469676 102 88 28 83
3.471676 102 88 28 83
3.473676 102 88 28 83
3.475676 102 88 27 83
3.477676 102 88 27 83
3.479676 102 88 27 83
3.481676 102 88 27 83
3.483676 102 88 27 83
3.485676 102 88 27 83
3.487676 102 88 27 82
3.489676 102 88 27 82
3.491676 102 88 27 82
3.493676 102 88 27 82
3.495676 102 88 27 82
3.497676 102 88 27 82
3.499676 102 88 27 82
3.501676 102 88 27 82
3.503676 102 88 27 82
3.505676 102 88 27 82
3.507676 102 88 27 82
3.509676 102 88 27 82
3.511676 101 89 26 81
3.513676 101 89 26 81
3.515676 101 89 26 81
3.517676 101 89 26 81
3.519676 101 89 26 81
3.521676 101 89 26 81
3.523676 101 89 26 81
3.525676 101 89 26 81
3.527676 101 89 26 81
3.529676 101 89 26 81
3.531676 101 89 26 81
3.533676 101 89 26 81
3.535676 101 89 26 81
3.537676 101 89 26 81
3.539676 101 89 26 81
3.541676 101 89 26 81
3.543676 101 89 26 81
3.545676 101 89 26 81
3.547676 101 89 26 81
3.549676 101 89 26 80
3.551676 101 89 26 80
3.553676 101 89 26 80
3.555676 101 89 26 80
3.557676 101 89 26 80
3.559676 101 89 26 80
3.561676 101 89 26 80
3.563676 101 89 26 80
3.565676 101 89 26 80
3.567676 101 89 26 80
3.569676 101 89 26 80
3.571676 101 89 26 80
3.573676 101 89 26 80
3.575676 101 89 26 80
3.577676 101 89 26 80
3.579676 101 89 26 80
3.581676 101 89 26 80
3.583676 101 89 26 80
3.585676 100 90 26 79
3.587676 100 90 26 79
3.589676 100 90 26 79
3.591676 100 90 26 79
3.593676 100 90 26 79
3.595676 100 90 26 79
3.597676 100 90 26 79
3.599676 100 90 26 79
3.601676 100 90 26 79
3.603676 100 90 26 79
3.605676 100 90 26 79
3.607676 100 90 26 79
3.609676 100 90 26 79
3.611676 100 90 26 79
3.613676 100 90 26 79
3.615676 100 90 26 79
3.617676 100 90 26 79
3.619676 100 90 26 79
3.621676 99 90 26 79
3.623676 99 90 26 79
3.625676 99 90 26 79
3.627676 99 90 26 79
3.629676 99 90 26 79
3.631676 99 90 26 79
3.633676 99 90 26 79
3.635676 99 90 26 79
3.637676 99 90 26 79
3.639676 99 90 26 79
3.641676 99 90 26 79
3.643676 99 90 26 79
3.645676 99 90 26 79
3.647676 99 90 26 79
3.649676 99 90 26 79
3.651676 99 90 26 79
3.653676 99 90 26 79
3.655676 99 90 26 79
3.657676 98 90 27 79
3.659676 98 90 27 79
3.661676 98 90 27 79
3.663676 98 90 27 79
3.665676 98 90 27 79
3.667676 98 90 27 79
3.669676 98 90 27 79
3.671676 98 90 27 79
3.673676 98 90 27 79
3.675676 98 90 27 79
3.677676 98 90 27 79
3.679676 98 90 27 79
3.681676 98 90 27 79
3.683676 98 90 27 79
3.685676 98 90 27 79
3.687676 98 90 27 79
3.689676 98 90 27 79
3.691676 98 90 27 79
3.693676 98 90 27 79
3.695676 97 90 27 79
3.697676 97 90 27 79
3.699676 97 90 27 79
3.701676 97 90 27 79
3.703676 97 90 27 79
3.705676 97 90 27 79
3.707676 97 90 27 79
3.709676 97 90 27 79
3.711676 97 90 27 79
3.713676 97 90 27 79
3.715676 97 90 27 79
3.717676 97 90 27 79
3.719676 97 90 27 79
3.721676 97 90 27 79
3.723676 97 90 27 79
3.725676 97 90 27 79
3.727676 97 90 27 79
3.729676 97 90 27 79
3.731676 96 90 28 79
3.733676 96 90 28 79
3.735676 96 90 28 79
3.737676 96 90 28 79
3.739676 96 90 28 79
3.741676 96 90 28 79
3.743676 96 90 28 79
3.745676 96 90 28 79
3.747676 96 90 28 79
3.749676 96 90 28 79
3.751676 96 90 28 79
3.753676 96 90 28 79
3.755676 95 90 28 79
3.757676 95 90 28 79
3.759676 95 90 28 79
3.761676 95 90 28 79
3.763676 95 90 28 79
3.765676 95 90 28 79
3.767676 95 90 29 79
3.769676 95 90 29 79
3.771676 95 90 29 79
3.773676 95 90 29 79
3.775676 95 90 29 79
3.777676 95 90 29 79
3.779676 94 90 29 79
3.781676 94 90 29 79
3.783676 94 90 29 79
3.785676 94 90 29 79
3.787676 94 90 29 79
3.789676 94 90 29 79
3.791676 94 90 29 79
3.793676 94 90 29 79
3.795676 94 90 29 79
3.797676 94 90 29 79
3.799676 94 90 29 79
3.801676 94 90 29 79
3.803676 93 90 29 78
3.805676 93 90 29 78
3.807676 93 90 29 78
3.809676 93 90 29 78
3.811676 93 90 29 78
3.813676 93 90 29 78
3.815676 93 90 29 78
3.817676 93 90 29 78
3.819676 93 90 29 78
3.821676 93 90 29 78
3.823676 93 90 29 78
3.825676 93 90 29 78
3.827676 93 90 29 78
3.829676 93 90 29 78
3.831676 93 90 29 78
3.833676 93 90 29 78
3.835676 93 90 29 78
3.837676 93 90 29 78
3.839676 93 90 29 78
3.841676 92 90 29 77
3.843676 92 90 29 77
3.845676 92 90 29 77
3.847676 92 90 29 77
3.849676 92 90 29 77
3.851676 92 90 29 77
3.853676 92 90 29 77
3.855676 92 90 29 77
3.857676 92 90 29 77
3.859676 92 90 29 77
3.861676 92 90 29 77
3.863676 92 90 29 77
3.865676 92 90 29 77
3.867676 92 90 29 77
3.869676 92 90 29 77
3.871676 92 90 29 77
3.873676 92 90 29 77
3.875676 92 90 29 77
3.877676 91 89 28 77
3.879676 91 89 28 77
3.881676 91 89 28 77
3.883676 91 89 28 77
3.885676 91 89 28 77
3.887676 91 89 28 77
3.889676 91 89 28 77
3.891676 91 89 28 77
3.893676 91 89 28 77
3.895676 91 89 28 77
3.897676 91 89 28 77
3.899676 91 89 28 77
3.901676 91 89 28 77
3.903676 91 89 28 77
3.905676 91 89 28 77
3.907676 91 89 28 77
3.909676 91 89 28 77
3.911676 91 89 28 77
3.913676 90 89 27 77
3.915676 90 89 27 77
3.917676 90 89 27 77
3.919676 90 89 27 77
3.921676 90 89 27 77
3.923676 90 89 27 77
3.925676 90 89 27 77
3.927676 90 89 27 77
3.929676 90 89 27 77
3.931676 90 89 27 77
3.933676 90 89 27 77
3.935676 90 89 27 77
3.937676 90 89 27 77
3.939676 90 89 27 77
3.941676 90 89 27 77
3.943676 90 89 27 77
3.945676 90 89 27 77
3.947676 90 89 27 77
3.949676 89 89 27 77
3.951676 89 89 27 77
3.953676 89 89 27 77
3.955676 89 89 27 77
3.957676 89 89 27 77
3.959676 89 89 27 77
3.961676 89 89 27 77
3.963676 89 89 27 77
3.965676 89 89 27 77
3.967676 89 89 27 77
3.969676 89 89 27 77
3.971676 89 89 27 77
3.973676 89 89 27 77
3.975676 89 89 27 77
3.977676 89 89 27 77
3.979676 89 89 27 77
3.981676 89 89 27 77
3.983676 89 89 27 77
3.985676 89 89 27 77
3.987676 88 89 27 77
3.989676 88 89 27 77
3.991676 88 89 27 77
3.993676 88 89 27 77
3.995676 88 89 27 77
3.997676 88 89 27 77
3.999676 88 89 27 77
4.001676 88 89 27 77
4.003676 88 89 27 77
4.005676 88 89 27 77
4.007676 88 89 27 77
4.009676 88 89 27 77
4.011676 88 89 27 77
4.013676 88 89 27 77
4.015676 88 89 27 77
4.017676 88 89 27 77
4.019676 88 89 27 77
4.021676 88 89 27 77
4.023676 87 89 27 76
4.025676 87 89 27 76
4.027676 87 89 27 76
4.029676 87 89 27 76
4.031676 87 89 27 76
4.033676 87 89 27 76
4.035676 87 89 27 76
4.037676 87 89 27 76
4.039676 87 89 27 76
4.041676 87 89 27 76
4.043676 87 89 27 76
4.045676 87 89 27 76
4.047676 87 89 27 76
4.049676 87 89 27 76
4.051676 87 89 27 76
4.053676 87 89 27 76
4.055676 87 89 27 76
4.057676 87 89 27 76
4.059676 86 90 27 76
4.061676 86 90 27 76
4.063676 86 90 27 76
4.065676 86 90 27 76
4.067676 86 90 27 76
4.069676 86 90 27 76
4.071676 86 90 27 76
4.073676 86 90 27 76
4.075676 86 90 27 76
4.077676 86 90 27 76
4.079676 86 90 27 76
4.081676 86 90 27 76
4.083676 86 90 27 76
4.085676 86 90 27 76
4.087676 86 90 27 76
4.089676 86 90 27 76
4.091676 86 90 27 76
4.093676 86 90 27 76
4.095676 85 91 28 75
4.097676 85 91 28 75
4.099676 85 91 28 75
4.101676 85 91 28 75
4.103676 85 91 28 75
4.105676 85 91 28 75
4.107676 85 91 28 75
4.109676 85 91 28 75
4.111676 85 91 28 75
4.113676 85 91 28 75
4.115676 85 91 28 75
4.117676 85 91 28 75
4.119676 85 91 28 75
4.121676 85 91 28 75
4.123676 85 91 28 75
4.125676 85 91 28 75
4.127676 85 91 28 75
4.129676 85 91 28 75
4.131676 85 91 28 75
4.133676 84 91 28 74
4.135676 84 91 28 74
4.137676 84 91 28 74
4.139676 84 91 28 74
4.141676 84 91 28 74
4.143676 84 91 28 74
4.145676 84 91 28 74
4.147676 84 91 28 74
4.149676 84 91 28 74
4.151676 84 91 28 74
4.153676 84 91 28 74
4.155676 84 91 28 74
4.157676 84 91 28 74
4.159676 84 91 28 74
4.161676 84 91 28 74
4.163676 84 91 28 74
4.165676 84 91 28 74
4.167676 84 91 28 74
4.169676 84 92 28 74
4.171676 84 92 28 74
4.173676 84 92 28 74
4.175676 84 92 28 74
4.177676 84 92 28 74
4.179676 84 92 28 74
4.181676 84 92 28 74
4.183676 84 92 28 74
4.185676 84 92 28 74
4.187676 84 92 28 74
4.189676 84 92 28 74
4.191676 84 92 28 74
4.193676 84 92 28 74
4.195676 84 92 28 74
4.197676 84 92 28 74
4.199676 84 92 28 74
4.201676 84 92 28 74
4.203676 84 92 28 74
4.205676 84 92 28 74
4.207676 84 92 28 74
4.209676 84 92 28 74
4.211676 84 92 28 74
4.213676 84 92 28 74
4.215676 84 92 28 74
4.217676 84 92 28 74
4.219676 84 92 28 74
4.221676 84 92 28 74
4.223676 84 92 28 74
4.225676 84 92 28 74
4.227676 84 92 28 74
4.229676 84 92 28 74
4.231676 84 92 28 74
4.233676 84 92 28 74
4.235676 84 92 28 74
4.237676 84 92 28 74
4.239676 84 92 28 74
4.241676 83 92 27 74
4.243676 83 92 27 74
4.245676 83 92 27 74
4.247676 83 92 27 74
4.249676 83 92 27 74
4.251676 83 92 27 74
4.253676 83 92 27 74
4.255676 83 92 27 74
4.257676 83 92 27 74
4.259676 83 92 27 74
4.261676 83 92 27 74
4.263676 83 92 27 74
4.265676 83 92 27 74
4.267676 83 92 27 74
4.269676 83 92 27 74
4.271676 83 92 27 74
4.273676 83 92 27 74
4.275676 83 92 27 74
4.277676 83 92 27 74
4.279676 83 92 27 74
4.281676 83 92 27 74
4.283676 83 92 27 74
4.285676 83 92 27 74
4.287676 83 92 27 74
4.289676 83 92 27 74
4.291676 83 92 27 74
4.293676 83 92 27 74
4.295676 83 92 27 74
4.297676 83 92 27 74
4.299676 83 92 27 74
4.301676 83 92 27 74
4.303676 83 92 27 74
4.305676 83 92 27 74
4.307676 83 92 27 74
4.309676 83 92 27 74
4.311676 83 92 27 74
4.313676 83 92 27 74
4.315676 82 92 27 73
4.317676 82 92 27 73
4.319676 82 92 27 73
4.321676 82 92 27 73
4.323676 82 92 27 73
4.325676 82 92 27 73
4.327676 82 92 27 73
4.329676 82 92 27 73
4.331676 82 92 27 73
4.333676 82 92 27 73
4.335676 82 92 27 73
4.337676 82 92 27 73
4.339676 81 92 27 73
4.341676 81 92 27 73
4.343676 81 92 27 73
4.345676 81 92 27 73
4.347676 81 92 27 73
4.349676 81 92 27 73
4.351676 81 92 27 72
4.353676 81 92 27 72
4.355676 81 92 27 72
4.357676 81 92 27 72
4.359676 81 92 27 72
4.361676 81 92 27 72
4.363676 80 92 27 72
4.365676 80 92 27 72
4.367676 80 92 27 72
4.369676 80 92 27 72
4.371676 80 92 27 72
4.373676 80 92 27 72
4.375676 80 92 27 72
4.377676 80 92 27 72
4.379676 80 92 27 72
4.381676 80 92 27 72
4.383676 80 92 27 72
4.385676 80 92 27 72
4.387676 80 92 27 71
4.389676 80 92 27 71
4.391676 80 92 27 71
4.393676 80 92 27 71
4.395676 80 92 27 71
4.397676 80 92 27 71
4.399676 80 92 27 71
4.401676 80 92 27 71
4.403676 80 92 27 71
4.405676 80 92 27 71
4.407676 80 92 27 71
4.409676 80 92 27 71
4.411676 80 92 27 71
4.413676 80 92 27 71
4.415676 80 92 27 71
4.417676 80 92 27 71
4.419676 80 92 27 71
4.421676 80 92 27 71
4.423676 80 92 27 71
4.425676 80 92 27 71
4.427676 80 92 27 71
4.429676 80 92 27 71
4.431676 80 92 27 71
4.433676 80 92 27 71
4.435676 80 92 27 71
4.437676 80 92 27 71
4.439676 80 92 27 71
4.441676 80 92 27 71
4.443676 80 92 27 71
4.445676 80 92 27 71
4.447676 80 92 27 71
4.449676 80 92 27 71
4.451676 80 92 27 71
4.453676 80 92 27 71
4.455676 80 92 27 71
4.457676 80 92 27 71
4.459676 80 92 27 71
4.461676 80 92 26 71
4.463676 80 92 26 71
4.465676 80 92 26 71
4.467676 80 92 26 71
4.469676 80 92 26 71
4.471676 80 92 26 71
4.473676 80 92 26 71
4.475676 80 92 26 71
4.477676 80 92 26 71
4.479676 80 92 26 71
4.481676 80 92 26 71
4.483676 80 92 26 71
4.485676 80 92 26 71
4.487676 80 92 26 71
4.489676 80 92 26 71
4.491676 80 92 26 71
4.493676 80 92 26 71
4.495676 80 92 26 71
4.497676 80 92 25 71
4.499676 80 92 25 71
4.501676 80 92 25 71
4.503676 80 92 25 71
4.505676 80 92 25 71
4.507676 80 92 25 71
4.509676 80 92 25 71
4.511676 80 92 25 71
4.513676 80 92 25 71
4.515676 80 92 25 71
4.517676 80 92 25 71
4.519676 80 92 25 71
4.521676 80 92 25 71
4.523676 80 92 25 71
4.525676 80 92 25 71
4.527676 80 92 25 71
4.529676 80 92 25 71
4.531676 80 92 25 71
4.533676 79 92 25 71
4.535676 79 92 25 71
4.537676 79 92 25 71
4.539676 79 92 25 71
4.541676 79 92 25 71
4.543676 79 92 25 71
4.545676 79 92 25 71
4.547676 79 92 25 71
4.549676 79 92 25 71
4.551676 79 92 25 71
4.553676 79 92 25 71
4.555676 79 92 25 71
4.557676 79 92 25 71
4.559676 79 92 25 71
4.561676 79 92 25 71
4.563676 79 92 25 71
4.565676 79 92 25 71
4.567676 79 92 25 71
4.569676 78 93 25 70
4.571676 78 93 25 70
4.573676 78 93 25 70
4.575676 78 93 25 70
4.577676 78 93 25 70
4.579676 78 93 25 70
4.581676 78 93 25 70
4.583676 78 93 25 70
4.585676 78 93 25 70
4.587676 78 93 25 70
4.589676 78 93 25 70
4.591676 78 93 25 70
4.593676 78 93 25 70
4.595676 78 93 25 70
4.597676 78 93 25 70
4.599676 78 93 25 70
4.601676 78 93 25 70
4.603676 78 93 25 70
4.605676 78 93 25 70
4.607676 78 94 24 69
4.609676 78 94 24 69
4.611676 78 94 24 69
4.613676 78 94 24 69
4.615676 78 94 24 69
4.617676 78 94 24 69
4.619676 78 94 24 69
4.621676 78 94 24 69
4.623676 78 94 24 69
4.625676 78 94 24 69
4.627676 78 94 24 69
4.629676 78 94 24 69
4.631676 78 94 24 68
4.633676 78 94 24 68
4.635676 78 94 24 68
4.637676 78 94 24 68
4.639676 78 94 24 68
4.641676 78 94 24 68
4.643676 78 94 23 68
4.645676 78 94 23 68
4.647676 78 94 23 68
4.649676 78 94 23 68
4.651676 78 94 23 68
4.653676 78 94 23 68
4.655676 78 94 23 67
4.657676 78 94 23 67
4.659676 78 94 23 67
4.661676 78 94 23 67
4.663676 78 94 23 67
4.665676 78 94 23 67
4.667676 78 94 23 67
4.669676 78 94 23 67
4.671676 78 94 23 67
4.673676 78 94 23 67
4.675676 78 94 23 67
4.677676 78 94 23 67
4.679676 77 95 23 67
4.681676 77 95 23 67
4.683676 77 95 23 67
4.685676 77 95 23 67
4.687676 77 95 23 67
4.689676 77 95 23 67
4.691676 77 95 23 67
4.693676 77 95 23 67
4.695676 77 95 23 67
4.697676 77 95 23 67
4.699676 77 95 23 67
4.701676 77 95 23 67
4.703676 77 95 23 67
4.705676 77 95 23 67
4.707676 77 95 23 67
4.709676 77 95 23 67
4.711676 77 95 23 67
4.713676 77 95 23 67
4.715676 76 95 24 67
4.717676 76 95 24 67
4.719676 76 95 24 67
4.721676 76 95 24 67
4.723676 76 95 24 67
4.725676 76 95 24 67
4.727676 76 95 24 67
4.729676 76 95 24 67
4.731676 76 95 24 67
4.733676 76 95 24 67
4.735676 76 95 24 67
4.737676 76 95 24 67
4.739676 76 95 24 67
4.741676 76 95 24 67
4.743676 76 95 24 67
4.745676 76 95 24 67
4.747676 76 95 24 67
4.749676 76 95 24 67
4.751676 76 95 24 67
4.753676 75 95 25 68
4.755676 75 95 25 68
4.757676 75 95 25 68
4.759676 75 95 25 68
4.761676 75 95 25 68
4.763676 75 95 25 68
4.765676 75 95 25 68
4.767676 75 95 25 68
4.769676 75 95 25 68
4.771676 75 95 25 68
4.773676 75 95 25 68
4.775676 75 95 25 68
4.777676 75 95 25 68
4.779676 75 95 25 68
4.781676 75 95 25 68
4.783676 75 95 25 68
4.785676 75 95 25 68
4.787676 75 95 25 68
4.789676 74 95 26 68
4.791676 74 95 26 68
4.793676 74 95 26 68
4.795676 74 95 26 68
4.797676 74 95 26 68
4.799676 74 95 26 68
4.801676 74 95 26 68
4.803676 74 95 26 68
4.805676 74 95 26 68
4.807676 74 95 26 68
4.809676 74 95 26 68
4.811676 74 95 26 68
4.813676 74 95 26 68
4.815676 74 95 26 68
4.817676 74 95 26 68
4.819676 74 95 26 68
4.821676 74 95 26 68
4.823676 74 95 26 68
4.825676 73 95 26 68
4.827676 73 95 26 68
4.829676 73 95 26 68
4.831676 73 95 26 68
4.833676 73 95 26 68
4.835676 73 95 26 68
4.837676 73 95 26 68
4.839676 73 95 26 68
4.841676 73 95 26 68
4.843676 73 95 26 68
4.845676 73 95 26 68
4.847676 73 95 26 68
4.849676 73 95 26 68
4.851676 73 95 26 68
4.853676 73 95 26 68
4.855676 73 95 26 68
4.857676 73 95 26 68
4.859676 73 95 26 68
4.861676 73 95 25 68
4.863676 73 95 25 68
4.865676 73 95 25 68
4.867676 73 95 25 68
4.869676 73 95 25 68
4.871676 73 95 25 68
4.873676 73 95 25 68
4.875676 73 95 25 68
4.877676 73 95 25 68
4.879676 73 95 25 68
4.881676 73 95 25 68
4.883676 73 95 25 68
4.885676 73 95 25 68
4.887676 73 95 25 68
4.889676 73 95 25 68
4.891676 73 95 25 68
4.893676 73 95 25 68
4.895676 73 95 25 68
4.897676 73 95 25 68
4.899676 72 95 24 67
4.901676 72 95 24 67
4.903676 72 95 24 67
4.905676 72 95 24 67
4.907676 72 95 24 67
4.909676 72 95 24 67
4.911676 72 95 24 67
4.913676 72 95 24 67
4.915676 72 95 24 67
4.917676 72 95 24 67
4.919676 72 95 24 67
4.921676 72 95 24 67
4.923676 72 95 24 67
4.925676 72 95 24 67
4.927676 72 95 24 67
4.929676 72 95 24 67
4.931676 72 95 24 67
4.933676 72 95 24 67
4.935676 72 95 24 67
4.937676 72 95 24 67
4.939676 72 95 24 67
4.941676 72 95 24 67
4.943676 72 95 24 67
4.945676 72 95 24 67
4.947676 72 95 24 67
4.949676 72 95 24 67
4.951676 72 95 24 67
4.953676 72 95 24 67
4.955676 72 95 24 67
4.957676 72 95 24 67
4.959676 72 95 24 67
4.961676 72 95 24 67
4.963676 72 95 24 67
4.965676 72 95 24 67
4.967676 72 95 24 67
4.969676 72 95 24 67
4.971676 71 95 23 67
4.973676 71 95 23 67
4.975676 71 95 23 67
4.977676 71 95 23 67
4.979676 71 95 23 67
4.981676 71 95 23 67
4.983676 71 95 23 67
4.985676 71 95 23 67
4.987676 71 95 23 67
4.989676 71 95 23 67
4.991676 71 95 23 67
4.993676 71 95 23 67
4.995676 71 95 23 67
4.997676 71 95 23 67
4.999676 71 95 23 67
5.001676 71 95 23 67
5.003676 71 95 23 67
5.005676 71 95 23 67
5.007676 71 95 22 68
5.009676 71 95 22 68
5.011676 71 95 22 68
5.013676 71 95 22 68
5.015676 71 95 22 68
5.017676 71 95 22 68
5.019676 71 95 22 68
5.021676 71 95 22 68
5.023676 71 95 22 68
5.025676 71 95 22 68
5.027676 71 95 22 68
5.029676 71 95 22 68
5.031676 71 95 22 68
5.033676 71 95 22 68
5.035676 71 95 22 68
5.037676 71 95 22 68
5.039676 71 95 22 68
5.041676 71 95 22 68
5.043676 70 95 22 68
5.045676 70 95 22 68
5.047676 70 95 22 68
5.049676 70 95 22 68
5.051676 70 95 22 68
5.053676 70 95 22 68
5.055676 70 95 22 68
5.057676 70 95 22 68
5.059676 70 95 22 68
5.061676 70 95 22 68
5.063676 70 95 22 68
5.065676 70 95 22 68
5.067676 70 95 22 68
5.069676 70 95 22 67
5.071676 70 95 22 67
5.073676 70 95 22 67
5.075676 70 95 22 67
5.077676 70 95 22 67
5.079676 70 95 22 67
5.081676 69 95 22 67
5.083676 69 95 22 67
5.085676 69 95 22 67
5.087676 69 95 22 67
5.089676 69 95 22 67
5.091676 69 95 22 67
5.093676 69 95 22 66
5.095676 69 95 22 66
5.097676 69 95 22 66
5.099676 69 95 22 66
5.101676 69 95 22 66
5.103676 69 95 22 66
5.105676 69 95 22 66
5.107676 69 95 22 66
5.109676 69 95 22 66
5.111676 69 95 22 66
5.113676 69 95 22 66
5.115676 69 95 22 66
5.117676 68 95 23 66
5.119676 68 95 23 66
5.121676 68 95 23 66
5.123676 68 95 23 66
5.125676 68 95 23 66
5.127676 68 95 23 66
5.129676 68 95 23 66
5.131676 68 95 23 66
5.133676 68 95 23 66
5.135676 68 95 23 67
5.137676 68 95 23 67
5.139676 68 95 23 67
5.141676 68 95 23 67
5.143676 68 95 23 67
5.145676 68 95 23 67
5.147676 68 95 23 67
5.149676 68 95 23 67
5.151676 68 95 23 67
5.153676 67 96 23 68
5.155676 67 96 23 68
5.157676 67 96 23 68
5.159676 67 96 23 68
5.161676 67 96 23 68
5.163676 67 96 23 68
5.165676 67 96 23 68
5.167676 67 96 23 68
5.169676 67 96 23 68
5.171676 67 96 23 69
5.173676 67 96 23 69
5.175676 67 96 23 69
5.177676 67 96 23 69
5.179676 67 96 23 69
5.181676 67 96 23 69
5.183676 67 96 23 69
5.185676 67 96 23 69
5.187676 67 96 23 69
5.189676 67 97 24 69
5.191676 67 97 24 69
5.193676 67 97 24 69
5.195676 67 97 24 69
5.197676 67 97 24 69
5.199676 67 97 24 69
5.201676 67 97 24 68
5.203676 67 97 24 68
5.205676 67 97 24 68
5.207676 67 97 24 68
5.209676 67 97 24 68
5.211676 67 97 24 67
5.213676 67 97 24 67
5.215676 67 97 24 67
5.217676 67 97 24 67
5.219676 67 97 24 67
5.221676 67 97 24 66
5.223676 67 97 24 66
5.225676 67 97 24 66
5.227676 67 97 24 66
5.229676 67 97 24 66
5.231676 67 97 24 65
5.233676 67 97 24 65
5.235676 67 97 24 65
5.237676 67 97 24 65
5.239676 67 97 24 65
5.241676 67 97 24 65
5.243676 67 97 24 64
5.245676 67 97 24 64
5.247676 67 97 24 64
5.249676 67 97 24 64
5.251676 67 97 24 64
5.253676 67 97 24 63
5.255676 67 97 24 63
5.257676 67 97 24 63
5.259676 67 97 24 63
5.261676 67 97 24 63
5.263676 66 97 23 62
5.265676 66 97 23 62
5.267676 66 97 23 62
5.269676 66 97 23 62
5.271676 66 97 23 62
5.273676 66 97 23 62
5.275676 66 97 23 62
5.277676 66 97 23 62
5.279676 66 97 23 62
5.281676 66 97 23 62
5.283676 66 97 23 62
5.285676 66 97 23 62
5.287676 66 97 23 62
5.289676 66 97 23 62
5.291676 66 97 23 62
5.293676 66 97 23 62
5.295676 66 97 23 62
5.297676 66 97 23 62
5.299676 66 98 23 61
5.301676 66 98 23 61
5.303676 66 98 23 61
5.305676 66 98 23 61
5.307676 66 98 23 61
5.309676 66 98 23 61
5.311676 66 98 23 61
5.313676 66 98 23 61
5.315676 66 98 23 61
5.317676 66 98 23 61
5.319676 66 98 23 61
5.321676 66 98 23 61
5.323676 66 98 23 61
5.325676 66 98 23 61
5.327676 66 98 23 61
5.329676 66 98 23 61
5.331676 66 98 23 61
5.333676 66 98 23 61
5.335676 66 98 22 61
5.337676 66 98 22 61
5.339676 66 98 22 61
5.341676 66 98 22 61
5.343676 66 98 22 61
5.345676 66 98 22 61
5.347676 66 98 22 61
5.349676 66 98 22 61
5.351676 66 98 22 61
5.353676 66 98 22 61
5.355676 66 98 22 61
5.357676 66 98 22 61
5.359676 66 98 22 61
5.361676 66 98 22 61
5.363676 66 98 22 61
5.365676 66 98 22 61
5.367676 66 98 22 61
5.369676 66 98 22 61
5.371676 66 98 22 61
5.373676 66 97 22 61
5.375676 66 97 22 61
5.377676 66 97 22 61
5.379676 66 97 22 61
5.381676 66 97 22 61
5.383676 66 97 22 61
5.385676 66 97 22 61
5.387676 66 97 22 61
5.389676 66 97 22 61
5.391676 66 97 22 61
5.393676 66 97 22 61
5.395676 66 97 22 61
5.397676 66 97 22 61
5.399676 66 97 22 61
5.401676 66 97 22 61
5.403676 66 97 22 61
5.405676 66 97 22 61
5.407676 66 97 22 61
5.409676 65 97 22 62
5.411676 65 97 22 62
5.413676 65 97 22 62
5.415676 65 97 22 62
5.417676 65 97 22 62
5.419676 65 97 22 62
5.421676 65 97 22 62
5.423676 65 97 22 62
5.425676 65 97 22 62
5.427676 65 97 22 62
5.429676 65 97 22 62
5.431676 65 97 22 62
5.433676 65 97 22 62
5.435676 65 97 22 62
5.437676 65 97 22 62
5.439676 65 97 22 62
5.441676 65 97 22 62
5.443676 65 97 22 62
5.445676 65 97 22 62
5.447676 65 97 22 62
5.449676 65 97 22 62
5.451676 65 97 22 62
5.453676 65 97 22 62
5.455676 65 97 22 62
5.457676 65 97 22 62
5.459676 65 97 22 62
5.461676 65 97 22 62
5.463676 65 97 22 62
5.465676 65 97 22 62
5.467676 65 97 22 62
5.469676 65 97 22 62
5.471676 65 97 22 62
5.473676 65 97 22 62
5.475676 65 97 22 62
5.477676 65 97 22 62
5.479676 65 97 22 62
5.481676 64 97 22 62
5.483676 64 97 22 62
5.485676 64 97 22 62
5.487676 64 97 22 62
5.489676 64 97 22 62
5.491676 64 97 22 62
5.493676 64 97 22 62
5.495676 64 97 22 62
5.497676 64 97 22 62
5.499676 64 97 22 62
5.501676 64 97 22 62
5.503676 64 97 22 62
5.505676 64 97 22 62
5.507676 64 97 22 62
5.509676 64 97 22 62
5.511676 64 97 22 62
5.513676 64 97 22 62
5.515676 64 97 22 62
5.517676 64 97 22 62
5.519676 64 96 22 62
5.521676 64 96 22 62
5.523676 64 96 22 62
5.525676 64 96 22 62
5.527676 64 96 22 62
5.529676 64 96 22 62
5.531676 64 96 22 62
5.533676 64 96 22 62
5.535676 64 96 22 62
5.537676 64 96 22 62
5.539676 64 96 22 62
5.541676 64 96 22 62
5.543676 64 96 22 62
5.545676 64 96 22 62
5.547676 64 96 22 62
5.549676 64 96 22 62
5.551676 64 96 22 62
5.553676 64 96 22 62
5.555676 64 96 23 62
5.557676 64 96 23 62
5.559676 64 96 23 62
5.561676 64 96 23 62
5.563676 64 96 23 62
5.565676 64 96 23 62
5.567676 64 96 23 62
5.569676 64 96 23 62
5.571676 64 96 23 62
5.573676 64 96 23 62
5.575676 64 96 23 62
5.577676 64 96 23 62
5.579676 64 96 23 61
5.581676 64 96 23 61
5.583676 64 96 23 61
5.585676 64 96 23 61
5.587676 64 96 23 61
5.589676 64 96 23 61
5.591676 64 96 23 61
5.593676 64 96 23 61
5.595676 64 96 23 61
5.597676 64 96 23 61
5.599676 64 96 23 61
5.601676 64 96 23 61
5.603676 64 96 23 60
5.605676 64 96 23 60
5.607676 64 96 23 60
5.609676 64 96 23 60
5.611676 64 96 23 60
5.613676 64 96 23 60
5.615676 64 96 23 60
5.617676 64 96 23 60
5.619676 64 96 23 60
5.621676 64 96 23 60
5.623676 64 96 23 60
5.625676 64 96 23 60
5.627676 63 96 22 59
5.629676 63 96 22 59
5.631676 63 96 22 59
5.633676 63 96 22 59
5.635676 63 96 22 59
5.637676 63 96 22 59
5.639676 63 96 22 59
5.641676 63 96 22 59
5.643676 63 96 22 59
5.645676 63 96 22 59
5.647676 63 96 22 59
5.649676 63 96 22 59
5.651676 63 96 21 59
5.653676 63 96 21 59
5.655676 63 96 21 59
5.657676 63 96 21 59
5.659676 63 96 21 59
5.661676 63 96 21 59
5.663676 63 96 21 59
5.665676 63 96 21 58
5.667676 63 96 21 58
5.669676 63 96 21 58
5.671676 63 96 21 58
5.673676 63 96 21 58
5.675676 63 96 21 58
5.677676 63 96 20 58
5.679676 63 96 20 58
5.681676 63 96 20 58
5.683676 63 96 20 58
5.685676 63 96 20 58
5.687676 63 96 20 58
5.689676 63 96 20 58
5.691676 63 96 20 58
5.693676 63 96 20 58
5.695676 63 96 20 58
5.697676 63 96 20 58
5.699676 63 96 20 58
5.701676 62 96 20 57
5.703676 62 96 20 57
5.705676 62 96 20 57
5.707676 62 96 20 57
5.709676 62 96 20 57
5.711676 62 96 20 57
5.713676 62 96 20 57
5.715676 62 96 20 57
5.717676 62 96 20 57
5.719676 62 96 20 57
5.721676 62 96 20 57
5.723676 62 96 20 57
5.725676 62 96 20 57
5.727676 62 96 20 57
5.729676 62 96 20 57
5.731676 62 96 20 57
5.733676 62 96 20 57
5.735676 62 96 20 57
5.737676 62 96 20 57
5.739676 62 96 20 57
5.741676 62 96 20 57
5.743676 62 96 20 57
5.745676 62 96 20 57
5.747676 62 96 20 57
5.749676 62 96 20 57
5.751676 62 96 20 57
5.753676 62 96 20 57
5.755676 62 96 20 57
5.757676 62 96 20 57
5.759676 62 96 20 57
5.761676 62 96 20 57
5.763676 62 96 20 57
5.765676 62 96 20 57
5.767676 62 96 20 57
5.769676 62 96 20 57
5.771676 62 96 20 57
5.773676 62 97 19 57
5.775676 62 97 19 57
5.777676 62 97 19 57
5.779676 62 97 19 57
5.781676 62 97 19 57
5.783676 62 97 19 57
5.785676 62 97 19 57
5.787676 62 97 19 57
5.789676 62 97 19 57
5.791676 62 97 19 57
5.793676 62 97 19 57
5.795676 62 97 19 57
5.797676 62 97 19 57
5.799676 62 97 19 57
5.801676 62 97 19 57
5.803676 62 97 19 57
5.805676 62 97 19 57
5.807676 62 97 19 57
5.809676 62 97 19 57
5.811676 62 97 19 57
5.813676 62 97 19 57
5.815676 62 97 19 57
5.817676 62 97 19 57
5.819676 62 97 19 57
5.821676 62 97 19 57
5.823676 62 97 19 57
5.825676 62 97 19 57
5.827676 62 97 19 57
5.829676 62 97 19 57
5.831676 62 97 19 57
5.833676 62 97 19 57
5.835676 62 97 19 57
5.837676 62 97 19 57
5.839676 62 97 19 57
5.841676 62 97 19 57
5.843676 62 97 19 57
5.845676 62 97 19 57
5.847676 61 98 19 56
5.849676 61 98 19 56
5.851676 61 98 19 56
5.853676 61 98 19 56
5.855676 61 98 19 56
5.857676 61 98 19 56
5.859676 61 98 19 56
5.861676 61 98 19 56
5.863676 61 98 19 56
5.865676 61 98 19 56
5.867676 61 98 19 56
5.869676 61 98 19 56
5.871676 61 98 19 56
5.873676 61 98 19 56
5.875676 61 98 19 56
5.877676 61 98 19 56
5.879676 61 98 19 56
5.881676 61 98 19 56
5.883676 60 98 19 56
5.885676 60 98 19 56
5.887676 60 98 19 56
5.889676 60 98 19 56
5.891676 60 98 19 56
5.893676 60 98 19 56
5.895676 60 98 19 56
5.897676 60 98 19 56
5.899676 60 98 19 56
5.901676 60 98 19 56
5.903676 60 98 19 56
5.905676 60 98 19 56
5.907676 60 98 19 56
5.909676 60 98 19 56
5.911676 60 98 19 56
5.913676 60 98 19 56
5.915676 60 98 19 56
5.917676 60 98 19 56
5.919676 59 99 20 56
5.921676 59 99 20 56
5.923676 59 99 20 56
5.925676 59 99 20 56
5.927676 59 99 20 56
5.929676 59 99 20 56
5.931676 59 99 20 56
5.933676 59 99 20 56
5.935676 59 99 20 56
5.937676 59 99 20 56
5.939676 59 99 20 56
5.941676 59 99 20 56
5.943676 59 99 20 56
5.945676 59 99 20 56
5.947676 59 99 20 56
5.949676 59 99 20 56
5.951676 59 99 20 56
5.953676 59 99 20 56
5.955676 58 99 20 56
5.957676 58 99 20 56
5.959676 58 99 20 56
5.961676 58 99 20 56
5.963676 58 99 20 56
5.965676 58 99 20 56
5.967676 58 99 20 56
5.969676 58 99 20 56
5.971676 58 99 20 56
5.973676 58 99 20 56
5.975676 58 99 20 56
5.977676 58 99 20 56
5.979676 58 99 20 56
5.981676 58 99 20 56
5.983676 58 99 20 56
5.985676 58 99 20 56
5.987676 58 99 20 56
5.989676 58 99 20 56
5.991676 58 99 20 56
5.993676 57 98 21 57
5.995676 57 98 21 57
5.997676 57 98 21 57
5.999676 57 98 21 57
6.001676 57 98 21 57
6.003676 57 98 21 57
6.005676 57 98 21 57
6.007676 57 98 21 57
6.009676 57 98 21 57
6.011676 57 98 21 57
6.013676 57 98 21 57
6.015676 57 98 21 57
6.017676 57 98 21 57
6.019676 57 98 21 57
6.021676 57 98 21 57
6.023676 57 98 21 57
6.025676 57 98 21 57
6.027676 57 98 21 57
6.029676 57 98 21 57
6.031676 57 98 21 57
6.033676 57 98 21 57
6.035676 57 98 21 57
6.037676 57 98 21 57
6.039676 57 98 21 57
6.041676 57 98 21 57
6.043676 57 98 21 57
6.045676 57 98 21 57
6.047676 57 98 21 57
6.049676 57 98 21 57
6.051676 57 98 21 57
6.053676 57 98 21 57
6.055676 57 98 21 57
6.057676 57 98 21 57
6.059676 57 98 21 57
6.061676 57 98 21 57
6.063676 57 98 21 57
6.065676 56 98 21 57
6.067676 56 98 21 57
6.069676 56 98 21 57
6.071676 56 98 21 57
6.073676 56 98 21 57
6.075676 56 98 21 57
6.077676 56 98 21 57
6.079676 56 98 21 57
6.081676 56 98 21 57
6.083676 56 98 21 57
6.085676 56 98 21 57
6.087676 56 98 21 57
6.089676 56 98 21 57
6.091676 56 98 21 57
6.093676 56 98 21 57
6.095676 56 98 21 57
6.097676 56 98 21 57
6.099676 56 98 21 57
6.101676 55 98 21 57
6.103676 55 98 21 57
6.105676 55 98 21 57
6.107676 55 98 21 57
6.109676 55 98 21 57
6.111676 55 98 21 57
6.113676 55 98 21 57
6.115676 55 98 21 57
6.117676 55 98 21 57
6.119676 55 98 21 57
6.121676 55 98 21 57
6.123676 55 98 21 57
6.125676 55 98 21 57
6.127676 55 98 21 57
6.129676 55 98 21 57
6.131676 55 98 21 57
6.133676 55 98 21 57
6.135676 55 98 21 57
6.137676 55 98 21 57
6.139676 54 98 21 56
6.141676 54 98 21 56
6.143676 54 98 21 56
6.145676 54 98 21 56
6.147676 54 98 21 56
6.149676 54 98 21 56
6.151676 54 98 21 56
6.153676 54 98 21 56
6.155676 54 98 21 56
6.157676 54 98 21 56
6.159676 54 98 21 56
6.161676 54 98 21 56
6.163676 54 98 21 56
6.165676 54 98 21 56
6.167676 54 98 21 56
6.169676 54 98 21 56
6.171676 54 98 21 56
6.173676 54 98 21 56
6.175676 54 98 21 56
6.177676 54 98 21 56
6.179676 54 98 21 56
6.181676 54 98 21 56
6.183676 54 98 21 56
6.185676 54 98 21 56
6.187676 54 98 21 56
6.189676 54 98 21 56
6.191676 54 98 21 56
6.193676 54 98 21 56
6.195676 54 98 21 56
6.197676 54 98 21 56
6.199676 54 98 21 56
6.201676 54 98 21 56
6.203676 54 98 21 56
6.205676 54 98 21 56
6.207676 54 98 21 56
6.209676 54 98 21 56
6.211676 53 98 20 56
6.213676 53 98 20 56
6.215676 53 98 20 56
6.217676 53 98 20 56
6.219676 53 98 20 56
6.221676 53 98 20 56
6.223676 53 98 20 56
6.225676 53 98 20 56
6.227676 53 98 20 56
6.229676 53 98 20 56
6.231676 53 98 20 56
6.233676 53 98 20 56
6.235676 53 98 20 56
6.237676 53 98 20 56
6.239676 53 98 20 56
6.241676 53 98 20 56
6.243676 53 98 20 56
6.245676 53 98 20 56
6.247676 53 98 20 56
6.249676 53 98 20 56
6.251676 53 98 20 56
6.253676 53 98 20 56
6.255676 53 98 20 56
6.257676 53 98 20 56
6.259676 53 98 20 56
6.261676 53 98 20 56
6.263676 53 98 20 56
6.265676 53 98 20 56
6.267676 53 98 20 56
6.269676 53 98 20 56
6.271676 53 98 20 56
6.273676 53 98 20 56
6.275676 53 98 20 56
6.277676 53 98 20 56
6.279676 53 98 20 56
6.281676 53 98 20 56
6.283676 53 98 20 56
6.285676 52 98 19 55
6.287676 52 98 19 55
6.289676 52 98 19 55
6.291676 52 98 19 55
6.293676 52 98 19 55
6.295676 52 98 19 55
6.297676 52 98 19 55
6.299676 52 98 19 55
6.301676 52 98 19 55
6.303676 52 98 19 55
6.305676 52 98 19 55
6.307676 52 98 19 55
6.309676 52 98 19 55
6.311676 52 98 19 55
6.313676 52 98 19 55
6.315676 52 98 19 55
6.317676 52 98 19 55
6.319676 52 98 19 55
6.321676 52 98 19 55
6.323676 52 98 19 55
6.325676 52 98 19 55
6.327676 52 98 19 55
6.329676 52 98 19 55
6.331676 52 98 19 55
6.333676 52 98 19 55
6.335676 52 98 19 55
6.337676 52 98 19 55
6.339676 52 98 19 55
6.341676 52 98 19 55
6.343676 52 98 19 55
6.345676 52 98 19 55
6.347676 52 98 19 55
6.349676 52 98 19 55
6.351676 52 98 19 55
6.353676 52 98 19 55
6.355676 52 98 19 55
6.357676 51 98 19 54
6.359676 51 98 19 54
6.361676 51 98 19 54
6.363676 51 98 19 54
6.365676 51 98 19 54
6.367676 51 98 19 54
6.369676 51 98 19 54
6.371676 51 98 19 54
6.373676 51 98 19 54
6.375676 51 98 19 54
6.377676 51 98 19 54
6.379676 51 98 19 54
6.381676 51 98 19 54
6.383676 51 98 19 54
6.385676 51 98 19 54
6.387676 51 98 19 54
6.389676 51 98 19 54
6.391676 51 98 19 54
6.393676 51 98 19 54
6.395676 51 98 19 54
6.397676 51 98 19 54
6.399676 51 98 19 54
6.401676 51 98 19 54
6.403676 51 98 19 54
6.405676 51 98 19 54
6.407676 51 98 19 54
6.409676 51 98 19 54
6.411676 51 98 19 54
6.413676 51 98 19 54
6.415676 51 98 19 54
6.417676 51 98 19 54
6.419676 51 98 19 54
6.421676 51 98 19 54
6.423676 51 98 19 54
6.425676 51 98 19 54
6.427676 51 98 19 54
6.429676 51 98 19 54
6.431676 51 99 19 54
6.433676 51 99 19 54
6.435676 51 99 19 54
6.437676 51 99 19 54
6.439676 51 99 19 54
6.441676 51 99 19 54
6.443676 51 99 19 54
6.445676 51 99 19 54
6.447676 51 99 19 54
6.449676 51 99 19 54
6.451676 51 99 19 54
6.453676 51 99 19 54
6.455676 51 99 19 54
6.457676 51 99 19 54
6.459676 51 99 19 54
6.461676 51 99 19 54
6.463676 51 99 19 54
6.465676 51 99 19 54
6.467676 51 99 19 54
6.469676 51 99 19 54
6.471676 51 99 19 54
6.473676 51 99 19 54
6.475676 51 99 19 54
6.477676 51 99 19 54
6.479676 51 99 19 54
6.481676 51 99 19 54
6.483676 51 99 19 54
6.485676 51 99 19 54
6.487676 51 99 19 54
6.489676 51 99 19 54
6.491676 51 99 19 54
6.493676 51 99 19 54
6.495676 51 99 19 54
6.497676 51 99 19 54
6.499676 51 99 19 54
6.501676 51 99 19 54
6.503676 50 99 20 53
6.505676 50 99 20 53
6.507676 50 99 20 53
6.509676 50 99 20 53
6.511676 50 99 20 53
6.513676 50 99 20 53
6.515676 50 99 20 53
6.517676 50 99 20 53
6.519676 50 99 20 53
6.521676 50 99 20 53
6.523676 50 99 20 53
6.525676 50 99 20 53
6.527676 50 99 20 52
6.529676 50 99 20 52
6.531676 50 99 20 52
6.533676 50 99 20 52
6.535676 50 99 20 52
6.537676 50 99 20 52
6.539676 50 99 20 52
6.541676 50 99 20 52
6.543676 50 99 20 52
6.545676 50 99 20 52
6.547676 50 99 20 52
6.549676 50 99 20 52
6.551676 50 99 20 51
6.553676 50 99 20 51
6.555676 50 99 20 51
6.557676 50 99 20 51
6.559676 50 99 20 51
6.561676 50 99 20 51
6.563676 50 99 20 51
6.565676 50 99 20 51
6.567676 50 99 20 51
6.569676 50 99 20 51
6.571676 50 99 20 51
6.573676 50 99 20 51
6.575676 50 99 20 51
