0.002964 99 148 25 68
0.004964 99 147 25 68
0.006964 99 147 25 68
0.008964 99 147 25 68
0.010964 99 147 25 68
0.012964 99 147 25 68
0.014964 99 147 25 68
0.016964 99 147 25 68
0.018964 99 147 25 68
0.020964 99 147 25 68
0.022964 99 147 25 68
0.024964 99 147 25 68
0.026964 99 147 26 68
0.028964 99 147 26 68
0.030964 99 147 26 68
0.032964 99 147 26 68
0.034964 99 147 26 68
0.036964 99 147 26 68
0.038964 99 147 26 68
0.040964 99 147 26 68
0.042964 99 147 26 68
0.044964 99 147 26 68
0.046964 99 147 26 68
0.048964 99 147 26 68
0.050964 99 146 26 69
0.052964 99 146 26 69
0.054964 99 146 26 69
0.056964 99 146 26 69
0.058964 99 146 26 69
0.060964 99 146 26 69
0.062964 99 146 26 69
0.064964 99 146 26 69
0.066964 99 146 26 69
0.068964 99 146 26 69
0.070964 99 146 26 69
0.072964 99 146 26 69
0.074964 99 146 26 69
0.076964 99 146 26 69
0.078964 99 146 26 69
0.080964 99 146 26 69
0.082964 99 146 26 69
0.084964 99 146 26 69
0.086964 99 146 26 69
0.088964 99 146 26 69
0.090964 99 146 26 69
0.092964 99 146 26 69
0.094964 99 146 26 69
0.096964 99 146 26 69
0.098964 100 146 26 69
0.100964 100 146 26 69
0.102964 100 146 26 69
0.104964 100 146 26 69
0.106964 100 146 26 69
0.108964 100 146 26 69
0.110964 100 146 26 69
0.112964 100 146 26 69
0.114964 100 146 26 69
0.116964 100 146 26 69
0.118964 100 146 26 69
0.120964 100 146 26 69
0.122964 100 147 26 68
0.124964 100 147 26 68
0.126964 100 147 26 68
0.128964 100 147 26 68
0.130964 100 147 26 68
0.132964 100 147 26 68
0.134964 100 147 26 68
0.136964 100 147 26 68
0.138964 100 147 26 68
0.140964 100 147 26 68
0.142964 100 147 26 68
0.144964 100 147 26 68
0.146964 100 147 26 68
0.148964 100 147 26 68
0.150964 100 147 26 68
0.152964 100 147 26 68
0.154964 100 147 26 68
0.156964 100 147 26 68
0.158964 100 147 26 68
0.160964 100 147 26 68
0.162964 100 147 26 68
0.164964 100 147 26 68
0.166964 100 147 26 68
0.168964 100 147 26 68
0.170964 100 147 26 68
0.172964 100 147 26 68
0.174964 100 147 26 68
0.176964 100 147 26 68
0.178964 100 147 26 68
0.180964 100 147 26 68
0.182964 100 147 26 68
0.184964 100 147 26 68
0.186964 100 147 26 68
0.188964 100 147 26 68
0.190964 100 147 26 68
0.192964 101 147 25 68
0.194964 101 147 25 68
0.196964 101 147 25 68
0.198964 101 147 25 68
0.200964 101 147 25 68
0.202964 101 147 25 68
0.204964 101 147 25 68
0.206964 101 147 25 68
0.208964 101 147 25 68
0.210964 101 147 25 68
0.212964 101 147 25 68
0.214964 101 147 25 68
0.216964 101 147 25 68
0.218964 101 147 25 68
0.220964 101 147 25 68
0.222964 101 147 25 68
0.224964 101 147 25 68
0.226964 101 147 25 68
0.228964 101 147 25 68
0.230964 101 147 25 68
0.232964 101 147 25 68
0.234964 101 147 25 68
0.236964 101 147 25 68
0.238964 101 147 25 68
0.240964 101 147 25 68
0.242964 101 147 25 68
0.244964 101 147 25 68
0.246964 101 147 25 68
0.248964 101 147 25 68
0.250964 101 147 25 68
0.252964 101 147 25 68
0.254964 101 147 25 68
0.256964 101 147 25 68
0.258964 101 147 25 68
0.260964 101 147 25 68
0.262964 101 147 25 68
0.264964 101 147 25 68
0.266964 101 147 25 68
0.268964 101 147 25 68
0.270964 101 147 25 68
0.272964 101 147 25 68
0.274964 101 147 25 68
0.276964 101 147 25 68
0.278964 101 147 25 68
0.280964 101 147 25 68
0.282964 101 147 25 68
0.284964 101 147 25 68
0.286964 102 147 25 68
0.288964 102 147 25 68
0.290964 102 147 25 68
0.292964 102 147 25 68
0.294964 102 147 25 68
0.296964 102 147 25 68
0.298964 102 147 25 68
0.300964 102 147 25 68
0.302964 102 147 25 68
0.304964 102 147 25 68
0.306964 102 147 25 68
0.308964 102 147 25 68
0.310964 102 147 25 68
0.312964 102 147 25 68
0.314964 102 147 25 68
0.316964 102 147 25 68
0.318964 102 147 25 68
0.320964 102 147 25 68
0.322964 102 147 25 68
0.324964 102 147 25 68
0.326964 102 147 25 68
0.328964 102 147 25 68
0.330964 102 147 25 68
0.332964 102 147 25 68
0.334964 102 146 25 69
0.336964 102 146 25 69
0.338964 102 146 25 69
0.340964 102 146 25 69
0.342964 102 146 25 69
0.344964 102 146 25 69
0.346964 102 146 25 69
0.348964 102 146 25 69
0.350964 102 146 25 69
0.352964 102 146 25 69
0.354964 102 146 25 69
0.356964 102 146 25 69
0.358964 102 146 26 69
0.360964 102 146 26 69
0.362964 102 146 26 69
0.364964 102 146 26 69
0.366964 102 146 26 69
0.368964 102 146 26 69
0.370964 102 146 26 69
0.372964 102 146 26 69
0.374964 102 146 26 69
0.376964 102 146 26 69
0.378964 102 146 26 69
0.380964 103 146 27 70
0.382964 103 146 27 70
0.384964 103 146 27 70
0.386964 103 146 27 70
0.388964 103 146 27 70
0.390964 103 146 27 70
0.392964 103 146 27 70
0.394964 103 146 27 70
0.396964 103 146 27 70
0.398964 103 146 27 70
0.400964 103 146 27 70
0.402964 103 146 27 70
0.404964 103 146 27 70
0.406964 103 146 27 70
0.408964 103 146 27 70
0.410964 103 146 27 70
0.412964 103 146 27 70
0.414964 103 146 27 70
0.416964 103 146 27 70
0.418964 103 146 27 70
0.420964 103 146 27 70
0.422964 103 146 27 70
0.424964 103 146 27 70
0.426964 103 146 27 70
0.428964 103 147 27 69
0.430964 103 147 27 69
0.432964 103 147 27 69
0.434964 103 147 27 69
0.436964 103 147 27 69
0.438964 103 147 27 69
0.440964 103 147 27 69
0.442964 103 147 27 69
0.444964 103 147 27 69
0.446964 103 147 27 69
0.448964 103 147 27 69
0.450964 103 147 27 69
0.452964 103 147 27 69
0.454964 103 147 27 69
0.456964 103 147 27 69
0.458964 103 147 27 69
0.460964 103 147 27 69
0.462964 103 147 27 69
0.464964 103 147 27 69
0.466964 103 147 27 69
0.468964 103 147 27 69
0.470964 103 147 27 69
0.472964 103 147 27 69
0.474964 103 147 27 69
0.476964 104 147 27 68
0.478964 104 147 27 68
0.480964 104 147 27 68
0.482964 104 147 27 68
0.484964 104 147 27 68
0.486964 104 147 27 68
0.488964 104 147 27 68
0.490964 104 147 27 68
0.492964 104 147 27 68
0.494964 104 147 27 68
0.496964 104 147 27 68
0.498964 104 148 27 68
0.500964 104 148 27 68
0.502964 104 148 27 68
0.504964 104 148 27 68
0.506964 104 148 27 68
0.508964 104 148 27 68
0.510964 104 148 27 68
0.512964 104 148 27 68
0.514964 104 148 27 68
0.516964 104 148 27 68
0.518964 104 148 27 68
0.520964 104 148 27 68
0.522964 105 149 26 67
0.524964 105 149 26 67
0.526964 105 149 26 67
0.528964 105 149 26 67
0.530964 105 149 26 67
0.532964 106 149 26 67
0.534964 106 149 25 67
0.536964 106 149 25 67
0.538964 106 149 25 67
0.540964 106 149 25 67
0.542964 107 149 25 67
0.544964 107 149 25 67
0.546964 107 149 24 67
0.548964 107 149 24 67
0.550964 108 149 24 67
0.552964 108 149 24 67
0.554964 108 149 24 67
0.556964 108 149 24 67
0.558964 108 149 23 67
0.560964 109 149 23 67
0.562964 109 149 23 67
0.564964 109 149 23 67
0.566964 109 149 23 67
0.568964 109 149 23 67
0.570964 109 148 23 67
0.572964 109 148 23 67
0.574964 109 148 23 67
0.576964 109 148 23 67
0.578964 109 148 23 67
0.580964 109 148 23 67
0.582964 109 148 23 67
0.584964 109 148 23 67
0.586964 109 148 23 67
0.588964 109 148 23 67
0.590964 109 148 23 67
0.592964 109 148 23 67
0.594964 108 147 24 68
0.596964 108 147 24 68
0.598964 108 147 24 68
0.600964 108 147 24 68
0.602964 108 147 24 68
0.604964 108 147 24 68
0.606964 108 147 24 68
0.608964 108 147 24 68
0.610964 108 147 24 68
0.612964 108 147 24 68
0.614964 108 147 24 68
0.616964 108 147 25 68
0.618964 108 147 25 68
0.620964 108 147 25 68
0.622964 108 147 25 68
0.624964 108 147 25 68
0.626964 108 147 25 68
0.628964 108 147 25 68
0.630964 108 147 25 68
0.632964 108 147 25 68
0.634964 108 147 25 68
0.636964 108 147 25 68
0.638964 108 147 25 68
0.640964 109 147 25 68
0.642964 109 147 25 68
0.644964 109 147 25 68
0.646964 109 147 25 68
0.648964 109 147 25 68
0.650964 109 147 25 68
0.652964 109 147 25 68
0.654964 109 147 25 68
0.656964 109 147 25 68
0.658964 109 147 25 68
0.660964 109 147 25 68
0.662964 109 147 25 68
0.664964 110 147 25 68
0.666964 110 147 25 68
0.668964 110 147 25 68
0.670964 110 147 25 68
0.672964 110 147 25 68
0.674964 110 147 25 68
0.676964 110 147 25 68
0.678964 110 147 25 68
0.680964 110 147 25 68
0.682964 110 147 25 68
0.684964 110 147 25 68
0.686964 110 147 25 68
0.688964 110 147 25 68
0.690964 110 147 25 68
0.692964 110 147 25 68
0.694964 110 147 25 68
0.696964 110 147 25 68
0.698964 110 147 25 68
0.700964 110 147 25 68
0.702964 110 147 25 68
0.704964 110 147 25 68
0.706964 110 147 25 68
0.708964 110 147 25 68
0.710964 110 147 25 68
0.712964 110 146 25 69
0.714964 110 146 25 69
0.716964 110 146 25 69
0.718964 110 146 25 69
0.720964 110 146 25 69
0.722964 110 146 25 69
0.724964 110 146 25 69
0.726964 110 146 26 69
0.728964 110 146 26 69
0.730964 110 146 26 69
0.732964 110 146 26 69
0.734964 110 146 26 69
0.736964 110 146 26 69
0.738964 110 146 26 69
0.740964 110 146 26 69
0.742964 110 146 27 69
0.744964 110 146 27 69
0.746964 110 146 27 69
0.748964 110 146 27 69
0.750964 110 146 27 69
0.752964 110 146 27 69
0.754964 110 146 27 69
0.756964 110 146 27 69
0.758964 110 146 28 70
0.760964 110 146 28 70
0.762964 110 146 28 70
0.764964 110 146 28 70
0.766964 110 146 28 70
0.768964 110 146 28 70
0.770964 110 146 28 70
0.772964 110 146 28 70
0.774964 110 146 28 70
0.776964 110 146 28 70
0.778964 110 146 28 70
0.780964 110 146 28 70
0.782964 110 146 29 70
0.784964 110 146 29 70
0.786964 110 146 29 70
0.788964 110 146 29 70
0.790964 110 146 29 70
0.792964 110 146 29 70
0.794964 110 146 29 70
0.796964 110 146 29 70
0.798964 110 146 29 70
0.800964 110 146 29 70
0.802964 110 146 29 70
0.804964 110 146 29 70
0.806964 111 147 29 69
0.808964 111 147 29 69
0.810964 111 147 29 69
0.812964 111 147 29 69
0.814964 111 147 29 69
0.816964 111 147 29 69
0.818964 111 147 29 69
0.820964 111 147 29 69
0.822964 111 147 29 69
0.824964 111 147 29 69
0.826964 111 147 29 69
0.828964 111 147 29 69
0.830964 112 147 28 69
0.832964 112 147 28 69
0.834964 112 147 28 69
0.836964 112 147 28 69
0.838964 112 147 28 69
0.840964 112 147 28 69
0.842964 112 147 28 69
0.844964 112 147 28 69
0.846964 112 147 28 69
0.848964 112 147 28 69
0.850964 112 147 28 69
0.852964 113 146 28 69
0.854964 113 146 28 69
0.856964 113 146 28 69
0.858964 113 146 28 69
0.860964 113 146 28 69
0.862964 113 146 28 69
0.864964 113 146 28 69
0.866964 113 146 28 69
0.868964 113 146 28 69
0.870964 113 146 28 69
0.872964 113 146 28 69
0.874964 113 146 28 69
0.876964 113 146 29 70
0.878964 113 146 29 70
0.880964 113 146 29 70
0.882964 113 146 29 70
0.884964 113 146 29 70
0.886964 113 146 29 70
0.888964 113 146 29 70
0.890964 113 146 29 70
0.892964 113 146 29 70
0.894964 113 146 29 70
0.896964 113 146 29 70
0.898964 113 146 29 70
0.900964 113 146 29 70
0.902964 113 146 29 70
0.904964 113 146 29 70
0.906964 113 146 29 70
0.908964 113 146 29 70
0.910964 113 146 29 70
0.912964 113 146 29 70
0.914964 113 146 29 70
0.916964 114 146 29 70
0.918964 114 146 29 70
0.920964 114 146 29 70
0.922964 114 146 29 70
0.924964 114 146 29 69
0.926964 114 146 29 69
0.928964 114 146 29 69
0.930964 114 146 29 69
0.932964 115 146 29 69
0.934964 115 146 29 69
0.936964 115 146 29 69
0.938964 115 146 29 69
0.940964 115 146 29 69
0.942964 115 146 29 69
0.944964 115 146 29 69
0.946964 115 146 29 69
0.948964 116 146 29 69
0.950964 116 146 29 69
0.952964 116 146 29 69
0.954964 116 146 29 69
0.956964 116 146 29 69
0.958964 116 146 29 69
0.960964 116 146 29 69
0.962964 116 146 29 69
0.964964 116 146 29 69
0.966964 116 146 29 69
0.968964 116 146 29 69
0.970964 116 146 29 69
0.972964 116 146 29 69
0.974964 116 146 29 69
0.976964 116 146 29 69
0.978964 116 146 29 69
0.980964 116 146 29 69
0.982964 116 146 29 69
0.984964 116 146 29 69
0.986964 116 146 29 69
0.988964 116 146 29 69
0.990964 116 146 29 69
0.992964 116 146 29 69
0.994964 116 145 29 70
0.996964 116 145 29 70
0.998964 116 145 29 70
1.000964 116 145 29 70
1.002964 116 145 29 70
1.004964 116 145 29 70
1.006964 116 145 29 70
1.008964 116 145 29 70
1.010964 116 145 29 70
1.012964 116 145 29 70
1.014964 116 145 29 70
1.016964 116 145 29 70
1.018964 116 145 29 71
1.020964 116 145 29 71
1.022964 116 145 29 71
1.024964 116 145 29 71
1.026964 116 145 29 71
1.028964 116 145 29 71
1.030964 116 145 29 71
1.032964 116 145 29 71
1.034964 116 145 29 71
1.036964 116 145 29 71
1.038964 116 145 29 71
1.040964 116 145 29 71
1.042964 117 144 29 72
1.044964 117 144 29 72
1.046964 117 144 29 72
1.048964 117 144 29 72
1.050964 117 144 29 72
1.052964 117 143 29 73
1.054964 117 143 29 73
1.056964 117 143 29 73
1.058964 117 143 29 73
1.060964 117 142 29 74
1.062964 117 142 29 74
1.064964 117 142 29 74
1.066964 117 142 29 74
1.068964 117 142 29 74
1.070964 117 141 29 75
1.072964 117 141 29 75
1.074964 117 141 29 75
1.076964 117 141 29 75
1.078964 117 141 29 75
1.080964 117 140 29 76
1.082964 117 140 29 76
1.084964 117 140 29 76
1.086964 117 140 29 76
1.088964 118 140 29 77
1.090964 118 140 29 77
1.092964 118 140 29 77
1.094964 118 140 29 77
1.096964 118 140 29 77
1.098964 118 140 29 77
1.100964 118 140 29 77
1.102964 118 140 29 77
1.104964 118 140 29 77
1.106964 118 140 29 77
1.108964 118 140 29 77
1.110964 118 140 29 77
1.112964 119 140 29 77
1.114964 119 140 29 77
1.116964 119 140 29 77
1.118964 119 140 29 77
1.120964 119 140 29 77
1.122964 119 140 29 77
1.124964 119 140 29 77
1.126964 119 140 29 77
1.128964 119 140 29 77
1.130964 119 140 29 77
1.132964 119 140 29 77
1.134964 119 140 29 77
1.136964 120 140 28 77
1.138964 120 140 28 77
1.140964 120 140 28 77
1.142964 120 140 28 77
1.144964 120 140 28 77
1.146964 120 140 28 77
1.148964 120 140 28 77
1.150964 120 140 28 77
1.152964 121 140 28 77
1.154964 121 140 28 77
1.156964 121 140 28 77
1.158964 121 140 28 77
1.160964 121 140 28 76
1.162964 121 140 28 76
1.164964 121 140 28 76
1.166964 121 140 28 76
1.168964 122 140 28 76
1.170964 122 140 28 76
1.172964 122 140 28 76
1.174964 122 140 28 76
1.176964 122 140 28 76
1.178964 122 140 28 76
1.180964 122 140 28 76
1.182964 122 140 28 76
1.184964 123 140 28 75
1.186964 123 140 28 75
1.188964 123 140 28 75
1.190964 123 140 28 75
1.192964 123 140 28 75
1.194964 123 140 28 75
1.196964 123 140 28 75
1.198964 123 140 28 75
1.200964 123 141 28 75
1.202964 123 141 28 75
1.204964 123 141 28 75
1.206964 123 141 28 74
1.208964 123 141 28 74
1.210964 123 141 28 74
1.212964 123 141 28 74
1.214964 123 142 28 74
1.216964 123 142 28 74
1.218964 123 142 28 74
1.220964 123 142 28 74
1.222964 123 142 28 74
1.224964 123 142 28 74
1.226964 123 142 28 74
1.228964 123 142 28 74
1.230964 124 142 28 74
1.232964 124 142 28 74
1.234964 124 142 28 74
1.236964 124 142 28 74
1.238964 124 142 28 74
1.240964 124 142 28 74
1.242964 124 142 28 74
1.244964 124 142 28 74
1.246964 124 142 28 74
1.248964 124 142 28 74
1.250964 124 142 28 74
1.252964 124 142 28 74
1.254964 124 141 28 74
1.256964 124 141 28 74
1.258964 124 141 28 74
1.260964 124 141 28 74
1.262964 124 141 28 74
1.264964 124 141 28 74
1.266964 124 141 28 74
1.268964 124 141 28 74
1.270964 124 141 28 74
1.272964 124 141 28 74
1.274964 124 141 28 74
1.276964 124 141 28 74
1.278964 124 141 27 75
1.280964 124 141 27 75
1.282964 124 141 27 75
1.284964 124 141 27 75
1.286964 124 141 27 75
1.288964 124 141 27 75
1.290964 124 141 27 75
1.292964 124 141 27 75
1.294964 124 141 27 75
1.296964 124 141 27 75
1.298964 124 141 27 75
1.300964 124 141 27 75
1.302964 124 141 27 75
1.304964 124 141 27 75
1.306964 124 141 27 75
1.308964 124 141 27 75
1.310964 124 141 27 75
1.312964 124 141 27 75
1.314964 124 141 27 75
1.316964 124 141 27 75
1.318964 124 141 27 75
1.320964 124 141 27 75
1.322964 124 141 27 75
1.324964 124 141 27 75
1.326964 125 141 26 75
1.328964 125 141 26 75
1.330964 125 141 26 75
1.332964 125 141 26 75
1.334964 125 141 26 75
1.336964 125 141 26 75
1.338964 125 141 26 75
1.340964 125 140 26 76
1.342964 125 140 26 76
1.344964 125 140 26 76
1.346964 125 140 26 76
1.348964 126 140 26 76
1.350964 126 140 26 76
1.352964 126 140 26 76
1.354964 126 140 26 76
1.356964 126 139 26 77
1.358964 126 139 26 77
1.360964 126 139 26 77
1.362964 126 139 26 77
1.364964 126 139 26 77
1.366964 126 139 26 77
1.368964 126 139 26 77
1.370964 126 139 26 77
1.372964 127 139 26 78
1.374964 127 139 26 78
1.376964 127 139 26 78
1.378964 127 139 26 78
1.380964 127 139 26 78
1.382964 127 139 26 78
1.384964 127 139 26 78
1.386964 127 139 26 78
1.388964 127 139 26 78
1.390964 127 139 26 78
1.392964 127 139 26 78
1.394964 127 139 26 78
1.396964 127 139 26 78
1.398964 127 139 26 78
1.400964 127 139 26 78
1.402964 127 139 26 78
1.404964 127 139 26 78
1.406964 127 139 26 78
1.408964 127 139 26 78
1.410964 127 139 26 78
1.412964 127 139 26 78
1.414964 127 139 26 78
1.416964 127 139 26 78
1.418964 127 139 26 78
1.420964 127 139 26 78
1.422964 127 139 26 78
1.424964 127 139 26 78
1.426964 127 139 26 78
1.428964 127 139 26 78
1.430964 127 139 26 78
1.432964 127 139 26 78
1.434964 127 139 26 78
1.436964 127 139 26 78
1.438964 127 139 26 78
1.440964 127 139 26 78
1.442964 127 139 26 78
1.444964 127 139 26 78
1.446964 127 139 26 78
1.448964 127 139 26 78
1.450964 127 139 26 78
1.452964 127 139 26 78
1.454964 127 139 26 78
1.456964 127 139 26 78
1.458964 127 139 26 78
1.460964 127 139 26 78
1.462964 127 139 26 78
1.464964 127 139 26 78
1.466964 128 139 26 78
1.468964 128 139 26 78
1.470964 128 139 26 78
1.472964 128 139 26 78
1.474964 128 139 26 78
1.476964 128 139 26 78
1.478964 128 139 26 78
1.480964 128 139 26 78
1.482964 128 139 26 78
1.484964 128 139 26 78
1.486964 128 139 26 78
1.488964 128 139 26 78
1.490964 128 139 26 78
1.492964 128 139 26 78
1.494964 128 139 26 78
1.496964 128 139 26 78
1.498964 128 139 26 78
1.500964 128 139 26 78
1.502964 128 139 26 78
1.504964 128 139 26 78
1.506964 128 139 26 78
1.508964 128 139 26 78
1.510964 128 139 26 78
1.512964 128 139 26 78
1.514964 129 139 26 78
1.516964 129 139 26 78
1.518964 129 139 26 78
1.520964 129 139 26 78
1.522964 129 139 26 78
1.524964 129 139 26 78
1.526964 129 139 26 78
1.528964 129 139 26 78
1.530964 129 139 26 78
1.532964 129 139 26 78
1.534964 129 139 26 78
1.536964 129 139 26 78
1.538964 129 139 26 78
1.540964 129 139 26 78
1.542964 129 139 26 78
1.544964 129 139 26 78
1.546964 129 139 26 78
1.548964 129 139 26 78
1.550964 129 139 26 78
1.552964 129 139 26 78
1.554964 129 139 26 78
1.556964 129 139 26 78
1.558964 129 139 26 78
1.560964 129 139 26 78
1.562964 130 139 26 78
1.564964 130 139 26 78
1.566964 130 139 26 78
1.568964 130 139 26 78
1.570964 130 139 26 78
1.572964 130 139 26 78
1.574964 130 139 26 78
1.576964 130 139 26 78
1.578964 130 139 26 78
1.580964 130 139 26 78
1.582964 130 139 26 78
1.584964 130 139 26 78
1.586964 130 139 26 78
1.588964 130 139 26 78
1.590964 130 139 26 78
1.592964 130 139 26 78
1.594964 130 139 26 78
1.596964 130 139 26 78
1.598964 130 139 26 78
1.600964 130 139 26 78
1.602964 130 139 26 78
1.604964 130 139 26 78
1.606964 130 139 26 78
1.608964 131 139 26 78
1.610964 131 139 26 78
1.612964 131 139 26 78
1.614964 131 139 26 78
1.616964 131 139 26 78
1.618964 131 139 26 78
1.620964 131 139 26 78
1.622964 131 139 26 78
1.624964 131 139 26 78
1.626964 131 139 26 78
1.628964 131 139 26 78
1.630964 131 139 26 78
1.632964 131 139 26 78
1.634964 131 139 26 78
1.636964 131 139 26 78
1.638964 131 139 26 78
1.640964 131 139 26 78
1.642964 131 139 26 78
1.644964 131 139 26 78
1.646964 131 139 26 78
1.648964 131 139 26 78
1.650964 131 139 26 78
1.652964 131 139 26 78
1.654964 131 139 26 78
1.656964 132 139 26 78
1.658964 132 139 26 78
1.660964 132 139 26 78
1.662964 132 139 26 78
1.664964 132 139 26 78
1.666964 132 139 26 78
1.668964 132 139 26 78
1.670964 132 139 26 78
1.672964 132 139 26 78
1.674964 132 139 26 78
1.676964 132 139 26 78
1.678964 132 139 26 78
1.680964 132 139 26 78
1.682964 132 139 26 78
1.684964 132 139 26 78
1.686964 132 139 26 78
1.688964 132 139 26 78
1.690964 132 139 26 78
1.692964 132 139 26 78
1.694964 132 139 26 78
1.696964 132 139 26 78
1.698964 132 139 26 78
1.700964 132 139 26 78
1.702964 133 138 26 78
1.704964 133 138 26 78
1.706964 133 138 26 78
1.708964 133 138 26 78
1.710964 133 138 26 78
1.712964 133 138 26 78
1.714964 133 138 26 78
1.716964 133 138 26 78
1.718964 134 138 26 78
1.720964 134 138 26 78
1.722964 134 138 26 78
1.724964 134 138 26 78
1.726964 134 137 26 78
1.728964 134 137 26 78
1.730964 134 137 26 78
1.732964 134 137 26 78
1.734964 135 137 26 78
1.736964 135 137 26 78
1.738964 135 137 26 78
1.740964 135 137 26 78
1.742964 135 137 26 78
1.744964 135 137 26 78
1.746964 135 137 26 78
1.748964 135 137 26 78
1.750964 136 137 26 79
1.752964 136 137 26 79
1.754964 136 137 26 79
1.756964 136 137 26 79
1.758964 136 137 26 79
1.760964 136 137 26 79
1.762964 136 137 26 79
1.764964 136 137 26 79
1.766964 136 137 26 79
1.768964 136 137 26 79
1.770964 136 137 26 79
1.772964 136 137 26 79
1.774964 136 137 26 79
1.776964 136 137 26 79
1.778964 136 137 26 79
1.780964 136 137 26 79
1.782964 136 137 26 79
1.784964 136 137 26 79
1.786964 136 137 26 79
1.788964 136 137 26 79
1.790964 136 137 26 79
1.792964 136 137 26 79
1.794964 136 137 26 79
1.796964 136 137 26 79
1.798964 136 137 26 79
1.800964 136 137 26 79
1.802964 136 137 26 79
1.804964 136 137 26 79
1.806964 136 137 27 79
1.808964 136 137 27 79
1.810964 136 137 27 79
1.812964 136 137 27 79
1.814964 136 137 27 79
1.816964 136 137 28 79
1.818964 136 137 28 79
1.820964 136 137 28 79
1.822964 136 137 28 79
1.824964 136 137 28 79
1.826964 136 137 29 79
1.828964 136 137 29 79
1.830964 136 137 29 79
1.832964 136 137 29 79
1.834964 136 137 30 79
1.836964 136 137 30 79
1.838964 136 137 30 79
1.840964 136 137 30 79
1.842964 136 137 30 79
1.844964 136 137 31 80
1.846964 136 137 31 80
1.848964 136 137 31 80
1.850964 136 137 31 80
1.852964 136 137 32 80
1.854964 136 137 32 80
1.856964 136 137 32 80
1.858964 136 137 32 80
1.860964 136 137 33 80
1.862964 136 137 33 80
1.864964 136 137 33 80
1.866964 136 137 33 80
1.868964 136 137 34 80
1.870964 136 137 34 80
1.872964 136 137 34 80
1.874964 136 137 34 80
1.876964 136 137 35 80
1.878964 136 137 35 80
1.880964 136 137 35 80
1.882964 136 137 35 80
1.884964 136 137 36 80
1.886964 136 137 36 80
1.888964 136 137 36 80
1.890964 136 137 36 80
1.892964 136 137 37 81
1.894964 136 137 37 81
1.896964 136 137 37 81
1.898964 136 137 37 81
1.900964 136 137 37 81
1.902964 136 137 37 81
1.904964 136 137 37 81
1.906964 136 137 37 81
1.908964 137 137 37 81
1.910964 137 137 37 81
1.912964 137 137 37 81
1.914964 137 137 37 81
1.916964 137 137 37 81
1.918964 137 137 37 81
1.920964 137 137 37 81
1.922964 137 137 37 81
1.924964 138 137 37 81
1.926964 138 137 37 81
1.928964 138 137 37 81
1.930964 138 137 37 81
1.932964 138 137 37 81
1.934964 138 137 37 81
1.936964 138 137 37 81
1.938964 139 137 37 81
1.940964 139 137 37 81
1.942964 139 137 37 81
1.944964 139 137 37 81
1.946964 139 137 37 81
1.948964 139 137 37 81
1.950964 139 137 37 81
1.952964 139 137 37 81
1.954964 139 137 37 81
1.956964 139 137 37 81
1.958964 139 137 37 81
1.960964 139 137 37 81
1.962964 139 137 38 81
1.964964 139 137 38 81
1.966964 139 137 38 81
1.968964 139 137 38 81
1.970964 139 137 38 81
1.972964 139 137 38 81
1.974964 139 137 38 81
1.976964 139 137 38 81
1.978964 139 137 38 81
1.980964 139 137 38 81
1.982964 139 137 38 81
1.984964 139 137 38 81
1.986964 140 137 38 82
1.988964 140 137 38 82
1.990964 140 137 38 82
1.992964 140 137 38 82
1.994964 140 137 38 82
1.996964 140 137 38 82
1.998964 140 137 38 82
2.000964 140 137 38 82
2.002964 140 137 38 82
2.004964 140 137 38 82
2.006964 140 137 38 82
2.008964 140 137 38 82
2.010964 141 137 37 82
2.012964 141 137 37 82
2.014964 141 137 37 82
2.016964 141 137 37 82
2.018964 141 137 37 82
2.020964 141 137 37 82
2.022964 141 137 37 82
2.024964 141 137 37 82
2.026964 141 137 37 82
2.028964 141 137 37 82
2.030964 141 137 37 82
2.032964 141 137 37 82
2.034964 142 137 36 82
2.036964 142 137 36 82
2.038964 142 137 36 82
2.040964 142 137 36 82
2.042964 142 137 36 82
2.044964 142 137 36 82
2.046964 142 137 36 82
2.048964 142 137 36 82
2.050964 142 137 36 82
2.052964 142 137 36 82
2.054964 142 137 36 82
2.056964 142 137 36 82
2.058964 142 137 36 82
2.060964 142 137 36 82
2.062964 142 137 36 82
2.064964 142 137 36 82
2.066964 142 137 36 82
2.068964 142 137 36 82
2.070964 142 137 36 82
2.072964 142 137 36 82
2.074964 142 137 36 82
2.076964 142 137 36 82
2.078964 142 137 36 82
2.080964 142 137 36 82
2.082964 142 137 36 82
2.084964 142 137 36 82
2.086964 142 137 36 82
2.088964 142 137 36 82
2.090964 142 137 36 82
2.092964 142 137 36 82
2.094964 142 137 36 82
2.096964 142 137 36 82
2.098964 142 137 36 82
2.100964 142 137 36 82
2.102964 142 137 36 82
2.104964 142 137 36 82
2.106964 142 137 36 82
2.108964 142 137 36 82
2.110964 142 137 36 82
2.112964 142 137 36 82
2.114964 142 137 36 82
2.116964 142 137 36 82
2.118964 142 137 36 82
2.120964 142 137 36 82
2.122964 142 137 36 82
2.124964 142 137 36 82
2.126964 142 137 36 82
2.128964 142 136 35 82
2.130964 142 136 35 82
2.132964 142 136 35 82
2.134964 142 136 34 82
2.136964 143 136 34 82
2.138964 143 136 34 82
2.140964 143 135 33 83
2.142964 143 135 33 83
2.144964 144 135 33 83
2.146964 144 135 32 83
2.148964 144 135 32 83
2.150964 144 135 32 83
2.152964 145 134 31 84
2.154964 145 134 31 84
2.156964 145 134 31 84
2.158964 145 134 30 84
2.160964 146 134 30 84
2.162964 146 134 30 84
2.164964 146 133 29 85
2.166964 146 133 29 85
2.168964 147 133 28 85
2.170964 147 133 28 85
2.172964 147 133 28 85
2.174964 148 133 28 86
2.176964 148 133 28 86
2.178964 148 133 28 86
2.180964 148 133 28 86
2.182964 148 133 28 86
2.184964 148 133 28 86
2.186964 148 133 28 86
2.188964 148 133 28 86
2.190964 148 133 28 86
2.192964 148 133 28 86
2.194964 148 133 28 86
2.196964 148 133 28 86
2.198964 148 133 28 86
2.200964 148 133 28 86
2.202964 148 133 28 86
2.204964 148 133 28 86
2.206964 148 133 28 86
2.208964 148 133 28 86
2.210964 148 133 28 86
2.212964 148 133 28 86
2.214964 148 133 28 86
2.216964 148 133 28 86
2.218964 148 133 28 86
2.220964 148 133 28 86
2.222964 148 132 28 86
2.224964 148 132 28 86
2.226964 148 132 28 86
2.228964 148 132 28 86
2.230964 148 132 28 86
2.232964 148 132 28 86
2.234964 148 132 28 86
2.236964 148 132 28 86
2.238964 148 132 28 86
2.240964 148 132 28 86
2.242964 148 132 28 86
2.244964 148 132 28 86
2.246964 149 132 28 86
2.248964 149 132 28 86
2.250964 149 132 28 86
2.252964 149 132 28 86
2.254964 149 132 28 86
2.256964 149 132 28 86
2.258964 149 132 28 86
2.260964 149 132 28 86
2.262964 149 132 28 86
2.264964 149 132 28 86
2.266964 149 132 28 86
2.268964 149 132 28 86
2.270964 150 132 28 86
2.272964 150 132 28 86
2.274964 150 132 28 86
2.276964 150 132 28 86
2.278964 150 132 28 86
2.280964 150 132 28 86
2.282964 150 132 28 86
2.284964 150 132 28 86
2.286964 150 132 28 86
2.288964 150 132 28 86
2.290964 150 132 28 86
2.292964 150 132 27 86
2.294964 150 132 27 86
2.296964 150 132 27 86
2.298964 150 132 27 86
2.300964 150 132 27 86
2.302964 150 132 27 86
2.304964 150 132 27 86
2.306964 150 132 27 86
2.308964 150 132 27 86
2.310964 150 132 27 86
2.312964 150 132 27 86
2.314964 150 132 27 86
2.316964 151 132 27 87
2.318964 151 132 27 87
2.320964 151 132 27 87
2.322964 151 132 27 87
2.324964 151 132 27 87
2.326964 151 132 27 87
2.328964 151 132 27 87
2.330964 151 132 27 87
2.332964 151 132 27 87
2.334964 151 132 27 87
2.336964 151 132 27 87
2.338964 151 132 27 87
2.340964 151 132 27 88
2.342964 151 132 27 88
2.344964 151 132 27 88
2.346964 151 132 27 88
2.348964 151 132 27 88
2.350964 151 132 27 88
2.352964 151 132 27 88
2.354964 151 132 27 88
2.356964 151 132 27 88
2.358964 151 132 27 88
2.360964 151 132 27 88
2.362964 151 132 27 88
2.364964 152 131 27 89
2.366964 152 131 27 89
2.368964 152 131 27 89
2.370964 152 131 27 89
2.372964 152 131 27 89
2.374964 152 131 27 89
2.376964 152 131 27 89
2.378964 152 131 27 89
2.380964 152 131 27 89
2.382964 152 131 27 89
2.384964 152 131 27 89
2.386964 152 131 27 89
2.388964 152 131 27 89
2.390964 152 131 27 89
2.392964 152 131 27 89
2.394964 152 131 27 89
2.396964 152 131 27 89
2.398964 152 131 27 89
2.400964 152 131 27 89
2.402964 152 131 27 89
2.404964 152 131 27 89
2.406964 152 131 27 89
2.408964 152 131 27 89
2.410964 153 131 27 88
2.412964 153 131 27 88
2.414964 153 131 27 88
2.416964 153 131 27 88
2.418964 153 131 27 88
2.420964 153 131 27 88
2.422964 153 131 27 88
2.424964 153 131 27 88
2.426964 153 131 27 88
2.428964 153 131 27 88
2.430964 153 131 27 88
2.432964 153 131 27 88
2.434964 153 131 27 88
2.436964 153 131 27 88
2.438964 153 131 27 88
2.440964 153 131 27 88
2.442964 153 131 27 88
2.444964 153 131 27 88
2.446964 153 131 27 88
2.448964 153 131 27 88
2.450964 153 131 27 88
2.452964 153 131 27 88
2.454964 153 131 27 88
2.456964 153 131 27 88
2.458964 154 132 27 88
2.460964 154 132 27 88
2.462964 154 132 27 88
2.464964 154 132 27 88
2.466964 154 132 27 88
2.468964 154 132 27 88
2.470964 154 132 27 88
2.472964 154 132 27 88
2.474964 154 132 27 88
2.476964 154 132 27 88
2.478964 154 132 27 88
2.480964 154 132 27 88
2.482964 154 132 27 88
2.484964 154 132 27 88
2.486964 154 132 27 88
2.488964 154 132 27 88
2.490964 154 132 27 88
2.492964 154 132 27 88
2.494964 154 132 27 88
2.496964 154 132 27 88
2.498964 154 132 27 88
2.500964 154 132 27 88
2.502964 154 132 27 88
2.504964 154 132 27 88
2.506964 154 131 28 89
2.508964 154 131 28 89
2.510964 154 131 28 89
2.512964 154 131 28 89
2.514964 154 131 28 89
2.516964 154 131 28 89
2.518964 154 131 28 89
2.520964 154 131 28 89
2.522964 154 131 29 89
2.524964 154 131 29 89
2.526964 154 131 29 89
2.528964 154 131 29 89
2.530964 155 131 29 89
2.532964 155 131 29 89
2.534964 155 131 29 89
2.536964 155 131 30 89
2.538964 155 131 30 89
2.540964 155 131 30 89
2.542964 155 131 30 89
2.544964 155 131 30 89
2.546964 155 131 30 89
2.548964 155 131 30 89
2.550964 155 131 30 89
2.552964 156 131 31 89
2.554964 156 131 31 89
2.556964 156 131 31 89
2.558964 156 131 31 89
2.560964 156 131 31 89
2.562964 156 131 31 89
2.564964 156 131 31 89
2.566964 156 131 31 89
2.568964 156 131 31 89
2.570964 156 131 31 89
2.572964 156 131 31 89
2.574964 156 131 31 89
2.576964 156 131 31 89
2.578964 156 131 31 89
2.580964 156 131 31 89
2.582964 156 131 31 89
2.584964 156 131 31 89
2.586964 156 131 31 89
2.588964 156 131 31 89
2.590964 156 131 31 89
2.592964 156 131 31 89
2.594964 156 131 31 89
2.596964 156 131 31 89
2.598964 156 131 31 89
2.600964 157 131 31 89
2.602964 157 131 31 89
2.604964 157 131 31 89
2.606964 157 131 31 89
2.608964 157 131 31 89
2.610964 157 131 31 89
2.612964 157 130 31 90
2.614964 157 130 31 90
2.616964 157 130 31 90
2.618964 157 130 31 90
2.620964 157 130 31 90
2.622964 157 130 31 90
2.624964 157 129 32 91
2.626964 157 129 32 91
2.628964 157 129 32 91
2.630964 157 129 32 91
2.632964 157 129 32 91
2.634964 157 129 32 91
2.636964 157 128 32 92
2.638964 157 128 32 92
2.640964 157 128 32 92
2.642964 157 128 32 92
2.644964 157 128 32 92
2.646964 157 128 32 92
2.648964 157 128 33 92
2.650964 157 128 33 92
2.652964 157 128 33 92
2.654964 157 128 33 92
2.656964 157 128 33 92
2.658964 157 128 33 92
2.660964 157 128 33 92
2.662964 157 128 33 92
2.664964 157 128 33 92
2.666964 157 128 33 92
2.668964 157 128 33 92
2.670964 157 128 34 92
2.672964 157 128 34 92
2.674964 157 128 34 92
2.676964 157 128 34 92
2.678964 157 128 34 92
2.680964 157 128 34 92
2.682964 157 128 34 92
2.684964 157 128 34 92
2.686964 157 128 34 92
2.688964 157 128 34 92
2.690964 157 128 34 92
2.692964 157 128 34 92
2.694964 157 129 35 91
2.696964 157 129 35 91
2.698964 157 129 35 91
2.700964 157 129 35 91
2.702964 157 129 35 91
2.704964 157 129 35 91
2.706964 157 129 35 91
2.708964 157 129 35 91
2.710964 157 129 35 91
2.712964 157 129 35 91
2.714964 157 129 35 91
2.716964 157 129 35 91
2.718964 158 130 35 90
2.720964 158 130 35 90
2.722964 158 130 35 90
2.724964 158 130 35 90
2.726964 158 130 35 90
2.728964 158 130 35 90
2.730964 158 130 35 90
2.732964 158 130 35 90
2.734964 158 130 35 90
2.736964 158 130 35 90
2.738964 158 130 35 90
2.740964 158 130 35 90
2.742964 159 131 34 89
2.744964 159 131 34 89
2.746964 159 131 34 89
2.748964 159 131 34 89
2.750964 159 131 34 89
2.752964 159 131 34 89
2.754964 159 131 34 89
2.756964 159 131 34 89
2.758964 159 131 34 89
2.760964 159 131 34 89
2.762964 159 131 34 89
2.764964 159 131 34 89
2.766964 159 131 34 89
2.768964 159 131 34 89
2.770964 159 131 34 89
2.772964 159 131 34 89
2.774964 159 131 34 89
2.776964 159 131 34 89
2.778964 159 131 34 89
2.780964 159 131 34 89
2.782964 159 131 34 89
2.784964 159 131 34 89
2.786964 159 131 34 89
2.788964 160 131 34 89
2.790964 160 131 34 89
2.792964 160 131 34 89
2.794964 160 131 34 89
2.796964 160 131 34 89
2.798964 160 131 34 89
2.800964 160 131 34 89
2.802964 160 131 34 89
2.804964 160 131 34 89
2.806964 160 131 34 89
2.808964 160 131 34 89
2.810964 160 131 34 89
2.812964 160 131 34 89
2.814964 160 131 34 89
2.816964 160 131 34 89
2.818964 160 131 34 89
2.820964 160 131 34 89
2.822964 160 131 34 89
2.824964 160 131 34 89
2.826964 160 131 34 89
2.828964 160 131 34 89
2.830964 160 131 34 89
2.832964 160 131 34 89
2.834964 160 131 34 89
2.836964 160 131 35 90
2.838964 160 131 35 90
2.840964 160 131 35 90
2.842964 160 131 35 90
2.844964 160 131 35 90
2.846964 160 131 35 90
2.848964 160 131 35 90
2.850964 160 131 35 90
2.852964 160 131 36 90
2.854964 160 131 36 90
2.856964 160 131 36 90
2.858964 160 131 36 90
2.860964 160 131 36 90
2.862964 160 131 36 90
2.864964 160 131 36 90
2.866964 160 131 36 90
2.868964 160 131 37 90
2.870964 160 131 37 90
2.872964 160 131 37 90
2.874964 160 131 37 90
2.876964 160 131 37 90
2.878964 160 131 37 90
2.880964 160 131 37 90
2.882964 160 131 37 90
2.884964 160 130 38 90
2.886964 160 130 38 90
2.888964 160 130 38 90
2.890964 160 130 38 90
2.892964 160 130 38 90
2.894964 160 130 38 90
2.896964 160 130 38 90
2.898964 160 130 38 90
2.900964 160 130 38 90
2.902964 160 130 38 90
2.904964 160 130 38 90
2.906964 160 130 39 91
2.908964 160 130 39 91
2.910964 160 130 39 91
2.912964 160 130 39 91
2.914964 160 130 39 91
2.916964 160 130 39 91
2.918964 160 130 39 91
2.920964 160 130 39 91
2.922964 160 130 39 91
2.924964 160 130 39 91
2.926964 160 130 39 91
2.928964 160 130 39 91
2.930964 159 129 40 92
2.932964 159 129 40 92
2.934964 159 129 40 92
2.936964 159 129 40 92
2.938964 159 129 40 92
2.940964 159 129 40 92
2.942964 159 129 40 92
2.944964 159 129 40 92
2.946964 159 129 40 92
2.948964 159 129 40 92
2.950964 159 129 40 92
2.952964 159 129 40 92
2.954964 159 128 40 93
2.956964 159 128 40 93
2.958964 159 128 40 93
2.960964 159 128 40 93
2.962964 159 128 40 93
2.964964 159 128 40 93
2.966964 159 128 40 93
2.968964 159 128 40 93
2.970964 159 128 40 93
2.972964 159 128 40 93
2.974964 159 128 40 93
2.976964 159 128 40 93
2.978964 159 127 40 94
2.980964 159 127 40 94
2.982964 159 127 40 94
2.984964 159 127 40 94
2.986964 159 127 40 94
2.988964 159 127 40 94
2.990964 159 127 40 94
2.992964 159 127 40 94
2.994964 159 127 40 94
2.996964 159 127 40 94
2.998964 159 127 40 94
3.000964 159 127 40 94
3.002964 159 127 39 94
3.004964 159 127 39 94
3.006964 159 127 39 94
3.008964 159 127 39 94
3.010964 159 127 39 94
3.012964 159 127 39 94
3.014964 159 127 39 94
3.016964 159 127 39 94
3.018964 159 127 39 94
3.020964 159 127 39 94
3.022964 159 127 39 94
3.024964 159 127 38 95
3.026964 159 127 38 95
3.028964 159 127 38 95
3.030964 159 127 38 95
3.032964 159 127 38 95
3.034964 159 127 38 95
3.036964 159 127 38 95
3.038964 159 127 38 95
3.040964 159 127 38 95
3.042964 159 127 38 95
3.044964 159 127 38 95
3.046964 159 127 38 95
3.048964 159 128 37 95
3.050964 159 128 37 95
3.052964 159 128 37 95
3.054964 159 128 37 95
3.056964 159 128 37 95
3.058964 159 128 37 95
3.060964 159 128 37 95
3.062964 159 128 37 95
3.064964 159 128 37 95
3.066964 159 128 37 95
3.068964 159 128 37 95
3.070964 159 128 37 95
3.072964 159 129 36 96
3.074964 159 129 36 96
3.076964 159 129 36 96
3.078964 159 129 36 96
3.080964 159 129 36 96
3.082964 159 129 36 96
3.084964 159 129 36 96
3.086964 159 129 36 96
3.088964 159 129 36 96
3.090964 159 129 36 96
3.092964 159 129 36 96
3.094964 159 129 36 96
3.096964 159 129 36 96
3.098964 159 129 36 96
3.100964 159 129 36 96
3.102964 159 129 36 96
3.104964 159 129 36 96
3.106964 159 129 36 96
3.108964 159 129 36 96
3.110964 159 129 36 96
3.112964 159 129 36 96
3.114964 159 129 36 96
3.116964 159 129 36 96
3.118964 159 129 36 96
3.120964 158 129 35 95
3.122964 158 129 35 95
3.124964 158 129 35 95
3.126964 158 129 35 95
3.128964 158 129 35 95
3.130964 158 129 35 95
3.132964 158 129 35 95
3.134964 158 129 35 95
3.136964 158 129 35 95
3.138964 158 129 35 95
3.140964 158 129 35 95
3.142964 158 129 35 95
3.144964 158 129 35 95
3.146964 158 129 35 95
3.148964 158 129 35 95
3.150964 158 129 35 95
3.152964 158 129 35 95
3.154964 158 129 35 95
3.156964 158 129 35 95
3.158964 158 129 35 95
3.160964 158 129 35 95
3.162964 158 129 35 95
3.164964 158 129 35 95
3.166964 157 128 35 95
3.168964 157 128 35 95
3.170964 157 128 35 95
3.172964 157 128 35 95
3.174964 157 128 35 95
3.176964 157 128 35 95
3.178964 157 128 35 95
3.180964 157 128 35 95
3.182964 157 128 35 96
3.184964 157 128 35 96
3.186964 157 128 35 96
3.188964 157 128 35 96
3.190964 156 128 36 96
3.192964 156 128 36 96
3.194964 156 128 36 96
3.196964 156 128 36 96
3.198964 156 128 36 97
3.200964 156 128 36 97
3.202964 156 128 36 97
3.204964 156 128 36 97
3.206964 156 128 36 97
3.208964 156 128 36 97
3.210964 156 128 36 97
3.212964 156 128 36 97
3.214964 156 127 37 98
3.216964 156 127 37 98
3.218964 156 127 37 98
3.220964 156 127 37 98
3.222964 156 127 37 98
3.224964 156 127 37 98
3.226964 156 127 37 98
3.228964 156 127 37 98
3.230964 156 126 37 99
3.232964 156 126 37 99
3.234964 156 126 37 99
3.236964 156 126 37 99
3.238964 156 126 37 99
3.240964 156 126 37 99
3.242964 156 126 37 99
3.244964 156 126 37 99
3.246964 156 125 37 100
3.248964 156 125 37 100
3.250964 156 125 37 100
3.252964 156 125 37 100
3.254964 156 125 37 100
3.256964 156 125 37 100
3.258964 156 125 37 100
3.260964 155 124 37 101
3.262964 155 124 37 101
3.264964 155 124 37 101
3.266964 155 124 37 101
3.268964 155 124 37 101
3.270964 155 124 37 101
3.272964 154 124 37 101
3.274964 154 124 37 101
3.276964 154 124 37 102
3.278964 154 124 37 102
3.280964 154 124 37 102
3.282964 154 124 37 102
3.284964 153 124 37 102
3.286964 153 124 37 102
3.288964 153 124 37 102
3.290964 153 124 37 102
3.292964 153 124 37 103
3.294964 153 124 37 103
3.296964 152 124 37 103
3.298964 152 124 37 103
3.300964 152 124 37 103
3.302964 152 124 37 103
3.304964 152 124 37 103
3.306964 152 124 37 103
3.308964 151 123 38 104
3.310964 151 123 38 104
3.312964 151 123 38 104
3.314964 151 123 38 104
3.316964 151 123 38 104
3.318964 151 123 38 104
3.320964 151 123 38 104
3.322964 151 123 38 104
3.324964 151 123 38 104
3.326964 151 123 38 104
3.328964 151 123 38 104
3.330964 151 123 38 104
3.332964 151 123 38 104
3.334964 151 123 38 104
3.336964 151 123 38 104
3.338964 151 123 38 104
3.340964 151 123 38 104
3.342964 151 123 38 104
3.344964 151 123 38 104
3.346964 151 123 38 104
3.348964 151 123 38 104
3.350964 151 123 38 104
3.352964 151 123 38 104
3.354964 151 123 38 104
3.356964 150 123 38 104
3.358964 150 123 38 104
3.360964 150 123 38 104
3.362964 150 123 38 104
3.364964 150 123 38 104
3.366964 150 123 38 104
3.368964 150 123 38 104
3.370964 150 123 38 104
3.372964 150 124 38 104
3.374964 150 124 38 104
3.376964 150 124 38 104
3.378964 149 124 39 103
3.380964 149 124 39 103
3.382964 149 124 39 103
3.384964 149 124 39 103
3.386964 149 125 39 103
3.388964 149 125 39 103
3.390964 149 125 39 103
3.392964 149 125 39 103
3.394964 149 125 39 103
3.396964 149 125 39 103
3.398964 149 125 39 103
3.400964 149 125 39 103
3.402964 148 126 40 103
3.404964 148 126 40 103
3.406964 148 126 40 103
3.408964 148 126 40 103
3.410964 148 126 40 103
3.412964 147 126 41 103
3.414964 147 126 41 103
3.416964 147 126 41 103
3.418964 147 126 41 103
3.420964 147 126 41 103
3.422964 146 126 42 103
3.424964 146 126 42 103
3.426964 146 126 42 103
3.428964 146 126 42 103
3.430964 145 126 43 103
3.432964 145 126 43 103
3.434964 145 126 43 103
3.436964 145 126 43 103
3.438964 145 126 43 103
3.440964 144 126 44 103
3.442964 144 126 44 103
3.444964 144 126 44 103
3.446964 144 126 44 103
3.448964 144 126 44 103
3.450964 143 127 45 103
3.452964 143 127 45 103
3.454964 143 127 45 103
3.456964 143 127 45 103
3.458964 143 127 45 103
3.460964 143 127 45 103
3.462964 143 127 45 103
3.464964 143 127 45 103
3.466964 142 127 45 103
3.468964 142 127 45 103
3.470964 142 127 45 103
3.472964 142 127 45 103
3.474964 142 127 45 103
3.476964 142 127 45 103
3.478964 142 127 45 103
3.480964 142 127 45 103
3.482964 141 127 45 103
3.484964 141 127 45 103
3.486964 141 127 45 103
3.488964 141 127 45 103
3.490964 141 127 45 103
3.492964 141 127 45 103
3.494964 141 127 45 103
3.496964 140 127 46 103
3.498964 140 127 46 103
3.500964 140 127 46 103
3.502964 139 127 47 103
3.504964 139 127 47 103
3.506964 138 127 48 104
3.508964 138 126 48 104
3.510964 138 126 49 104
3.512964 137 126 49 104
3.514964 137 126 50 104
3.516964 136 126 50 105
3.518964 136 126 51 105
3.520964 135 125 51 105
3.522964 135 125 52 105
3.524964 135 125 52 105
3.526964 134 125 53 106
3.528964 134 125 53 106
3.530964 133 125 53 106
3.532964 133 124 54 106
3.534964 132 124 54 107
3.536964 132 124 55 107
3.538964 132 124 55 107
3.540964 131 124 56 107
3.542964 131 124 56 107
3.544964 130 123 56 108
3.546964 130 123 56 108
3.548964 130 123 56 108
3.550964 130 123 56 108
3.552964 130 123 56 108
3.554964 130 123 56 108
3.556964 129 123 56 108
3.558964 129 123 56 108
3.560964 129 123 56 108
3.562964 129 123 56 108
3.564964 129 123 56 108
3.566964 129 123 56 108
3.568964 128 122 56 108
3.570964 128 122 56 108
3.572964 128 122 56 108
3.574964 128 122 56 108
3.576964 128 122 56 108
3.578964 128 122 56 108
3.580964 127 122 56 108
3.582964 127 122 56 108
3.584964 127 122 56 108
3.586964 127 122 56 108
3.588964 127 122 56 108
3.590964 127 122 56 108
3.592964 126 122 56 108
3.594964 126 122 56 108
3.596964 126 122 56 108
3.598964 126 122 56 108
3.600964 125 122 56 108
3.602964 125 122 56 108
3.604964 125 122 56 108
3.606964 125 122 56 108
3.608964 125 122 56 109
3.610964 124 122 56 109
3.612964 124 122 56 109
3.614964 124 122 56 109
3.616964 124 122 56 109
3.618964 124 122 56 109
3.620964 123 122 56 109
3.622964 123 122 56 110
3.624964 123 122 56 110
3.626964 123 122 56 110
3.628964 123 122 56 110
3.630964 122 122 56 110
3.632964 122 122 56 110
3.634964 122 122 56 110
3.636964 122 122 56 110
3.638964 121 122 56 111
3.640964 121 122 56 111
3.642964 121 122 56 111
3.644964 121 122 56 111
3.646964 120 122 56 111
3.648964 120 122 56 111
3.650964 120 122 56 111
3.652964 119 122 56 111
3.654964 119 122 57 112
3.656964 119 122 57 112
3.658964 118 122 57 112
3.660964 118 122 57 112
3.662964 118 122 57 112
3.664964 118 122 57 112
3.666964 117 122 57 112
3.668964 117 122 57 112
3.670964 117 122 58 113
3.672964 116 122 58 113
3.674964 116 122 58 113
3.676964 116 122 58 113
3.678964 116 122 58 113
3.680964 115 122 58 113
3.682964 115 122 58 113
3.684964 115 122 58 113
3.686964 114 121 59 114
3.688964 114 121 59 114
3.690964 114 121 59 114
3.692964 114 121 59 114
3.694964 113 121 59 114
3.696964 113 121 60 114
3.698964 113 121 60 115
3.700964 113 121 60 115
3.702964 112 120 60 115
3.704964 112 120 61 115
3.706964 112 120 61 115
3.708964 112 120 61 115
3.710964 111 120 61 116
3.712964 111 120 61 116
3.714964 111 120 62 116
3.716964 111 120 62 116
3.718964 110 119 62 116
3.720964 110 119 62 116
3.722964 110 119 62 117
3.724964 110 119 63 117
3.726964 109 119 63 117
3.728964 109 119 63 117
3.730964 109 119 63 117
3.732964 108 119 64 117
3.734964 108 119 64 117
3.736964 108 119 64 117
3.738964 108 119 64 117
3.740964 107 119 64 117
3.742964 107 119 64 117
3.744964 107 119 64 117
3.746964 107 119 64 117
3.748964 106 119 65 117
3.750964 106 119 65 117
3.752964 106 119 65 117
3.754964 106 119 65 117
3.756964 105 120 65 117
3.758964 105 120 65 117
3.760964 105 120 65 117
3.762964 105 120 65 117
3.764964 104 120 66 117
3.766964 104 120 66 117
3.768964 104 120 66 117
3.770964 104 120 66 117
3.772964 103 120 66 117
3.774964 103 120 66 117
3.776964 103 120 66 117
3.778964 103 120 66 117
3.780964 102 120 66 117
3.782964 102 120 66 117
3.784964 102 120 66 117
3.786964 102 120 66 117
3.788964 102 120 65 117
3.790964 101 120 65 117
3.792964 101 120 65 117
3.794964 101 120 65 117
3.796964 101 120 64 117
3.798964 101 120 64 117
3.800964 100 120 64 117
3.802964 100 120 64 117
3.804964 100 120 63 118
3.806964 100 120 63 118
3.808964 99 120 63 118
3.810964 99 120 63 118
3.812964 99 120 62 118
3.814964 99 120 62 118
3.816964 99 120 62 118
3.818964 98 120 62 118
3.820964 98 120 61 118
3.822964 98 120 61 118
3.824964 98 120 61 118
3.826964 98 120 61 118
3.828964 97 119 60 119
3.830964 97 119 60 119
3.832964 97 119 60 119
3.834964 96 119 60 119
3.836964 96 119 60 119
3.838964 96 119 60 119
3.840964 95 119 59 119
3.842964 95 119 59 119
3.844964 95 119 59 119
3.846964 95 119 59 119
3.848964 94 119 59 119
3.850964 94 119 59 119
3.852964 94 119 58 120
3.854964 93 119 58 120
3.856964 93 119 58 120
3.858964 93 119 58 120
3.860964 93 119 58 120
3.862964 92 119 57 120
3.864964 92 119 57 120
3.866964 92 119 57 120
3.868964 91 119 57 120
3.870964 91 119 57 120
3.872964 91 119 57 120
3.874964 90 118 57 121
3.876964 90 118 57 121
3.878964 90 118 57 121
3.880964 89 118 57 121
3.882964 89 118 57 121
3.884964 89 118 57 121
3.886964 88 117 57 121
3.888964 88 117 57 121
3.890964 87 117 57 121
3.892964 87 117 57 121
3.894964 87 117 57 121
3.896964 86 117 57 121
3.898964 86 116 58 122
3.900964 85 116 58 122
3.902964 85 116 58 122
3.904964 85 116 58 122
3.906964 84 116 58 122
3.908964 84 116 58 122
3.910964 84 115 58 122
3.912964 83 115 58 122
3.914964 83 115 58 122
3.916964 82 115 58 122
3.918964 82 115 58 122
3.920964 82 115 58 122
3.922964 81 114 59 123
3.924964 81 114 59 123
3.926964 81 114 60 123
3.928964 80 114 60 123
3.930964 80 114 60 124
3.932964 80 114 61 124
3.934964 79 114 61 124
3.936964 79 114 62 124
3.938964 79 114 62 125
3.940964 78 114 63 125
3.942964 78 114 63 125
3.944964 78 114 63 125
3.946964 77 114 64 126
3.948964 77 114 64 126
3.950964 77 114 65 126
3.952964 76 114 65 126
3.954964 76 114 66 127
3.956964 76 114 66 127
3.958964 75 114 66 127
3.960964 75 114 67 127
3.962964 75 114 67 128
3.964964 74 114 68 128
3.966964 74 114 68 128
3.968964 74 114 68 128
3.970964 73 113 69 129
3.972964 73 113 69 129
3.974964 73 113 69 129
3.976964 72 113 69 129
3.978964 72 113 69 129
3.980964 72 113 69 129
3.982964 72 113 69 129
3.984964 71 113 70 130
3.986964 71 113 70 130
3.988964 71 113 70 130
3.990964 71 113 70 130
3.992964 70 112 70 130
3.994964 70 112 70 130
3.996964 70 112 70 130
3.998964 70 112 70 130
4.000964 69 112 71 131
4.002964 69 112 71 131
4.004964 69 112 71 131
4.006964 69 112 71 131
4.008964 68 112 71 131
4.010964 68 112 71 131
4.012964 68 112 71 131
4.014964 68 112 71 131
4.016964 67 112 72 131
4.018964 67 112 72 131
4.020964 66 112 72 131
4.022964 66 112 72 131
4.024964 65 112 73 131
4.026964 64 112 73 131
4.028964 64 112 73 131
4.030964 63 112 73 131
4.032964 63 112 74 130
4.034964 62 112 74 130
4.036964 61 112 74 130
4.038964 61 112 74 130
4.040964 60 112 75 130
4.042964 60 112 75 130
4.044964 59 112 75 130
4.046964 58 112 75 130
4.048964 58 112 76 129
4.050964 57 112 76 129
4.052964 57 112 76 129
4.054964 56 112 76 129
4.056964 55 112 77 129
4.058964 55 112 77 129
4.060964 54 112 77 129
4.062964 54 112 77 129
4.064964 53 113 78 128
4.066964 53 113 78 128
4.068964 52 113 78 128
4.070964 52 113 78 128
4.072964 51 113 78 128
4.074964 51 113 78 128
4.076964 50 114 78 128
4.078964 50 114 78 128
4.080964 49 114 79 128
4.082964 49 114 79 128
4.084964 48 114 79 128
4.086964 48 114 79 128
4.088964 47 115 79 128
4.090964 47 115 79 128
4.092964 46 115 79 128
4.094964 45 115 80 128
4.096964 45 115 80 128
4.098964 44 116 80 128
4.100964 44 116 80 128
4.102964 43 116 80 128
4.104964 43 116 80 128
4.106964 42 116 80 128
4.108964 42 116 80 128
4.110964 41 116 80 128
4.112964 41 116 80 128
4.114964 41 116 80 128
4.116964 41 116 80 128
4.118964 41 116 80 129
4.120964 41 116 79 129
4.122964 41 116 79 129
4.124964 41 116 79 129
4.126964 41 116 79 130
4.128964 41 116 79 130
4.130964 41 116 78 130
4.132964 41 116 78 130
4.134964 41 115 78 131
4.136964 41 115 78 131
4.138964 41 115 78 131
4.140964 41 115 77 131
4.142964 41 115 77 132
4.144964 41 115 77 132
4.146964 41 115 77 132
4.148964 41 115 76 132
4.150964 41 115 76 133
4.152964 41 115 76 133
4.154964 41 115 76 133
4.156964 41 115 76 133
4.158964 40 114 75 134
4.160964 40 114 75 134
4.162964 39 114 74 134
4.164964 39 114 74 134
4.166964 38 114 73 134
4.168964 38 114 72 134
4.170964 37 114 72 134
4.172964 37 114 71 134
4.174964 36 114 71 134
4.176964 36 114 70 134
4.178964 35 114 70 134
4.180964 35 114 69 134
4.182964 34 114 69 134
4.184964 34 114 68 134
4.186964 33 114 67 134
4.188964 33 114 67 134
4.190964 32 114 66 134
4.192964 32 114 66 134
4.194964 31 114 65 134
4.196964 31 114 65 134
4.198964 30 114 64 134
4.200964 30 114 64 134
4.202964 29 114 63 134
4.204964 29 114 63 134
4.206964 28 113 63 135
4.208964 28 113 63 135
4.210964 28 113 63 135
4.212964 27 113 63 135
4.214964 27 113 63 135
4.216964 27 113 63 135
4.218964 26 113 63 135
4.220964 26 113 63 135
4.222964 26 113 63 135
4.224964 26 113 63 135
4.226964 25 113 63 135
4.228964 25 112 64 135
4.230964 25 112 64 135
4.232964 24 112 64 135
4.234964 24 112 64 135
4.236964 24 112 64 135
4.238964 23 112 64 135
4.240964 23 112 64 135
4.242964 23 112 64 135
4.244964 23 112 64 135
4.246964 22 112 64 135
4.248964 22 112 64 135
4.250964 22 112 64 135
4.252964 21 111 64 135
4.254964 21 111 64 135
4.256964 21 111 64 135
4.258964 21 111 64 135
4.260964 20 111 64 135
4.262964 20 111 64 135
4.264964 20 111 64 135
4.266964 19 111 64 135
4.268964 19 111 64 136
4.270964 19 111 64 136
4.272964 18 111 64 136
4.274964 18 111 64 136
4.276964 18 110 64 136
4.278964 18 110 64 136
4.280964 17 110 64 136
4.282964 17 110 64 136
4.284964 17 110 64 137
4.286964 16 110 64 137
4.288964 16 110 64 137
4.290964 16 110 64 137
4.292964 15 110 64 137
4.294964 15 110 64 137
4.296964 15 110 64 137
4.298964 15 110 64 137
4.300964 14 110 64 138
4.302964 13 110 65 138
4.304964 13 110 65 138
4.306964 12 110 66 138
4.308964 12 110 66 138
4.310964 11 110 67 138
4.312964 11 110 67 139
4.314964 10 110 68 139
4.316964 9 111 69 139
4.318964 9 111 69 139
4.320964 8 111 70 139
4.322964 8 111 70 139
4.324964 7 111 71 140
4.326964 6 111 72 140
4.328964 6 111 72 140
4.330964 5 111 73 140
4.332964 5 112 73 140
4.334964 4 112 74 141
4.336964 3 112 75 141
4.338964 3 112 75 141
4.340964 2 112 76 141
4.342964 2 112 76 141
4.344964 1 112 77 141
