0.020383 303 40 31 124
0.022383 302 40 31 124
0.024383 302 40 31 124
0.026383 301 40 31 124
0.028383 301 40 32 125
0.030383 301 41 32 125
0.032383 300 41 32 125
0.034383 300 41 32 125
0.036383 300 41 33 126
0.038383 299 41 33 126
0.040383 299 42 33 126
0.042383 298 42 33 126
0.044383 298 42 34 127
0.046383 298 42 34 127
0.048383 297 42 34 127
0.050383 297 43 34 127
0.052383 297 43 35 128
0.054383 296 43 35 128
0.056383 296 43 35 128
0.058383 295 43 35 129
0.060383 295 43 35 129
0.062383 295 43 35 129
0.064383 295 43 35 129
0.066383 295 43 35 129
0.068383 294 43 35 129
0.070383 294 43 35 129
0.072383 294 43 35 129
0.074383 294 43 35 130
0.076383 293 43 35 130
0.078383 293 43 35 130
0.080383 293 43 35 130
0.082383 293 43 35 130
0.084383 292 43 35 130
0.086383 292 43 35 130
0.088383 292 43 35 130
0.090383 292 43 35 131
0.092383 292 43 35 131
0.094383 291 43 35 131
0.096383 291 43 35 131
0.098383 291 43 35 131
0.100383 291 43 35 131
0.102383 290 43 35 131
0.104383 290 43 35 131
0.106383 290 43 35 132
0.108383 290 43 35 132
0.110383 289 43 35 132
0.112383 289 43 35 132
0.114383 289 43 35 132
0.116383 289 43 35 132
0.118383 289 43 35 132
0.120383 288 43 35 132
0.122383 288 43 35 133
0.124383 288 43 35 133
0.126383 288 43 35 133
0.128383 287 43 35 133
0.130383 287 43 35 133
0.132383 287 43 35 133
0.134383 287 43 35 133
0.136383 286 42 35 134
0.138383 286 42 35 134
0.140383 286 42 35 134
0.142383 286 42 35 134
0.144383 286 42 35 134
0.146383 286 42 35 134
0.148383 285 42 35 134
0.150383 285 42 35 134
0.152383 285 42 36 134
0.154383 285 42 36 134
0.156383 285 42 36 135
0.158383 285 42 36 135
0.160383 284 42 36 135
0.162383 284 42 36 135
0.164383 284 42 36 135
0.166383 284 42 36 135
0.168383 284 42 37 135
0.170383 283 42 37 135
0.172383 283 42 37 135
0.174383 283 42 37 135
0.176383 283 41 37 136
0.178383 283 41 37 136
0.180383 283 41 37 136
0.182383 282 41 37 136
0.184383 282 41 38 136
0.186383 282 41 38 136
0.188383 282 41 38 136
0.190383 282 41 38 136
0.192383 281 41 38 136
0.194383 281 41 38 136
0.196383 281 41 38 137
0.198383 281 41 38 137
0.200383 281 41 39 137
0.202383 281 41 39 137
0.204383 280 41 39 137
0.206383 280 41 39 137
0.208383 280 41 39 137
0.210383 280 41 39 137
0.212383 280 41 39 137
0.214383 280 41 39 137
0.216383 280 41 39 138
0.218383 280 41 39 138
0.220383 280 41 39 138
0.222383 280 41 39 138
0.224383 280 41 39 138
0.226383 280 41 39 138
0.228383 280 41 39 138
0.230383 280 41 39 138
0.232383 280 41 39 138
0.234383 280 41 38 138
0.236383 280 41 38 138
0.238383 280 41 38 138
0.240383 280 41 38 138
0.242383 280 41 38 138
0.244383 280 41 38 138
0.246383 280 41 38 138
0.248383 280 41 38 138
0.250383 280 41 38 138
0.252383 280 41 38 138
0.254383 280 41 37 138
0.256383 280 41 37 138
0.258383 280 41 37 138
0.260383 280 41 37 138
0.262383 280 41 37 138
0.264383 280 41 37 138
0.266383 280 41 37 138
0.268383 280 41 37 138
0.270383 280 41 37 138
0.272383 280 41 37 138
0.274383 280 41 36 138
0.276383 280 41 36 138
0.278383 280 41 36 138
0.280383 280 41 36 138
0.282383 280 41 36 138
0.284383 280 41 36 138
0.286383 280 41 36 138
0.288383 280 41 36 138
0.290383 280 41 36 138
0.292383 280 41 36 138
0.294383 279 41 36 138
0.296383 279 41 36 138
0.298383 279 41 36 138
0.300383 279 41 36 138
0.302383 279 42 36 137
0.304383 279 42 36 137
0.306383 279 42 36 137
0.308383 279 42 36 137
0.310383 279 42 36 136
0.312383 279 43 36 136
0.314383 279 43 36 136
0.316383 279 43 36 136
0.318383 279 43 36 135
0.320383 278 44 36 135
0.322383 278 44 36 135
0.324383 278 44 36 135
0.326383 278 44 36 134
0.328383 278 45 36 134
0.330383 278 45 36 134
0.332383 278 45 36 133
0.334383 278 45 36 133
0.336383 278 45 36 133
0.338383 278 46 36 133
0.340383 278 46 36 132
0.342383 278 46 36 132
0.344383 278 46 36 132
0.346383 277 47 36 132
0.348383 277 47 36 131
0.350383 277 47 36 131
0.352383 277 47 36 131
0.354383 277 48 36 131
0.356383 277 48 36 130
0.358383 277 48 36 130
0.360383 277 48 36 130
0.362383 277 48 36 130
0.364383 277 49 36 129
0.366383 277 49 36 129
0.368383 277 49 36 129
0.370383 277 49 36 129
0.372383 276 50 36 129
0.374383 276 50 36 129
0.376383 276 50 36 129
0.378383 275 50 36 129
0.380383 275 50 36 129
0.382383 275 50 36 129
0.384383 275 50 36 129
0.386383 274 50 37 129
0.388383 274 50 37 129
0.390383 274 50 37 129
0.392383 273 50 37 130
0.394383 273 50 37 130
0.396383 273 50 37 130
0.398383 272 50 38 130
0.400383 272 50 38 130
0.402383 272 50 38 130
0.404383 271 50 38 130
0.406383 271 50 38 130
0.408383 271 50 38 130
0.410383 271 50 38 130
0.412383 270 50 39 131
0.414383 270 50 39 131
0.416383 270 50 39 131
0.418383 269 50 39 131
0.420383 269 50 39 131
0.422383 269 50 39 131
0.424383 268 50 40 131
0.426383 268 50 40 131
0.428383 268 50 40 131
0.430383 267 50 40 132
0.432383 267 50 40 132
0.434383 267 50 40 132
0.436383 267 50 40 132
0.438383 266 50 41 132
0.440383 266 50 41 132
0.442383 266 50 41 132
0.444383 265 50 41 132
0.446383 265 50 41 132
0.448383 265 50 41 132
0.450383 264 50 42 133
0.452383 264 50 42 133
0.454383 264 50 42 133
0.456383 264 50 42 133
0.458383 264 50 42 133
0.460383 264 50 42 133
0.462383 264 50 42 133
0.464383 264 50 42 133
0.466383 263 50 43 133
0.468383 263 50 43 133
0.470383 263 50 43 133
0.472383 263 50 43 133
0.474383 263 50 43 133
0.476383 263 50 43 133
0.478383 263 50 43 133
0.480383 263 50 43 133
0.482383 262 50 44 133
0.484383 262 50 44 133
0.486383 262 50 44 133
0.488383 262 50 44 133
0.490383 262 50 44 133
0.492383 262 50 44 133
0.494383 262 50 44 133
0.496383 262 50 44 133
0.498383 261 50 45 133
0.500383 261 50 45 133
0.502383 261 50 45 133
0.504383 261 50 45 133
0.506383 261 50 45 133
0.508383 261 50 45 133
0.510383 261 50 45 133
0.512383 261 50 45 133
0.514383 260 50 46 133
0.516383 260 50 46 133
0.518383 260 50 46 133
0.520383 260 50 46 133
0.522383 260 50 46 133
0.524383 260 50 46 133
0.526383 260 50 46 133
0.528383 259 50 46 134
0.530383 259 50 46 134
0.532383 259 50 46 134
0.534383 259 50 46 134
0.536383 259 50 46 134
0.538383 259 50 46 134
0.540383 259 50 46 134
0.542383 259 50 46 134
0.544383 259 50 45 134
0.546383 259 50 45 134
0.548383 259 50 45 134
0.550383 259 50 45 134
0.552383 259 50 45 134
0.554383 259 50 45 134
0.556383 259 50 45 134
0.558383 259 50 45 134
0.560383 259 50 44 134
0.562383 259 50 44 134
0.564383 259 50 44 134
0.566383 259 50 44 134
0.568383 258 50 44 135
0.570383 258 50 44 135
0.572383 258 50 44 135
0.574383 258 50 44 135
0.576383 258 50 43 135
0.578383 258 50 43 135
0.580383 258 50 43 135
0.582383 258 50 43 135
0.584383 258 50 43 135
0.586383 258 50 43 135
0.588383 258 50 43 135
0.590383 258 50 43 135
0.592383 258 50 42 135
0.594383 258 50 42 135
0.596383 258 50 42 135
0.598383 258 50 42 135
0.600383 258 50 42 135
0.602383 258 50 42 135
0.604383 258 50 42 135
0.606383 258 50 42 135
0.608383 257 51 41 135
0.610383 257 51 41 135
0.612383 257 51 41 135
0.614383 257 51 41 135
0.616383 257 52 41 135
0.618383 257 52 41 135
0.620383 257 52 41 135
0.622383 256 52 41 135
0.624383 256 52 41 135
0.626383 256 53 41 135
0.628383 256 53 41 135
0.630383 256 53 41 135
0.632383 256 53 41 135
0.634383 256 53 40 135
0.636383 256 54 40 135
0.638383 255 54 40 135
0.640383 255 54 40 135
0.642383 255 54 40 135
0.644383 255 54 40 135
0.646383 255 55 40 135
0.648383 255 55 40 135
0.650383 255 55 40 135
0.652383 255 55 40 135
0.654383 254 55 40 135
0.656383 254 56 40 135
0.658383 254 56 40 135
0.660383 254 56 39 135
0.662383 254 56 39 135
0.664383 254 56 39 135
0.666383 254 57 39 135
0.668383 254 57 39 135
0.670383 253 57 39 135
0.672383 253 57 39 135
0.674383 253 57 39 135
0.676383 253 58 39 135
0.678383 253 58 39 135
0.680383 253 58 39 135
0.682383 253 58 39 135
0.684383 253 58 39 135
0.686383 252 58 39 135
0.688383 252 58 39 135
0.690383 252 58 39 135
0.692383 252 58 39 135
0.694383 252 58 39 135
0.696383 251 58 39 135
0.698383 251 58 39 136
0.700383 251 58 39 136
0.702383 251 58 39 136
0.704383 251 58 39 136
0.706383 251 58 39 136
0.708383 250 58 39 136
0.710383 250 58 39 136
0.712383 250 58 39 137
0.714383 250 58 39 137
0.716383 250 58 39 137
0.718383 250 58 39 137
0.720383 249 58 39 137
0.722383 249 58 39 137
0.724383 249 58 39 138
0.726383 249 58 39 138
0.728383 249 58 39 138
0.730383 248 58 39 138
0.732383 248 58 39 138
0.734383 248 58 39 138
0.736383 248 58 39 138
0.738383 248 58 39 139
0.740383 248 58 39 139
0.742383 247 58 39 139
0.744383 247 58 39 139
0.746383 247 58 39 139
0.748383 247 58 39 139
0.750383 247 58 39 140
0.752383 246 58 39 140
0.754383 246 58 39 140
0.756383 246 58 39 140
0.758383 246 58 39 140
0.760383 246 58 39 140
0.762383 246 58 39 140
0.764383 246 58 38 140
0.766383 246 58 38 140
0.768383 246 58 38 140
0.770383 246 58 38 140
0.772383 246 58 38 139
0.774383 246 58 38 139
0.776383 246 58 38 139
0.778383 246 58 38 139
0.780383 246 58 37 139
0.782383 246 58 37 138
0.784383 246 59 37 138
0.786383 246 59 37 138
0.788383 246 59 37 138
0.790383 246 59 37 137
0.792383 246 59 37 137
0.794383 246 59 37 137
0.796383 246 59 36 137
0.798383 246 59 36 136
0.800383 246 59 36 136
0.802383 246 60 36 136
0.804383 246 60 36 136
0.806383 246 60 36 136
0.808383 246 60 36 135
0.810383 246 60 35 135
0.812383 246 60 35 135
0.814383 246 60 35 135
0.816383 246 60 35 134
0.818383 246 60 35 134
0.820383 246 60 35 134
0.822383 246 61 35 134
0.824383 246 61 35 133
0.826383 246 61 34 133
0.828383 246 61 34 133
0.830383 246 61 34 133
0.832383 246 61 34 133
0.834383 246 61 34 132
0.836383 246 61 34 132
0.838383 246 61 34 132
0.840383 246 61 34 132
0.842383 245 62 34 132
0.844383 245 62 34 132
0.846383 245 62 34 132
0.848383 244 62 35 132
0.850383 244 62 35 132
0.852383 244 62 35 133
0.854383 243 62 35 133
0.856383 243 62 36 133
0.858383 243 62 36 133
0.860383 242 62 36 133
0.862383 242 62 37 134
0.864383 242 62 37 134
0.866383 241 62 37 134
0.868383 241 62 38 134
0.870383 241 62 38 134
0.872383 240 62 38 135
0.874383 240 62 39 135
0.876383 240 62 39 135
0.878383 239 62 39 135
0.880383 239 62 39 135
0.882383 239 62 40 136
0.884383 238 62 40 136
0.886383 238 62 40 136
0.888383 238 62 41 136
0.890383 237 62 41 136
0.892383 237 62 41 137
0.894383 237 62 42 137
0.896383 236 62 42 137
0.898383 236 62 42 137
0.900383 236 62 43 138
0.902383 235 62 43 138
0.904383 235 62 43 138
0.906383 235 62 43 138
0.908383 234 62 44 138
0.910383 234 62 44 139
0.912383 234 62 44 139
0.914383 233 62 45 139
0.916383 233 62 45 139
0.918383 233 62 45 139
0.920383 232 62 45 139
0.922383 232 62 45 139
0.924383 232 62 45 139
0.926383 232 62 45 139
0.928383 232 62 45 139
0.930383 232 63 45 138
0.932383 232 63 45 138
0.934383 232 63 45 138
0.936383 231 63 45 138
0.938383 231 63 45 138
0.940383 231 64 44 137
0.942383 231 64 44 137
0.944383 231 64 44 137
0.946383 231 64 44 137
0.948383 231 64 44 137
0.950383 231 65 44 136
0.952383 230 65 44 136
0.954383 230 65 44 136
0.956383 230 65 44 136
0.958383 230 65 44 136
0.960383 230 66 43 135
0.962383 230 66 43 135
0.964383 230 66 43 135
0.966383 230 66 43 135
0.968383 229 66 43 135
0.970383 229 67 43 134
0.972383 229 67 43 134
0.974383 229 67 43 134
0.976383 229 67 43 134
0.978383 229 67 43 134
0.980383 229 68 42 133
0.982383 229 68 42 133
0.984383 228 68 42 133
0.986383 228 68 42 133
0.988383 228 68 42 133
0.990383 228 69 42 132
0.992383 228 69 42 132
0.994383 228 69 42 132
0.996383 228 69 42 132
0.998383 227 70 42 131
1.000383 227 70 42 131
1.002383 227 70 42 131
1.004383 227 70 42 131
1.006383 226 70 42 131
1.008383 226 70 42 130
1.010383 226 71 42 130
1.012383 226 71 42 130
1.014383 225 71 42 130
1.016383 225 71 42 129
1.018383 225 71 42 129
1.020383 225 71 42 129
1.022383 224 72 42 129
1.024383 224 72 42 128
1.026383 224 72 42 128
1.028383 224 72 42 128
1.030383 223 72 42 128
1.032383 223 73 42 128
1.034383 223 73 42 127
1.036383 223 73 42 127
1.038383 222 73 43 127
1.040383 222 73 43 127
1.042383 222 73 43 126
1.044383 222 74 43 126
1.046383 221 74 43 126
1.048383 221 74 43 126
1.050383 221 74 43 126
1.052383 221 74 43 125
1.054383 220 75 43 125
1.056383 220 75 43 125
1.058383 220 75 43 125
1.060383 220 75 43 124
1.062383 219 75 43 124
1.064383 219 75 43 124
1.066383 219 76 43 124
1.068383 219 76 43 123
1.070383 218 76 43 123
1.072383 218 76 43 123
1.074383 218 76 43 123
1.076383 218 76 43 123
1.078383 217 76 43 123
1.080383 217 76 43 123
1.082383 217 76 43 123
1.084383 217 76 43 123
1.086383 217 76 43 123
1.088383 217 76 43 123
1.090383 217 76 43 123
1.092383 217 76 43 123
1.094383 217 76 43 123
1.096383 217 76 43 123
1.098383 217 76 43 123
1.100383 217 76 43 123
1.102383 217 76 43 123
1.104383 216 76 43 124
1.106383 216 76 43 124
1.108383 216 76 43 124
1.110383 216 76 43 124
1.112383 216 76 43 124
1.114383 216 76 43 124
1.116383 216 75 43 124
1.118383 216 75 43 124
1.120383 216 75 43 124
1.122383 216 75 43 124
1.124383 216 75 43 124
1.126383 216 75 43 124
1.128383 216 75 43 124
1.130383 215 75 43 125
1.132383 215 75 43 125
1.134383 215 75 43 125
1.136383 215 75 43 125
1.138383 215 75 43 125
1.140383 215 75 43 125
1.142383 215 75 43 125
1.144383 215 75 43 125
1.146383 215 75 43 125
1.148383 215 75 43 125
1.150383 215 75 43 125
1.152383 215 75 43 125
1.154383 215 75 43 125
1.156383 214 75 42 125
1.158383 214 75 42 125
1.160383 214 75 42 125
1.162383 214 75 42 125
1.164383 214 75 42 125
1.166383 214 75 42 125
1.168383 214 75 42 124
1.170383 214 75 42 124
1.172383 214 75 42 124
1.174383 214 75 42 124
1.176383 214 76 42 124
1.178383 214 76 42 124
1.180383 214 76 42 124
1.182383 213 76 42 123
1.184383 213 76 42 123
1.186383 213 76 42 123
1.188383 213 76 42 123
1.190383 213 76 42 123
1.192383 213 76 42 123
1.194383 213 77 41 122
1.196383 213 77 41 122
1.198383 213 77 41 122
1.200383 213 77 41 122
1.202383 213 77 41 122
1.204383 213 77 41 122
1.206383 213 77 41 122
1.208383 212 77 41 121
1.210383 212 77 41 121
1.212383 212 77 41 121
1.214383 212 78 41 121
1.216383 212 78 41 121
1.218383 212 78 41 121
1.220383 212 78 41 120
1.222383 212 78 41 120
1.224383 212 78 41 120
1.226383 212 78 41 120
1.228383 212 78 41 120
1.230383 212 78 41 120
1.232383 212 78 41 120
1.234383 211 79 41 119
1.236383 211 79 41 119
1.238383 211 79 41 119
1.240383 211 79 41 119
1.242383 211 79 41 119
1.244383 211 79 41 119
1.246383 211 79 41 119
1.248383 211 79 41 119
1.250383 210 79 41 119
1.252383 210 79 41 119
1.254383 210 80 41 119
1.256383 210 80 41 119
1.258383 210 80 41 119
1.260383 210 80 41 119
1.262383 210 80 41 119
1.264383 210 80 41 119
1.266383 209 80 41 119
1.268383 209 80 41 119
1.270383 209 80 41 119
1.272383 209 80 41 119
1.274383 209 81 41 119
1.276383 209 81 41 119
1.278383 209 81 41 119
1.280383 208 81 41 119
1.282383 208 81 41 119
1.284383 208 81 41 119
1.286383 208 81 41 119
1.288383 208 81 41 119
1.290383 208 81 41 119
1.292383 208 82 41 119
1.294383 208 82 41 119
1.296383 207 82 41 119
1.298383 207 82 41 119
1.300383 207 82 41 119
1.302383 207 82 41 119
1.304383 207 82 41 119
1.306383 207 82 41 119
1.308383 207 82 41 119
1.310383 207 82 41 119
1.312383 206 83 41 119
1.314383 206 83 41 119
1.316383 206 83 41 119
1.318383 206 83 41 119
1.320383 206 83 40 119
1.322383 206 83 40 119
1.324383 206 83 40 119
1.326383 206 83 40 119
1.328383 206 83 39 119
1.330383 206 83 39 119
1.332383 206 83 39 119
1.334383 206 83 39 119
1.336383 206 83 38 119
1.338383 206 83 38 119
1.340383 206 83 38 119
1.342383 206 83 38 119
1.344383 206 83 37 119
1.346383 206 83 37 119
1.348383 206 83 37 119
1.350383 206 83 37 119
1.352383 206 83 36 119
1.354383 206 83 36 119
1.356383 206 83 36 119
1.358383 206 83 36 119
1.360383 206 83 35 119
1.362383 206 83 35 119
1.364383 206 83 35 119
1.366383 206 83 35 119
1.368383 206 83 34 119
1.370383 206 83 34 119
1.372383 206 83 34 119
1.374383 206 83 33 119
1.376383 206 83 33 119
1.378383 206 83 33 119
1.380383 206 83 33 119
1.382383 206 83 32 119
1.384383 206 83 32 119
1.386383 206 83 32 119
1.388383 206 83 32 119
1.390383 205 84 32 119
1.392383 205 84 32 119
1.394383 205 84 32 119
1.396383 205 84 32 119
1.398383 205 84 32 119
1.400383 204 84 32 119
1.402383 204 84 33 119
1.404383 204 84 33 119
1.406383 204 84 33 119
1.408383 203 84 33 119
1.410383 203 84 33 119
1.412383 203 84 33 119
1.414383 203 84 34 119
1.416383 202 84 34 119
1.418383 202 84 34 119
1.420383 202 84 34 119
1.422383 202 84 34 119
1.424383 202 84 35 119
1.426383 201 84 35 119
1.428383 201 84 35 119
1.430383 201 85 35 120
1.432383 201 85 35 120
1.434383 200 85 35 120
1.436383 200 85 36 120
1.438383 200 85 36 120
1.440383 200 85 36 120
1.442383 199 85 36 120
1.444383 199 85 36 120
1.446383 199 85 37 120
1.448383 199 85 37 120
1.450383 199 85 37 120
1.452383 198 85 37 120
1.454383 198 85 37 120
1.456383 198 85 37 120
1.458383 198 85 38 120
1.460383 197 85 38 120
1.462383 197 85 38 120
1.464383 197 85 38 120
1.466383 197 85 38 120
1.468383 196 86 39 120
1.470383 196 86 39 120
1.472383 196 86 39 120
1.474383 196 86 39 120
1.476383 196 86 39 120
1.478383 196 86 39 120
1.480383 196 87 39 120
1.482383 195 87 39 120
1.484383 195 87 39 120
1.486383 195 87 39 120
1.488383 195 87 39 119
1.490383 195 87 39 119
1.492383 195 88 39 119
1.494383 195 88 39 119
1.496383 194 88 39 119
1.498383 194 88 39 119
1.500383 194 88 39 119
1.502383 194 89 39 119
1.504383 194 89 39 119
1.506383 194 89 39 119
1.508383 193 89 40 118
1.510383 193 89 40 118
1.512383 193 89 40 118
1.514383 193 90 40 118
1.516383 193 90 40 118
1.518383 193 90 40 118
1.520383 193 90 40 118
1.522383 192 90 40 118
1.524383 192 91 40 118
1.526383 192 91 40 118
1.528383 192 91 40 117
1.530383 192 91 40 117
1.532383 192 91 40 117
1.534383 191 91 40 117
1.536383 191 92 40 117
1.538383 191 92 40 117
1.540383 191 92 40 117
1.542383 191 92 40 117
1.544383 191 92 40 117
1.546383 191 92 40 117
1.548383 190 93 40 116
1.550383 190 93 40 116
1.552383 190 93 40 116
1.554383 190 93 40 116
1.556383 190 93 40 116
1.558383 190 93 40 116
1.560383 189 93 40 116
1.562383 189 93 40 116
1.564383 189 93 40 116
1.566383 189 94 39 116
1.568383 189 94 39 116
1.570383 189 94 39 116
1.572383 189 94 39 116
1.574383 188 94 39 116
1.576383 188 94 39 116
1.578383 188 94 39 116
1.580383 188 94 39 116
1.582383 188 94 39 116
1.584383 188 94 39 116
1.586383 187 95 38 115
1.588383 187 95 38 115
1.590383 187 95 38 115
1.592383 187 95 38 115
1.594383 187 95 38 115
1.596383 187 95 38 115
1.598383 187 95 38 115
1.600383 186 95 38 115
1.602383 186 95 38 115
1.604383 186 95 38 115
1.606383 186 96 37 115
1.608383 186 96 37 115
1.610383 186 96 37 115
1.612383 185 96 37 115
1.614383 185 96 37 115
1.616383 185 96 37 115
1.618383 185 96 37 115
1.620383 185 96 37 115
1.622383 185 96 37 115
1.624383 185 96 37 115
1.626383 184 97 36 114
1.628383 184 97 36 114
1.630383 184 97 36 114
1.632383 184 97 36 114
1.634383 184 97 36 114
1.636383 184 97 36 114
1.638383 184 97 36 114
1.640383 184 97 36 114
1.642383 184 97 36 114
1.644383 184 97 36 114
1.646383 183 97 36 114
1.648383 183 97 36 114
1.650383 183 97 36 114
1.652383 183 98 36 114
1.654383 183 98 36 114
1.656383 183 98 36 114
1.658383 183 98 36 114
1.660383 183 98 36 114
1.662383 183 98 36 114
1.664383 182 98 36 113
1.666383 182 98 36 113
1.668383 182 98 36 113
1.670383 182 98 36 113
1.672383 182 98 36 113
1.674383 182 98 36 113
1.676383 182 98 36 113
1.678383 182 99 36 113
1.680383 182 99 36 113
1.682383 182 99 36 113
1.684383 181 99 36 113
1.686383 181 99 36 113
1.688383 181 99 36 113
1.690383 181 99 36 113
1.692383 181 99 36 113
1.694383 181 99 36 113
1.696383 181 99 36 113
1.698383 181 99 36 113
1.700383 181 99 36 113
1.702383 181 99 36 113
1.704383 180 100 36 112
1.706383 180 100 36 112
1.708383 180 100 36 112
1.710383 180 100 36 112
1.712383 179 100 36 112
1.714383 179 100 36 112
1.716383 179 100 36 112
1.718383 179 100 36 112
1.720383 178 100 37 111
1.722383 178 100 37 111
1.724383 178 101 37 111
1.726383 178 101 37 111
1.728383 177 101 37 111
1.730383 177 101 37 111
1.732383 177 101 37 111
1.734383 177 101 37 111
1.736383 176 101 38 110
1.738383 176 101 38 110
1.740383 176 101 38 110
1.742383 176 101 38 110
1.744383 175 102 38 110
1.746383 175 102 38 110
1.748383 175 102 38 110
1.750383 175 102 38 110
1.752383 174 102 39 109
1.754383 174 102 39 109
1.756383 174 102 39 109
1.758383 173 102 39 109
1.760383 173 102 39 109
1.762383 173 103 39 109
1.764383 173 103 39 109
1.766383 172 103 40 108
1.768383 172 103 40 108
1.770383 172 103 40 108
1.772383 172 103 40 108
1.774383 171 103 40 108
1.776383 171 103 40 108
1.778383 171 103 40 108
1.780383 171 103 40 108
1.782383 170 104 40 108
1.784383 170 104 40 108
1.786383 170 104 40 108
1.788383 170 104 40 108
1.790383 170 104 40 108
1.792383 170 104 40 108
1.794383 170 104 40 108
1.796383 170 104 40 108
1.798383 170 105 40 108
1.800383 170 105 40 108
1.802383 170 105 39 108
1.804383 170 105 39 108
1.806383 170 105 39 108
1.808383 170 105 39 108
1.810383 170 105 39 108
1.812383 170 105 39 108
1.814383 170 106 39 108
1.816383 170 106 39 108
1.818383 170 106 39 108
1.820383 170 106 39 108
1.822383 169 106 38 109
1.824383 169 106 38 109
1.826383 169 106 38 109
1.828383 169 106 38 109
1.830383 169 107 38 109
1.832383 169 107 38 109
1.834383 169 107 38 109
1.836383 169 107 38 109
1.838383 169 107 38 109
1.840383 169 107 38 109
1.842383 169 107 37 109
1.844383 169 107 37 109
1.846383 169 108 37 109
1.848383 169 108 37 109
1.850383 169 108 37 109
1.852383 169 108 37 109
1.854383 169 108 37 109
1.856383 169 108 37 109
1.858383 169 108 37 109
1.860383 168 108 37 110
1.862383 168 108 37 110
1.864383 168 108 37 110
1.866383 168 108 37 110
1.868383 168 108 37 110
1.870383 168 108 37 110
1.872383 168 108 37 110
1.874383 167 108 37 110
1.876383 167 108 37 111
1.878383 167 108 37 111
1.880383 167 108 37 111
1.882383 167 108 37 111
1.884383 167 108 37 111
1.886383 166 108 38 111
1.888383 166 108 38 111
1.890383 166 108 38 111
1.892383 166 108 38 112
1.894383 166 108 38 112
1.896383 166 108 38 112
1.898383 166 108 38 112
1.900383 165 107 38 112
1.902383 165 107 38 112
1.904383 165 107 38 112
1.906383 165 107 38 112
1.908383 165 107 38 113
1.910383 165 107 38 113
1.912383 165 107 38 113
1.914383 164 107 39 113
1.916383 164 107 39 113
1.918383 164 107 39 113
1.920383 164 107 39 113
1.922383 164 107 39 113
1.924383 164 107 39 114
1.926383 163 107 39 114
1.928383 163 107 39 114
1.930383 163 107 39 114
1.932383 163 107 39 114
1.934383 163 107 39 114
1.936383 163 107 39 114
1.938383 163 107 39 114
1.940383 162 107 40 114
1.942383 162 107 40 114
1.944383 162 107 40 114
1.946383 162 107 40 114
1.948383 162 107 40 114
1.950383 162 107 40 114
1.952383 162 107 40 114
1.954383 162 107 40 114
1.956383 162 107 40 114
1.958383 162 107 40 114
1.960383 162 107 40 114
1.962383 162 107 40 114
1.964383 162 107 40 114
1.966383 161 107 40 113
1.968383 161 107 40 113
1.970383 161 107 40 113
1.972383 161 107 40 113
1.974383 161 107 40 113
1.976383 161 107 40 113
1.978383 161 107 40 113
1.980383 161 107 40 113
1.982383 161 107 40 113
1.984383 161 107 40 113
1.986383 161 107 40 113
1.988383 161 107 40 113
1.990383 161 107 40 113
1.992383 160 107 40 112
1.994383 160 107 40 112
1.996383 160 107 40 112
1.998383 160 107 40 112
2.000383 160 107 40 112
2.002383 160 107 40 112
2.004383 160 107 40 112
2.006383 160 107 40 112
2.008383 160 107 40 112
2.010383 160 107 40 112
2.012383 160 107 40 112
2.014383 160 107 40 112
2.016383 160 107 40 112
2.018383 159 108 39 111
2.020383 159 108 39 111
2.022383 159 108 39 111
2.024383 159 108 38 111
2.026383 159 108 38 111
2.028383 159 108 38 111
2.030383 159 108 37 111
2.032383 159 108 37 111
2.034383 159 108 37 111
2.036383 159 108 37 111
2.038383 159 108 36 111
2.040383 159 108 36 111
2.042383 159 108 36 111
2.044383 159 108 35 111
2.046383 159 108 35 111
2.048383 159 108 35 111
2.050383 159 108 34 111
2.052383 159 108 34 111
2.054383 159 108 34 111
2.056383 158 109 33 111
2.058383 158 109 33 111
2.060383 158 109 33 111
2.062383 158 109 33 111
2.064383 158 109 32 111
2.066383 158 109 32 111
2.068383 158 109 32 111
2.070383 158 109 31 111
2.072383 158 109 31 111
2.074383 158 109 31 111
2.076383 158 109 30 111
2.078383 158 109 30 111
2.080383 158 109 30 111
2.082383 158 109 29 111
2.084383 158 109 29 111
2.086383 158 109 29 111
2.088383 158 109 29 111
2.090383 158 109 28 111
2.092383 158 109 28 111
2.094383 158 109 28 111
2.096383 157 110 28 110
2.098383 157 110 28 110
2.100383 157 110 28 110
2.102383 157 110 28 110
2.104383 157 110 28 110
2.106383 157 110 28 109
2.108383 156 111 28 109
2.110383 156 111 28 109
2.112383 156 111 28 109
2.114383 156 111 28 109
2.116383 156 111 28 108
2.118383 156 112 28 108
2.120383 156 112 28 108
2.122383 155 112 28 108
2.124383 155 112 28 108
2.126383 155 112 28 107
2.128383 155 112 28 107
2.130383 155 113 28 107
2.132383 155 113 28 107
2.134383 155 113 28 107
2.136383 154 113 28 106
2.138383 154 113 28 106
2.140383 154 114 28 106
2.142383 154 114 28 106
2.144383 154 114 28 105
2.146383 154 114 28 105
2.148383 153 114 28 105
2.150383 153 114 28 105
2.152383 153 115 28 105
2.154383 153 115 28 104
2.156383 153 115 28 104
2.158383 153 115 28 104
2.160383 153 115 28 104
2.162383 152 115 28 104
2.164383 152 116 28 103
2.166383 152 116 28 103
2.168383 152 116 28 103
2.170383 152 116 28 103
2.172383 152 116 28 103
2.174383 151 117 28 102
2.176383 151 117 28 102
2.178383 151 117 28 102
2.180383 151 117 28 102
2.182383 151 117 28 102
2.184383 151 117 28 102
2.186383 151 118 28 102
2.188383 151 118 28 102
2.190383 151 118 28 102
2.192383 151 118 28 102
2.194383 150 118 28 101
2.196383 150 119 28 101
2.198383 150 119 28 101
2.200383 150 119 28 101
2.202383 150 119 28 101
2.204383 150 119 28 101
2.206383 150 119 28 101
2.208383 150 120 28 101
2.210383 150 120 28 101
2.212383 150 120 28 101
2.214383 149 120 28 100
2.216383 149 120 28 100
2.218383 149 121 28 100
2.220383 149 121 28 100
2.222383 149 121 28 100
2.224383 149 121 28 100
2.226383 149 121 28 100
2.228383 149 121 28 100
2.230383 149 122 28 100
2.232383 148 122 28 99
2.234383 148 122 28 99
2.236383 148 122 28 99
2.238383 148 122 28 99
2.240383 148 122 28 99
2.242383 148 123 28 99
2.244383 148 123 28 99
2.246383 148 123 28 99
2.248383 148 123 28 99
2.250383 148 123 28 99
2.252383 147 124 27 98
2.254383 147 124 27 98
2.256383 147 124 27 98
2.258383 147 124 27 98
2.260383 147 124 27 98
2.262383 147 124 27 98
2.264383 147 124 27 98
2.266383 147 124 27 98
2.268383 147 124 27 98
2.270383 147 124 27 98
2.272383 147 124 27 98
2.274383 147 124 27 98
2.276383 147 124 27 98
2.278383 146 124 26 98
2.280383 146 124 26 98
2.282383 146 124 26 98
2.284383 146 124 26 98
2.286383 146 124 26 98
2.288383 146 124 26 98
2.290383 146 124 26 98
2.292383 146 125 26 97
2.294383 146 125 26 97
2.296383 146 125 26 97
2.298383 146 125 26 97
2.300383 146 125 26 97
2.302383 146 125 26 97
2.304383 145 125 25 97
2.306383 145 125 25 97
2.308383 145 125 25 97
2.310383 145 125 25 97
2.312383 145 125 25 97
2.314383 145 125 25 97
2.316383 145 125 25 97
2.318383 145 125 25 97
2.320383 145 125 25 97
2.322383 145 125 25 97
2.324383 145 125 25 97
2.326383 145 125 25 97
2.328383 145 125 25 97
2.330383 144 126 25 96
2.332383 144 126 25 96
2.334383 144 126 25 96
2.336383 144 127 25 96
2.338383 144 127 25 95
2.340383 143 127 26 95
2.342383 143 128 26 95
2.344383 143 128 26 95
2.346383 143 128 26 94
2.348383 143 129 26 94
2.350383 142 129 27 94
2.352383 142 129 27 93
2.354383 142 130 27 93
2.356383 142 130 27 93
2.358383 142 131 27 93
2.360383 141 131 28 92
2.362383 141 131 28 92
2.364383 141 132 28 92
2.366383 141 132 28 91
2.368383 141 132 28 91
2.370383 140 133 29 91
2.372383 140 133 29 91
2.374383 140 133 29 90
2.376383 140 134 29 90
2.378383 140 134 29 90
2.380383 139 134 30 89
2.382383 139 135 30 89
2.384383 139 135 30 89
2.386383 139 136 30 89
2.388383 139 136 30 88
2.390383 138 136 31 88
2.392383 138 137 31 88
2.394383 138 137 31 88
2.396383 138 137 31 87
2.398383 138 138 31 87
2.400383 137 138 32 87
2.402383 137 138 32 86
2.404383 137 139 32 86
2.406383 137 139 32 86
2.408383 137 139 32 86
2.410383 136 139 33 86
2.412383 136 139 33 86
2.414383 136 139 33 86
2.416383 136 139 33 86
2.418383 136 139 33 86
2.420383 135 139 34 86
2.422383 135 139 34 86
2.424383 135 139 34 87
2.426383 135 139 34 87
2.428383 134 139 34 87
2.430383 134 139 34 87
2.432383 134 139 35 87
2.434383 134 139 35 87
2.436383 134 138 35 87
2.438383 133 138 35 87
2.440383 133 138 35 88
2.442383 133 138 36 88
2.444383 133 138 36 88
2.446383 133 138 36 88
2.448383 132 138 36 88
2.450383 132 138 36 88
2.452383 132 138 36 88
2.454383 132 138 37 88
2.456383 132 138 37 89
2.458383 131 138 37 89
2.460383 131 138 37 89
2.462383 131 137 37 89
2.464383 131 137 37 89
2.466383 131 137 38 89
2.468383 130 137 38 89
2.470383 130 137 38 89
2.472383 130 137 38 90
2.474383 130 137 38 90
2.476383 130 137 39 90
2.478383 129 137 39 90
2.480383 129 137 39 90
2.482383 129 137 39 90
2.484383 129 137 39 90
2.486383 129 137 39 90
2.488383 128 137 39 90
2.490383 128 137 39 90
2.492383 128 137 39 90
2.494383 128 137 39 90
2.496383 128 137 39 90
2.498383 128 137 39 90
2.500383 128 137 39 90
2.502383 128 137 39 90
2.504383 127 137 39 90
2.506383 127 137 39 90
2.508383 127 137 39 90
2.510383 127 137 39 90
2.512383 127 137 39 90
2.514383 127 137 39 90
2.516383 127 137 39 90
2.518383 126 137 39 90
2.520383 126 137 39 90
2.522383 126 137 39 90
2.524383 126 137 39 90
2.526383 126 137 39 90
2.528383 126 137 39 90
2.530383 126 137 39 90
2.532383 126 137 39 90
2.534383 125 137 39 90
2.536383 125 137 39 90
2.538383 125 137 39 90
2.540383 125 137 39 90
2.542383 125 137 39 90
2.544383 125 137 39 90
2.546383 125 137 39 90
2.548383 125 137 39 90
2.550383 124 137 39 90
2.552383 124 137 39 90
2.554383 124 137 39 90
2.556383 124 137 39 90
2.558383 124 137 39 90
2.560383 124 137 39 90
2.562383 124 137 39 90
2.564383 124 137 39 90
2.566383 123 138 39 89
2.568383 123 138 39 89
2.570383 123 138 39 89
2.572383 123 138 39 89
2.574383 123 138 39 89
2.576383 123 138 39 88
2.578383 123 138 39 88
2.580383 123 139 39 88
2.582383 123 139 39 88
2.584383 123 139 39 88
2.586383 123 139 39 87
2.588383 123 139 39 87
2.590383 123 139 39 87
2.592383 122 140 39 87
2.594383 122 140 39 87
2.596383 122 140 39 86
2.598383 122 140 39 86
2.600383 122 140 39 86
2.602383 122 140 39 86
2.604383 122 140 39 86
2.606383 122 141 40 85
2.608383 122 141 40 85
2.610383 122 141 40 85
2.612383 122 141 40 85
2.614383 122 141 40 84
2.616383 122 141 40 84
2.618383 121 142 40 84
2.620383 121 142 40 84
2.622383 121 142 40 84
2.624383 121 142 40 83
2.626383 121 142 40 83
2.628383 121 142 40 83
2.630383 121 142 40 83
2.632383 121 143 40 83
2.634383 121 143 40 82
2.636383 121 143 40 82
2.638383 121 143 40 82
2.640383 121 143 40 82
2.642383 121 143 40 82
2.644383 120 143 40 82
2.646383 120 143 40 82
2.648383 120 143 40 82
2.650383 120 143 40 82
2.652383 120 143 40 82
2.654383 120 143 40 82
2.656383 120 143 39 82
2.658383 120 143 39 82
2.660383 120 142 39 82
2.662383 120 142 39 82
2.664383 119 142 39 83
2.666383 119 142 38 83
2.668383 119 142 38 83
2.670383 119 142 38 83
2.672383 119 142 38 83
2.674383 119 142 38 83
2.676383 119 141 38 83
2.678383 119 141 37 83
2.680383 119 141 37 83
2.682383 119 141 37 83
2.684383 118 141 37 84
2.686383 118 141 37 84
2.688383 118 141 37 84
2.690383 118 141 36 84
2.692383 118 140 36 84
2.694383 118 140 36 84
2.696383 118 140 36 84
2.698383 118 140 36 84
2.700383 118 140 35 84
2.702383 118 140 35 84
2.704383 117 140 35 85
2.706383 117 140 35 85
2.708383 117 139 35 85
2.710383 117 139 35 85
2.712383 117 139 34 85
2.714383 117 139 34 85
2.716383 117 139 34 85
2.718383 117 139 34 85
2.720383 117 139 34 85
2.722383 117 139 33 86
2.724383 117 139 33 86
2.726383 117 139 33 86
2.728383 117 139 33 86
2.730383 117 139 33 86
2.732383 117 139 32 86
2.734383 117 139 32 86
2.736383 117 139 32 86
2.738383 117 139 32 86
2.740383 117 139 31 86
2.742383 117 139 31 86
2.744383 117 139 31 86
2.746383 117 139 31 86
2.748383 117 139 30 86
2.750383 117 139 30 86
2.752383 117 139 30 86
2.754383 117 139 30 86
2.756383 117 139 30 86
2.758383 117 139 29 86
2.760383 117 139 29 86
2.762383 117 139 29 86
2.764383 117 139 29 86
2.766383 117 139 28 86
2.768383 117 139 28 86
2.770383 117 139 28 86
2.772383 117 139 28 86
2.774383 117 139 27 86
2.776383 117 139 27 86
2.778383 117 139 27 86
2.780383 117 139 27 86
2.782383 117 139 27 86
2.784383 117 139 26 86
2.786383 117 139 26 86
2.788383 117 139 26 86
2.790383 117 139 26 86
2.792383 117 139 25 86
2.794383 117 139 25 86
2.796383 117 139 25 86
2.798383 117 139 25 86
2.800383 117 139 25 86
2.802383 116 139 25 86
2.804383 116 139 25 86
2.806383 116 139 25 86
2.808383 115 139 26 86
2.810383 115 139 26 86
2.812383 115 139 26 86
2.814383 114 139 26 86
2.816383 114 139 27 86
2.818383 114 139 27 86
2.820383 113 139 27 86
2.822383 113 139 27 86
2.824383 113 139 28 86
2.826383 113 139 28 86
2.828383 112 140 28 86
2.830383 112 140 28 86
2.832383 112 140 29 86
2.834383 111 140 29 86
2.836383 111 140 29 86
2.838383 111 140 29 86
2.840383 110 140 30 87
2.842383 110 140 30 87
2.844383 110 140 30 87
2.846383 109 140 30 87
2.848383 109 140 31 87
2.850383 109 140 31 87
2.852383 109 140 31 87
2.854383 108 141 31 87
2.856383 108 141 32 87
2.858383 108 141 32 87
2.860383 107 141 32 87
2.862383 107 141 32 87
2.864383 107 141 33 87
2.866383 106 141 33 87
2.868383 106 141 33 87
2.870383 106 141 33 87
2.872383 105 141 34 87
2.874383 105 141 34 87
2.876383 105 141 34 87
2.878383 105 141 34 87
2.880383 105 141 34 88
2.882383 105 141 34 88
2.884383 105 141 34 88
2.886383 105 141 34 89
2.888383 105 141 34 89
2.890383 105 141 34 89
2.892383 105 141 34 90
2.894383 105 141 34 90
2.896383 105 141 33 90
2.898383 105 141 33 91
2.900383 105 141 33 91
2.902383 105 141 33 91
2.904383 105 141 33 91
2.906383 105 141 33 92
2.908383 105 141 33 92
2.910383 105 141 32 92
2.912383 105 141 32 93
2.914383 105 141 32 93
2.916383 105 141 32 93
2.918383 105 140 32 94
2.920383 105 140 32 94
2.922383 105 140 32 94
2.924383 105 140 32 94
2.926383 105 140 31 95
2.928383 105 140 31 95
2.930383 105 140 31 95
2.932383 105 140 31 96
2.934383 105 140 31 96
2.936383 105 140 31 96
2.938383 105 140 31 97
2.940383 105 140 31 97
2.942383 105 140 30 97
2.944383 105 140 30 98
2.946383 105 140 30 98
2.948383 105 140 30 98
2.950383 105 140 30 98
2.952383 105 140 30 99
2.954383 105 140 30 99
2.956383 105 140 30 99
2.958383 105 140 30 99
2.960383 105 140 30 99
2.962383 105 140 30 99
2.964383 105 140 30 99
2.966383 105 140 30 98
2.968383 105 140 31 98
2.970383 105 140 31 98
2.972383 105 140 31 98
2.974383 105 140 31 98
2.976383 105 140 31 97
2.978383 105 140 32 97
2.980383 105 140 32 97
2.982383 105 140 32 97
2.984383 104 140 32 96
2.986383 104 140 32 96
2.988383 104 140 33 96
2.990383 104 140 33 96
2.992383 104 140 33 95
2.994383 104 140 33 95
2.996383 104 141 34 95
2.998383 104 141 34 95
3.000383 104 141 34 95
3.002383 104 141 34 94
3.004383 104 141 34 94
3.006383 104 141 35 94
3.008383 104 141 35 94
3.010383 103 141 35 93
3.012383 103 141 35 93
3.014383 103 141 35 93
3.016383 103 141 36 93
3.018383 103 141 36 92
3.020383 103 141 36 92
3.022383 103 141 36 92
3.024383 103 141 36 92
3.026383 103 141 37 92
3.028383 103 141 37 91
3.030383 103 141 37 91
3.032383 103 141 37 91
3.034383 103 141 37 91
3.036383 102 142 38 90
3.038383 102 142 38 90
3.040383 102 142 38 90
3.042383 102 142 38 90
3.044383 101 142 38 90
3.046383 101 142 39 90
3.048383 101 142 39 90
3.050383 100 142 39 90
3.052383 100 142 39 90
3.054383 100 142 39 90
3.056383 100 142 40 90
3.058383 99 142 40 90
3.060383 99 142 40 90
3.062383 99 142 40 90
3.064383 98 142 40 90
3.066383 98 142 41 90
3.068383 98 142 41 90
3.070383 98 142 41 90
3.072383 97 142 41 90
3.074383 97 142 41 90
3.076383 97 142 42 90
3.078383 96 142 42 90
3.080383 96 142 42 90
3.082383 96 142 42 90
3.084383 96 142 42 90
3.086383 95 142 43 90
3.088383 95 142 43 90
3.090383 95 142 43 90
3.092383 95 142 43 90
3.094383 94 142 44 90
3.096383 94 142 44 90
3.098383 94 142 44 90
3.100383 93 142 44 90
3.102383 93 142 44 90
3.104383 93 142 45 90
3.106383 93 142 45 90
3.108383 92 142 45 90
3.110383 92 142 45 90
3.112383 92 142 45 90
3.114383 91 142 46 89
3.116383 91 142 46 89
3.118383 91 142 46 89
3.120383 91 142 46 89
3.122383 91 142 46 89
3.124383 91 142 46 89
3.126383 91 142 46 89
3.128383 91 142 46 89
3.130383 91 142 46 89
3.132383 91 142 46 89
3.134383 91 142 46 89
3.136383 91 142 46 89
3.138383 91 142 46 89
3.140383 90 143 47 88
3.142383 90 143 47 88
3.144383 90 143 47 88
3.146383 90 143 47 88
3.148383 90 143 47 88
3.150383 90 143 47 88
3.152383 90 143 47 88
3.154383 90 143 47 88
3.156383 90 143 47 88
3.158383 90 143 47 88
3.160383 90 143 47 88
3.162383 90 143 47 88
3.164383 90 143 47 88
3.166383 89 144 48 87
3.168383 89 144 48 87
3.170383 89 144 48 87
3.172383 89 144 48 87
3.174383 89 144 48 87
3.176383 89 144 48 87
3.178383 89 144 48 87
3.180383 89 144 48 87
3.182383 89 144 48 87
3.184383 89 144 48 87
3.186383 89 144 48 87
3.188383 89 144 48 87
3.190383 89 144 48 87
3.192383 88 145 49 87
3.194383 88 145 49 87
3.196383 88 145 49 87
3.198383 88 145 49 87
3.200383 87 145 50 87
3.202383 87 145 50 87
3.204383 87 145 50 87
3.206383 87 145 50 87
3.208383 86 145 51 87
3.210383 86 145 51 87
3.212383 86 145 51 87
3.214383 86 145 51 87
3.216383 85 145 52 87
3.218383 85 145 52 87
3.220383 85 145 52 87
3.222383 85 145 52 87
3.224383 84 145 53 87
3.226383 84 145 53 87
3.228383 84 145 53 87
3.230383 84 145 53 87
3.232383 83 145 54 88
3.234383 83 145 54 88
3.236383 83 145 54 88
3.238383 83 145 54 88
3.240383 82 145 55 88
3.242383 82 145 55 88
3.244383 82 145 55 88
3.246383 82 145 55 88
3.248383 81 145 56 88
3.250383 81 145 56 88
3.252383 81 145 56 88
3.254383 81 145 56 88
3.256383 80 145 57 88
3.258383 80 145 57 88
3.260383 80 145 57 88
3.262383 80 145 57 88
3.264383 79 145 58 88
3.266383 79 145 58 88
3.268383 79 145 58 88
3.270383 79 145 58 88
3.272383 78 145 59 88
3.274383 78 145 59 88
3.276383 78 145 59 88
3.278383 78 145 59 88
3.280383 78 145 59 88
3.282383 78 145 59 88
3.284383 78 145 59 88
3.286383 77 145 60 88
3.288383 77 145 60 88
3.290383 77 145 60 88
3.292383 77 145 60 88
3.294383 77 145 60 88
3.296383 77 145 60 88
3.298383 77 145 60 87
3.300383 77 145 60 87
3.302383 76 145 61 87
3.304383 76 145 61 87
3.306383 76 145 61 87
3.308383 76 145 61 87
3.310383 76 145 61 87
3.312383 76 145 61 87
3.314383 76 145 61 87
3.316383 76 145 61 87
3.318383 75 145 62 87
3.320383 75 145 62 87
3.322383 75 145 62 87
3.324383 75 145 62 86
3.326383 75 145 62 86
3.328383 75 145 62 86
3.330383 75 145 62 86
3.332383 75 145 62 86
3.334383 74 145 63 86
3.336383 74 145 63 86
3.338383 74 145 63 86
3.340383 74 145 63 86
3.342383 74 145 63 86
3.344383 74 145 63 86
3.346383 74 145 63 86
3.348383 74 145 63 86
3.350383 73 145 63 86
3.352383 73 145 63 86
3.354383 73 145 63 86
3.356383 73 145 63 86
3.358383 73 145 63 86
3.360383 73 145 63 86
3.362383 73 145 63 86
3.364383 73 145 63 86
3.366383 73 145 63 86
3.368383 73 145 63 86
3.370383 73 145 63 86
3.372383 73 145 63 86
3.374383 73 145 63 86
3.376383 72 144 63 86
3.378383 72 144 63 86
3.380383 72 144 63 86
3.382383 72 144 63 86
3.384383 72 144 63 86
3.386383 72 144 63 86
3.388383 72 144 63 86
3.390383 72 144 63 86
3.392383 72 144 63 86
3.394383 72 144 63 86
3.396383 72 144 63 86
3.398383 72 144 63 86
3.400383 72 144 63 86
3.402383 71 143 63 86
3.404383 71 143 63 86
3.406383 71 143 63 86
3.408383 71 143 63 86
3.410383 71 143 63 86
3.412383 71 143 63 86
3.414383 71 143 63 86
3.416383 71 143 63 86
3.418383 71 143 63 86
3.420383 71 143 63 86
3.422383 71 143 63 86
3.424383 71 143 63 86
3.426383 71 143 63 86
3.428383 70 143 62 86
3.430383 70 143 61 86
3.432383 70 143 61 86
3.434383 70 143 60 86
3.436383 70 143 59 86
3.438383 70 143 58 86
3.440383 70 143 57 86
3.442383 70 143 57 86
3.444383 70 143 56 86
3.446383 70 143 55 86
3.448383 70 144 54 86
3.450383 70 144 54 86
3.452383 70 144 53 86
3.454383 70 144 52 86
3.456383 70 144 51 86
3.458383 70 144 51 86
3.460383 70 144 50 86
3.462383 70 144 49 86
3.464383 70 144 48 86
3.466383 70 144 48 86
3.468383 69 145 47 85
3.470383 69 145 46 85
3.472383 69 145 45 85
3.474383 69 145 44 85
3.476383 69 145 44 85
3.478383 69 145 43 85
3.480383 69 145 42 85
3.482383 69 145 41 85
3.484383 69 145 41 85
3.486383 69 146 40 85
3.488383 69 146 39 85
3.490383 69 146 38 85
3.492383 69 146 38 85
3.494383 69 146 37 85
3.496383 69 146 36 85
3.498383 69 146 35 85
3.500383 69 146 35 85
3.502383 69 146 34 85
3.504383 69 146 33 85
3.506383 69 147 32 84
3.508383 69 147 32 84
3.510383 69 147 32 84
3.512383 69 147 31 84
3.514383 69 147 31 84
3.516383 69 147 31 84
3.518383 69 147 30 84
3.520383 69 147 30 84
3.522383 69 147 30 84
3.524383 69 147 29 84
3.526383 69 147 29 84
3.528383 69 147 29 84
3.530383 69 147 28 84
3.532383 69 147 28 84
3.534383 69 147 28 84
3.536383 69 147 27 84
3.538383 69 147 27 84
3.540383 69 147 27 84
3.542383 69 147 26 84
3.544383 69 147 26 84
3.546383 70 147 26 84
3.548383 70 147 25 84
3.550383 70 147 25 84
3.552383 70 147 25 84
3.554383 70 147 24 84
3.556383 70 147 24 84
3.558383 70 147 24 84
3.560383 70 147 23 84
3.562383 70 147 23 84
3.564383 70 147 23 84
3.566383 70 147 22 84
3.568383 70 147 22 84
3.570383 70 147 22 84
3.572383 70 147 21 84
3.574383 70 147 21 84
3.576383 70 147 21 84
3.578383 70 147 20 84
3.580383 70 147 20 84
3.582383 70 147 20 84
3.584383 70 147 19 83
3.586383 68 143 19 81
3.588383 67 139 18 79
3.590383 65 135 18 77
3.592383 63 132 17 75
3.594383 61 128 17 72
3.596383 59 124 16 70
3.598383 57 120 16 68
3.600383 56 117 15 66
3.602383 54 113 15 64
3.604383 52 109 14 62
3.606383 50 105 14 60
3.608383 48 101 13 57
3.610383 47 98 13 55
3.612383 45 94 12 53
3.614383 43 90 12 51
3.616383 41 86 11 49
3.618383 39 83 11 47
3.620383 38 79 10 44
3.622383 36 75 10 42
3.624383 34 71 9 40
3.626383 32 67 9 38
3.628383 30 64 8 36
3.630383 28 60 8 34
3.632383 27 56 7 32
3.634383 25 52 7 29
3.636383 23 49 6 27
3.638383 21 45 6 25
3.640383 19 41 5 23
3.642383 18 37 5 21
3.644383 16 33 4 19
3.646383 14 30 4 17
3.648383 12 26 3 14
3.650383 10 22 3 12
3.652383 9 18 2 10
3.654383 7 15 2 8
3.656383 5 11 1 6
3.658383 3 7 1 4
3.660383 1 3 0 2
3.662383 0 0 0 0
3.664383 0 0 0 0
3.666383 0 0 0 0
3.668383 0 0 0 0
3.670383 0 0 0 0
3.672383 0 0 0 0
3.674383 0 0 0 0
3.676383 0 0 0 0
3.678383 0 0 0 0
3.680383 0 0 0 0
3.682383 0 0 0 0
3.684383 0 0 0 0
3.686383 0 0 0 0
3.688383 0 0 0 0
3.690383 0 0 0 0
3.692383 0 0 0 0
3.694383 0 0 0 0
3.696383 0 0 0 0
3.698383 0 0 0 0
3.700383 0 0 0 0
3.702383 0 0 0 0
3.704383 0 0 0 0
3.706383 0 0 0 0
3.708383 0 0 0 0
3.710383 0 0 0 0
3.712383 0 0 0 0
3.714383 0 0 0 0
3.716383 0 0 0 0
3.718383 0 0 0 0
3.720383 0 0 0 0
3.722383 0 0 0 0
3.724383 0 0 0 0
3.726383 0 0 0 0
3.728383 0 0 0 0
3.730383 0 0 0 0
3.732383 0 0 0 0
3.734383 0 0 0 0
3.736383 0 0 0 0
3.738383 0 0 0 0
3.740383 0 0 0 0
3.742383 0 0 0 0
3.744383 0 0 0 0
3.746383 0 0 0 0
3.748383 0 0 0 0
3.750383 0 0 0 0
3.752383 0 0 0 0
3.754383 0 0 0 0
3.756383 0 0 0 0
3.758383 0 0 0 0
3.760383 0 0 0 0
3.762383 0 0 0 0
3.764383 0 0 0 0
3.766383 0 0 0 0
3.768383 0 0 0 0
3.770383 0 0 0 0
3.772383 0 0 0 0
3.774383 0 0 0 0
3.776383 0 0 0 0
3.778383 0 0 0 0
3.780383 0 0 0 0
3.782383 0 0 0 0
3.784383 0 0 0 0
3.786383 0 0 0 0
3.788383 0 0 0 0
3.790383 0 0 0 0
3.792383 0 0 0 0
3.794383 0 0 0 0
3.796383 0 0 0 0
3.798383 0 0 0 0
3.800383 0 0 0 0
3.802383 0 0 0 0
3.804383 0 0 0 0
3.806383 0 0 0 0
3.808383 0 0 0 0
3.810383 0 0 0 0
3.812383 0 0 0 0
3.814383 0 0 0 0
3.816383 0 0 0 0
3.818383 0 0 0 0
3.820383 0 0 0 0
3.822383 0 0 0 0
3.824383 0 0 0 0
3.826383 0 0 0 0
3.828383 0 0 0 0
3.830383 0 0 0 0
3.832383 0 0 0 0
3.834383 0 0 0 0
3.836383 0 0 0 0
3.838383 0 0 0 0
3.840383 0 0 0 0
3.842383 0 0 0 0
3.844383 0 0 0 0
3.846383 0 0 0 0
3.848383 0 0 0 0
3.850383 0 0 0 0
3.852383 0 0 0 0
3.854383 0 0 0 0
3.856383 0 0 0 0
3.858383 0 0 0 0
3.860383 0 0 0 0
3.862383 0 0 0 0
3.864383 0 0 0 0
3.866383 0 0 0 0
3.868383 0 0 0 0
3.870383 0 0 0 0
3.872383 0 0 0 0
3.874383 0 0 0 0
3.876383 0 0 0 0
3.878383 0 0 0 0
3.880383 0 0 0 0
3.882383 0 0 0 0
3.884383 0 0 0 0
3.886383 0 0 0 0
3.888383 0 0 0 0
3.890383 0 0 0 0
3.892383 0 0 0 0
3.894383 0 0 0 0
3.896383 0 0 0 0
3.898383 0 0 0 0
3.900383 0 0 0 0
3.902383 0 0 0 0
3.904383 0 0 0 0
3.906383 0 0 0 0
3.908383 0 0 0 0
3.910383 0 0 0 0
3.912383 0 0 0 0
3.914383 0 0 0 0
3.916383 0 0 0 0
3.918383 0 0 0 0
3.920383 0 0 0 0
3.922383 0 0 0 0
3.924383 0 0 0 0
3.926383 0 0 0 0
3.928383 0 0 0 0
3.930383 0 0 0 0
3.932383 0 0 0 0
3.934383 0 0 0 0
3.936383 0 0 0 0
3.938383 0 0 0 0
3.940383 0 0 0 0
3.942383 0 0 0 0
3.944383 0 0 0 0
3.946383 0 0 0 0
3.948383 0 0 0 0
3.950383 0 0 0 0
3.952383 0 0 0 0
3.954383 0 0 0 0
3.956383 0 0 0 0
3.958383 0 0 0 0
3.960383 0 0 0 0
3.962383 0 0 0 0
3.964383 0 0 0 0
3.966383 0 0 0 0
3.968383 0 0 0 0
3.970383 0 0 0 0
3.972383 0 0 0 0
3.974383 0 0 0 0
3.976383 0 0 0 0
3.978383 0 0 0 0
3.980383 0 0 0 0
3.982383 0 0 0 0
3.984383 0 0 0 0
3.986383 0 0 0 0
3.988383 0 0 0 0
3.990383 0 0 0 0
3.992383 0 0 0 0
3.994383 0 0 0 0
3.996383 0 0 0 0
3.998383 0 0 0 0
4.000383 0 0 0 0
4.002383 0 0 0 0
4.004383 0 0 0 0
4.006383 0 0 0 0
4.008383 0 0 0 0
4.010383 0 0 0 0
4.012383 0 0 0 0
4.014383 0 0 0 0
4.016383 0 0 0 0
4.018383 0 0 0 0
4.020383 0 0 0 0
4.022383 0 0 0 0
4.024383 0 0 0 0
4.026383 0 0 0 0
4.028383 0 0 0 0
4.030383 0 0 0 0
4.032383 0 0 0 0
4.034383 0 0 0 0
4.036383 0 0 0 0
4.038383 0 0 0 0
4.040383 0 0 0 0
4.042383 0 0 0 0
4.044383 0 0 0 0
4.046383 0 0 0 0
4.048383 0 0 0 0
4.050383 0 0 0 0
4.052383 0 0 0 0
4.054383 0 0 0 0
4.056383 1 4 0 1
4.058383 1 8 1 2
4.060383 2 13 1 4
4.062383 3 17 2 5
4.064383 4 21 2 6
4.066383 5 25 3 7
4.068383 6 30 3 9
4.070383 7 34 4 10
4.072383 8 38 4 11
4.074383 9 42 5 13
4.076383 10 46 5 14
4.078383 11 51 6 15
4.080383 12 55 7 17
4.082383 12 59 7 18
4.084383 13 63 8 19
4.086383 14 67 8 20
4.088383 15 72 9 22
4.090383 16 76 9 23
4.092383 17 80 10 24
4.094383 18 84 10 26
4.096383 19 88 11 27
4.098383 20 93 11 28
4.100383 21 97 12 30
4.102383 22 101 12 31
4.104383 23 105 13 32
4.106383 24 110 14 34
4.108383 24 114 14 35
4.110383 25 118 15 36
4.112383 26 122 15 37
4.114383 27 126 16 39
4.116383 28 131 16 40
4.118383 29 135 17 41
4.120383 30 139 17 43
4.122383 31 143 18 44
4.124383 32 147 18 45
4.126383 33 152 19 47
4.128383 34 156 19 48
4.130383 35 160 20 49
4.132383 35 164 20 50
4.134383 35 165 21 51
4.136383 35 165 21 52
4.138383 35 165 21 53
4.140383 35 165 22 54
4.142383 35 165 22 55
4.144383 35 166 22 56
4.146383 35 166 23 57
4.148383 34 166 23 58
4.150383 34 166 23 58
4.152383 34 166 24 59
4.154383 34 166 24 60
4.156383 34 167 24 61
4.158383 34 167 24 62
4.160383 34 167 25 63
4.162383 34 167 25 64
4.164383 33 167 25 65
4.166383 33 168 26 66
4.168383 33 168 26 67
4.170383 33 168 26 67
4.172383 33 168 27 68
4.174383 33 168 27 69
4.176383 33 168 27 70
4.178383 33 169 28 71
4.180383 32 169 28 72
4.182383 32 169 28 73
4.184383 32 169 28 74
4.186383 32 169 29 75
4.188383 32 169 29 75
4.190383 32 170 29 76
4.192383 32 170 30 77
4.194383 32 170 30 78
4.196383 31 170 30 79
4.198383 31 170 31 80
4.200383 31 171 31 81
4.202383 31 171 31 82
4.204383 31 171 32 83
4.206383 31 171 32 84
4.208383 31 171 32 84
4.210383 31 171 32 85
4.212383 30 172 33 85
4.214383 30 172 33 85
4.216383 30 172 33 85
4.218383 30 172 33 85
4.220383 30 172 33 85
4.222383 30 172 33 85
4.224383 30 172 33 85
4.226383 30 172 33 85
4.228383 30 172 33 85
4.230383 30 172 33 85
4.232383 30 172 33 85
4.234383 30 172 33 85
4.236383 30 172 33 85
4.238383 30 172 33 85
4.240383 30 172 33 85
4.242383 30 172 33 85
4.244383 30 172 33 85
4.246383 30 172 33 85
4.248383 30 172 33 85
4.250383 30 172 33 85
4.252383 30 172 33 85
4.254383 30 172 33 85
4.256383 30 172 33 85
4.258383 30 172 33 85
4.260383 30 172 33 85
4.262383 30 172 33 85
4.264383 30 172 33 85
4.266383 30 172 33 85
4.268383 30 172 33 85
4.270383 30 172 33 85
4.272383 30 172 33 85
4.274383 30 172 33 85
4.276383 30 172 33 85
4.278383 30 172 33 85
4.280383 30 172 33 85
4.282383 30 172 33 85
4.284383 30 172 33 85
4.286383 30 172 33 85
4.288383 30 172 33 85
4.290383 29 172 32 84
4.292383 29 172 32 84
4.294383 29 172 32 84
4.296383 29 172 32 84
4.298383 29 172 32 84
4.300383 29 172 32 84
4.302383 29 172 32 84
4.304383 29 172 32 84
4.306383 29 172 31 84
4.308383 29 172 31 84
4.310383 28 172 31 83
4.312383 28 172 31 83
4.314383 28 172 31 83
4.316383 28 172 31 83
4.318383 28 172 31 83
4.320383 28 172 31 83
4.322383 28 172 30 83
4.324383 28 172 30 83
4.326383 28 172 30 83
4.328383 27 172 30 82
4.330383 27 172 30 82
4.332383 27 172 30 82
4.334383 27 172 30 82
4.336383 27 172 29 82
4.338383 27 172 29 82
4.340383 27 172 29 82
4.342383 27 172 29 82
4.344383 27 172 29 82
4.346383 27 172 29 82
4.348383 26 172 29 81
4.350383 26 172 29 81
4.352383 26 172 28 81
4.354383 26 172 28 81
4.356383 26 172 28 81
4.358383 26 172 28 81
4.360383 26 172 28 81
4.362383 26 172 28 81
4.364383 26 172 28 81
4.366383 26 172 28 81
4.368383 25 172 28 81
4.370383 25 172 28 81
4.372383 25 172 29 81
4.374383 25 172 29 81
4.376383 25 172 30 81
4.378383 25 172 31 81
4.380383 24 172 31 81
4.382383 24 172 32 81
4.384383 24 172 32 81
4.386383 24 172 33 81
4.388383 24 172 33 81
4.390383 23 172 34 81
4.392383 23 172 34 81
4.394383 23 172 35 81
4.396383 23 172 36 81
4.398383 23 172 36 81
4.400383 23 172 37 81
4.402383 22 172 37 81
4.404383 22 172 38 81
4.406383 22 172 38 81
4.408383 22 172 39 81
4.410383 22 172 40 81
4.412383 21 172 40 81
4.414383 21 172 41 81
4.416383 21 172 41 81
4.418383 21 172 42 81
4.420383 21 172 42 81
4.422383 21 172 43 81
4.424383 20 172 43 81
4.426383 20 172 44 81
4.428383 20 172 45 81
4.430383 20 172 45 81
4.432383 20 172 46 81
4.434383 20 172 46 81
4.436383 19 172 47 81
4.438383 19 172 47 81
4.440383 19 172 48 81
4.442383 19 172 49 81
4.444383 19 172 49 81
4.446383 19 171 49 81
4.448383 19 171 49 81
4.450383 19 171 49 81
4.452383 19 171 49 81
4.454383 19 171 49 81
4.456383 19 171 49 81
4.458383 19 171 49 81
4.460383 19 171 49 81
4.462383 19 171 48 82
4.464383 19 171 48 82
4.466383 19 171 48 82
4.468383 19 171 48 82
4.470383 19 171 48 82
4.472383 20 171 48 82
4.474383 20 171 48 82
4.476383 20 171 48 82
4.478383 20 171 47 83
4.480383 20 171 47 83
4.482383 20 171 47 83
4.484383 20 171 47 83
4.486383 20 171 47 83
4.488383 20 171 47 83
4.490383 20 171 47 83
4.492383 20 171 47 83
4.494383 20 171 46 84
4.496383 20 171 46 84
4.498383 21 171 46 84
4.500383 21 171 46 84
4.502383 21 171 46 84
4.504383 21 171 46 84
4.506383 21 171 46 84
4.508383 21 171 46 84
4.510383 21 171 45 85
4.512383 21 171 45 85
4.514383 21 171 45 85
4.516383 21 171 45 85
4.518383 21 171 45 85
4.520383 21 171 45 85
4.522383 21 171 45 85
4.524383 21 171 45 85
4.526383 21 171 45 85
4.528383 21 171 45 85
4.530383 21 171 45 85
4.532383 21 171 45 85
4.534383 21 171 46 85
4.536383 20 171 46 85
4.538383 20 171 46 84
4.540383 20 171 46 84
4.542383 20 171 46 84
4.544383 20 172 47 84
4.546383 20 172 47 84
4.548383 19 172 47 84
4.550383 19 172 47 84
4.552383 19 172 47 83
4.554383 19 172 48 83
4.556383 19 172 48 83
4.558383 18 172 48 83
4.560383 18 172 48 83
4.562383 18 172 48 83
4.564383 18 173 49 82
4.566383 18 173 49 82
4.568383 18 173 49 82
4.570383 17 173 49 82
4.572383 17 173 49 82
4.574383 17 173 50 82
4.576383 17 173 50 82
4.578383 17 173 50 81
4.580383 16 173 50 81
4.582383 16 173 50 81
4.584383 16 174 51 81
4.586383 16 174 51 81
4.588383 16 174 51 81
4.590383 16 174 51 80
4.592383 15 174 51 80
4.594383 15 174 52 80
4.596383 15 174 52 80
4.598383 15 174 52 80
4.600383 15 174 52 80
4.602383 15 174 52 80
4.604383 15 175 52 79
4.606383 15 175 52 79
4.608383 15 175 52 79
4.610383 15 175 52 79
4.612383 15 175 52 79
4.614383 15 175 52 79
4.616383 15 176 52 79
4.618383 15 176 52 79
4.620383 15 176 52 79
4.622383 15 176 52 79
4.624383 15 176 52 79
4.626383 15 176 52 79
4.628383 15 176 52 79
4.630383 15 177 52 79
4.632383 15 177 52 79
4.634383 15 177 52 79
4.636383 15 177 52 79
4.638383 15 177 52 79
4.640383 15 177 52 79
4.642383 15 178 51 79
4.644383 15 178 51 79
4.646383 15 178 51 79
4.648383 15 178 51 79
4.650383 15 178 51 79
4.652383 15 178 51 79
4.654383 15 178 51 79
4.656383 15 179 51 79
4.658383 15 179 51 79
4.660383 15 179 51 79
4.662383 15 179 51 79
4.664383 15 179 51 79
4.666383 15 179 51 79
4.668383 15 180 51 79
4.670383 15 180 51 79
4.672383 15 180 51 79
4.674383 15 180 51 79
4.676383 15 180 51 79
4.678383 15 180 51 79
4.680383 15 180 51 79
4.682383 14 181 51 78
4.684383 14 181 51 78
4.686383 14 181 51 78
4.688383 14 181 51 78
4.690383 14 181 51 78
4.692383 14 181 51 78
4.694383 14 181 51 77
4.696383 14 181 51 77
4.698383 14 181 51 77
4.700383 14 181 51 77
4.702383 14 182 51 77
4.704383 14 182 51 77
4.706383 14 182 51 77
4.708383 14 182 51 76
4.710383 14 182 51 76
4.712383 14 182 51 76
4.714383 14 182 51 76
4.716383 14 182 51 76
4.718383 14 182 51 76
4.720383 13 183 51 75
4.722383 13 183 51 75
4.724383 13 183 51 75
4.726383 13 183 51 75
4.728383 13 183 51 75
4.730383 13 183 51 75
4.732383 13 183 51 75
4.734383 13 183 51 74
4.736383 13 183 51 74
4.738383 13 183 51 74
4.740383 13 184 51 74
4.742383 13 184 51 74
4.744383 13 184 51 74
4.746383 13 184 51 73
4.748383 13 184 51 73
4.750383 13 184 51 73
4.752383 13 184 51 73
4.754383 13 184 51 73
4.756383 13 184 51 73
4.758383 13 184 51 73
