0.042260 278 117 16 30
0.044260 278 117 16 30
0.046260 278 117 16 30
0.048260 278 117 16 30
0.050260 278 117 16 30
0.052260 278 117 16 30
0.054260 278 117 16 30
0.056260 278 117 16 30
0.058260 278 117 16 30
0.060260 278 117 16 30
0.062260 278 117 16 30
0.064260 278 117 16 30
0.066260 278 117 16 30
0.068260 278 117 16 30
0.070260 278 117 16 30
0.072260 278 117 16 30
0.074260 278 117 16 30
0.076260 278 117 16 30
0.078260 278 117 16 30
0.080260 278 117 16 30
0.082260 278 117 16 30
0.084260 278 117 16 30
0.086260 278 117 16 30
0.088260 278 117 16 30
0.090260 277 117 16 29
0.092260 277 117 16 29
0.094260 277 117 16 29
0.096260 277 117 16 29
0.098260 277 117 16 29
0.100260 277 117 16 29
0.102260 277 117 16 29
0.104260 277 117 16 29
0.106260 276 117 17 29
0.108260 276 117 17 29
0.110260 276 117 17 29
0.112260 276 117 17 29
0.114260 276 117 17 28
0.116260 276 117 17 28
0.118260 276 117 17 28
0.120260 276 117 17 28
0.122260 275 117 18 28
0.124260 275 117 18 28
0.126260 275 117 18 28
0.128260 275 117 18 28
0.130260 275 117 18 28
0.132260 275 117 18 28
0.134260 275 117 18 28
0.136260 275 117 18 28
0.138260 274 118 18 27
0.140260 274 118 18 27
0.142260 274 118 18 27
0.144260 274 118 18 27
0.146260 274 118 18 27
0.148260 274 118 18 27
0.150260 274 118 18 27
0.152260 274 118 18 27
0.154260 274 118 17 27
0.156260 274 118 17 27
0.158260 274 118 17 27
0.160260 274 118 17 27
0.162260 274 118 17 26
0.164260 274 118 17 26
0.166260 274 118 17 26
0.168260 274 118 16 26
0.170260 274 118 16 26
0.172260 274 118 16 26
0.174260 274 118 16 26
0.176260 274 118 16 26
0.178260 274 118 16 26
0.180260 274 118 16 26
0.182260 274 118 16 26
0.184260 273 119 15 26
0.186260 273 119 15 26
0.188260 273 119 15 26
0.190260 273 119 15 26
0.192260 273 119 15 26
0.194260 273 119 15 26
0.196260 273 119 15 26
0.198260 273 119 15 26
0.200260 272 119 15 26
0.202260 272 119 15 26
0.204260 272 119 15 26
0.206260 272 119 15 26
0.208260 272 119 15 26
0.210260 272 119 15 26
0.212260 272 119 15 26
0.214260 272 119 15 26
0.216260 271 119 15 26
0.218260 271 119 15 26
0.220260 271 119 15 26
0.222260 271 119 15 26
0.224260 271 119 15 26
0.226260 271 119 15 26
0.228260 271 119 15 26
0.230260 271 119 15 26
0.232260 270 119 15 26
0.234260 270 119 15 26
0.236260 270 119 15 26
0.238260 270 119 15 26
0.240260 270 119 15 26
0.242260 270 119 15 26
0.244260 270 119 15 26
0.246260 270 119 15 26
0.248260 270 119 15 26
0.250260 270 119 15 26
0.252260 270 119 15 26
0.254260 270 119 15 26
0.256260 269 119 15 26
0.258260 269 119 15 26
0.260260 269 119 15 26
0.262260 269 119 15 26
0.264260 269 119 15 26
0.266260 269 119 15 26
0.268260 269 119 15 26
0.270260 269 119 15 26
0.272260 269 119 15 26
0.274260 269 119 15 26
0.276260 269 119 15 26
0.278260 269 119 15 26
0.280260 268 119 15 26
0.282260 268 119 15 26
0.284260 268 119 15 26
0.286260 268 119 15 26
0.288260 268 119 15 26
0.290260 268 119 15 26
0.292260 268 119 15 26
0.294260 268 119 15 26
0.296260 268 119 15 26
0.298260 268 119 15 26
0.300260 268 119 15 26
0.302260 267 119 15 26
0.304260 267 119 15 26
0.306260 267 119 15 26
0.308260 267 119 15 26
0.310260 267 119 15 26
0.312260 267 119 15 26
0.314260 267 119 15 26
0.316260 267 119 15 26
0.318260 267 119 15 26
0.320260 267 119 15 26
0.322260 267 119 15 26
0.324260 267 119 15 26
0.326260 266 119 14 27
0.328260 266 119 14 27
0.330260 266 119 14 27
0.332260 266 119 14 27
0.334260 266 119 14 27
0.336260 266 119 14 27
0.338260 266 119 14 27
0.340260 266 119 14 27
0.342260 265 119 14 27
0.344260 265 119 14 27
0.346260 265 119 14 27
0.348260 265 119 14 27
0.350260 265 119 14 27
0.352260 265 119 14 27
0.354260 265 119 14 27
0.356260 265 119 14 27
0.358260 264 119 14 27
0.360260 264 119 14 27
0.362260 264 119 14 27
0.364260 264 119 14 27
0.366260 264 119 14 27
0.368260 264 119 14 27
0.370260 264 119 14 27
0.372260 264 119 14 27
0.374260 263 119 14 27
0.376260 263 119 14 27
0.378260 263 119 14 27
0.380260 263 119 15 27
0.382260 263 119 15 27
0.384260 263 119 15 27
0.386260 263 119 16 27
0.388260 263 119 16 27
0.390260 262 119 16 27
0.392260 262 119 16 27
0.394260 262 119 17 27
0.396260 262 119 17 27
0.398260 262 118 17 27
0.400260 262 118 18 27
0.402260 262 118 18 27
0.404260 261 118 18 27
0.406260 261 118 18 27
0.408260 261 118 19 27
0.410260 261 118 19 27
0.412260 261 118 19 27
0.414260 261 118 20 27
0.416260 261 118 20 27
0.418260 261 118 20 27
0.420260 260 118 20 27
0.422260 260 118 20 27
0.424260 260 118 20 27
0.426260 260 118 20 27
0.428260 260 118 20 27
0.430260 260 118 20 27
0.432260 260 118 19 27
0.434260 260 118 19 27
0.436260 260 118 19 27
0.438260 260 118 19 27
0.440260 260 118 19 27
0.442260 260 118 19 27
0.444260 259 118 18 27
0.446260 259 118 18 27
0.448260 259 118 18 27
0.450260 259 118 18 27
0.452260 259 118 18 27
0.454260 259 118 18 27
0.456260 259 118 17 27
0.458260 259 118 17 27
0.460260 259 118 17 27
0.462260 259 118 17 27
0.464260 259 118 17 27
0.466260 259 118 17 27
0.468260 258 119 16 26
0.470260 258 119 16 26
0.472260 258 119 16 26
0.474260 258 119 16 26
0.476260 258 119 16 26
0.478260 258 119 16 26
0.480260 258 119 16 26
0.482260 258 119 16 26
0.484260 258 119 16 26
0.486260 258 119 16 26
0.488260 258 119 16 26
0.490260 258 119 16 26
0.492260 258 119 16 26
0.494260 258 119 16 26
0.496260 258 119 16 26
0.498260 258 119 16 26
0.500260 258 119 16 26
0.502260 258 119 16 26
0.504260 258 119 16 26
0.506260 258 119 16 26
0.508260 258 119 16 26
0.510260 258 119 16 26
0.512260 258 119 16 26
0.514260 258 119 16 26
0.516260 257 118 16 26
0.518260 257 118 16 26
0.520260 257 118 16 26
0.522260 257 118 16 26
0.524260 257 118 16 26
0.526260 257 118 16 26
0.528260 257 118 16 26
0.530260 257 118 16 26
0.532260 257 118 16 26
0.534260 257 118 16 26
0.536260 257 118 16 26
0.538260 256 118 16 26
0.540260 256 118 16 26
0.542260 256 118 16 26
0.544260 256 118 16 26
0.546260 256 118 16 26
0.548260 256 118 16 26
0.550260 256 118 16 26
0.552260 256 118 16 26
0.554260 256 118 16 26
0.556260 256 118 16 26
0.558260 256 118 16 26
0.560260 256 118 16 26
0.562260 255 117 15 27
0.564260 255 117 15 27
0.566260 255 117 15 27
0.568260 255 117 15 27
0.570260 255 117 15 27
0.572260 255 117 15 27
0.574260 255 117 15 27
0.576260 255 117 15 27
0.578260 255 117 15 27
0.580260 255 117 15 27
0.582260 255 117 15 27
0.584260 255 117 15 27
0.586260 255 117 15 27
0.588260 255 117 15 27
0.590260 255 117 15 27
0.592260 255 117 15 27
0.594260 255 117 15 27
0.596260 255 117 15 27
0.598260 255 117 15 27
0.600260 255 117 15 27
0.602260 255 117 15 27
0.604260 255 117 15 27
0.606260 255 117 15 27
0.608260 255 117 15 27
0.610260 254 117 15 27
0.612260 254 117 15 27
0.614260 254 117 15 27
0.616260 254 117 15 27
0.618260 254 117 15 27
0.620260 254 117 15 27
0.622260 254 117 15 27
0.624260 254 117 15 27
0.626260 253 117 15 27
0.628260 253 117 15 27
0.630260 253 117 15 27
0.632260 253 117 15 27
0.634260 253 117 15 27
0.636260 253 117 15 27
0.638260 253 117 15 27
0.640260 253 117 15 27
0.642260 252 117 15 27
0.644260 252 117 15 27
0.646260 252 117 15 27
0.648260 252 117 15 27
0.650260 252 117 15 27
0.652260 252 117 15 27
0.654260 252 117 15 27
0.656260 251 118 16 27
0.658260 251 118 16 27
0.660260 251 118 16 27
0.662260 251 118 16 27
0.664260 251 118 16 27
0.666260 250 118 16 27
0.668260 250 118 16 27
0.670260 250 118 16 27
0.672260 250 118 16 27
0.674260 250 118 16 27
0.676260 249 118 16 27
0.678260 249 118 16 27
0.680260 249 118 16 27
0.682260 249 118 16 27
0.684260 249 118 16 27
0.686260 248 118 16 27
0.688260 248 118 16 27
0.690260 248 118 16 27
0.692260 248 118 16 27
0.694260 247 118 16 27
0.696260 247 118 16 27
0.698260 247 118 16 27
0.700260 247 118 16 27
0.702260 247 118 16 27
0.704260 247 118 16 27
0.706260 247 118 16 27
0.708260 247 118 16 27
0.710260 247 118 16 27
0.712260 247 118 16 27
0.714260 247 118 16 27
0.716260 247 118 16 27
0.718260 247 118 16 27
0.720260 247 118 16 27
0.722260 247 118 16 27
0.724260 247 118 16 27
0.726260 247 118 16 27
0.728260 247 118 16 27
0.730260 247 118 16 27
0.732260 247 118 16 27
0.734260 247 118 16 27
0.736260 247 118 16 27
0.738260 247 118 16 27
0.740260 247 118 16 27
0.742260 247 118 16 27
0.744260 247 118 16 27
0.746260 247 118 16 27
0.748260 247 118 16 27
0.750260 247 118 16 27
0.752260 246 118 15 28
0.754260 246 118 15 28
0.756260 246 118 15 28
0.758260 246 118 15 28
0.760260 246 118 15 28
0.762260 246 118 15 28
0.764260 246 118 15 28
0.766260 246 118 15 28
0.768260 246 118 15 28
0.770260 246 118 15 28
0.772260 246 118 15 28
0.774260 246 118 15 29
0.776260 246 118 15 29
0.778260 246 118 15 29
0.780260 246 118 15 29
0.782260 246 118 15 29
0.784260 246 118 15 29
0.786260 246 118 15 29
0.788260 246 118 15 29
0.790260 246 118 15 29
0.792260 246 118 15 29
0.794260 246 118 15 29
0.796260 246 118 15 29
0.798260 245 118 15 29
0.800260 245 118 15 29
0.802260 245 118 15 29
0.804260 245 118 15 29
0.806260 245 118 15 29
0.808260 245 118 15 29
0.810260 245 118 15 29
0.812260 245 118 15 29
0.814260 244 118 15 28
0.816260 244 118 15 28
0.818260 244 118 15 28
0.820260 244 118 15 28
0.822260 244 118 16 28
0.824260 244 118 16 28
0.826260 244 118 16 28
0.828260 244 118 16 28
0.830260 243 118 16 27
0.832260 243 118 16 27
0.834260 243 118 16 27
0.836260 243 118 16 27
0.838260 243 118 16 27
0.840260 243 118 16 27
0.842260 243 118 16 27
0.844260 243 118 16 27
0.846260 242 118 16 27
0.848260 242 118 16 27
0.850260 242 118 16 27
0.852260 242 118 16 27
0.854260 242 118 16 27
0.856260 242 118 16 27
0.858260 242 118 16 27
0.860260 242 118 16 27
0.862260 242 118 16 27
0.864260 242 118 16 27
0.866260 242 118 16 27
0.868260 242 118 16 27
0.870260 242 118 16 28
0.872260 242 118 16 28
0.874260 242 118 16 28
0.876260 242 118 16 28
0.878260 242 118 16 28
0.880260 242 118 16 28
0.882260 242 118 16 28
0.884260 242 118 16 28
0.886260 242 118 16 28
0.888260 242 118 16 28
0.890260 242 118 16 28
0.892260 241 118 15 28
0.894260 241 118 15 28
0.896260 241 118 15 28
0.898260 241 118 15 28
0.900260 241 118 15 28
0.902260 241 118 15 28
0.904260 241 118 15 28
0.906260 241 118 15 28
0.908260 240 118 15 28
0.910260 240 118 15 28
0.912260 240 118 15 28
0.914260 240 118 15 28
0.916260 240 118 14 27
0.918260 240 118 14 27
0.920260 240 118 14 27
0.922260 240 118 14 27
0.924260 239 118 14 27
0.926260 239 118 14 27
0.928260 239 118 14 27
0.930260 239 118 14 27
0.932260 239 118 14 27
0.934260 239 118 14 27
0.936260 239 118 14 27
0.938260 239 118 14 27
0.940260 238 119 13 27
0.942260 238 119 13 27
0.944260 238 119 13 27
0.946260 238 119 13 27
0.948260 238 119 13 27
0.950260 238 119 13 27
0.952260 238 119 13 27
0.954260 238 119 13 27
0.956260 238 119 13 27
0.958260 238 119 13 27
0.960260 238 119 13 27
0.962260 238 119 13 27
0.964260 238 119 13 27
0.966260 238 119 13 27
0.968260 238 119 13 27
0.970260 238 119 13 27
0.972260 238 119 13 27
0.974260 238 119 13 27
0.976260 238 119 13 27
0.978260 238 119 13 27
0.980260 238 119 13 27
0.982260 238 119 13 27
0.984260 238 119 13 27
0.986260 238 119 13 27
0.988260 237 119 13 27
0.990260 237 119 13 27
0.992260 237 119 13 27
0.994260 237 119 13 27
0.996260 237 119 13 27
0.998260 237 119 13 27
1.000260 237 119 13 27
1.002260 237 119 13 27
1.004260 236 119 13 27
1.006260 236 119 13 27
1.008260 236 119 13 27
1.010260 236 119 14 27
1.012260 236 119 14 27
1.014260 236 119 14 27
1.016260 236 119 14 27
1.018260 235 119 14 27
1.020260 235 119 14 27
1.022260 235 119 14 27
1.024260 235 119 14 27
1.026260 235 119 14 27
1.028260 235 119 14 27
1.030260 235 119 14 27
1.032260 235 119 14 27
1.034260 234 120 15 27
1.036260 234 120 15 27
1.038260 234 120 15 27
1.040260 234 120 15 27
1.042260 234 120 15 27
1.044260 234 120 15 27
1.046260 234 120 15 27
1.048260 234 120 15 27
1.050260 234 120 16 27
1.052260 234 120 16 27
1.054260 234 120 16 27
1.056260 234 120 16 27
1.058260 233 120 16 27
1.060260 233 120 16 27
1.062260 233 120 16 27
1.064260 233 120 16 27
1.066260 233 120 17 27
1.068260 233 120 17 27
1.070260 233 120 17 27
1.072260 233 120 17 27
1.074260 233 120 17 27
1.076260 233 120 17 27
1.078260 233 120 17 27
1.080260 233 120 17 27
1.082260 232 120 17 26
1.084260 232 120 17 26
1.086260 232 120 17 26
1.088260 232 120 17 26
1.090260 232 120 17 26
1.092260 232 120 17 26
1.094260 232 120 16 26
1.096260 232 120 16 26
1.098260 231 120 16 26
1.100260 231 120 16 26
1.102260 231 120 16 26
1.104260 231 120 16 26
1.106260 231 120 15 26
1.108260 231 120 15 26
1.110260 231 120 15 26
1.112260 231 120 15 26
1.114260 230 120 15 26
1.116260 230 120 15 26
1.118260 230 120 14 26
1.120260 230 120 14 26
1.122260 230 120 14 26
1.124260 230 120 14 26
1.126260 230 120 14 26
1.128260 229 119 14 26
1.130260 229 119 14 26
1.132260 229 119 14 26
1.134260 229 119 14 26
1.136260 229 119 14 26
1.138260 229 119 14 26
1.140260 229 119 14 26
1.142260 229 119 14 26
1.144260 228 119 15 27
1.146260 228 119 15 27
1.148260 228 119 15 27
1.150260 228 119 15 27
1.152260 228 118 15 27
1.154260 228 118 15 27
1.156260 228 118 15 27
1.158260 228 118 15 27
1.160260 227 118 16 28
1.162260 227 118 16 28
1.164260 227 118 16 28
1.166260 227 118 16 28
1.168260 227 118 16 28
1.170260 227 118 16 28
1.172260 227 118 16 28
1.174260 227 118 16 28
1.176260 226 118 17 29
1.178260 226 118 17 29
1.180260 226 118 17 29
1.182260 226 118 17 29
1.184260 226 118 17 29
1.186260 226 118 17 29
1.188260 226 118 17 29
1.190260 226 118 17 29
1.192260 226 118 17 29
1.194260 226 118 17 29
1.196260 226 118 17 29
1.198260 226 118 17 29
1.200260 226 118 17 29
1.202260 226 118 17 29
1.204260 226 118 17 29
1.206260 226 118 17 29
1.208260 226 118 17 29
1.210260 226 118 17 29
1.212260 226 118 17 29
1.214260 226 118 17 29
1.216260 226 118 17 29
1.218260 226 118 17 29
1.220260 226 118 17 29
1.222260 226 118 17 29
1.224260 225 118 17 28
1.226260 225 118 17 28
1.228260 225 118 17 28
1.230260 225 118 17 28
1.232260 225 118 17 28
1.234260 225 118 17 28
1.236260 225 118 17 28
1.238260 225 118 17 28
1.240260 225 118 16 28
1.242260 225 118 16 28
1.244260 225 118 16 28
1.246260 224 118 16 27
1.248260 224 118 16 27
1.250260 224 118 16 27
1.252260 224 118 16 27
1.254260 224 118 15 27
1.256260 224 118 15 27
1.258260 224 118 15 27
1.260260 224 118 15 27
1.262260 224 118 15 27
1.264260 224 118 15 27
1.266260 224 118 15 27
1.268260 224 118 15 27
1.270260 223 118 15 26
1.272260 223 118 15 26
1.274260 223 118 15 26
1.276260 223 118 15 26
1.278260 223 118 15 26
1.280260 223 118 15 26
1.282260 222 118 15 26
1.284260 222 118 15 26
1.286260 222 118 15 26
1.288260 222 118 15 26
1.290260 222 118 15 26
1.292260 222 118 15 26
1.294260 221 118 15 26
1.296260 221 118 15 26
1.298260 221 118 15 26
1.300260 221 118 15 26
1.302260 221 118 15 26
1.304260 221 118 15 26
1.306260 220 118 15 26
1.308260 220 118 15 26
1.310260 220 118 15 26
1.312260 220 118 15 26
1.314260 220 118 15 26
1.316260 220 118 15 26
1.318260 219 119 15 26
1.320260 219 119 15 26
1.322260 219 119 15 26
1.324260 219 119 15 26
1.326260 219 119 15 26
1.328260 219 119 15 26
1.330260 219 119 15 26
1.332260 219 119 15 26
1.334260 218 119 15 26
1.336260 218 119 15 26
1.338260 218 119 15 26
1.340260 218 119 15 26
1.342260 218 119 16 26
1.344260 218 119 16 26
1.346260 218 119 16 26
1.348260 218 119 16 26
1.350260 217 119 16 26
1.352260 217 119 16 26
1.354260 217 119 16 26
1.356260 217 119 16 26
1.358260 217 119 16 26
1.360260 217 119 16 26
1.362260 217 119 16 26
1.364260 217 119 16 26
1.366260 216 119 16 26
1.368260 216 119 16 26
1.370260 216 119 16 26
1.372260 216 119 16 26
1.374260 216 118 16 27
1.376260 216 118 16 27
1.378260 216 118 16 27
1.380260 216 118 16 27
1.382260 216 118 16 27
1.384260 216 117 16 28
1.386260 216 117 16 28
1.388260 215 117 16 28
1.390260 215 117 16 28
1.392260 215 117 16 28
1.394260 215 116 16 29
1.396260 215 116 16 29
1.398260 215 116 16 29
1.400260 215 116 16 29
1.402260 215 115 16 30
1.404260 215 115 16 30
1.406260 215 115 16 30
1.408260 215 115 16 30
1.410260 215 115 16 30
1.412260 214 115 16 30
1.414260 214 115 16 30
1.416260 214 115 16 30
1.418260 214 115 17 30
1.420260 214 115 17 30
1.422260 214 115 17 30
1.424260 213 115 18 30
1.426260 213 115 18 30
1.428260 213 115 18 30
1.430260 213 115 19 30
1.432260 213 115 19 30
1.434260 213 115 19 30
1.436260 212 116 20 29
1.438260 212 116 20 29
1.440260 212 116 20 29
1.442260 212 116 21 29
1.444260 212 116 21 29
1.446260 212 116 21 29
1.448260 211 116 22 29
1.450260 211 116 22 29
1.452260 211 116 22 29
1.454260 211 116 23 29
1.456260 211 116 23 29
1.458260 211 116 23 29
1.460260 211 117 23 29
1.462260 211 117 23 29
1.464260 211 117 22 29
1.466260 211 117 22 29
1.468260 211 117 22 29
1.470260 211 117 21 29
1.472260 211 117 21 29
1.474260 211 117 21 29
1.476260 211 117 20 29
1.478260 211 117 20 29
1.480260 211 117 19 29
1.482260 211 117 19 29
1.484260 212 117 19 29
1.486260 212 117 18 29
1.488260 212 117 18 29
1.490260 212 117 17 29
1.492260 212 117 17 29
1.494260 212 117 17 29
1.496260 212 117 16 29
1.498260 212 117 16 29
1.500260 212 117 16 29
1.502260 212 117 15 29
1.504260 212 117 15 29
1.506260 212 116 14 29
1.508260 212 116 14 29
1.510260 212 116 14 29
1.512260 212 116 14 29
1.514260 212 116 14 29
1.516260 212 116 14 29
1.518260 212 116 14 29
1.520260 212 116 14 29
1.522260 212 116 14 29
1.524260 212 116 14 29
1.526260 212 116 14 29
1.528260 212 116 14 29
1.530260 211 116 14 29
1.532260 211 116 14 29
1.534260 211 116 14 29
1.536260 211 116 14 29
1.538260 211 116 14 29
1.540260 211 116 14 29
1.542260 211 116 14 29
1.544260 211 116 14 29
1.546260 211 116 14 29
1.548260 211 116 14 29
1.550260 211 116 14 29
1.552260 211 116 14 29
1.554260 210 116 14 28
1.556260 210 116 14 28
1.558260 210 116 14 28
1.560260 210 116 14 28
1.562260 210 116 14 28
1.564260 210 116 14 28
1.566260 210 117 14 28
1.568260 210 117 14 28
1.570260 210 117 14 28
1.572260 210 117 14 28
1.574260 210 117 14 28
1.576260 210 117 14 28
1.578260 209 118 15 27
1.580260 209 118 15 27
1.582260 209 118 15 27
1.584260 209 118 15 27
1.586260 209 118 15 27
1.588260 209 118 15 27
1.590260 209 119 15 27
1.592260 209 119 15 27
1.594260 209 119 15 27
1.596260 209 119 15 27
1.598260 209 119 15 27
1.600260 209 119 15 27
1.602260 208 119 15 27
1.604260 208 119 15 27
1.606260 208 119 15 27
1.608260 208 119 15 27
1.610260 208 119 15 27
1.612260 208 119 15 27
1.614260 208 119 15 27
1.616260 208 119 15 27
1.618260 208 119 15 27
1.620260 208 119 15 27
1.622260 208 119 15 27
1.624260 207 119 14 27
1.626260 207 119 14 27
1.628260 207 119 14 27
1.630260 207 119 14 27
1.632260 207 119 14 27
1.634260 207 119 14 27
1.636260 207 119 14 27
1.638260 207 119 14 27
1.640260 207 119 14 27
1.642260 207 119 14 27
1.644260 207 119 14 27
1.646260 207 119 14 27
1.648260 206 119 14 27
1.650260 206 119 14 27
1.652260 206 119 14 27
1.654260 206 119 14 27
1.656260 206 119 14 27
1.658260 206 119 14 27
1.660260 206 119 14 27
1.662260 206 119 14 27
1.664260 206 119 14 27
1.666260 206 119 14 27
1.668260 206 119 14 27
1.670260 206 119 14 27
1.672260 206 119 14 27
1.674260 206 119 14 27
1.676260 206 119 14 27
1.678260 206 119 14 27
1.680260 206 119 14 27
1.682260 206 119 14 27
1.684260 206 119 14 27
1.686260 206 119 14 27
1.688260 206 119 14 27
1.690260 206 119 14 27
1.692260 206 119 14 27
1.694260 206 119 14 27
1.696260 205 119 14 27
1.698260 205 119 14 27
1.700260 205 119 14 27
1.702260 205 119 14 27
1.704260 205 119 14 27
1.706260 205 119 14 27
1.708260 204 119 14 27
1.710260 204 119 14 27
1.712260 204 119 14 27
1.714260 204 119 14 27
1.716260 204 119 14 27
1.718260 204 119 14 27
1.720260 203 119 14 27
1.722260 203 119 14 27
1.724260 203 119 14 27
1.726260 203 119 14 27
1.728260 203 119 14 27
1.730260 202 119 14 27
1.732260 202 119 14 27
1.734260 202 119 14 27
1.736260 202 119 14 27
1.738260 202 119 14 27
1.740260 202 119 14 27
1.742260 201 119 15 27
1.744260 201 119 15 27
1.746260 201 119 15 27
1.748260 201 119 15 27
1.750260 201 119 15 27
1.752260 201 119 15 27
1.754260 201 119 15 27
1.756260 201 119 15 27
1.758260 200 119 15 27
1.760260 200 119 15 27
1.762260 200 119 15 27
1.764260 200 119 15 27
1.766260 200 119 15 27
1.768260 200 119 15 27
1.770260 200 119 15 27
1.772260 200 119 15 27
1.774260 199 119 15 27
1.776260 199 119 15 27
1.778260 199 119 15 27
1.780260 199 119 15 27
1.782260 199 119 15 27
1.784260 199 119 15 27
1.786260 199 119 15 27
1.788260 199 119 15 27
1.790260 198 119 15 28
1.792260 198 119 15 28
1.794260 198 119 15 28
1.796260 198 119 15 28
1.798260 198 119 15 28
1.800260 198 119 15 28
1.802260 198 119 15 28
1.804260 198 119 15 28
1.806260 198 119 15 28
1.808260 198 119 15 28
1.810260 198 119 15 28
1.812260 198 119 15 28
1.814260 198 119 15 28
1.816260 198 119 15 28
1.818260 198 119 15 28
1.820260 198 119 15 28
1.822260 198 119 15 28
1.824260 198 119 15 28
1.826260 198 119 15 28
1.828260 198 119 15 28
1.830260 198 119 15 28
1.832260 198 119 15 28
1.834260 198 119 15 28
1.836260 198 119 15 28
1.838260 197 119 16 27
1.840260 197 119 16 27
1.842260 197 119 16 27
1.844260 197 119 16 27
1.846260 197 119 16 27
1.848260 197 119 16 27
1.850260 197 119 16 27
1.852260 197 119 16 27
1.854260 197 119 16 27
1.856260 197 119 16 27
1.858260 197 119 16 27
1.860260 196 119 16 27
1.862260 196 119 16 27
1.864260 196 119 16 27
1.866260 196 119 16 27
1.868260 196 119 16 27
1.870260 196 119 16 27
1.872260 196 119 16 27
1.874260 196 119 16 27
1.876260 196 119 16 27
1.878260 196 119 16 27
1.880260 196 119 16 27
1.882260 196 119 16 27
1.884260 196 119 15 27
1.886260 196 119 15 27
1.888260 196 119 15 27
1.890260 196 119 15 27
1.892260 196 119 15 27
1.894260 196 119 15 27
1.896260 196 119 15 27
1.898260 196 119 15 27
1.900260 196 119 15 27
1.902260 196 119 15 27
1.904260 196 119 15 27
1.906260 196 119 15 27
1.908260 196 119 15 27
1.910260 196 119 15 27
1.912260 196 119 15 27
1.914260 196 119 15 27
1.916260 196 119 15 27
1.918260 196 119 15 27
1.920260 196 119 15 27
1.922260 196 119 15 27
1.924260 196 119 15 27
1.926260 196 119 15 27
1.928260 196 119 15 27
1.930260 196 119 15 27
1.932260 195 119 15 26
1.934260 195 119 15 26
1.936260 195 119 15 26
1.938260 195 119 15 26
1.940260 195 119 15 26
1.942260 194 119 15 26
1.944260 194 119 16 26
1.946260 194 119 16 26
1.948260 194 119 16 26
1.950260 193 119 16 26
1.952260 193 119 16 26
1.954260 193 119 16 26
1.956260 193 119 17 25
1.958260 193 119 17 25
1.960260 192 119 17 25
1.962260 192 119 17 25
1.964260 192 119 17 25
1.966260 192 119 17 25
1.968260 192 119 18 25
1.970260 191 119 18 25
1.972260 191 119 18 25
1.974260 191 119 18 25
1.976260 191 119 18 25
1.978260 190 119 18 25
1.980260 190 119 18 25
1.982260 190 119 18 25
1.984260 190 119 18 25
1.986260 190 119 18 25
1.988260 190 119 17 25
1.990260 190 119 17 25
1.992260 190 119 17 25
1.994260 189 119 17 25
1.996260 189 119 17 25
1.998260 189 119 16 25
2.000260 189 119 16 25
2.002260 189 119 16 25
2.004260 189 119 16 25
2.006260 189 119 16 25
2.008260 189 119 15 25
2.010260 188 119 15 25
2.012260 188 119 15 25
2.014260 188 119 15 25
2.016260 188 119 14 25
2.018260 188 119 14 25
2.020260 188 119 14 25
2.022260 188 119 14 25
2.024260 188 119 14 25
2.026260 188 119 14 25
2.028260 188 119 14 25
2.030260 188 119 14 25
2.032260 188 119 14 25
2.034260 188 119 14 25
2.036260 188 119 14 25
2.038260 188 119 14 25
2.040260 188 119 14 25
2.042260 188 119 15 25
2.044260 188 119 15 25
2.046260 188 119 15 25
2.048260 188 119 15 25
2.050260 188 118 15 25
2.052260 188 118 15 25
2.054260 188 118 15 25
2.056260 188 118 15 25
2.058260 188 118 16 25
2.060260 188 118 16 25
2.062260 188 118 16 25
2.064260 188 118 16 25
2.066260 188 118 16 25
2.068260 188 118 16 25
2.070260 188 118 16 25
2.072260 188 118 16 25
2.074260 187 118 16 25
2.076260 187 118 16 25
2.078260 187 118 16 25
2.080260 187 118 16 25
2.082260 186 118 16 25
2.084260 186 118 16 25
2.086260 186 118 16 25
2.088260 185 119 16 25
2.090260 185 119 16 25
2.092260 185 119 16 25
2.094260 185 119 16 25
2.096260 184 119 15 25
2.098260 184 119 15 25
2.100260 184 119 15 25
2.102260 184 119 15 25
2.104260 183 120 15 25
2.106260 183 120 15 25
2.108260 183 120 15 25
2.110260 183 120 15 25
2.112260 182 120 15 25
2.114260 182 120 15 25
2.116260 182 120 15 25
2.118260 182 120 15 25
2.120260 182 120 15 25
2.122260 182 120 15 25
2.124260 182 120 15 25
2.126260 182 120 15 25
2.128260 182 120 15 25
2.130260 182 120 15 25
2.132260 182 120 16 25
2.134260 182 120 16 25
2.136260 182 119 16 26
2.138260 182 119 16 26
2.140260 182 119 16 26
2.142260 182 119 16 26
2.144260 182 119 17 26
2.146260 182 119 17 26
2.148260 182 119 17 26
2.150260 182 119 17 26
2.152260 182 118 17 27
2.154260 182 118 17 27
2.156260 182 118 18 27
2.158260 182 118 18 27
2.160260 182 118 18 27
2.162260 182 118 18 27
2.164260 182 118 18 27
2.166260 182 118 18 27
2.168260 181 118 19 28
2.170260 181 118 19 28
2.172260 181 118 19 28
2.174260 181 118 19 28
2.176260 181 118 19 28
2.178260 181 118 19 28
2.180260 181 118 19 28
2.182260 181 118 19 28
2.184260 180 118 19 28
2.186260 180 118 19 28
2.188260 180 118 19 28
2.190260 180 118 19 28
2.192260 180 118 19 28
2.194260 180 118 19 28
2.196260 180 118 19 28
2.198260 180 118 19 28
2.200260 179 118 19 28
2.202260 179 118 19 28
2.204260 179 118 19 28
2.206260 179 118 19 28
2.208260 179 118 19 28
2.210260 179 118 19 28
2.212260 179 118 19 28
2.214260 178 118 19 27
2.216260 178 118 19 27
2.218260 178 118 19 27
2.220260 178 118 19 27
2.222260 178 118 19 27
2.224260 178 118 18 27
2.226260 178 118 18 27
2.228260 178 118 18 27
2.230260 177 119 18 26
2.232260 177 119 18 26
2.234260 177 119 17 26
2.236260 177 119 17 26
2.238260 177 119 17 26
2.240260 177 119 17 26
2.242260 177 119 17 26
2.244260 177 119 16 26
2.246260 176 120 16 25
2.248260 176 120 16 25
2.250260 176 120 16 25
2.252260 176 120 15 25
2.254260 176 120 15 25
2.256260 176 120 15 25
2.258260 176 120 15 25
2.260260 176 120 15 25
2.262260 176 120 15 25
2.264260 176 120 15 25
2.266260 176 120 15 25
2.268260 176 120 15 25
2.270260 176 120 15 25
2.272260 176 120 15 25
2.274260 176 120 15 25
2.276260 176 120 15 25
2.278260 176 120 15 25
2.280260 176 120 15 25
2.282260 176 120 15 25
2.284260 176 120 15 25
2.286260 176 120 15 25
2.288260 176 120 15 25
2.290260 176 120 15 25
2.292260 176 120 15 25
2.294260 176 120 15 25
2.296260 176 120 15 25
2.298260 176 120 15 25
2.300260 176 120 15 25
2.302260 176 120 15 25
2.304260 176 120 15 25
2.306260 176 120 15 25
2.308260 176 120 15 25
2.310260 176 119 16 26
2.312260 176 119 16 26
2.314260 176 119 16 26
2.316260 176 119 16 26
2.318260 175 119 16 26
2.320260 175 119 16 26
2.322260 175 119 16 26
2.324260 175 119 16 26
2.326260 175 119 16 26
2.328260 174 119 16 26
2.330260 174 119 16 26
2.332260 174 119 16 26
2.334260 174 119 16 26
2.336260 174 119 16 26
2.338260 173 119 16 26
2.340260 173 119 16 26
2.342260 173 119 16 26
2.344260 173 119 16 26
2.346260 173 119 16 26
2.348260 172 119 16 26
2.350260 172 119 16 26
2.352260 172 119 16 26
2.354260 172 119 16 26
2.356260 171 119 16 26
2.358260 171 119 16 26
2.360260 171 119 16 26
2.362260 171 119 16 26
2.364260 171 119 16 26
2.366260 171 119 16 26
2.368260 171 119 16 26
2.370260 171 119 16 26
2.372260 171 119 16 26
2.374260 171 119 16 26
2.376260 171 119 16 26
2.378260 171 119 16 26
2.380260 171 119 16 26
2.382260 171 119 16 26
2.384260 171 119 16 26
2.386260 171 119 16 26
2.388260 171 119 16 26
2.390260 171 119 16 26
2.392260 171 119 16 26
2.394260 171 119 16 26
2.396260 171 119 16 26
2.398260 171 119 16 26
2.400260 171 119 16 26
2.402260 171 119 16 26
2.404260 170 120 16 26
2.406260 170 120 16 26
2.408260 170 120 16 26
2.410260 170 120 16 26
2.412260 170 120 16 26
2.414260 170 120 16 26
2.416260 170 120 16 26
2.418260 170 120 16 26
2.420260 170 120 16 26
2.422260 170 120 16 26
2.424260 170 120 16 26
2.426260 170 120 16 26
2.428260 170 120 16 26
2.430260 170 120 16 26
2.432260 170 120 16 26
2.434260 170 120 16 26
2.436260 170 120 16 26
2.438260 170 120 16 26
2.440260 170 120 16 26
2.442260 170 120 16 26
2.444260 170 120 16 26
2.446260 170 120 16 26
2.448260 170 120 16 26
2.450260 169 121 16 26
2.452260 169 121 16 26
2.454260 169 121 16 26
2.456260 169 121 16 26
2.458260 169 121 16 26
2.460260 169 121 16 26
2.462260 169 121 16 26
2.464260 169 121 16 26
2.466260 169 121 16 26
2.468260 169 121 16 26
2.470260 169 121 16 26
2.472260 169 121 16 26
2.474260 169 121 16 26
2.476260 169 121 16 26
2.478260 169 121 16 26
2.480260 169 121 16 26
2.482260 169 121 16 26
2.484260 169 121 16 26
2.486260 169 121 16 26
2.488260 169 121 16 26
2.490260 169 121 16 26
2.492260 169 121 16 26
2.494260 169 121 16 26
2.496260 169 121 16 26
2.498260 168 121 16 26
2.500260 168 121 16 26
2.502260 168 121 16 26
2.504260 168 121 16 26
2.506260 168 121 16 26
2.508260 168 121 16 26
2.510260 168 121 16 26
2.512260 168 121 16 26
2.514260 168 121 16 26
2.516260 168 121 16 26
2.518260 168 121 16 26
2.520260 168 121 16 26
2.522260 167 121 16 26
2.524260 167 121 16 26
2.526260 167 121 16 26
2.528260 167 121 16 26
2.530260 167 121 16 26
2.532260 167 121 16 26
2.534260 167 121 16 26
2.536260 167 121 16 26
2.538260 167 121 16 26
2.540260 167 121 16 26
2.542260 167 121 16 26
2.544260 167 121 16 26
2.546260 166 120 16 26
2.548260 166 120 16 26
2.550260 166 120 16 26
2.552260 166 120 16 26
2.554260 166 120 16 26
2.556260 166 120 16 26
2.558260 165 120 16 26
2.560260 165 120 16 26
2.562260 165 120 16 26
2.564260 165 120 16 26
2.566260 165 120 16 26
2.568260 165 120 16 26
2.570260 164 120 16 26
2.572260 164 120 16 26
2.574260 164 120 16 26
2.576260 164 120 16 26
2.578260 164 120 16 26
2.580260 163 120 16 26
2.582260 163 120 16 26
2.584260 163 120 16 26
2.586260 163 120 16 26
2.588260 163 120 16 26
2.590260 163 120 16 26
2.592260 162 120 16 26
2.594260 162 120 16 26
2.596260 162 120 16 26
2.598260 162 120 16 26
2.600260 162 120 16 26
2.602260 162 120 16 26
2.604260 162 120 16 26
2.606260 162 120 16 26
2.608260 162 120 16 26
2.610260 162 120 16 26
2.612260 162 120 16 26
2.614260 162 120 16 26
2.616260 161 120 16 26
2.618260 161 120 16 26
2.620260 161 120 16 26
2.622260 161 120 16 26
2.624260 161 120 16 26
2.626260 161 120 16 26
2.628260 161 120 16 26
2.630260 161 120 16 26
2.632260 161 120 16 26
2.634260 161 120 16 26
2.636260 161 120 16 26
2.638260 161 120 16 26
2.640260 160 120 16 26
2.642260 160 120 16 26
2.644260 160 120 16 26
2.646260 160 120 16 26
2.648260 160 120 16 26
2.650260 160 120 16 26
2.652260 160 120 16 26
2.654260 160 120 16 26
2.656260 160 120 16 26
2.658260 160 120 16 26
2.660260 160 120 16 26
2.662260 160 120 16 26
2.664260 160 120 16 26
2.666260 160 120 16 26
2.668260 160 120 16 26
2.670260 160 120 16 26
2.672260 160 120 16 26
2.674260 160 120 16 26
2.676260 160 120 16 26
2.678260 160 120 16 26
2.680260 160 120 16 26
2.682260 160 120 16 26
2.684260 160 120 16 26
2.686260 160 120 16 26
2.688260 159 120 16 26
2.690260 159 120 16 26
2.692260 159 120 16 26
2.694260 159 120 16 26
2.696260 159 120 16 26
2.698260 159 120 16 26
2.700260 159 120 16 26
2.702260 159 120 16 26
2.704260 159 120 16 26
2.706260 159 120 16 26
2.708260 159 120 16 26
2.710260 158 120 16 26
2.712260 158 120 16 26
2.714260 158 120 16 26
2.716260 158 120 16 26
2.718260 158 120 16 26
2.720260 158 120 16 26
2.722260 158 120 16 26
2.724260 158 120 16 26
2.726260 158 120 16 26
2.728260 158 120 16 26
2.730260 158 120 16 26
2.732260 158 120 16 26
2.734260 157 120 16 26
2.736260 157 120 16 26
2.738260 157 120 16 26
2.740260 157 120 16 26
2.742260 157 120 16 26
2.744260 156 120 16 26
2.746260 156 120 16 26
2.748260 156 120 16 26
2.750260 156 120 16 26
2.752260 156 120 16 26
2.754260 155 120 16 26
2.756260 155 120 16 26
2.758260 155 120 16 26
2.760260 155 120 16 26
2.762260 154 120 16 26
2.764260 154 120 16 26
2.766260 154 120 16 26
2.768260 154 120 16 26
2.770260 154 120 16 26
2.772260 153 120 16 26
2.774260 153 120 16 26
2.776260 153 120 16 26
2.778260 153 120 16 26
2.780260 153 120 16 26
2.782260 152 120 16 26
2.784260 152 120 16 26
2.786260 152 120 16 26
2.788260 152 120 16 26
2.790260 152 120 16 26
2.792260 152 120 16 26
2.794260 152 120 16 26
2.796260 152 120 16 26
2.798260 152 120 16 26
2.800260 152 120 16 26
2.802260 152 120 16 26
2.804260 152 120 16 26
2.806260 151 119 16 26
2.808260 151 119 16 26
2.810260 151 119 16 26
2.812260 151 119 16 26
2.814260 151 119 16 26
2.816260 151 119 16 26
2.818260 151 119 16 26
2.820260 151 119 16 26
2.822260 151 119 16 26
2.824260 151 119 16 26
2.826260 151 119 16 26
2.828260 151 119 16 26
2.830260 151 119 16 26
2.832260 151 119 16 26
2.834260 151 119 16 26
2.836260 151 119 16 26
2.838260 151 119 16 26
2.840260 151 119 16 26
2.842260 151 119 16 26
2.844260 151 119 16 26
2.846260 151 119 16 26
2.848260 151 119 16 26
2.850260 151 119 16 26
2.852260 151 119 16 26
2.854260 151 119 16 26
2.856260 151 119 16 26
2.858260 151 119 16 26
2.860260 151 119 16 26
2.862260 151 119 16 26
2.864260 151 119 16 26
2.866260 151 119 16 26
2.868260 151 119 16 26
2.870260 151 119 16 26
2.872260 151 119 16 26
2.874260 151 119 16 26
2.876260 150 119 16 26
2.878260 150 119 16 26
2.880260 150 119 16 26
2.882260 149 119 16 26
2.884260 149 119 16 26
2.886260 149 119 16 26
2.888260 149 119 16 26
2.890260 148 119 16 26
2.892260 148 119 16 26
2.894260 148 119 16 26
2.896260 147 119 16 26
2.898260 147 119 16 26
2.900260 147 119 16 26
2.902260 146 119 16 26
2.904260 146 119 16 26
2.906260 146 119 16 26
2.908260 146 119 16 26
2.910260 145 119 16 26
2.912260 145 119 16 26
2.914260 145 119 16 26
2.916260 144 119 16 26
2.918260 144 119 16 26
2.920260 144 119 16 26
2.922260 144 119 16 26
2.924260 144 119 15 26
2.926260 144 119 15 26
2.928260 144 119 15 26
2.930260 144 119 15 26
2.932260 144 119 15 26
2.934260 144 119 15 26
2.936260 144 119 15 26
2.938260 144 119 15 26
2.940260 144 119 15 26
2.942260 144 119 15 26
2.944260 144 119 15 26
2.946260 144 119 14 26
2.948260 144 119 14 26
2.950260 144 119 14 26
2.952260 144 119 14 26
2.954260 144 119 14 26
2.956260 144 119 14 26
2.958260 144 119 14 26
2.960260 144 119 14 26
2.962260 144 119 14 26
2.964260 144 119 14 26
2.966260 144 119 14 26
2.968260 144 119 14 26
2.970260 144 118 13 26
2.972260 144 118 13 26
2.974260 144 118 13 26
2.976260 144 118 13 26
2.978260 144 118 13 26
2.980260 144 118 13 26
2.982260 144 118 13 26
2.984260 144 118 13 26
2.986260 143 118 13 26
2.988260 143 118 13 26
2.990260 143 118 13 26
2.992260 143 118 13 26
2.994260 143 118 13 26
2.996260 143 118 13 26
2.998260 143 118 13 26
3.000260 143 118 13 26
3.002260 142 118 13 26
3.004260 142 118 13 26
3.006260 142 118 13 26
3.008260 142 118 13 26
3.010260 142 118 13 26
3.012260 142 118 13 26
3.014260 142 118 13 26
3.016260 142 118 13 26
3.018260 141 118 13 25
3.020260 141 118 13 25
3.022260 141 118 13 25
3.024260 141 118 13 25
3.026260 141 118 13 25
3.028260 141 118 13 25
3.030260 140 118 13 25
3.032260 140 118 13 25
3.034260 140 118 14 25
3.036260 140 118 14 25
3.038260 140 118 14 25
3.040260 140 118 14 25
3.042260 139 119 14 25
3.044260 139 119 14 25
3.046260 139 119 14 25
3.048260 139 119 14 25
3.050260 139 119 15 25
3.052260 138 119 15 25
3.054260 138 119 15 25
3.056260 138 119 15 25
3.058260 138 119 15 25
3.060260 138 119 15 25
3.062260 138 119 15 25
3.064260 137 120 15 25
3.066260 137 120 15 25
3.068260 137 120 15 25
3.070260 137 120 15 25
3.072260 137 120 15 25
3.074260 137 120 15 25
3.076260 137 120 15 25
3.078260 137 120 15 25
3.080260 137 120 15 25
3.082260 137 120 15 25
3.084260 137 120 15 25
3.086260 137 120 15 25
3.088260 136 120 15 26
3.090260 136 120 15 26
3.092260 136 120 15 26
3.094260 136 120 15 26
3.096260 136 120 15 26
3.098260 136 120 15 26
3.100260 136 120 15 26
3.102260 136 120 15 26
3.104260 136 120 15 26
3.106260 136 120 15 26
3.108260 136 120 15 26
3.110260 136 120 15 26
3.112260 135 119 15 27
3.114260 135 119 15 27
3.116260 135 119 15 27
3.118260 135 119 15 27
3.120260 135 119 15 27
3.122260 135 119 15 27
3.124260 135 119 15 27
3.126260 135 119 15 27
3.128260 134 119 15 27
3.130260 134 119 15 27
3.132260 134 119 15 27
3.134260 134 119 15 27
3.136260 134 119 15 27
3.138260 134 119 15 27
3.140260 134 119 15 27
3.142260 134 119 15 27
3.144260 133 119 15 27
3.146260 133 119 15 27
3.148260 133 119 15 27
3.150260 133 119 15 27
3.152260 133 119 15 27
3.154260 133 119 15 27
3.156260 133 119 15 27
3.158260 133 119 15 27
3.160260 132 118 14 28
3.162260 132 118 14 28
3.164260 132 118 14 28
3.166260 132 118 14 28
3.168260 132 118 14 28
3.170260 132 118 14 28
3.172260 132 118 14 28
3.174260 132 118 14 28
3.176260 132 118 14 28
3.178260 132 118 14 28
3.180260 132 118 14 28
3.182260 131 117 14 29
3.184260 131 117 14 29
3.186260 131 117 14 29
3.188260 131 117 14 29
3.190260 131 117 14 29
3.192260 131 117 14 29
3.194260 131 117 14 29
3.196260 131 117 14 29
3.198260 131 117 14 29
3.200260 131 117 14 29
3.202260 131 117 14 29
3.204260 131 117 14 29
3.206260 130 117 14 29
3.208260 130 117 14 29
3.210260 130 117 14 29
3.212260 130 117 14 29
3.214260 130 117 14 29
3.216260 130 117 14 29
3.218260 130 117 14 29
3.220260 130 117 14 29
3.222260 130 117 14 28
3.224260 130 117 14 28
3.226260 130 117 14 28
3.228260 130 117 14 28
3.230260 129 117 14 28
3.232260 129 117 14 28
3.234260 129 117 14 28
3.236260 129 117 14 28
3.238260 129 117 14 27
3.240260 129 117 14 27
3.242260 129 117 14 27
3.244260 129 117 14 27
3.246260 129 117 14 27
3.248260 129 117 14 27
3.250260 129 117 14 27
3.252260 129 117 14 27
3.254260 128 117 14 26
3.256260 128 117 14 26
3.258260 128 117 14 26
3.260260 128 117 14 26
3.262260 128 117 14 26
3.264260 128 117 14 26
3.266260 128 117 14 26
3.268260 128 117 14 26
3.270260 127 118 14 26
3.272260 127 118 14 26
3.274260 127 118 14 26
3.276260 127 118 14 26
3.278260 127 118 14 26
3.280260 127 118 14 26
3.282260 127 118 14 26
3.284260 127 118 14 26
3.286260 126 119 14 26
3.288260 126 119 14 26
3.290260 126 119 14 26
3.292260 126 119 14 26
3.294260 126 119 14 26
3.296260 126 119 14 26
3.298260 126 119 14 26
3.300260 125 119 14 25
3.302260 125 119 14 25
3.304260 125 119 14 25
3.306260 125 119 14 25
3.308260 125 119 14 25
3.310260 125 119 14 25
3.312260 125 119 14 25
3.314260 125 119 14 25
3.316260 125 119 14 25
3.318260 125 119 14 25
3.320260 125 119 14 25
3.322260 125 119 14 25
3.324260 124 118 14 25
3.326260 124 118 14 25
3.328260 124 118 14 25
3.330260 124 118 14 25
3.332260 124 118 14 25
3.334260 124 118 14 25
3.336260 124 118 14 25
3.338260 124 118 14 25
3.340260 124 118 14 25
3.342260 124 118 14 25
3.344260 124 118 14 25
3.346260 124 118 14 25
3.348260 123 118 14 25
3.350260 123 118 14 25
3.352260 123 118 14 25
3.354260 123 118 14 25
3.356260 123 118 14 25
3.358260 123 118 14 25
3.360260 123 118 14 25
3.362260 123 118 14 25
3.364260 123 118 14 26
3.366260 123 118 14 26
3.368260 123 118 14 26
3.370260 123 118 14 26
3.372260 122 118 14 26
3.374260 122 118 14 26
3.376260 122 118 14 26
3.378260 122 118 14 26
3.380260 122 118 14 27
3.382260 122 118 14 27
3.384260 122 118 14 27
3.386260 122 118 14 27
3.388260 122 118 14 27
3.390260 122 118 14 27
3.392260 122 118 14 27
3.394260 122 118 14 27
3.396260 121 118 14 27
3.398260 121 118 14 27
3.400260 121 118 14 27
3.402260 121 118 14 27
3.404260 121 118 14 27
3.406260 121 118 14 27
3.408260 121 118 14 27
3.410260 121 118 14 27
3.412260 120 118 14 27
3.414260 120 118 14 27
3.416260 120 118 14 27
3.418260 120 118 14 27
3.420260 120 118 14 27
3.422260 120 118 14 27
3.424260 120 118 14 27
3.426260 119 118 14 27
3.428260 119 118 14 27
3.430260 119 118 14 27
3.432260 119 118 14 27
3.434260 119 118 14 27
3.436260 119 118 14 27
3.438260 119 118 14 27
3.440260 119 118 14 27
3.442260 118 117 13 27
3.444260 118 117 13 27
3.446260 118 117 13 27
3.448260 118 117 13 27
3.450260 118 117 13 27
3.452260 118 117 13 27
3.454260 118 117 13 28
3.456260 118 117 13 28
3.458260 118 116 13 28
3.460260 118 116 13 28
3.462260 118 116 13 28
3.464260 118 116 13 28
3.466260 117 116 13 29
3.468260 117 116 13 29
3.470260 117 116 13 29
3.472260 117 116 13 29
3.474260 117 115 13 29
3.476260 117 115 13 29
3.478260 117 115 13 30
3.480260 117 115 13 30
3.482260 117 115 13 30
3.484260 117 115 13 30
3.486260 117 115 13 30
3.488260 117 115 13 30
3.490260 116 115 13 30
3.492260 116 115 13 30
3.494260 116 115 13 30
3.496260 116 115 13 30
3.498260 116 115 13 30
3.500260 116 115 13 30
3.502260 116 116 13 29
3.504260 116 116 13 29
3.506260 116 116 13 29
3.508260 116 116 13 29
3.510260 116 116 13 29
3.512260 116 116 13 29
3.514260 115 117 13 28
3.516260 115 117 13 28
3.518260 115 117 13 28
3.520260 115 117 13 28
3.522260 115 117 13 28
3.524260 115 117 13 28
3.526260 115 118 13 27
3.528260 115 118 13 27
3.530260 115 118 13 27
3.532260 115 118 13 27
3.534260 115 118 13 27
3.536260 114 119 14 26
3.538260 114 119 14 26
3.540260 114 119 14 26
3.542260 114 119 14 26
3.544260 114 119 14 26
3.546260 114 119 14 26
3.548260 114 119 14 26
3.550260 114 119 14 26
3.552260 113 119 14 26
3.554260 113 119 14 26
3.556260 113 119 14 26
3.558260 113 119 14 26
3.560260 113 119 14 26
3.562260 113 119 14 26
3.564260 113 119 14 26
3.566260 113 119 14 26
3.568260 112 119 14 26
3.570260 112 119 14 26
3.572260 112 119 14 26
3.574260 112 119 14 26
3.576260 112 119 14 26
3.578260 112 119 14 26
3.580260 112 119 14 26
3.582260 112 119 14 26
3.584260 111 119 14 26
3.586260 111 119 14 26
3.588260 111 119 14 26
3.590260 111 119 14 26
3.592260 111 119 14 26
3.594260 111 118 14 26
3.596260 111 118 14 27
3.598260 111 118 14 27
3.600260 111 118 15 27
3.602260 111 118 15 27
3.604260 111 117 15 27
3.606260 111 117 15 27
3.608260 111 117 15 28
3.610260 111 117 15 28
3.612260 111 116 15 28
3.614260 111 116 15 28
3.616260 111 116 16 28
3.618260 111 116 16 28
3.620260 111 116 16 29
3.622260 111 115 16 29
3.624260 111 115 16 29
3.626260 111 115 16 29
3.628260 111 115 16 29
3.630260 111 115 16 29
3.632260 110 115 16 29
3.634260 110 115 16 29
3.636260 110 115 16 29
3.638260 110 115 16 29
3.640260 110 115 16 29
3.642260 110 115 16 29
3.644260 110 116 16 29
3.646260 110 116 16 29
3.648260 109 116 16 28
3.650260 109 116 16 28
3.652260 109 116 16 28
3.654260 109 117 15 28
3.656260 109 117 15 28
3.658260 109 117 15 28
3.660260 109 117 15 28
3.662260 108 117 15 27
3.664260 108 117 15 27
3.666260 108 118 15 27
3.668260 108 118 15 27
3.670260 108 118 15 27
3.672260 108 118 15 27
3.674260 108 118 15 27
3.676260 108 118 15 27
3.678260 107 118 15 27
3.680260 107 118 15 27
3.682260 107 118 15 27
3.684260 107 118 15 27
3.686260 107 118 15 27
3.688260 107 118 15 27
3.690260 107 118 15 28
3.692260 107 118 15 28
3.694260 106 118 15 28
3.696260 106 118 15 28
3.698260 106 118 15 28
3.700260 106 118 15 28
3.702260 106 118 15 29
3.704260 106 118 15 29
3.706260 106 118 15 29
3.708260 106 118 15 29
3.710260 105 118 15 29
3.712260 105 118 15 29
3.714260 105 118 15 30
3.716260 105 118 15 30
3.718260 105 118 15 30
3.720260 105 118 15 30
3.722260 105 118 15 30
3.724260 105 118 15 30
3.726260 104 118 15 30
3.728260 104 118 15 30
3.730260 104 118 15 30
3.732260 104 118 15 30
3.734260 104 118 15 30
3.736260 104 118 15 30
3.738260 104 118 15 29
3.740260 104 118 15 29
3.742260 104 118 15 29
3.744260 104 118 15 29
3.746260 104 118 15 29
3.748260 104 118 15 29
3.750260 103 118 15 28
3.752260 103 118 15 28
3.754260 103 118 15 28
3.756260 103 118 15 28
3.758260 103 118 15 28
3.760260 103 118 15 28
3.762260 103 118 15 27
3.764260 103 118 15 27
3.766260 103 118 15 27
3.768260 103 118 15 27
3.770260 103 118 15 27
3.772260 102 118 16 27
3.774260 102 118 16 27
3.776260 102 118 16 27
3.778260 102 118 16 27
3.780260 102 118 16 27
3.782260 102 118 16 27
3.784260 102 118 16 27
3.786260 102 118 16 27
3.788260 102 118 17 27
3.790260 102 118 17 27
3.792260 102 118 17 27
3.794260 102 118 17 27
3.796260 101 118 17 27
3.798260 101 118 17 27
3.800260 101 118 17 27
3.802260 101 118 17 27
3.804260 101 118 18 27
3.806260 101 118 18 27
3.808260 101 118 18 27
3.810260 101 118 18 27
3.812260 101 118 18 27
3.814260 101 118 18 27
3.816260 101 118 18 27
3.818260 101 118 18 27
3.820260 100 118 18 28
3.822260 100 118 18 28
3.824260 100 118 18 28
3.826260 100 118 18 28
3.828260 100 118 18 28
3.830260 100 118 17 28
3.832260 100 118 17 28
3.834260 100 118 17 28
3.836260 99 118 17 28
3.838260 99 118 17 28
3.840260 99 118 16 28
3.842260 99 118 16 28
3.844260 99 118 16 28
3.846260 99 118 16 28
3.848260 99 118 15 28
3.850260 99 118 15 28
3.852260 98 118 15 28
3.854260 98 118 15 28
3.856260 98 118 15 28
3.858260 98 118 14 28
3.860260 98 118 14 28
3.862260 98 118 14 28
3.864260 98 118 14 28
3.866260 98 118 14 28
3.868260 98 118 14 29
3.870260 98 118 14 29
3.872260 98 118 14 29
3.874260 98 118 14 29
3.876260 98 118 14 29
3.878260 98 118 14 29
3.880260 98 118 14 30
3.882260 98 118 14 30
3.884260 98 118 14 30
3.886260 98 118 14 30
3.888260 98 118 14 30
3.890260 98 118 14 30
3.892260 99 117 14 31
3.894260 99 117 14 31
3.896260 99 117 14 31
3.898260 99 117 14 31
3.900260 99 117 14 31
3.902260 99 117 14 32
3.904260 99 117 14 32
3.906260 99 117 14 32
3.908260 99 117 14 32
3.910260 99 117 14 32
3.912260 99 117 14 32
3.914260 99 117 15 32
3.916260 99 117 15 32
3.918260 99 117 15 32
3.920260 99 117 15 32
3.922260 99 117 15 31
3.924260 99 117 15 31
3.926260 98 117 15 31
3.928260 98 117 15 31
3.930260 98 117 15 30
3.932260 98 117 15 30
3.934260 98 117 15 30
3.936260 98 117 15 30
3.938260 97 118 16 29
3.940260 97 118 16 29
3.942260 97 118 16 29
3.944260 97 118 16 29
3.946260 97 118 16 28
3.948260 97 118 16 28
3.950260 96 118 16 28
3.952260 96 118 16 28
3.954260 96 118 16 27
3.956260 96 118 16 27
3.958260 96 118 16 27
3.960260 96 118 16 27
3.962260 95 119 16 26
3.964260 95 119 16 26
3.966260 95 119 16 26
3.968260 95 119 16 26
3.970260 95 119 16 26
3.972260 95 119 16 26
3.974260 94 119 16 26
3.976260 94 119 16 26
3.978260 94 119 16 26
3.980260 94 119 16 26
3.982260 94 119 16 26
3.984260 94 119 16 26
3.986260 93 119 15 26
3.988260 93 119 15 26
3.990260 93 119 15 26
3.992260 93 119 15 26
3.994260 93 119 15 26
3.996260 93 119 15 26
3.998260 92 119 15 26
4.000260 92 119 15 26
4.002260 92 119 15 26
4.004260 92 119 15 26
4.006260 92 119 15 26
4.008260 92 119 15 26
4.010260 91 120 15 26
4.012260 91 120 15 26
4.014260 91 120 15 26
4.016260 91 120 15 26
4.018260 91 120 15 26
4.020260 91 120 15 26
4.022260 91 120 15 26
4.024260 91 120 15 26
4.026260 91 120 15 26
4.028260 91 120 15 26
4.030260 91 120 15 26
4.032260 90 120 15 26
4.034260 90 120 15 26
4.036260 90 120 15 26
4.038260 90 120 15 26
4.040260 90 120 15 26
4.042260 90 120 15 26
4.044260 90 120 15 26
4.046260 90 120 15 26
4.048260 90 120 15 26
4.050260 90 120 15 26
4.052260 90 120 15 26
4.054260 90 120 15 26
4.056260 89 120 15 27
4.058260 89 120 15 27
4.060260 89 120 15 27
4.062260 89 120 15 27
4.064260 89 120 15 27
4.066260 89 120 15 27
4.068260 89 120 15 27
4.070260 89 120 15 27
4.072260 89 120 15 27
4.074260 89 120 15 27
4.076260 89 120 15 27
4.078260 89 120 15 27
4.080260 89 120 15 27
4.082260 89 120 15 27
4.084260 89 120 15 27
4.086260 89 120 15 27
4.088260 89 120 15 27
4.090260 89 120 15 27
4.092260 89 120 15 27
4.094260 89 120 15 27
4.096260 89 120 15 27
4.098260 89 120 15 27
4.100260 89 120 15 27
4.102260 89 120 15 27
4.104260 88 119 15 27
4.106260 88 119 15 27
4.108260 88 119 15 27
4.110260 88 119 15 27
4.112260 88 119 16 27
4.114260 88 119 16 27
4.116260 87 119 16 27
4.118260 87 119 16 27
4.120260 87 119 17 27
4.122260 87 119 17 27
4.124260 87 119 17 27
4.126260 87 119 17 27
4.128260 86 119 18 27
4.130260 86 119 18 27
4.132260 86 119 18 27
4.134260 86 119 19 27
4.136260 86 119 19 27
4.138260 85 119 19 27
4.140260 85 119 19 27
4.142260 85 119 20 27
4.144260 85 119 20 27
4.146260 85 119 20 27
4.148260 85 119 20 27
4.150260 85 119 20 27
4.152260 85 119 20 27
4.154260 85 119 20 27
4.156260 85 119 20 27
4.158260 85 119 19 27
4.160260 85 119 19 27
4.162260 85 119 19 27
4.164260 85 119 19 27
4.166260 85 119 18 27
4.168260 85 119 18 27
4.170260 85 119 18 27
4.172260 85 119 18 27
4.174260 85 119 17 27
4.176260 85 119 17 27
4.178260 85 119 17 27
4.180260 85 119 17 27
4.182260 85 119 16 27
4.184260 85 119 16 27
4.186260 85 119 16 27
4.188260 85 119 16 27
4.190260 85 119 15 27
4.192260 85 119 15 27
4.194260 85 119 15 27
4.196260 85 119 15 27
4.198260 85 119 15 27
4.200260 85 119 15 27
4.202260 85 119 15 27
4.204260 85 119 15 27
4.206260 85 119 15 27
4.208260 85 119 15 27
4.210260 85 119 15 27
4.212260 85 119 15 27
4.214260 85 119 15 27
4.216260 85 119 15 27
4.218260 85 119 15 27
4.220260 85 119 15 27
4.222260 85 119 15 27
4.224260 85 119 15 27
4.226260 85 119 15 27
4.228260 85 119 15 27
4.230260 85 119 15 27
4.232260 85 119 15 27
4.234260 85 119 15 27
4.236260 85 119 15 27
4.238260 85 119 15 27
4.240260 85 119 15 27
4.242260 85 119 15 27
4.244260 85 119 15 27
4.246260 84 119 15 27
4.248260 84 119 15 27
4.250260 84 119 15 27
4.252260 84 119 15 27
4.254260 83 119 16 27
4.256260 83 119 16 27
4.258260 83 119 16 27
4.260260 83 119 16 27
4.262260 83 119 16 27
4.264260 82 119 17 27
4.266260 82 119 17 27
4.268260 82 119 17 27
4.270260 82 119 17 27
4.272260 82 119 17 27
4.274260 81 119 18 27
4.276260 81 119 18 27
4.278260 81 119 18 27
4.280260 81 119 18 27
4.282260 80 119 19 27
4.284260 80 119 19 27
4.286260 80 119 19 27
4.288260 80 119 19 27
4.290260 80 119 19 27
4.292260 79 119 20 28
4.294260 79 119 20 28
4.296260 79 119 20 28
4.298260 79 119 20 28
4.300260 79 119 20 28
4.302260 79 119 20 28
4.304260 79 119 20 28
4.306260 79 119 20 28
4.308260 79 119 20 28
4.310260 79 119 20 28
4.312260 79 119 20 28
4.314260 79 119 20 28
4.316260 78 119 20 28
4.318260 78 119 20 28
4.320260 78 119 20 28
4.322260 78 119 20 28
4.324260 78 119 20 28
4.326260 78 119 20 28
4.328260 78 119 20 28
4.330260 78 119 20 28
4.332260 78 119 20 28
4.334260 78 119 20 28
4.336260 78 119 20 28
4.338260 78 119 20 28
4.340260 77 119 19 27
4.342260 77 119 19 27
4.344260 77 119 19 27
4.346260 77 119 19 27
4.348260 77 119 19 27
4.350260 76 119 19 27
4.352260 76 119 18 27
4.354260 76 119 18 27
4.356260 76 119 18 27
4.358260 75 119 18 27
4.360260 75 119 18 27
4.362260 75 119 18 27
4.364260 75 119 17 26
4.366260 75 119 17 26
4.368260 74 119 17 26
4.370260 74 119 17 26
4.372260 74 119 17 26
4.374260 74 119 16 26
4.376260 74 119 16 26
4.378260 73 119 16 26
4.380260 73 119 16 26
4.382260 73 119 16 26
4.384260 73 119 16 26
4.386260 72 119 15 26
4.388260 72 119 15 26
4.390260 72 119 15 26
4.392260 72 119 15 26
4.394260 72 119 15 26
4.396260 72 119 15 26
4.398260 72 119 15 26
4.400260 72 119 15 26
4.402260 72 119 15 26
4.404260 72 119 15 26
4.406260 72 119 15 26
4.408260 72 119 15 26
4.410260 71 119 15 26
4.412260 71 119 15 26
4.414260 71 119 15 26
4.416260 71 119 15 26
4.418260 71 119 15 26
4.420260 71 119 15 26
4.422260 71 119 15 26
4.424260 71 119 15 26
4.426260 71 119 15 26
4.428260 71 119 15 26
4.430260 71 119 15 26
4.432260 71 119 15 26
4.434260 70 119 15 27
4.436260 70 119 15 27
4.438260 70 119 15 27
4.440260 70 119 16 27
4.442260 70 119 16 27
4.444260 69 119 17 27
4.446260 69 119 17 27
4.448260 69 119 17 27
4.450260 69 119 18 27
4.452260 68 119 18 27
4.454260 68 119 19 27
4.456260 68 119 19 27
4.458260 68 119 19 27
4.460260 68 119 20 27
4.462260 67 119 20 27
4.464260 67 119 20 27
4.466260 67 119 21 27
4.468260 67 119 21 27
4.470260 67 119 22 27
4.472260 66 119 22 27
4.474260 66 119 22 27
4.476260 66 119 23 27
4.478260 66 119 23 27
4.480260 66 119 23 27
4.482260 66 118 23 27
4.484260 66 118 23 27
4.486260 66 118 22 27
4.488260 66 118 22 27
4.490260 66 118 21 27
4.492260 66 118 21 27
4.494260 66 118 21 27
4.496260 67 118 20 27
4.498260 67 118 20 27
4.500260 67 118 19 27
4.502260 67 118 19 27
4.504260 67 118 18 27
4.506260 67 118 18 27
4.508260 67 118 18 27
4.510260 67 118 17 27
4.512260 68 118 17 27
4.514260 68 118 16 27
4.516260 68 118 16 27
4.518260 68 118 15 27
4.520260 68 118 15 27
4.522260 68 118 15 27
4.524260 68 118 14 27
4.526260 68 118 14 27
4.528260 68 118 14 27
4.530260 68 118 14 27
4.532260 68 118 14 27
4.534260 68 118 14 27
4.536260 68 118 14 27
4.538260 68 118 14 27
4.540260 68 118 14 27
4.542260 68 118 14 27
4.544260 68 118 14 27
4.546260 68 118 14 27
4.548260 68 118 14 27
4.550260 68 118 14 27
4.552260 68 118 14 27
4.554260 68 118 14 27
4.556260 68 118 14 27
4.558260 68 118 14 27
4.560260 68 118 14 27
4.562260 68 118 14 27
4.564260 68 118 14 27
4.566260 68 118 14 27
4.568260 68 118 14 27
4.570260 68 118 14 27
4.572260 68 118 14 27
4.574260 68 118 14 27
4.576260 67 119 14 27
4.578260 67 119 14 27
4.580260 67 119 14 27
4.582260 67 119 14 27
4.584260 67 119 14 27
4.586260 67 119 14 27
4.588260 67 119 14 27
4.590260 67 119 14 27
4.592260 67 119 14 27
4.594260 67 119 14 27
4.596260 67 119 14 27
4.598260 67 119 14 27
4.600260 66 119 14 27
4.602260 66 119 14 27
4.604260 66 119 14 27
4.606260 66 119 14 27
4.608260 66 119 14 27
4.610260 66 119 14 27
4.612260 66 119 14 27
4.614260 66 119 14 27
4.616260 66 119 14 27
4.618260 66 119 14 27
4.620260 66 119 14 27
4.622260 65 119 14 27
4.624260 65 119 14 27
4.626260 65 119 14 27
4.628260 65 119 14 27
4.630260 65 119 14 27
4.632260 65 119 14 27
4.634260 65 119 14 27
4.636260 65 119 14 27
4.638260 64 119 14 27
4.640260 64 119 14 27
4.642260 64 119 14 27
4.644260 64 119 14 27
4.646260 64 119 14 27
4.648260 64 119 14 27
4.650260 64 119 14 27
4.652260 64 119 14 27
4.654260 63 119 14 27
4.656260 63 119 14 27
4.658260 63 119 14 27
4.660260 63 119 14 27
4.662260 63 119 14 27
4.664260 63 119 14 27
4.666260 63 119 14 27
4.668260 63 119 14 27
4.670260 62 119 14 27
4.672260 62 119 14 27
4.674260 62 119 14 27
4.676260 62 119 14 27
4.678260 62 119 14 27
4.680260 61 119 14 27
4.682260 61 119 14 27
4.684260 61 119 14 27
4.686260 61 119 15 27
4.688260 60 119 15 27
4.690260 60 119 15 27
4.692260 60 119 15 27
4.694260 60 119 15 27
4.696260 60 119 15 27
4.698260 59 119 15 27
4.700260 59 119 15 27
4.702260 59 119 16 27
4.704260 59 119 16 27
4.706260 59 119 16 27
4.708260 58 119 16 27
4.710260 58 119 16 27
4.712260 58 119 16 27
4.714260 58 119 16 27
4.716260 58 119 16 27
4.718260 58 119 17 27
4.720260 58 119 17 27
4.722260 58 119 17 27
4.724260 58 119 17 27
4.726260 58 119 17 27
4.728260 58 119 17 27
4.730260 58 119 17 27
4.732260 58 119 17 27
4.734260 58 119 17 27
4.736260 58 119 17 27
4.738260 58 119 17 27
4.740260 58 120 17 27
4.742260 58 120 17 27
4.744260 58 120 17 27
4.746260 58 120 17 27
4.748260 58 120 17 27
4.750260 58 120 17 27
4.752260 58 120 17 27
4.754260 58 120 17 27
4.756260 58 120 17 27
4.758260 58 120 17 27
4.760260 58 120 17 27
4.762260 58 120 17 27
4.764260 57 120 17 27
4.766260 57 120 17 27
4.768260 57 120 17 27
4.770260 57 120 17 27
4.772260 57 120 17 27
4.774260 56 120 17 27
4.776260 56 120 17 27
4.778260 56 120 17 27
4.780260 56 119 17 28
4.782260 56 119 17 28
4.784260 55 119 17 28
4.786260 55 119 17 28
4.788260 55 119 17 28
4.790260 55 119 17 28
4.792260 54 119 17 28
4.794260 54 119 17 28
4.796260 54 118 17 29
4.798260 54 118 17 29
4.800260 54 118 17 29
4.802260 53 118 17 29
4.804260 53 118 17 29
4.806260 53 118 17 29
4.808260 53 118 17 29
4.810260 53 118 17 29
4.812260 52 117 17 30
4.814260 52 117 17 30
4.816260 52 117 17 30
4.818260 52 117 17 30
4.820260 52 117 17 30
4.822260 52 117 17 30
4.824260 52 117 17 30
4.826260 52 117 17 30
4.828260 52 116 17 30
4.830260 52 116 17 30
4.832260 52 116 17 30
4.834260 52 116 17 30
4.836260 52 116 17 30
4.838260 52 116 17 30
4.840260 52 116 17 30
4.842260 52 116 17 30
4.844260 52 115 17 30
4.846260 52 115 17 30
4.848260 52 115 17 30
4.850260 52 115 17 30
4.852260 52 115 17 30
4.854260 52 115 17 30
4.856260 52 115 17 30
4.858260 51 115 18 30
4.860260 51 115 18 30
4.862260 51 115 18 30
4.864260 51 115 18 30
4.866260 51 115 18 30
4.868260 51 115 18 30
4.870260 51 115 18 30
4.872260 51 115 18 30
4.874260 50 115 18 30
4.876260 50 115 18 30
4.878260 50 115 18 30
4.880260 50 115 18 30
4.882260 50 116 18 29
4.884260 50 116 18 29
4.886260 50 116 18 29
4.888260 50 116 18 29
4.890260 49 116 18 29
4.892260 49 116 18 29
4.894260 49 116 18 29
4.896260 49 116 18 29
4.898260 49 116 18 29
4.900260 49 116 18 29
4.902260 49 116 18 29
4.904260 49 116 18 29
4.906260 49 117 18 29
4.908260 49 117 18 29
4.910260 49 117 18 29
4.912260 49 117 18 29
4.914260 49 117 18 29
4.916260 49 117 18 29
4.918260 49 117 18 29
4.920260 49 117 18 29
4.922260 49 117 18 29
4.924260 49 117 18 29
4.926260 49 117 18 29
4.928260 49 117 18 29
4.930260 49 117 18 29
4.932260 49 117 18 29
4.934260 49 117 18 29
4.936260 49 117 18 29
4.938260 49 117 18 29
4.940260 49 117 18 29
4.942260 49 117 18 29
4.944260 49 117 18 29
4.946260 49 117 18 29
4.948260 49 117 18 29
4.950260 49 117 18 29
4.952260 49 117 18 29
4.954260 48 118 18 29
4.956260 48 118 18 29
4.958260 48 118 18 29
4.960260 48 118 18 29
4.962260 48 118 18 29
4.964260 48 118 18 29
4.966260 48 118 18 29
4.968260 48 118 18 29
4.970260 48 118 18 29
4.972260 48 118 18 29
4.974260 48 118 18 29
4.976260 47 118 18 29
4.978260 47 118 18 29
4.980260 47 118 18 29
4.982260 47 118 18 29
4.984260 47 118 18 29
4.986260 47 118 18 29
4.988260 47 118 18 29
4.990260 47 118 18 29
4.992260 47 118 18 29
4.994260 47 118 18 29
4.996260 47 118 18 29
4.998260 47 118 18 29
5.000260 46 119 18 29
5.002260 46 119 18 29
5.004260 46 119 18 29
5.006260 46 119 18 29
5.008260 46 119 18 29
5.010260 46 119 18 29
5.012260 45 119 18 29
5.014260 45 119 18 29
5.016260 45 119 18 29
5.018260 45 119 18 29
5.020260 45 119 18 29
5.022260 45 119 18 29
5.024260 44 120 18 29
5.026260 44 120 18 29
5.028260 44 120 18 29
5.030260 44 120 18 29
5.032260 44 120 18 29
5.034260 44 120 18 29
5.036260 43 120 18 29
5.038260 43 120 18 29
5.040260 43 120 18 29
5.042260 43 120 18 29
5.044260 43 120 18 29
5.046260 43 120 18 29
5.048260 42 121 18 29
5.050260 42 121 18 29
5.052260 42 121 18 29
5.054260 42 121 18 29
5.056260 42 121 18 29
5.058260 42 121 18 29
5.060260 42 121 18 29
5.062260 42 121 18 29
5.064260 41 121 18 29
5.066260 41 121 18 29
5.068260 41 121 18 29
5.070260 41 121 18 29
5.072260 41 121 18 29
5.074260 41 121 18 29
5.076260 41 121 18 29
5.078260 41 121 18 29
5.080260 40 121 18 29
5.082260 40 121 18 29
5.084260 40 121 18 29
5.086260 40 121 18 29
5.088260 40 121 18 29
5.090260 40 121 18 29
5.092260 40 121 18 29
5.094260 40 121 18 29
5.096260 39 120 17 29
5.098260 39 120 17 29
5.100260 39 120 17 29
5.102260 39 120 17 29
5.104260 39 120 17 29
5.106260 39 120 17 29
5.108260 39 120 17 29
5.110260 38 119 16 29
5.112260 38 119 16 29
5.114260 38 119 16 29
5.116260 38 119 16 29
5.118260 38 119 16 29
5.120260 38 119 16 29
5.122260 38 119 16 29
5.124260 38 119 16 29
5.126260 37 118 15 29
5.128260 37 118 15 29
5.130260 37 118 15 29
5.132260 37 118 15 29
5.134260 37 118 15 29
5.136260 37 118 15 29
5.138260 37 118 15 29
5.140260 37 118 15 29
5.142260 37 118 15 30
5.144260 37 118 15 30
5.146260 37 118 15 30
5.148260 37 118 15 30
5.150260 37 118 15 30
5.152260 37 118 15 30
5.154260 37 118 15 30
5.156260 37 118 15 30
5.158260 37 118 15 30
5.160260 37 118 15 30
5.162260 37 118 15 30
5.164260 37 118 15 30
5.166260 37 118 15 30
5.168260 37 118 15 30
5.170260 37 118 15 30
5.172260 37 118 15 30
5.174260 37 118 15 30
5.176260 37 118 15 30
5.178260 37 118 15 30
5.180260 37 118 15 30
5.182260 37 118 15 30
5.184260 37 118 15 30
5.186260 37 118 15 30
5.188260 37 118 15 30
5.190260 36 118 16 30
5.192260 36 118 16 30
5.194260 36 118 16 30
5.196260 36 118 16 30
5.198260 36 118 17 30
5.200260 36 118 17 30
5.202260 35 118 17 30
5.204260 35 118 17 30
5.206260 35 118 17 30
5.208260 35 118 18 30
5.210260 35 118 18 30
5.212260 35 118 18 30
5.214260 34 118 18 29
5.216260 34 118 18 29
5.218260 34 118 19 29
5.220260 34 118 19 29
5.222260 34 118 19 29
5.224260 33 118 19 29
5.226260 33 118 19 29
5.228260 33 118 20 29
5.230260 33 118 20 29
5.232260 33 118 20 29
5.234260 33 118 20 29
5.236260 33 118 21 29
5.238260 33 118 21 29
5.240260 33 118 21 29
5.242260 33 118 21 29
5.244260 33 118 21 29
5.246260 33 118 21 29
5.248260 33 118 21 29
5.250260 33 118 21 29
5.252260 33 118 21 29
5.254260 33 118 21 29
5.256260 33 118 21 29
5.258260 33 118 21 29
5.260260 33 118 21 29
5.262260 33 118 21 29
5.264260 33 118 21 29
5.266260 33 118 21 29
5.268260 33 118 21 29
5.270260 33 118 21 29
5.272260 33 118 21 29
5.274260 33 118 21 29
5.276260 33 118 21 29
5.278260 33 118 21 29
5.280260 33 118 21 29
5.282260 33 118 21 29
5.284260 32 118 20 28
5.286260 32 118 20 28
5.288260 32 118 20 28
5.290260 32 118 20 28
5.292260 32 118 20 28
5.294260 32 118 20 28
5.296260 32 118 20 27
5.298260 32 118 20 27
5.300260 31 119 20 27
5.302260 31 119 20 27
5.304260 31 119 20 27
5.306260 31 119 20 27
5.308260 31 119 20 26
5.310260 31 119 20 26
5.312260 31 119 20 26
5.314260 31 119 20 26
5.316260 30 120 20 26
5.318260 30 120 20 26
5.320260 30 120 20 25
5.322260 30 120 20 25
5.324260 30 120 20 25
5.326260 30 120 20 25
5.328260 30 120 20 25
5.330260 30 120 20 25
5.332260 29 121 20 25
5.334260 29 121 20 25
5.336260 29 121 20 25
5.338260 29 121 20 25
5.340260 29 121 20 25
5.342260 29 121 20 25
5.344260 29 121 20 25
5.346260 29 121 20 25
5.348260 29 121 20 25
5.350260 29 121 20 25
5.352260 29 121 20 25
5.354260 29 121 20 25
5.356260 29 121 20 25
5.358260 29 121 20 25
5.360260 29 121 20 25
5.362260 29 121 20 25
5.364260 29 121 20 25
5.366260 29 121 20 25
5.368260 29 121 20 25
5.370260 29 121 20 25
5.372260 29 121 20 25
5.374260 29 121 20 25
5.376260 29 121 20 25
5.378260 28 121 19 25
5.380260 28 121 19 25
5.382260 28 121 19 25
5.384260 28 121 19 25
5.386260 28 121 19 25
5.388260 28 121 18 25
5.390260 28 120 18 26
5.392260 28 120 18 26
5.394260 28 120 18 26
5.396260 28 120 18 26
5.398260 28 120 17 26
5.400260 28 120 17 26
5.402260 27 119 17 27
5.404260 27 119 17 27
5.406260 27 119 16 27
5.408260 27 119 16 27
5.410260 27 119 16 27
5.412260 27 119 16 27
5.414260 27 118 16 28
5.416260 27 118 15 28
5.418260 27 118 15 28
5.420260 27 118 15 28
5.422260 27 118 15 28
5.424260 27 118 15 28
