0.013625 190 85 20 45
0.015625 189 85 20 44
0.017625 189 85 20 44
0.019625 189 85 20 44
0.021625 189 85 20 44
0.023625 189 85 20 44
0.025625 188 85 21 44
0.027625 188 85 21 44
0.029625 188 85 21 43
0.031625 188 85 21 43
0.033625 188 85 21 43
0.035625 188 85 21 43
0.037625 187 85 22 43
0.039625 187 85 22 43
0.041625 187 85 22 43
0.043625 187 85 22 43
0.045625 187 85 22 42
0.047625 187 85 22 42
0.049625 186 85 23 42
0.051625 186 85 23 42
0.053625 186 85 23 42
0.055625 186 85 23 42
0.057625 186 85 23 42
0.059625 186 85 23 42
0.061625 186 86 23 41
0.063625 186 86 23 41
0.065625 186 86 23 41
0.067625 186 86 23 41
0.069625 186 86 23 41
0.071625 186 86 23 41
0.073625 186 86 23 41
0.075625 186 86 23 40
0.077625 186 86 23 40
0.079625 186 86 23 40
0.081625 186 86 23 40
0.083625 186 87 23 40
0.085625 186 87 23 40
0.087625 186 87 23 40
0.089625 186 87 23 40
0.091625 186 87 23 39
0.093625 186 87 23 39
0.095625 186 87 23 39
0.097625 186 87 23 39
0.099625 186 87 23 39
0.101625 186 87 23 39
0.103625 186 87 23 39
0.105625 186 87 23 39
0.107625 185 88 22 38
0.109625 185 88 22 38
0.111625 185 88 22 38
0.113625 185 88 22 38
0.115625 185 88 22 38
0.117625 185 88 22 38
0.119625 185 88 22 38
0.121625 185 88 22 38
0.123625 185 88 22 38
0.125625 185 88 22 38
0.127625 185 88 22 38
0.129625 184 88 22 37
0.131625 184 88 22 37
0.133625 184 88 22 37
0.135625 184 88 22 37
0.137625 184 88 22 37
0.139625 184 88 22 37
0.141625 184 88 22 37
0.143625 184 88 22 37
0.145625 184 88 22 37
0.147625 184 88 22 37
0.149625 184 88 22 37
0.151625 184 88 22 37
0.153625 183 88 22 37
0.155625 183 88 22 37
0.157625 183 88 22 37
0.159625 183 88 22 37
0.161625 183 88 22 37
0.163625 183 88 22 37
0.165625 183 88 22 38
0.167625 183 88 22 38
0.169625 183 88 22 38
0.171625 183 88 22 38
0.173625 183 88 22 38
0.175625 182 87 22 39
0.177625 182 87 22 39
0.179625 182 87 22 39
0.181625 182 87 22 39
0.183625 182 87 22 39
0.185625 182 87 22 39
0.187625 182 87 22 40
0.189625 182 87 22 40
0.191625 182 87 22 40
0.193625 182 87 22 40
0.195625 182 87 22 40
0.197625 182 87 22 40
0.199625 181 87 22 40
0.201625 181 87 22 40
0.203625 181 87 22 40
0.205625 181 87 22 40
0.207625 181 87 22 40
0.209625 180 87 22 40
0.211625 180 87 22 40
0.213625 180 87 22 40
0.215625 180 87 22 40
0.217625 179 87 22 40
0.219625 179 87 22 40
0.221625 179 87 22 40
0.223625 179 87 23 40
0.225625 179 87 23 40
0.227625 178 87 23 40
0.229625 178 87 23 40
0.231625 178 87 23 40
0.233625 178 87 23 40
0.235625 178 87 23 40
0.237625 177 87 23 40
0.239625 177 87 23 40
0.241625 177 87 23 40
0.243625 177 87 23 40
0.245625 177 87 23 39
0.247625 177 87 23 39
0.249625 177 87 23 39
0.251625 177 87 23 39
0.253625 177 87 23 39
0.255625 177 87 23 39
0.257625 177 87 23 39
0.259625 177 87 23 39
0.261625 177 87 23 39
0.263625 177 87 23 39
0.265625 177 87 23 39
0.267625 177 87 23 39
0.269625 177 87 23 39
0.271625 177 87 23 39
0.273625 177 87 23 39
0.275625 177 87 23 39
0.277625 177 87 23 39
0.279625 177 87 23 39
0.281625 177 87 23 39
0.283625 177 87 23 39
0.285625 177 87 23 39
0.287625 177 87 23 39
0.289625 177 87 23 39
0.291625 176 86 23 39
0.293625 176 86 23 39
0.295625 176 86 23 39
0.297625 176 86 23 39
0.299625 176 86 23 39
0.301625 176 86 23 39
0.303625 175 86 23 39
0.305625 175 86 23 39
0.307625 175 86 23 40
0.309625 175 86 23 40
0.311625 175 86 23 40
0.313625 175 86 23 40
0.315625 174 86 23 40
0.317625 174 86 23 40
0.319625 174 86 23 40
0.321625 174 86 23 40
0.323625 174 86 23 41
0.325625 174 86 23 41
0.327625 173 86 23 41
0.329625 173 86 23 41
0.331625 173 86 23 41
0.333625 173 86 23 41
0.335625 173 86 23 41
0.337625 172 86 24 42
0.339625 172 86 24 42
0.341625 172 86 24 42
0.343625 172 86 24 42
0.345625 172 86 24 42
0.347625 172 86 24 42
0.349625 172 86 24 42
0.351625 172 86 24 42
0.353625 172 86 24 42
0.355625 172 86 24 42
0.357625 172 86 24 42
0.359625 172 86 24 42
0.361625 171 86 25 42
0.363625 171 86 25 42
0.365625 171 86 25 42
0.367625 171 86 25 42
0.369625 171 86 25 42
0.371625 171 86 25 42
0.373625 171 86 25 42
0.375625 171 86 25 42
0.377625 171 86 25 42
0.379625 171 86 25 42
0.381625 171 86 25 42
0.383625 171 86 25 42
0.385625 171 86 25 41
0.387625 171 86 25 41
0.389625 171 86 25 41
0.391625 171 86 25 41
0.393625 171 86 25 41
0.395625 171 86 25 41
0.397625 171 86 25 41
0.399625 172 86 25 41
0.401625 172 86 25 41
0.403625 172 86 25 41
0.405625 172 86 25 41
0.407625 172 86 24 41
0.409625 172 86 24 41
0.411625 172 86 24 41
0.413625 172 86 24 41
0.415625 173 86 24 41
0.417625 173 86 24 41
0.419625 173 86 24 41
0.421625 173 86 24 41
0.423625 173 86 24 41
0.425625 173 86 24 41
0.427625 173 86 24 41
0.429625 173 86 24 41
0.431625 173 87 23 40
0.433625 173 87 23 40
0.435625 173 87 23 40
0.437625 173 87 23 40
0.439625 173 87 23 40
0.441625 173 87 23 40
0.443625 173 87 23 40
0.445625 172 87 23 40
0.447625 172 87 23 40
0.449625 172 87 23 40
0.451625 172 87 23 40
0.453625 172 87 22 40
0.455625 172 87 22 40
0.457625 172 87 22 40
0.459625 172 87 22 40
0.461625 171 87 22 40
0.463625 171 87 22 40
0.465625 171 87 22 40
0.467625 171 87 22 40
0.469625 171 87 22 40
0.471625 171 87 22 40
0.473625 171 87 22 40
0.475625 171 87 22 40
0.477625 171 87 22 40
0.479625 171 87 22 40
0.481625 171 87 22 40
0.483625 171 87 22 40
0.485625 171 87 22 40
0.487625 171 87 22 40
0.489625 171 87 22 40
0.491625 171 87 22 40
0.493625 171 87 22 40
0.495625 171 87 22 40
0.497625 171 87 22 40
0.499625 171 86 22 41
0.501625 171 86 22 41
0.503625 171 86 22 41
0.505625 171 86 22 41
0.507625 171 86 22 41
0.509625 171 86 22 41
0.511625 171 86 22 41
0.513625 171 86 22 41
0.515625 171 86 22 41
0.517625 171 86 22 41
0.519625 171 86 22 41
0.521625 171 86 22 41
0.523625 172 86 22 41
0.525625 172 86 22 41
0.527625 172 86 22 41
0.529625 172 86 22 41
0.531625 172 86 22 41
0.533625 172 86 22 41
0.535625 172 86 22 41
0.537625 172 86 22 41
0.539625 172 86 22 41
0.541625 172 86 22 41
0.543625 172 86 22 41
0.545625 172 86 22 41
0.547625 172 86 22 40
0.549625 172 86 22 40
0.551625 172 86 22 40
0.553625 172 86 22 40
0.555625 172 86 22 40
0.557625 172 86 22 40
0.559625 172 86 22 40
0.561625 172 86 22 40
0.563625 172 86 22 40
0.565625 172 86 22 40
0.567625 172 86 22 40
0.569625 172 87 21 39
0.571625 172 87 21 39
0.573625 172 87 21 39
0.575625 172 87 21 39
0.577625 172 87 21 39
0.579625 172 87 21 39
0.581625 172 87 21 39
0.583625 172 87 21 39
0.585625 172 87 21 39
0.587625 172 87 21 39
0.589625 172 87 21 39
0.591625 172 87 21 39
0.593625 172 87 20 39
0.595625 172 87 20 39
0.597625 172 87 20 39
0.599625 172 87 20 39
0.601625 172 87 20 39
0.603625 172 87 20 39
0.605625 172 87 20 39
0.607625 172 87 20 39
0.609625 172 87 20 39
0.611625 172 87 20 39
0.613625 172 87 20 39
0.615625 172 87 20 39
0.617625 172 87 20 39
0.619625 172 87 20 39
0.621625 172 87 20 39
0.623625 172 87 20 39
0.625625 172 87 20 39
0.627625 172 87 20 39
0.629625 172 87 20 39
0.631625 172 87 20 39
0.633625 172 87 20 39
0.635625 172 87 20 39
0.637625 172 87 20 39
0.639625 172 87 20 40
0.641625 172 87 20 40
0.643625 172 87 20 40
0.645625 172 87 20 40
0.647625 172 87 20 40
0.649625 172 87 20 40
0.651625 172 87 20 40
0.653625 172 87 20 40
0.655625 172 87 20 40
0.657625 172 87 20 40
0.659625 172 87 20 40
0.661625 171 87 21 40
0.663625 171 87 21 40
0.665625 171 87 21 40
0.667625 171 87 21 40
0.669625 171 87 21 40
0.671625 171 87 21 40
0.673625 171 87 21 40
0.675625 171 87 21 40
0.677625 170 87 22 40
0.679625 170 87 22 40
0.681625 170 87 22 40
0.683625 170 87 22 40
0.685625 170 87 22 40
0.687625 170 87 22 40
0.689625 170 87 22 40
0.691625 170 87 22 40
0.693625 169 87 23 40
0.695625 169 87 23 40
0.697625 169 87 23 40
0.699625 169 87 23 40
0.701625 169 87 23 40
0.703625 169 87 23 40
0.705625 169 87 23 40
0.707625 169 87 23 40
0.709625 169 87 24 39
0.711625 169 87 24 39
0.713625 169 87 24 39
0.715625 169 87 24 39
0.717625 169 87 25 38
0.719625 169 88 25 38
0.721625 169 88 25 38
0.723625 169 88 25 38
0.725625 169 88 25 38
0.727625 169 88 26 37
0.729625 169 88 26 37
0.731625 169 89 26 37
0.733625 169 89 26 37
0.735625 169 89 27 36
0.737625 169 89 27 36
0.739625 169 89 27 36
0.741625 169 89 27 36
0.743625 169 90 27 36
0.745625 169 90 28 35
0.747625 169 90 28 35
0.749625 169 90 28 35
0.751625 169 90 28 35
0.753625 169 90 28 35
0.755625 168 90 28 35
0.757625 168 90 28 35
0.759625 168 90 28 35
0.761625 168 90 28 35
0.763625 168 90 27 36
0.765625 168 90 27 36
0.767625 168 90 27 36
0.769625 167 89 27 36
0.771625 167 89 27 36
0.773625 167 89 26 37
0.775625 167 89 26 37
0.777625 167 89 26 37
0.779625 167 89 26 37
0.781625 167 89 26 37
0.783625 167 89 25 38
0.785625 166 88 25 38
0.787625 166 88 25 38
0.789625 166 88 25 38
0.791625 166 88 24 39
0.793625 166 88 24 39
0.795625 166 88 24 39
0.797625 166 88 24 39
0.799625 166 88 24 39
0.801625 165 88 24 39
0.803625 165 88 24 39
0.805625 165 88 24 39
0.807625 165 88 24 39
0.809625 165 88 24 39
0.811625 165 88 24 39
0.813625 165 88 24 39
0.815625 165 88 24 39
0.817625 165 89 24 38
0.819625 165 89 24 38
0.821625 165 89 24 38
0.823625 165 89 24 38
0.825625 165 89 24 38
0.827625 165 89 24 38
0.829625 165 89 24 38
0.831625 165 90 24 37
0.833625 165 90 24 37
0.835625 165 90 24 37
0.837625 165 90 24 37
0.839625 165 90 24 37
0.841625 165 90 24 37
0.843625 165 90 24 37
0.845625 165 90 24 37
0.847625 164 90 24 37
0.849625 164 90 24 37
0.851625 164 90 24 37
0.853625 164 90 24 37
0.855625 164 90 24 37
0.857625 164 90 24 37
0.859625 164 90 24 37
0.861625 164 90 24 37
0.863625 164 90 23 37
0.865625 164 90 23 37
0.867625 164 90 23 37
0.869625 164 90 23 37
0.871625 163 89 23 38
0.873625 163 89 23 38
0.875625 163 89 23 38
0.877625 163 89 22 38
0.879625 163 89 22 38
0.881625 163 89 22 38
0.883625 163 89 22 38
0.885625 163 89 22 38
0.887625 163 89 22 38
0.889625 163 89 22 38
0.891625 163 89 22 38
0.893625 162 89 21 39
0.895625 162 89 21 39
0.897625 162 89 21 39
0.899625 162 89 21 39
0.901625 162 89 21 39
0.903625 162 89 21 39
0.905625 162 89 21 39
0.907625 162 89 21 39
0.909625 161 89 20 39
0.911625 161 89 20 39
0.913625 161 89 20 39
0.915625 161 89 20 39
0.917625 161 89 20 39
0.919625 161 89 20 39
0.921625 161 89 20 39
0.923625 161 89 20 39
0.925625 160 89 19 39
0.927625 160 89 19 39
0.929625 160 89 19 39
0.931625 160 89 19 39
0.933625 160 89 19 39
0.935625 160 89 19 39
0.937625 160 89 19 39
0.939625 159 90 19 38
0.941625 159 90 19 38
0.943625 159 90 19 38
0.945625 159 90 19 38
0.947625 159 90 19 38
0.949625 159 90 19 38
0.951625 158 90 19 38
0.953625 158 90 19 38
0.955625 158 90 19 38
0.957625 158 90 19 38
0.959625 158 90 19 38
0.961625 158 90 19 38
0.963625 157 91 19 37
0.965625 157 91 19 37
0.967625 157 91 19 37
0.969625 157 91 19 37
0.971625 157 91 19 37
0.973625 157 91 19 37
0.975625 156 91 19 37
0.977625 156 91 19 37
0.979625 156 91 19 37
0.981625 156 91 19 37
0.983625 156 91 19 37
0.985625 155 92 20 37
0.987625 155 92 20 37
0.989625 155 92 20 37
0.991625 155 92 20 37
0.993625 155 92 20 37
0.995625 155 92 20 37
0.997625 155 92 20 37
0.999625 155 92 20 37
1.001625 155 92 20 37
1.003625 155 92 20 37
1.005625 155 92 20 37
1.007625 155 92 20 37
1.009625 154 92 20 37
1.011625 154 92 20 37
1.013625 154 92 20 37
1.015625 154 92 20 37
1.017625 154 92 20 37
1.019625 154 92 20 37
1.021625 154 92 20 37
1.023625 154 92 20 37
1.025625 154 92 20 37
1.027625 154 92 20 37
1.029625 154 92 20 37
1.031625 154 92 20 37
1.033625 154 92 20 37
1.035625 154 92 20 37
1.037625 154 92 20 37
1.039625 154 92 20 37
1.041625 154 92 20 37
1.043625 154 92 20 37
1.045625 154 92 20 37
1.047625 154 92 20 37
1.049625 154 92 20 37
1.051625 154 92 20 37
1.053625 154 92 20 37
1.055625 154 92 20 37
1.057625 154 92 20 37
1.059625 154 92 20 37
1.061625 154 92 20 37
1.063625 154 92 20 37
1.065625 154 92 20 37
1.067625 154 92 20 37
1.069625 154 92 20 37
1.071625 154 92 20 37
1.073625 154 92 20 37
1.075625 154 92 20 37
1.077625 154 92 20 37
1.079625 153 92 20 37
1.081625 153 92 20 37
1.083625 153 92 20 37
1.085625 153 92 20 37
1.087625 153 92 20 37
1.089625 153 92 20 37
1.091625 153 92 20 37
1.093625 152 92 20 37
1.095625 152 92 20 37
1.097625 152 92 20 37
1.099625 152 92 20 37
1.101625 152 92 20 37
1.103625 152 92 20 37
1.105625 152 92 20 37
1.107625 152 92 20 37
1.109625 151 92 20 37
1.111625 151 92 20 37
1.113625 151 92 20 37
1.115625 151 92 20 37
1.117625 151 92 20 37
1.119625 151 92 20 37
1.121625 151 92 20 37
1.123625 151 92 20 37
1.125625 150 92 20 37
1.127625 150 92 20 37
1.129625 150 92 20 37
1.131625 150 92 20 37
1.133625 150 92 20 37
1.135625 150 92 20 37
1.137625 150 92 20 37
1.139625 149 92 20 37
1.141625 149 92 20 37
1.143625 149 92 20 37
1.145625 149 92 20 37
1.147625 149 92 20 37
1.149625 149 92 20 37
1.151625 149 92 20 37
1.153625 149 92 20 37
1.155625 148 92 20 37
1.157625 148 92 20 37
1.159625 148 92 20 37
1.161625 148 92 20 37
1.163625 148 92 20 37
1.165625 148 92 20 37
1.167625 148 92 20 37
1.169625 148 92 20 37
1.171625 147 92 20 37
1.173625 147 92 20 37
1.175625 147 92 20 37
1.177625 147 92 20 37
1.179625 147 92 20 37
1.181625 147 92 20 37
1.183625 147 92 20 37
1.185625 147 92 20 37
1.187625 147 92 20 37
1.189625 147 92 20 37
1.191625 147 92 20 37
1.193625 147 92 20 37
1.195625 147 92 20 37
1.197625 147 92 20 37
1.199625 147 92 20 37
1.201625 147 92 20 37
1.203625 147 92 20 37
1.205625 147 92 20 37
1.207625 147 92 20 37
1.209625 147 92 20 37
1.211625 147 92 20 37
1.213625 147 92 20 37
1.215625 147 92 20 37
1.217625 146 92 20 37
1.219625 146 92 20 37
1.221625 146 92 20 37
1.223625 146 92 20 37
1.225625 146 92 20 37
1.227625 146 92 20 37
1.229625 146 92 20 37
1.231625 146 92 20 37
1.233625 145 93 20 37
1.235625 145 93 20 37
1.237625 145 93 20 37
1.239625 145 93 20 37
1.241625 145 93 20 37
1.243625 145 93 20 37
1.245625 145 93 20 37
1.247625 144 94 20 37
1.249625 144 94 20 37
1.251625 144 94 20 37
1.253625 144 94 20 37
1.255625 144 94 20 37
1.257625 144 94 20 37
1.259625 144 94 20 37
1.261625 144 94 20 37
1.263625 143 95 20 37
1.265625 143 95 20 37
1.267625 143 95 20 37
1.269625 143 95 20 37
1.271625 143 95 20 37
1.273625 143 95 20 37
1.275625 143 95 20 37
1.277625 143 95 20 37
1.279625 143 95 20 37
1.281625 143 95 20 37
1.283625 143 95 20 37
1.285625 143 95 20 37
1.287625 143 95 20 37
1.289625 143 95 20 37
1.291625 143 95 20 37
1.293625 143 95 20 37
1.295625 143 95 20 37
1.297625 143 95 20 37
1.299625 143 95 20 37
1.301625 143 95 20 37
1.303625 143 95 20 37
1.305625 143 95 20 37
1.307625 143 95 20 37
1.309625 142 94 20 37
1.311625 142 94 20 37
1.313625 142 94 20 37
1.315625 142 94 20 37
1.317625 141 94 20 37
1.319625 141 94 20 37
1.321625 141 94 20 37
1.323625 141 94 20 37
1.325625 140 94 21 37
1.327625 140 94 21 37
1.329625 140 94 21 37
1.331625 140 94 21 37
1.333625 139 93 21 37
1.335625 139 93 21 37
1.337625 139 93 21 37
1.339625 139 93 21 37
1.341625 138 93 22 37
1.343625 138 93 22 37
1.345625 138 93 22 37
1.347625 138 93 22 37
1.349625 137 93 22 37
1.351625 137 93 22 37
1.353625 137 93 22 37
1.355625 136 92 23 37
1.357625 136 92 23 37
1.359625 136 92 23 37
1.361625 136 92 23 37
1.363625 136 92 23 37
1.365625 136 92 23 37
1.367625 135 92 23 37
1.369625 135 92 23 37
1.371625 135 92 23 37
1.373625 135 92 23 37
1.375625 135 92 23 37
1.377625 135 92 23 37
1.379625 134 91 24 37
1.381625 134 91 24 37
1.383625 134 91 24 37
1.385625 134 91 24 37
1.387625 134 91 24 37
1.389625 134 91 24 37
1.391625 133 91 24 37
1.393625 133 91 24 37
1.395625 133 91 24 37
1.397625 133 91 24 37
1.399625 133 91 24 37
1.401625 133 91 24 37
1.403625 133 91 25 38
1.405625 133 91 25 38
1.407625 133 91 25 38
1.409625 133 91 25 38
1.411625 133 91 25 38
1.413625 133 91 25 38
1.415625 133 91 25 38
1.417625 133 91 25 38
1.419625 133 91 25 38
1.421625 133 91 25 38
1.423625 133 91 25 38
1.425625 133 91 25 38
1.427625 133 91 25 38
1.429625 133 91 25 38
1.431625 133 91 25 38
1.433625 133 91 25 38
1.435625 133 91 25 38
1.437625 133 91 25 38
1.439625 133 91 25 38
1.441625 133 91 25 38
1.443625 133 91 25 38
1.445625 133 91 25 38
1.447625 133 91 25 38
1.449625 133 92 26 37
1.451625 133 92 26 37
1.453625 133 92 26 37
1.455625 133 92 26 37
1.457625 133 92 26 37
1.459625 133 92 26 37
1.461625 133 92 26 37
1.463625 133 92 26 37
1.465625 133 92 26 37
1.467625 133 92 26 37
1.469625 133 92 26 37
1.471625 133 92 26 37
1.473625 133 92 26 37
1.475625 133 92 26 37
1.477625 133 92 26 37
1.479625 133 92 26 37
1.481625 133 92 26 37
1.483625 133 92 26 37
1.485625 133 92 26 37
1.487625 133 92 26 37
1.489625 133 92 26 37
1.491625 133 92 26 37
1.493625 133 92 26 37
1.495625 133 93 25 36
1.497625 133 93 25 36
1.499625 133 93 25 36
1.501625 133 93 25 36
1.503625 133 93 25 36
1.505625 133 93 25 36
1.507625 133 93 25 36
1.509625 133 93 25 36
1.511625 133 93 25 36
1.513625 133 93 25 36
1.515625 133 93 25 36
1.517625 133 93 24 36
1.519625 133 93 24 36
1.521625 133 93 24 36
1.523625 133 93 24 36
1.525625 133 93 24 36
1.527625 133 93 24 36
1.529625 133 93 24 36
1.531625 133 93 24 36
1.533625 133 93 24 36
1.535625 133 93 24 36
1.537625 133 93 24 36
1.539625 133 93 24 36
1.541625 133 93 24 36
1.543625 133 93 24 36
1.545625 133 93 24 36
1.547625 133 93 24 36
1.549625 133 93 24 36
1.551625 133 93 24 36
1.553625 133 93 24 36
1.555625 133 93 24 36
1.557625 133 93 24 36
1.559625 133 93 24 36
1.561625 133 93 24 36
1.563625 133 93 24 36
1.565625 133 93 24 36
1.567625 133 93 24 36
1.569625 133 93 24 36
1.571625 133 93 24 36
1.573625 133 93 24 36
1.575625 133 93 24 36
1.577625 133 93 24 36
1.579625 133 93 24 36
1.581625 133 93 24 36
1.583625 133 93 24 36
1.585625 133 93 24 36
1.587625 132 92 24 36
1.589625 132 92 24 36
1.591625 132 92 24 36
1.593625 132 92 24 36
1.595625 132 92 24 36
1.597625 132 92 24 36
1.599625 131 92 24 36
1.601625 131 92 24 36
1.603625 131 92 24 36
1.605625 131 92 24 36
1.607625 131 92 24 36
1.609625 131 92 24 36
1.611625 130 92 25 37
1.613625 130 92 25 37
1.615625 130 92 25 37
1.617625 130 92 25 37
1.619625 130 92 25 37
1.621625 130 92 25 37
1.623625 129 92 25 37
1.625625 129 92 25 37
1.627625 129 92 25 37
1.629625 129 92 25 37
1.631625 129 92 25 37
1.633625 128 91 26 38
1.635625 128 91 26 38
1.637625 128 91 26 38
1.639625 128 91 26 38
1.641625 128 91 26 38
1.643625 128 91 26 38
1.645625 127 91 26 38
1.647625 127 91 26 38
1.649625 127 90 27 39
1.651625 127 90 27 39
1.653625 127 90 27 39
1.655625 127 90 27 39
1.657625 126 90 27 39
1.659625 126 90 27 39
1.661625 126 90 27 39
1.663625 126 90 27 39
1.665625 126 89 28 40
1.667625 126 89 28 40
1.669625 125 89 28 40
1.671625 125 89 28 40
1.673625 125 89 28 40
1.675625 125 89 28 40
1.677625 125 89 28 40
1.679625 125 89 29 40
1.681625 125 89 29 40
1.683625 125 89 29 40
1.685625 125 89 29 40
1.687625 125 89 29 40
1.689625 125 89 29 40
1.691625 125 89 29 40
1.693625 125 89 29 40
1.695625 125 89 29 40
1.697625 125 89 29 40
1.699625 125 89 29 40
1.701625 125 89 29 40
1.703625 125 89 29 39
1.705625 125 89 29 39
1.707625 125 89 29 39
1.709625 125 89 29 39
1.711625 125 89 29 39
1.713625 125 89 29 39
1.715625 125 89 29 39
1.717625 125 89 29 39
1.719625 125 89 29 39
1.721625 125 89 29 39
1.723625 125 89 29 39
1.725625 125 89 29 39
1.727625 124 90 30 38
1.729625 124 90 30 38
1.731625 124 90 30 38
1.733625 124 90 30 38
1.735625 124 90 30 38
1.737625 124 90 30 38
1.739625 124 90 30 38
1.741625 123 91 30 38
1.743625 123 91 30 38
1.745625 123 91 30 38
1.747625 123 91 30 38
1.749625 123 91 30 38
1.751625 123 91 30 38
1.753625 123 91 30 38
1.755625 123 91 30 38
1.757625 122 92 30 38
1.759625 122 92 30 38
1.761625 122 92 30 38
1.763625 122 92 30 38
1.765625 122 92 30 38
1.767625 122 92 30 38
1.769625 122 92 30 38
1.771625 122 92 30 38
1.773625 122 93 30 37
1.775625 122 93 30 37
1.777625 122 93 30 37
1.779625 122 93 30 37
1.781625 122 93 30 37
1.783625 122 93 29 37
1.785625 122 93 29 37
1.787625 122 93 29 37
1.789625 122 93 29 37
1.791625 122 93 29 37
1.793625 122 93 29 37
1.795625 122 93 28 36
1.797625 122 93 28 36
1.799625 122 93 28 36
1.801625 122 93 28 36
1.803625 122 93 28 36
1.805625 122 93 28 36
1.807625 122 93 27 36
1.809625 122 93 27 36
1.811625 122 93 27 36
1.813625 122 93 27 36
1.815625 122 93 27 36
1.817625 122 93 27 36
1.819625 122 94 26 36
1.821625 122 94 26 36
1.823625 122 94 26 36
1.825625 122 94 26 36
1.827625 122 94 26 36
1.829625 122 94 26 36
1.831625 122 94 26 36
1.833625 122 94 26 36
1.835625 122 94 25 36
1.837625 122 94 25 36
1.839625 122 94 25 36
1.841625 121 94 25 36
1.843625 121 94 25 36
1.845625 121 94 25 36
1.847625 121 94 25 36
1.849625 121 94 24 36
1.851625 121 94 24 36
1.853625 121 94 24 36
1.855625 121 94 24 36
1.857625 121 94 24 36
1.859625 121 94 24 36
1.861625 121 94 24 36
1.863625 121 94 24 36
1.865625 121 93 23 36
1.867625 121 93 23 36
1.869625 121 93 23 36
1.871625 121 93 22 36
1.873625 121 93 22 36
1.875625 121 93 22 36
1.877625 121 93 21 36
1.879625 121 93 21 36
1.881625 121 93 21 36
1.883625 121 93 20 36
1.885625 121 93 20 36
1.887625 121 93 20 36
1.889625 121 92 19 36
1.891625 121 92 19 36
1.893625 121 92 18 36
1.895625 121 92 18 36
1.897625 121 92 18 36
1.899625 121 92 17 36
1.901625 121 92 17 36
1.903625 121 92 17 36
1.905625 121 92 16 36
1.907625 121 92 16 36
1.909625 121 92 16 36
1.911625 120 92 16 36
1.913625 120 92 16 36
1.915625 120 92 16 36
1.917625 120 92 16 36
1.919625 120 92 16 36
1.921625 120 92 16 36
1.923625 120 92 16 36
1.925625 120 92 16 36
1.927625 120 92 16 36
1.929625 120 92 16 36
1.931625 120 92 16 36
1.933625 120 92 16 36
1.935625 119 92 16 37
1.937625 119 92 16 37
1.939625 119 92 16 37
1.941625 119 92 16 37
1.943625 119 92 16 37
1.945625 119 92 16 37
1.947625 119 92 16 37
1.949625 119 92 16 37
1.951625 119 92 16 37
1.953625 119 92 16 37
1.955625 119 92 16 37
1.957625 118 92 17 38
1.959625 118 92 17 38
1.961625 118 92 17 38
1.963625 118 92 17 38
1.965625 118 92 17 38
1.967625 118 92 17 38
1.969625 118 92 17 38
1.971625 118 92 17 38
1.973625 118 92 17 38
1.975625 118 92 17 38
1.977625 118 92 17 38
1.979625 118 92 17 38
1.981625 118 92 17 38
1.983625 118 92 17 38
1.985625 118 92 17 38
1.987625 118 92 17 38
1.989625 118 92 17 38
1.991625 118 92 17 38
1.993625 118 92 17 38
1.995625 118 92 17 38
1.997625 118 92 17 38
1.999625 118 92 17 38
2.001625 118 92 17 38
2.003625 117 92 17 37
2.005625 117 92 17 37
2.007625 117 92 17 37
2.009625 117 92 17 37
2.011625 117 92 17 37
2.013625 117 92 17 37
2.015625 117 92 17 37
2.017625 117 92 17 37
2.019625 116 92 17 37
2.021625 116 92 17 37
2.023625 116 92 17 37
2.025625 116 92 17 37
2.027625 116 92 18 36
2.029625 116 92 18 36
2.031625 116 92 18 36
2.033625 116 92 18 36
2.035625 115 92 18 36
2.037625 115 92 18 36
2.039625 115 92 18 36
2.041625 115 92 18 36
2.043625 115 92 18 36
2.045625 115 92 18 36
2.047625 115 92 18 36
2.049625 115 92 18 36
2.051625 114 93 18 35
2.053625 114 93 18 35
2.055625 114 93 18 35
2.057625 114 93 18 35
2.059625 114 93 18 35
2.061625 114 93 18 35
2.063625 114 93 18 35
2.065625 114 93 17 35
2.067625 114 93 17 35
2.069625 114 93 17 35
2.071625 114 93 17 35
2.073625 113 94 17 34
2.075625 113 94 17 34
2.077625 113 94 17 34
2.079625 113 94 17 34
2.081625 113 94 16 34
2.083625 113 94 16 34
2.085625 113 94 16 34
2.087625 113 94 16 34
2.089625 113 94 16 34
2.091625 113 94 16 34
2.093625 113 94 16 34
2.095625 113 94 16 34
2.097625 112 94 16 34
2.099625 112 94 16 34
2.101625 112 94 16 34
2.103625 112 94 16 34
2.105625 112 94 16 34
2.107625 112 94 16 34
2.109625 112 94 16 34
2.111625 111 93 16 35
2.113625 111 93 16 35
2.115625 111 93 16 35
2.117625 111 93 16 35
2.119625 111 93 16 35
2.121625 111 93 16 35
2.123625 111 93 16 35
2.125625 111 93 16 35
2.127625 110 92 16 36
2.129625 110 92 16 36
2.131625 110 92 16 36
2.133625 110 92 16 36
2.135625 110 92 16 36
2.137625 110 92 16 36
2.139625 110 92 16 36
2.141625 110 92 16 36
2.143625 109 92 17 36
2.145625 109 92 17 36
2.147625 109 92 17 36
2.149625 109 92 17 36
2.151625 109 92 17 36
2.153625 109 92 17 36
2.155625 109 92 18 36
2.157625 109 92 18 36
2.159625 109 92 18 36
2.161625 109 92 18 36
2.163625 109 92 18 36
2.165625 108 93 19 35
2.167625 108 93 19 35
2.169625 108 93 19 35
2.171625 108 93 19 35
2.173625 108 93 19 35
2.175625 108 93 19 35
2.177625 108 93 20 35
2.179625 108 93 20 35
2.181625 108 93 20 35
2.183625 108 93 20 35
2.185625 108 93 20 35
2.187625 108 93 20 35
2.189625 107 94 20 34
2.191625 107 94 20 34
2.193625 107 94 20 34
2.195625 107 94 20 34
2.197625 107 94 20 34
2.199625 107 94 20 34
2.201625 107 94 20 34
2.203625 107 94 20 34
2.205625 107 94 20 34
2.207625 107 94 20 34
2.209625 107 94 20 34
2.211625 106 94 20 34
2.213625 106 94 20 34
2.215625 106 94 20 34
2.217625 106 94 20 34
2.219625 106 94 20 34
2.221625 106 94 20 34
2.223625 106 94 20 34
2.225625 106 94 20 34
2.227625 106 94 20 34
2.229625 106 94 20 34
2.231625 106 94 20 34
2.233625 106 94 20 34
2.235625 105 94 19 34
2.237625 105 94 19 34
2.239625 105 94 19 34
2.241625 105 94 19 34
2.243625 105 94 19 34
2.245625 105 94 19 34
2.247625 105 94 19 34
2.249625 105 94 19 34
2.251625 105 94 19 34
2.253625 105 94 19 34
2.255625 105 94 19 34
2.257625 105 94 19 34
2.259625 105 94 19 34
2.261625 105 94 19 34
2.263625 105 94 19 34
2.265625 105 94 19 34
2.267625 105 94 19 34
2.269625 105 94 19 34
2.271625 105 94 19 34
2.273625 105 94 19 34
2.275625 105 94 19 34
2.277625 105 94 19 34
2.279625 105 94 19 34
2.281625 104 93 18 35
2.283625 104 93 18 35
2.285625 104 93 18 35
2.287625 104 93 18 35
2.289625 104 93 18 35
2.291625 104 93 18 35
2.293625 104 93 18 35
2.295625 104 93 18 35
2.297625 103 93 18 36
2.299625 103 93 18 36
2.301625 103 93 18 36
2.303625 103 93 18 36
2.305625 103 92 18 36
2.307625 103 92 18 36
2.309625 103 92 18 36
2.311625 103 92 18 36
2.313625 102 92 18 37
2.315625 102 92 18 37
2.317625 102 92 18 37
2.319625 102 92 18 37
2.321625 102 92 18 37
2.323625 102 92 18 37
2.325625 102 92 18 37
2.327625 101 92 17 37
2.329625 101 92 17 37
2.331625 101 92 17 37
2.333625 101 92 17 37
2.335625 101 92 17 37
2.337625 101 92 17 37
2.339625 101 92 17 37
2.341625 101 92 17 37
2.343625 101 92 17 36
2.345625 101 92 17 36
2.347625 101 92 17 36
2.349625 101 92 17 36
2.351625 100 93 16 36
2.353625 100 93 16 36
2.355625 100 93 16 36
2.357625 100 93 16 36
2.359625 100 93 16 35
2.361625 100 93 16 35
2.363625 100 93 16 35
2.365625 100 93 16 35
2.367625 100 93 16 35
2.369625 100 93 16 35
2.371625 100 93 16 35
2.373625 99 93 15 35
2.375625 99 93 15 35
2.377625 99 93 15 35
2.379625 99 93 15 35
2.381625 99 93 15 36
2.383625 99 92 15 36
2.385625 99 92 15 36
2.387625 99 92 15 36
2.389625 99 92 15 37
2.391625 99 92 15 37
2.393625 99 91 15 37
2.395625 99 91 15 37
2.397625 99 91 15 38
2.399625 99 91 15 38
2.401625 99 90 15 38
2.403625 99 90 15 38
2.405625 99 90 15 39
2.407625 99 90 15 39
2.409625 99 90 15 39
2.411625 99 89 15 39
2.413625 99 89 15 40
2.415625 99 89 15 40
2.417625 99 89 15 40
2.419625 99 89 15 40
2.421625 98 88 15 41
2.423625 98 88 15 41
2.425625 98 88 15 41
2.427625 98 88 15 41
2.429625 98 88 15 41
2.431625 98 88 15 41
2.433625 98 88 15 41
2.435625 98 88 15 41
2.437625 98 88 15 41
2.439625 98 88 15 41
2.441625 98 88 15 41
2.443625 98 88 15 41
2.445625 98 88 15 41
2.447625 98 88 15 41
2.449625 98 88 15 41
2.451625 98 88 15 41
2.453625 98 88 15 41
2.455625 98 88 15 41
2.457625 98 88 15 41
2.459625 98 88 15 41
2.461625 98 88 15 41
2.463625 98 88 15 41
2.465625 98 88 15 41
2.467625 97 88 15 42
2.469625 97 88 15 42
2.471625 97 88 15 42
2.473625 97 88 15 42
2.475625 97 88 15 42
2.477625 97 88 15 42
2.479625 96 88 15 42
2.481625 96 88 16 42
2.483625 96 88 16 42
2.485625 96 88 16 42
2.487625 96 88 16 42
2.489625 95 88 16 43
2.491625 95 88 16 43
2.493625 95 88 16 43
2.495625 95 88 16 43
2.497625 95 88 17 43
2.499625 95 88 17 43
2.501625 94 88 17 43
2.503625 94 88 17 43
2.505625 94 88 17 43
2.507625 94 88 17 43
2.509625 94 88 17 43
2.511625 94 88 17 43
2.513625 93 88 18 43
2.515625 93 88 18 43
2.517625 93 88 18 43
2.519625 93 88 18 43
2.521625 93 88 18 43
2.523625 93 88 18 43
2.525625 93 88 18 42
2.527625 93 88 18 42
2.529625 93 89 18 42
2.531625 93 89 18 42
2.533625 93 89 18 42
2.535625 93 89 18 41
2.537625 93 89 18 41
2.539625 93 89 18 41
2.541625 93 89 18 41
2.543625 93 90 18 41
2.545625 93 90 18 41
2.547625 93 90 18 40
2.549625 93 90 18 40
2.551625 93 90 18 40
2.553625 93 90 18 40
2.555625 93 90 18 40
2.557625 93 90 18 40
2.559625 93 90 18 40
2.561625 93 90 18 40
2.563625 93 90 18 40
2.565625 93 90 18 40
2.567625 93 90 18 40
2.569625 93 90 18 40
2.571625 93 90 18 40
2.573625 93 90 18 40
2.575625 93 89 18 40
2.577625 93 89 18 40
2.579625 93 89 18 40
2.581625 93 89 18 40
2.583625 93 89 18 40
2.585625 93 89 18 40
2.587625 93 89 18 40
2.589625 93 88 18 40
2.591625 93 88 18 40
2.593625 93 88 18 40
2.595625 93 88 18 40
2.597625 93 88 18 40
2.599625 93 88 18 40
2.601625 93 88 18 40
2.603625 93 88 18 40
2.605625 92 88 18 40
2.607625 92 88 18 40
2.609625 92 88 18 40
2.611625 92 89 18 39
2.613625 92 89 18 39
2.615625 92 89 18 39
2.617625 92 90 18 39
2.619625 92 90 18 38
2.621625 92 90 18 38
2.623625 92 91 18 38
2.625625 92 91 18 37
2.627625 92 91 18 37
2.629625 91 92 18 37
2.631625 91 92 18 36
2.633625 91 92 18 36
2.635625 91 93 18 36
2.637625 91 93 18 36
2.639625 91 93 18 35
2.641625 91 94 18 35
2.643625 91 94 18 35
2.645625 91 95 18 34
2.647625 91 95 18 34
2.649625 91 95 18 34
2.651625 91 96 18 33
2.653625 91 96 18 33
2.655625 91 96 18 33
2.657625 91 96 18 33
2.659625 91 96 18 33
2.661625 91 96 18 33
2.663625 91 96 18 33
2.665625 91 96 18 33
2.667625 91 96 18 32
2.669625 91 96 18 32
2.671625 91 96 18 32
2.673625 91 96 18 32
2.675625 91 96 18 32
2.677625 91 96 18 32
2.679625 91 96 18 32
2.681625 91 96 18 32
2.683625 91 96 18 31
2.685625 91 96 18 31
2.687625 91 96 18 31
2.689625 91 96 18 31
2.691625 91 96 18 31
2.693625 91 96 18 31
2.695625 91 96 18 31
2.697625 91 96 17 31
2.699625 91 96 17 31
2.701625 91 96 17 31
2.703625 91 96 17 31
2.705625 91 96 17 32
2.707625 91 96 17 32
2.709625 91 96 17 32
2.711625 91 96 17 32
2.713625 91 95 17 33
2.715625 91 95 17 33
2.717625 91 95 17 33
2.719625 91 95 17 33
2.721625 90 95 17 34
2.723625 90 95 17 34
2.725625 90 95 17 34
2.727625 90 95 17 34
2.729625 90 94 17 35
2.731625 90 94 17 35
2.733625 90 94 17 35
2.735625 90 94 17 35
2.737625 90 94 17 36
2.739625 90 94 17 36
2.741625 90 94 17 36
2.743625 90 94 17 36
2.745625 89 94 17 36
2.747625 89 94 17 36
2.749625 89 94 17 36
2.751625 89 94 17 36
2.753625 89 94 17 36
2.755625 89 94 17 36
2.757625 89 94 17 36
2.759625 89 94 17 36
2.761625 89 94 17 36
2.763625 89 94 17 36
2.765625 89 94 17 36
2.767625 89 94 17 36
2.769625 89 94 17 36
2.771625 89 94 17 36
2.773625 89 94 17 36
2.775625 89 94 17 36
2.777625 89 94 17 36
2.779625 89 94 17 36
2.781625 89 94 17 36
2.783625 89 94 17 36
2.785625 89 94 17 36
2.787625 89 94 17 36
2.789625 89 94 17 36
2.791625 89 94 17 35
2.793625 89 94 17 35
2.795625 89 94 17 35
2.797625 89 94 17 35
2.799625 89 94 17 35
2.801625 89 94 17 35
2.803625 89 94 17 35
2.805625 89 94 17 35
2.807625 89 94 17 35
2.809625 89 94 17 35
2.811625 89 94 17 35
2.813625 89 95 17 35
2.815625 89 95 17 35
2.817625 89 95 17 35
2.819625 89 95 17 35
2.821625 89 95 17 35
2.823625 89 95 17 35
2.825625 89 95 17 35
2.827625 89 95 17 35
2.829625 89 95 17 35
2.831625 89 95 17 35
2.833625 89 95 17 35
2.835625 89 95 17 35
2.837625 90 95 18 35
2.839625 90 95 18 35
2.841625 90 95 18 35
2.843625 90 95 18 35
2.845625 90 95 18 35
2.847625 90 95 18 35
2.849625 90 95 18 35
2.851625 90 95 18 35
2.853625 90 95 18 35
2.855625 90 95 18 35
2.857625 90 95 18 35
2.859625 90 95 18 35
2.861625 90 95 18 35
2.863625 90 95 18 35
2.865625 90 95 18 35
2.867625 90 95 18 35
2.869625 90 95 18 35
2.871625 90 95 18 35
2.873625 90 95 18 35
2.875625 90 95 18 35
2.877625 90 95 18 35
2.879625 90 95 18 35
2.881625 90 95 18 35
2.883625 89 95 18 34
2.885625 89 95 18 34
2.887625 89 95 18 34
2.889625 89 95 18 34
2.891625 89 95 18 34
2.893625 89 95 18 34
2.895625 89 95 19 34
2.897625 89 95 19 34
2.899625 89 95 19 34
2.901625 89 95 19 34
2.903625 89 95 19 34
2.905625 89 95 19 34
2.907625 88 95 20 34
2.909625 88 95 20 34
2.911625 88 95 20 34
2.913625 88 95 20 34
2.915625 88 95 20 34
2.917625 88 95 21 34
2.919625 88 95 21 34
2.921625 88 95 21 34
2.923625 88 95 21 34
2.925625 88 95 21 34
2.927625 88 95 21 34
2.929625 88 96 21 33
2.931625 88 96 21 33
2.933625 88 96 21 33
2.935625 88 96 21 33
2.937625 88 96 21 33
2.939625 88 96 21 33
2.941625 88 96 21 33
2.943625 88 96 21 33
2.945625 88 96 21 33
2.947625 88 96 21 33
2.949625 88 96 21 33
2.951625 88 96 21 33
2.953625 89 96 21 33
2.955625 89 96 21 33
2.957625 89 96 21 33
2.959625 89 96 21 33
2.961625 89 96 21 33
2.963625 89 96 21 33
2.965625 89 96 21 33
2.967625 89 96 21 33
2.969625 89 96 21 33
2.971625 89 96 21 33
2.973625 89 96 21 33
2.975625 90 97 21 32
2.977625 90 97 21 32
2.979625 90 97 21 32
2.981625 90 97 21 32
2.983625 90 97 21 32
2.985625 90 97 21 32
2.987625 90 97 21 32
2.989625 90 97 21 32
2.991625 90 97 21 32
2.993625 90 97 21 32
2.995625 90 97 21 32
2.997625 90 97 21 32
2.999625 90 98 21 31
3.001625 90 98 21 31
3.003625 90 98 21 31
3.005625 90 98 21 31
3.007625 90 98 21 31
3.009625 90 98 21 31
3.011625 90 98 21 31
3.013625 90 98 21 31
3.015625 90 98 21 31
3.017625 90 98 21 31
3.019625 90 98 21 31
3.021625 90 98 22 31
3.023625 90 98 22 31
3.025625 90 98 22 31
3.027625 90 98 22 31
3.029625 90 98 23 31
3.031625 90 98 23 31
3.033625 90 98 23 31
3.035625 90 98 24 31
3.037625 90 98 24 32
3.039625 90 98 24 32
3.041625 90 98 25 32
3.043625 90 98 25 32
3.045625 89 98 25 32
3.047625 89 98 25 32
3.049625 89 98 26 32
3.051625 89 98 26 32
3.053625 89 98 26 33
3.055625 89 98 27 33
3.057625 89 98 27 33
3.059625 89 98 27 33
3.061625 89 98 28 33
3.063625 89 98 28 33
3.065625 89 98 28 33
3.067625 89 98 28 33
3.069625 89 97 28 34
3.071625 89 97 28 34
3.073625 89 97 28 34
3.075625 89 97 28 34
3.077625 89 97 28 34
3.079625 89 97 28 34
3.081625 89 97 28 34
3.083625 89 97 28 34
3.085625 89 97 28 34
3.087625 89 97 28 34
3.089625 89 97 28 34
3.091625 90 97 27 34
3.093625 90 97 27 34
3.095625 90 97 27 34
3.097625 90 97 27 34
3.099625 90 97 27 34
3.101625 90 97 27 34
3.103625 90 97 27 34
3.105625 90 97 27 34
3.107625 90 97 27 34
3.109625 90 97 27 34
3.111625 90 97 27 34
3.113625 90 97 27 34
3.115625 91 97 26 34
3.117625 91 97 26 34
3.119625 91 97 26 34
3.121625 91 97 26 34
3.123625 91 97 26 34
3.125625 92 97 26 34
3.127625 92 97 26 34
3.129625 92 97 26 34
3.131625 92 97 26 34
3.133625 92 97 26 34
3.135625 92 97 26 34
3.137625 93 97 25 34
3.139625 93 97 25 34
3.141625 93 97 25 34
3.143625 93 97 25 34
3.145625 93 97 25 34
3.147625 93 97 25 34
3.149625 94 97 25 34
3.151625 94 97 25 34
3.153625 94 97 25 34
3.155625 94 97 25 34
3.157625 94 97 25 34
3.159625 94 97 25 34
3.161625 95 98 25 33
3.163625 95 98 25 33
3.165625 95 98 25 33
3.167625 95 98 25 33
3.169625 95 98 26 33
3.171625 95 98 26 33
3.173625 95 98 26 33
3.175625 95 98 26 33
3.177625 96 98 26 33
3.179625 96 98 27 33
3.181625 96 98 27 33
3.183625 96 98 27 33
3.185625 96 98 27 33
3.187625 96 98 27 33
3.189625 96 98 28 33
3.191625 97 98 28 33
3.193625 97 98 28 33
3.195625 97 98 28 33
3.197625 97 98 29 33
3.199625 97 98 29 33
3.201625 97 98 29 33
3.203625 97 98 29 33
3.205625 97 98 29 33
3.207625 98 99 29 32
3.209625 98 99 29 32
3.211625 98 99 29 32
3.213625 98 99 28 32
3.215625 99 99 28 32
3.217625 99 99 27 32
3.219625 99 99 27 31
3.221625 99 99 27 31
3.223625 100 99 26 31
3.225625 100 99 26 31
3.227625 100 99 25 31
3.229625 100 99 25 31
3.231625 101 100 25 30
3.233625 101 100 24 30
3.235625 101 100 24 30
3.237625 102 100 23 30
3.239625 102 100 23 30
3.241625 102 100 23 29
3.243625 102 100 22 29
3.245625 103 100 22 29
3.247625 103 100 21 29
3.249625 103 100 21 29
3.251625 103 100 21 29
3.253625 104 100 20 29
3.255625 104 100 20 29
3.257625 104 100 20 29
3.259625 104 100 20 29
3.261625 104 100 20 29
3.263625 104 100 20 29
3.265625 104 100 20 29
3.267625 104 100 20 29
3.269625 104 100 20 29
3.271625 104 100 20 29
3.273625 104 100 20 29
3.275625 104 100 20 29
3.277625 104 100 20 30
3.279625 104 100 20 30
3.281625 104 100 20 30
3.283625 104 100 20 30
3.285625 104 100 20 30
3.287625 104 100 20 30
3.289625 104 100 20 30
3.291625 104 100 20 30
3.293625 104 100 20 30
3.295625 104 100 20 30
3.297625 104 100 20 30
3.299625 104 99 20 31
3.301625 104 99 20 31
3.303625 104 99 20 31
3.305625 104 99 20 31
3.307625 104 99 21 31
3.309625 104 99 21 31
3.311625 104 99 21 31
3.313625 104 99 21 31
3.315625 105 98 22 31
3.317625 105 98 22 31
3.319625 105 98 22 31
3.321625 105 98 22 31
3.323625 105 98 23 31
3.325625 105 98 23 31
3.327625 105 98 23 31
3.329625 105 98 23 31
3.331625 106 97 24 31
3.333625 106 97 24 31
3.335625 106 97 24 31
3.337625 106 97 25 31
3.339625 106 97 25 31
3.341625 106 97 25 31
3.343625 106 97 25 31
3.345625 107 97 25 31
3.347625 107 97 25 31
3.349625 107 97 25 31
3.351625 107 97 25 31
3.353625 107 97 25 31
3.355625 107 97 25 31
3.357625 107 97 25 31
3.359625 107 97 25 31
3.361625 108 97 25 31
3.363625 108 97 25 31
3.365625 108 97 25 31
3.367625 108 97 25 31
3.369625 108 97 25 31
3.371625 108 97 25 31
3.373625 108 97 25 31
3.375625 108 97 25 31
3.377625 109 97 25 31
3.379625 109 97 25 31
3.381625 109 97 25 31
3.383625 109 97 25 31
3.385625 109 97 25 31
3.387625 109 97 25 31
3.389625 109 97 25 31
3.391625 110 97 25 31
3.393625 110 97 25 31
3.395625 110 97 25 31
3.397625 110 97 25 31
3.399625 110 97 25 31
3.401625 110 97 25 31
3.403625 110 96 25 31
3.405625 110 96 25 31
3.407625 110 96 25 32
3.409625 110 96 25 32
3.411625 110 96 25 32
3.413625 110 96 25 32
3.415625 110 95 25 32
3.417625 110 95 25 32
3.419625 110 95 25 32
3.421625 110 95 25 32
3.423625 110 95 25 33
3.425625 110 95 25 33
3.427625 110 94 25 33
3.429625 110 94 25 33
3.431625 110 94 25 33
3.433625 110 94 25 33
3.435625 110 94 25 33
3.437625 110 94 25 33
3.439625 111 94 25 34
3.441625 111 94 25 34
3.443625 111 94 25 34
3.445625 111 94 25 34
3.447625 112 94 25 34
3.449625 112 94 25 34
3.451625 112 94 25 34
3.453625 112 94 24 34
3.455625 112 94 24 34
3.457625 113 94 24 34
3.459625 113 94 24 34
3.461625 113 94 24 34
3.463625 113 94 24 34
3.465625 114 94 24 34
3.467625 114 94 24 34
3.469625 114 94 23 34
3.471625 114 94 23 34
3.473625 114 94 23 34
3.475625 115 94 23 34
3.477625 115 94 23 34
3.479625 115 94 23 34
3.481625 115 94 23 34
3.483625 115 94 23 34
3.485625 115 94 23 33
3.487625 115 94 23 33
3.489625 115 94 23 33
3.491625 115 94 23 33
3.493625 115 94 24 33
3.495625 115 94 24 33
3.497625 115 94 24 33
3.499625 115 94 24 33
3.501625 115 94 24 33
3.503625 115 94 25 33
3.505625 115 94 25 33
3.507625 114 94 25 32
3.509625 114 94 25 32
3.511625 114 94 25 32
3.513625 114 94 26 32
3.515625 114 94 26 32
3.517625 114 94 26 32
3.519625 114 94 26 32
3.521625 114 94 27 32
3.523625 114 94 27 32
3.525625 114 94 27 32
3.527625 114 94 27 32
3.529625 114 94 27 32
3.531625 114 93 27 32
3.533625 114 93 27 32
3.535625 115 93 27 32
3.537625 115 93 27 32
3.539625 115 93 27 32
3.541625 116 93 27 32
3.543625 116 93 26 32
3.545625 117 93 26 32
3.547625 117 93 26 32
3.549625 118 93 26 32
3.551625 118 93 26 32
3.553625 119 93 25 32
3.555625 119 93 25 32
3.557625 119 93 25 32
3.559625 120 93 25 32
3.561625 120 93 25 32
3.563625 121 93 25 32
3.565625 121 93 24 32
3.567625 122 93 24 32
3.569625 122 93 24 32
3.571625 122 93 24 32
3.573625 123 93 24 32
3.575625 123 93 24 32
3.577625 124 92 24 32
3.579625 124 92 24 32
3.581625 124 92 24 32
3.583625 124 92 24 32
3.585625 124 92 24 32
3.587625 124 92 24 32
3.589625 124 92 24 33
3.591625 124 92 24 33
3.593625 125 92 24 33
3.595625 125 92 24 33
3.597625 125 92 24 33
3.599625 125 92 24 33
3.601625 125 91 24 34
3.603625 125 91 24 34
3.605625 125 91 24 34
3.607625 126 91 24 34
3.609625 126 91 24 34
3.611625 126 91 24 35
3.613625 126 91 24 35
3.615625 126 91 24 35
3.617625 126 91 24 35
3.619625 126 91 24 35
3.621625 126 91 24 35
3.623625 127 91 23 35
3.625625 127 91 23 35
3.627625 127 91 23 35
3.629625 128 91 23 35
3.631625 128 91 23 35
3.633625 128 91 22 35
3.635625 128 91 22 35
3.637625 129 91 22 35
3.639625 129 91 22 34
3.641625 129 91 21 34
3.643625 130 91 21 34
3.645625 130 91 21 34
3.647625 130 92 21 34
3.649625 131 92 21 34
3.651625 131 92 20 34
3.653625 131 92 20 34
3.655625 131 92 20 33
3.657625 132 92 20 33
3.659625 132 92 20 33
3.661625 132 92 19 33
3.663625 133 92 19 33
3.665625 133 92 19 33
3.667625 133 92 19 33
3.669625 133 92 19 33
3.671625 133 92 19 33
3.673625 133 92 19 33
3.675625 133 92 19 33
3.677625 133 92 19 33
3.679625 133 92 20 33
3.681625 133 91 20 34
3.683625 133 91 20 34
3.685625 133 91 20 34
3.687625 133 91 20 34
3.689625 133 91 21 34
3.691625 133 91 21 34
3.693625 132 90 21 35
3.695625 132 90 21 35
3.697625 132 90 22 35
3.699625 132 90 22 35
3.701625 132 90 22 35
3.703625 132 90 22 35
3.705625 132 89 22 36
3.707625 132 89 23 36
3.709625 132 89 23 36
3.711625 132 89 23 36
3.713625 132 89 23 36
3.715625 132 89 24 37
3.717625 132 89 24 37
3.719625 132 89 24 37
3.721625 132 89 24 37
3.723625 132 89 24 37
3.725625 132 89 24 37
3.727625 132 89 24 37
3.729625 132 89 24 37
3.731625 132 89 24 37
3.733625 132 89 24 37
3.735625 132 89 24 37
3.737625 132 89 24 37
3.739625 132 89 24 37
3.741625 132 89 24 37
3.743625 132 89 24 37
3.745625 132 89 24 37
3.747625 132 89 24 37
3.749625 132 89 24 37
3.751625 132 89 24 37
3.753625 132 89 24 37
3.755625 132 89 24 37
3.757625 132 89 24 37
3.759625 132 89 24 37
3.761625 132 89 24 37
3.763625 132 89 24 36
3.765625 132 89 24 36
3.767625 132 89 24 36
3.769625 132 89 24 36
3.771625 132 89 24 36
3.773625 132 89 24 36
3.775625 132 89 24 36
3.777625 132 89 24 36
3.779625 132 89 24 36
3.781625 132 89 24 36
3.783625 132 89 24 36
3.785625 133 89 24 36
3.787625 133 89 24 36
3.789625 133 89 24 36
3.791625 133 89 24 36
3.793625 133 89 24 36
3.795625 133 89 24 36
3.797625 133 89 24 36
3.799625 133 89 24 36
3.801625 133 89 24 36
3.803625 133 89 24 36
3.805625 133 89 24 36
3.807625 133 89 24 36
3.809625 134 88 25 36
3.811625 134 88 25 36
3.813625 134 88 25 36
3.815625 134 88 25 36
3.817625 134 88 25 36
3.819625 134 88 25 37
3.821625 134 88 25 37
3.823625 134 88 25 37
3.825625 134 88 25 37
3.827625 134 88 25 37
3.829625 134 88 25 37
3.831625 134 87 25 38
3.833625 134 87 25 38
3.835625 134 87 25 38
3.837625 134 87 25 38
3.839625 134 87 25 38
3.841625 134 87 25 38
3.843625 134 87 25 39
3.845625 134 87 25 39
3.847625 134 87 25 39
3.849625 134 87 25 39
3.851625 134 87 25 39
3.853625 134 87 25 39
3.855625 134 87 26 40
3.857625 134 87 26 40
3.859625 134 87 26 40
3.861625 134 87 26 40
3.863625 134 87 26 40
3.865625 134 87 26 40
3.867625 134 87 26 40
3.869625 134 87 26 40
3.871625 134 87 26 40
3.873625 134 87 26 40
3.875625 134 87 26 40
3.877625 135 87 26 40
3.879625 135 87 26 40
3.881625 135 87 26 40
3.883625 135 87 26 40
3.885625 135 87 26 40
3.887625 135 87 26 40
3.889625 135 87 26 40
3.891625 135 87 26 40
3.893625 135 87 26 40
3.895625 135 87 26 40
3.897625 135 87 26 40
3.899625 135 87 26 40
3.901625 136 87 25 39
3.903625 136 87 25 39
3.905625 137 87 24 38
3.907625 138 87 24 38
3.909625 138 87 23 38
3.911625 139 88 23 37
3.913625 139 88 22 37
3.915625 140 88 22 36
3.917625 141 88 21 36
3.919625 141 89 21 35
3.921625 142 89 20 35
3.923625 142 89 20 35
3.925625 143 89 20 34
3.927625 144 89 19 34
3.929625 144 90 19 33
3.931625 145 90 18 33
3.933625 145 90 18 32
3.935625 146 90 17 32
3.937625 147 91 17 31
3.939625 147 91 16 31
3.941625 148 91 16 31
3.943625 149 91 15 30
3.945625 149 91 15 30
3.947625 150 92 15 30
3.949625 150 92 15 30
3.951625 150 92 15 30
3.953625 150 92 15 30
3.955625 150 92 15 30
3.957625 150 92 15 30
3.959625 150 92 15 30
3.961625 150 92 15 30
3.963625 150 92 15 30
3.965625 150 92 15 30
3.967625 150 92 15 30
3.969625 150 92 15 30
3.971625 150 92 15 30
3.973625 150 92 15 30
3.975625 150 92 15 30
3.977625 150 92 15 30
3.979625 150 92 15 30
3.981625 150 92 15 30
3.983625 150 92 15 30
3.985625 150 92 15 30
3.987625 150 92 15 30
3.989625 150 92 15 30
3.991625 150 92 15 30
3.993625 151 92 15 30
3.995625 151 92 15 30
3.997625 151 92 15 30
3.999625 151 92 15 30
4.001625 151 92 15 30
4.003625 151 92 15 30
4.005625 151 92 15 30
4.007625 151 92 15 30
4.009625 152 92 15 30
4.011625 152 92 15 30
4.013625 152 92 15 30
4.015625 152 92 15 30
4.017625 152 92 15 30
4.019625 152 92 15 30
4.021625 152 92 15 30
4.023625 152 92 15 30
4.025625 153 92 15 30
4.027625 153 92 15 30
4.029625 153 92 15 30
4.031625 153 92 15 30
4.033625 153 92 15 30
4.035625 153 92 15 30
4.037625 153 92 15 30
4.039625 154 91 15 30
4.041625 154 91 15 30
4.043625 154 91 15 30
4.045625 154 91 15 30
4.047625 154 90 15 31
4.049625 154 90 15 31
4.051625 155 90 15 31
4.053625 155 90 15 31
4.055625 155 89 15 32
4.057625 155 89 15 32
4.059625 155 89 15 32
4.061625 155 89 15 32
4.063625 156 88 16 33
4.065625 156 88 16 33
4.067625 156 88 16 33
4.069625 156 88 16 33
4.071625 156 87 16 34
4.073625 156 87 16 34
4.075625 157 87 16 34
4.077625 157 87 16 34
4.079625 157 86 16 35
4.081625 157 86 16 35
4.083625 157 86 16 35
4.085625 157 86 16 35
4.087625 158 86 17 35
4.089625 158 86 17 35
4.091625 158 86 17 35
4.093625 158 86 17 35
4.095625 158 86 17 35
4.097625 158 86 17 35
4.099625 158 86 17 35
4.101625 159 86 17 35
4.103625 159 86 17 35
4.105625 159 86 17 35
4.107625 159 86 17 35
4.109625 159 86 17 35
4.111625 159 86 17 35
4.113625 159 86 17 35
4.115625 159 86 17 35
4.117625 160 86 17 35
4.119625 160 86 17 35
4.121625 160 86 17 35
4.123625 160 86 17 35
4.125625 160 86 17 35
4.127625 160 86 17 35
4.129625 160 86 17 35
4.131625 160 86 17 35
4.133625 161 86 18 35
4.135625 161 86 18 35
4.137625 161 86 18 35
4.139625 161 86 18 35
4.141625 161 86 18 35
4.143625 161 86 18 35
4.145625 161 86 18 35
4.147625 161 86 18 35
4.149625 161 86 18 35
4.151625 161 86 18 35
4.153625 161 86 18 35
4.155625 161 86 18 36
4.157625 161 86 18 36
4.159625 161 86 18 36
4.161625 161 86 18 36
4.163625 161 86 18 36
4.165625 161 86 18 36
4.167625 161 86 18 36
4.169625 161 86 18 36
4.171625 161 86 18 36
4.173625 161 86 18 36
4.175625 161 86 18 36
4.177625 161 86 18 36
4.179625 161 86 19 37
4.181625 161 86 19 37
4.183625 161 86 19 37
4.185625 161 86 19 37
4.187625 161 86 19 37
4.189625 161 86 19 37
4.191625 161 86 19 37
4.193625 161 86 19 37
4.195625 162 86 19 37
4.197625 162 86 19 37
4.199625 162 86 19 37
4.201625 162 86 19 37
4.203625 162 86 19 37
4.205625 162 86 19 37
4.207625 162 86 19 37
4.209625 163 86 19 37
4.211625 163 86 19 37
4.213625 163 86 19 37
4.215625 163 86 19 37
4.217625 163 86 19 37
4.219625 163 86 19 37
4.221625 163 86 19 37
4.223625 163 86 19 37
4.225625 164 86 19 36
4.227625 164 86 19 36
4.229625 164 86 19 36
4.231625 165 86 19 36
4.233625 165 86 19 36
4.235625 165 86 20 36
4.237625 165 86 20 36
4.239625 166 86 20 36
4.241625 166 86 20 36
4.243625 166 86 21 36
4.245625 167 86 21 36
4.247625 167 86 21 36
4.249625 167 86 21 36
4.251625 168 86 21 36
4.253625 168 86 22 36
4.255625 168 86 22 36
4.257625 169 86 22 36
4.259625 169 86 22 36
4.261625 169 86 23 36
4.263625 169 86 23 36
4.265625 170 86 23 36
4.267625 170 86 23 36
4.269625 170 86 23 36
4.271625 171 86 23 36
4.273625 171 86 23 36
4.275625 171 86 23 36
4.277625 171 86 23 36
4.279625 171 86 23 36
4.281625 171 86 23 36
4.283625 171 86 23 36
4.285625 171 86 23 36
4.287625 172 86 23 36
4.289625 172 86 23 36
4.291625 172 86 23 36
4.293625 172 86 23 36
4.295625 172 86 23 36
4.297625 172 86 23 36
4.299625 172 86 23 36
4.301625 172 86 23 36
4.303625 173 86 23 36
4.305625 173 86 23 36
4.307625 173 86 23 36
4.309625 173 86 23 36
4.311625 173 86 23 36
4.313625 173 86 23 36
4.315625 173 86 23 36
4.317625 174 85 22 36
4.319625 174 85 22 36
4.321625 174 85 22 36
4.323625 174 85 21 36
4.325625 174 85 21 36
4.327625 174 85 21 36
4.329625 174 85 20 36
4.331625 174 85 20 36
4.333625 175 85 20 36
4.335625 175 85 19 36
4.337625 175 85 19 36
4.339625 175 85 19 36
4.341625 175 84 18 36
4.343625 175 84 18 36
4.345625 175 84 18 36
4.347625 175 84 17 36
4.349625 176 84 17 36
4.351625 176 84 17 36
4.353625 176 84 16 36
4.355625 176 84 16 36
4.357625 176 84 15 36
4.359625 176 84 15 36
4.361625 176 84 15 36
