0.037443 1 111 12 69
0.039443 0 111 12 69
0.041443 0 111 12 69
0.043443 0 111 12 69
0.045443 0 111 12 69
0.047443 0 111 12 69
0.049443 0 111 12 69
0.051443 0 111 12 69
0.053443 0 111 12 69
0.055443 0 111 12 69
0.057443 0 111 12 69
0.059443 0 111 12 69
0.061443 0 111 13 70
0.063443 0 111 13 70
0.065443 0 111 13 70
0.067443 0 111 13 70
0.069443 0 111 13 70
0.071443 0 111 13 70
0.073443 0 111 13 70
0.075443 0 111 13 70
0.077443 0 111 13 70
0.079443 0 111 13 70
0.081443 0 111 13 70
0.083443 0 111 13 70
0.085443 0 110 14 71
0.087443 0 110 14 71
0.089443 0 110 14 71
0.091443 0 110 14 71
0.093443 0 110 14 71
0.095443 0 110 14 71
0.097443 0 110 14 71
0.099443 0 110 14 71
0.101443 0 110 14 72
0.103443 0 110 14 72
0.105443 0 110 14 72
0.107443 0 110 14 72
0.109443 0 110 14 72
0.111443 0 110 14 72
0.113443 0 110 14 72
0.115443 0 110 14 72
0.117443 0 110 14 73
0.119443 0 110 14 73
0.121443 0 110 14 73
0.123443 0 110 14 73
0.125443 0 110 14 73
0.127443 0 110 14 73
0.129443 0 110 14 73
0.131443 0 110 14 73
0.133443 0 110 15 74
0.135443 0 110 15 74
0.137443 0 110 15 74
0.139443 0 110 15 74
0.141443 0 110 15 74
0.143443 0 110 15 74
0.145443 0 110 15 74
0.147443 0 110 15 74
0.149443 0 110 15 74
0.151443 0 110 15 74
0.153443 0 110 15 74
0.155443 0 110 15 74
0.157443 0 110 15 74
0.159443 0 110 15 74
0.161443 0 110 15 74
0.163443 0 110 15 74
0.165443 0 110 15 74
0.167443 0 110 15 74
0.169443 0 110 15 74
0.171443 0 110 15 74
0.173443 0 110 15 74
0.175443 0 110 15 74
0.177443 0 110 15 74
0.179443 0 110 16 75
0.181443 0 110 16 75
0.183443 0 110 16 75
0.185443 0 110 16 75
0.187443 0 110 16 75
0.189443 0 110 16 75
0.191443 0 110 16 75
0.193443 0 110 16 75
0.195443 0 110 16 75
0.197443 0 110 16 75
0.199443 0 110 16 75
0.201443 0 110 16 75
0.203443 0 110 17 75
0.205443 0 110 17 75
0.207443 0 110 17 75
0.209443 0 110 17 75
0.211443 0 110 17 75
0.213443 0 110 17 75
0.215443 0 110 17 75
0.217443 0 110 17 75
0.219443 0 110 17 75
0.221443 0 110 17 75
0.223443 0 110 17 75
0.225443 0 110 17 75
0.227443 0 109 18 75
0.229443 0 109 18 75
0.231443 0 109 18 75
0.233443 0 109 18 75
0.235443 0 109 18 75
0.237443 0 109 18 75
0.239443 0 109 18 75
0.241443 0 109 18 75
0.243443 0 109 18 75
0.245443 0 109 18 75
0.247443 0 109 18 75
0.249443 0 109 18 75
0.251443 0 109 19 76
0.253443 0 109 19 76
0.255443 0 109 19 76
0.257443 0 109 19 76
0.259443 0 109 19 76
0.261443 0 109 19 76
0.263443 0 109 19 76
0.265443 0 109 19 76
0.267443 0 109 19 76
0.269443 0 109 19 76
0.271443 0 109 19 76
0.273443 0 109 19 76
0.275443 0 109 20 77
0.277443 0 109 20 77
0.279443 0 109 20 77
0.281443 0 109 20 77
0.283443 0 109 20 77
0.285443 0 109 20 77
0.287443 0 109 20 77
0.289443 0 109 20 77
0.291443 0 109 20 77
0.293443 0 109 20 77
0.295443 0 109 20 77
0.297443 0 109 20 77
0.299443 0 109 20 77
0.301443 0 109 20 77
0.303443 0 109 20 77
0.305443 0 109 20 77
0.307443 0 109 20 77
0.309443 0 109 20 77
0.311443 0 109 20 77
0.313443 0 109 20 77
0.315443 0 109 20 77
0.317443 0 109 20 77
0.319443 0 109 20 77
0.321443 0 110 20 76
0.323443 0 110 20 76
0.325443 0 110 20 76
0.327443 0 110 20 76
0.329443 0 110 20 76
0.331443 0 110 20 76
0.333443 0 110 19 76
0.335443 0 110 19 76
0.337443 1 110 19 76
0.339443 1 110 19 76
0.341443 1 110 19 76
0.343443 1 110 19 76
0.345443 1 110 18 76
0.347443 1 110 18 76
0.349443 1 110 18 76
0.351443 1 110 18 76
0.353443 2 110 18 76
0.355443 2 110 18 76
0.357443 2 110 17 76
0.359443 2 110 17 76
0.361443 2 110 17 76
0.363443 2 110 17 76
0.365443 2 110 17 76
0.367443 2 110 17 76
0.369443 3 110 17 76
0.371443 3 110 17 76
0.373443 3 110 17 76
0.375443 3 110 17 76
0.377443 3 110 17 76
0.379443 3 110 17 76
0.381443 3 110 17 76
0.383443 3 110 17 76
0.385443 3 110 18 76
0.387443 3 110 18 76
0.389443 3 110 18 76
0.391443 3 110 18 76
0.393443 3 110 18 76
0.395443 3 110 18 76
0.397443 3 110 18 76
0.399443 3 110 19 76
0.401443 3 110 19 76
0.403443 3 110 19 76
0.405443 3 110 19 76
0.407443 3 110 19 76
0.409443 3 110 19 76
0.411443 3 110 19 76
0.413443 3 110 19 76
0.415443 3 110 20 77
0.417443 3 110 20 77
0.419443 3 110 20 77
0.421443 3 110 20 77
0.423443 3 110 20 77
0.425443 3 110 20 77
0.427443 3 110 20 77
0.429443 3 110 20 77
0.431443 3 110 21 77
0.433443 3 110 21 77
0.435443 3 110 21 77
0.437443 3 110 21 77
0.439443 2 110 21 77
0.441443 2 110 21 77
0.443443 2 110 21 77
0.445443 2 110 21 77
0.447443 2 110 22 77
0.449443 2 110 22 77
0.451443 2 110 22 77
0.453443 2 110 22 77
0.455443 2 110 22 77
0.457443 2 110 22 77
0.459443 2 110 22 77
0.461443 2 110 22 77
0.463443 2 111 23 77
0.465443 2 111 23 77
0.467443 2 111 23 77
0.469443 2 111 23 77
0.471443 2 111 23 77
0.473443 2 111 23 77
0.475443 2 111 23 77
0.477443 2 111 23 77
0.479443 2 111 24 77
0.481443 2 111 24 77
0.483443 2 111 24 77
0.485443 2 111 24 77
0.487443 2 111 24 77
0.489443 2 111 24 77
0.491443 2 111 24 77
0.493443 2 111 24 77
0.495443 2 111 25 77
0.497443 2 111 25 77
0.499443 2 111 25 77
0.501443 2 111 25 77
0.503443 2 111 25 77
0.505443 2 111 25 77
0.507443 2 111 25 77
0.509443 2 111 25 77
0.511443 1 110 26 77
0.513443 1 110 26 77
0.515443 1 110 26 77
0.517443 1 110 26 77
0.519443 1 110 27 77
0.521443 1 110 27 77
0.523443 1 110 27 77
0.525443 1 110 28 78
0.527443 1 110 28 78
0.529443 1 110 28 78
0.531443 1 110 28 78
0.533443 1 110 29 78
0.535443 1 110 29 78
0.537443 1 110 29 78
0.539443 1 110 29 78
0.541443 1 110 30 79
0.543443 1 110 30 79
0.545443 1 110 30 79
0.547443 1 110 30 79
0.549443 1 110 31 79
0.551443 1 110 31 79
0.553443 1 110 31 79
0.555443 1 110 31 79
0.557443 1 110 32 79
0.559443 1 110 32 79
0.561443 1 110 32 79
0.563443 1 110 32 79
0.565443 1 110 32 79
0.567443 1 110 32 79
0.569443 1 110 32 79
0.571443 1 110 32 79
0.573443 1 110 33 79
0.575443 1 110 33 79
0.577443 1 110 33 79
0.579443 1 110 33 79
0.581443 2 110 33 78
0.583443 2 110 33 78
0.585443 2 110 33 78
0.587443 2 110 33 78
0.589443 2 110 34 78
0.591443 2 110 34 78
0.593443 2 110 34 78
0.595443 2 110 34 78
0.597443 2 110 34 78
0.599443 2 110 34 78
0.601443 2 110 34 78
0.603443 2 110 34 78
0.605443 3 111 34 78
0.607443 3 111 34 78
0.609443 3 111 34 78
0.611443 3 111 34 78
0.613443 3 111 34 78
0.615443 3 111 34 78
0.617443 3 111 34 78
0.619443 3 111 34 78
0.621443 3 111 33 78
0.623443 3 111 33 78
0.625443 3 111 33 78
0.627443 3 111 33 78
0.629443 4 111 33 78
0.631443 4 111 33 78
0.633443 4 111 33 78
0.635443 4 111 33 78
0.637443 4 111 32 78
0.639443 4 111 32 78
0.641443 4 111 32 78
0.643443 4 111 32 78
0.645443 4 111 32 78
0.647443 4 111 32 78
0.649443 4 111 32 78
0.651443 5 111 31 77
0.653443 5 111 31 77
0.655443 5 111 31 77
0.657443 5 111 31 77
0.659443 5 111 30 77
0.661443 5 111 30 77
0.663443 5 111 30 77
0.665443 5 111 29 77
0.667443 6 111 29 77
0.669443 6 111 29 77
0.671443 6 111 29 77
0.673443 6 111 28 77
0.675443 6 111 28 76
0.677443 6 111 28 76
0.679443 6 111 27 76
0.681443 6 111 27 76
0.683443 7 111 27 76
0.685443 7 111 26 76
0.687443 7 111 26 76
0.689443 7 111 26 76
0.691443 7 111 26 76
0.693443 7 111 25 76
0.695443 7 111 25 76
0.697443 7 111 25 76
0.699443 8 111 24 75
0.701443 8 111 24 75
0.703443 8 111 24 75
0.705443 8 111 24 75
0.707443 8 111 24 75
0.709443 9 111 24 75
0.711443 9 111 24 75
0.713443 9 111 24 75
0.715443 9 111 23 75
0.717443 10 111 23 75
0.719443 10 111 23 75
0.721443 10 111 23 75
0.723443 10 111 23 74
0.725443 10 111 23 74
0.727443 11 111 23 74
0.729443 11 111 23 74
0.731443 11 111 22 74
0.733443 11 111 22 74
0.735443 11 111 22 74
0.737443 12 111 22 74
0.739443 12 111 22 74
0.741443 12 111 22 74
0.743443 12 111 22 74
0.745443 12 111 22 74
0.747443 13 111 22 73
0.749443 13 111 22 73
0.751443 13 111 22 73
0.753443 13 111 22 73
0.755443 13 111 22 73
0.757443 13 111 22 73
0.759443 13 111 22 73
0.761443 13 111 22 72
0.763443 13 111 22 72
0.765443 13 111 22 72
0.767443 13 111 22 72
0.769443 13 111 23 72
0.771443 13 111 23 72
0.773443 13 111 23 72
0.775443 13 111 23 72
0.777443 13 111 23 71
0.779443 13 111 23 71
0.781443 13 111 23 71
0.783443 13 111 23 71
0.785443 13 111 23 71
0.787443 13 111 23 71
0.789443 13 111 23 71
0.791443 13 111 23 71
0.793443 14 112 23 70
0.795443 14 112 23 70
0.797443 14 112 23 70
0.799443 15 112 23 70
0.801443 15 112 22 69
0.803443 16 112 22 69
0.805443 16 112 22 69
0.807443 16 112 21 68
0.809443 17 112 21 68
0.811443 17 112 21 68
0.813443 17 112 20 67
0.815443 18 112 20 67
0.817443 18 112 20 67
0.819443 19 112 20 67
0.821443 19 112 19 66
0.823443 19 112 19 66
0.825443 20 112 19 66
0.827443 20 112 18 65
0.829443 20 112 18 65
0.831443 21 112 18 65
0.833443 21 112 17 64
0.835443 22 112 17 64
0.837443 22 112 17 64
0.839443 22 112 17 64
0.841443 23 113 17 64
0.843443 23 113 17 64
0.845443 23 113 17 65
0.847443 23 113 17 65
0.849443 23 113 17 65
0.851443 23 113 17 66
0.853443 23 113 17 66
0.855443 23 113 17 67
0.857443 23 113 18 67
0.859443 23 113 18 68
0.861443 23 113 18 68
0.863443 23 113 18 68
0.865443 23 113 18 69
0.867443 23 113 18 69
0.869443 23 113 18 70
0.871443 23 113 18 70
0.873443 23 113 19 71
0.875443 23 113 19 71
0.877443 23 113 19 71
0.879443 23 113 19 72
0.881443 23 113 19 72
0.883443 23 113 19 73
0.885443 23 113 19 73
0.887443 23 113 20 74
0.889443 23 113 20 74
0.891443 23 113 20 74
0.893443 23 113 20 74
0.895443 23 113 20 74
0.897443 23 113 20 74
0.899443 23 113 20 74
0.901443 23 113 20 74
0.903443 23 113 20 74
0.905443 23 113 20 74
0.907443 23 113 20 74
0.909443 23 113 20 74
0.911443 24 113 20 75
0.913443 24 113 20 75
0.915443 24 113 20 75
0.917443 24 113 20 75
0.919443 24 113 20 75
0.921443 24 113 20 75
0.923443 24 113 20 75
0.925443 24 113 20 75
0.927443 24 113 20 75
0.929443 24 113 20 75
0.931443 24 113 20 75
0.933443 24 113 20 75
0.935443 25 112 20 76
0.937443 25 112 20 76
0.939443 25 112 20 76
0.941443 25 112 20 76
0.943443 25 112 20 76
0.945443 25 112 21 76
0.947443 25 112 21 77
0.949443 25 112 21 77
0.951443 25 112 21 77
0.953443 25 112 22 77
0.955443 25 112 22 77
0.957443 25 112 22 77
0.959443 26 112 22 78
0.961443 26 112 22 78
0.963443 26 112 23 78
0.965443 26 112 23 78
0.967443 26 112 23 78
0.969443 26 112 23 78
0.971443 26 112 23 79
0.973443 26 112 24 79
0.975443 26 112 24 79
0.977443 26 112 24 79
0.979443 26 112 24 79
0.981443 26 112 24 79
0.983443 26 112 25 79
0.985443 26 112 25 79
0.987443 26 112 26 79
0.989443 25 112 26 79
0.991443 25 112 27 79
0.993443 25 112 27 79
0.995443 24 112 28 79
0.997443 24 112 28 79
0.999443 24 112 29 79
1.001443 23 112 30 79
1.003443 23 112 30 79
1.005443 22 112 31 79
1.007443 22 112 31 79
1.009443 22 112 32 79
1.011443 21 112 32 79
1.013443 21 112 33 79
1.015443 21 112 33 79
1.017443 20 112 34 79
1.019443 20 112 34 79
1.021443 20 112 35 79
1.023443 19 112 35 79
1.025443 19 112 36 79
1.027443 19 112 36 79
1.029443 19 113 36 78
1.031443 19 113 36 78
1.033443 19 113 36 78
1.035443 19 113 36 78
1.037443 19 113 36 78
1.039443 19 113 36 78
1.041443 20 113 36 78
1.043443 20 113 36 78
1.045443 20 113 36 78
1.047443 20 113 36 78
1.049443 20 113 36 78
1.051443 20 113 36 78
1.053443 21 113 36 78
1.055443 21 113 36 78
1.057443 21 113 36 78
1.059443 21 113 36 78
1.061443 21 113 36 78
1.063443 21 113 36 78
1.065443 22 113 36 78
1.067443 22 113 36 78
1.069443 22 113 36 78
1.071443 22 113 36 78
1.073443 22 113 36 78
1.075443 22 113 36 78
1.077443 22 114 36 78
1.079443 22 114 36 78
1.081443 22 114 36 78
1.083443 22 114 36 78
1.085443 22 114 36 78
1.087443 22 114 36 78
1.089443 22 114 37 78
1.091443 22 114 37 78
1.093443 22 114 37 78
1.095443 22 114 37 78
1.097443 22 114 37 78
1.099443 22 114 37 78
1.101443 22 114 38 79
1.103443 22 114 38 79
1.105443 22 114 38 79
1.107443 22 114 38 79
1.109443 22 114 38 79
1.111443 22 114 38 79
1.113443 22 114 39 79
1.115443 22 114 39 79
1.117443 22 114 39 79
1.119443 22 114 39 79
1.121443 22 114 39 79
1.123443 21 114 40 79
1.125443 21 114 40 79
1.127443 21 114 40 79
1.129443 21 114 40 79
1.131443 21 114 40 78
1.133443 21 114 40 78
1.135443 21 114 40 78
1.137443 21 114 40 78
1.139443 21 114 40 77
1.141443 21 114 40 77
1.143443 21 114 40 77
1.145443 21 114 40 77
1.147443 21 114 40 76
1.149443 21 114 40 76
1.151443 21 114 40 76
1.153443 21 114 40 76
1.155443 21 114 40 75
1.157443 21 114 40 75
1.159443 21 114 40 75
1.161443 21 114 40 75
1.163443 21 114 40 74
1.165443 21 114 40 74
1.167443 21 114 40 74
1.169443 21 114 40 74
1.171443 21 114 41 74
1.173443 21 114 41 74
1.175443 21 114 41 74
1.177443 21 114 41 74
1.179443 21 114 41 74
1.181443 21 114 41 74
1.183443 21 114 41 74
1.185443 21 114 41 74
1.187443 21 114 41 74
1.189443 21 114 41 74
1.191443 21 114 41 74
1.193443 21 114 41 74
1.195443 22 114 41 74
1.197443 22 114 41 74
1.199443 22 114 41 74
1.201443 22 114 41 74
1.203443 22 114 41 74
1.205443 22 114 41 74
1.207443 22 114 41 74
1.209443 22 114 41 74
1.211443 22 114 41 74
1.213443 22 114 41 74
1.215443 22 114 41 74
1.217443 22 114 41 74
1.219443 23 114 41 75
1.221443 23 114 41 75
1.223443 23 114 41 75
1.225443 23 114 41 75
1.227443 24 114 41 75
1.229443 24 114 41 75
1.231443 24 114 40 75
1.233443 24 114 40 75
1.235443 25 114 40 75
1.237443 25 114 40 75
1.239443 25 114 40 75
1.241443 26 114 39 75
1.243443 26 114 39 75
1.245443 26 114 39 75
1.247443 26 114 39 75
1.249443 27 114 39 75
1.251443 27 114 39 75
1.253443 27 114 38 75
1.255443 27 114 38 75
1.257443 28 114 38 75
1.259443 28 114 38 75
1.261443 28 114 38 75
1.263443 28 114 38 75
1.265443 29 114 37 75
1.267443 29 114 37 75
1.269443 29 114 37 75
1.271443 29 114 36 75
1.273443 29 114 36 75
1.275443 29 114 36 75
1.277443 29 114 35 75
1.279443 29 114 35 75
1.281443 30 114 35 75
1.283443 30 114 34 75
1.285443 30 114 34 75
1.287443 30 114 34 75
1.289443 30 113 33 75
1.291443 30 113 33 75
1.293443 30 113 33 75
1.295443 30 113 32 75
1.297443 31 113 32 75
1.299443 31 113 32 75
1.301443 31 113 31 75
1.303443 31 113 31 75
1.305443 31 113 31 75
1.307443 31 113 30 75
1.309443 31 113 30 75
1.311443 31 113 30 75
1.313443 32 113 29 75
1.315443 32 113 29 75
1.317443 32 113 29 75
1.319443 32 113 28 75
1.321443 33 113 28 75
1.323443 33 113 28 75
1.325443 33 113 27 75
1.327443 33 113 27 75
1.329443 34 113 27 75
1.331443 34 113 26 75
1.333443 34 113 26 75
1.335443 34 113 26 75
1.337443 35 113 25 75
1.339443 35 113 25 75
1.341443 35 113 25 75
1.343443 35 113 24 75
1.345443 36 113 24 75
1.347443 36 113 24 75
1.349443 36 113 23 75
1.351443 36 113 23 75
1.353443 37 113 23 75
1.355443 37 113 22 75
1.357443 37 113 22 75
1.359443 37 113 22 75
1.361443 38 113 21 75
1.363443 38 113 21 75
1.365443 38 113 21 75
1.367443 39 113 21 75
1.369443 39 113 21 75
1.371443 39 113 20 76
1.373443 40 113 20 76
1.375443 40 113 20 76
1.377443 40 113 20 76
1.379443 40 113 20 76
1.381443 41 113 20 76
1.383443 41 113 19 77
1.385443 41 113 19 77
1.387443 42 113 19 77
1.389443 42 113 19 77
1.391443 42 113 19 77
1.393443 43 113 19 77
1.395443 43 113 18 78
1.397443 43 113 18 78
1.399443 43 113 18 78
1.401443 44 113 18 78
1.403443 44 113 18 78
1.405443 44 113 18 78
1.407443 44 113 18 78
1.409443 44 113 18 78
1.411443 44 113 18 78
1.413443 44 113 18 78
1.415443 44 113 18 78
1.417443 44 113 19 78
1.419443 44 113 19 78
1.421443 44 113 19 78
1.423443 44 113 19 78
1.425443 44 113 19 78
1.427443 44 113 20 78
1.429443 44 113 20 78
1.431443 44 113 20 77
1.433443 44 113 20 77
1.435443 44 113 21 77
1.437443 44 113 21 77
1.439443 44 113 21 77
1.441443 44 113 21 77
1.443443 44 113 21 77
1.445443 44 113 22 77
1.447443 44 113 22 77
1.449443 44 113 22 77
1.451443 44 113 22 77
1.453443 44 113 22 77
1.455443 44 113 23 77
1.457443 44 113 23 77
1.459443 44 113 23 77
1.461443 44 113 23 77
1.463443 44 113 23 77
1.465443 44 113 23 77
1.467443 44 113 23 77
1.469443 44 113 23 77
1.471443 44 113 23 77
1.473443 44 113 23 77
1.475443 44 113 23 77
1.477443 44 113 23 77
1.479443 44 113 23 77
1.481443 44 113 23 77
1.483443 44 113 23 77
1.485443 44 113 23 77
1.487443 44 113 23 77
1.489443 44 113 23 77
1.491443 44 113 23 77
1.493443 44 113 23 77
1.495443 44 113 23 77
1.497443 44 113 23 77
1.499443 44 113 23 77
1.501443 45 114 24 77
1.503443 45 114 24 77
1.505443 45 114 24 77
1.507443 45 114 24 77
1.509443 45 114 24 77
1.511443 45 114 24 77
1.513443 45 114 24 77
1.515443 45 114 24 77
1.517443 45 114 24 77
1.519443 45 114 24 77
1.521443 45 114 24 77
1.523443 45 114 24 77
1.525443 45 114 25 77
1.527443 45 114 25 77
1.529443 45 114 25 77
1.531443 45 114 25 77
1.533443 45 114 25 77
1.535443 45 114 25 77
1.537443 45 114 25 77
1.539443 45 114 25 77
1.541443 45 114 25 77
1.543443 45 114 25 77
1.545443 45 114 25 77
1.547443 45 114 25 77
1.549443 46 114 26 78
1.551443 46 114 26 78
1.553443 46 114 26 78
1.555443 46 114 26 78
1.557443 46 114 26 78
1.559443 46 114 27 78
1.561443 46 114 27 78
1.563443 46 114 27 78
1.565443 46 114 27 78
1.567443 46 114 28 78
1.569443 46 114 28 78
1.571443 46 114 28 78
1.573443 46 114 28 78
1.575443 46 114 28 78
1.577443 46 114 29 78
1.579443 46 114 29 78
1.581443 46 114 29 78
1.583443 46 114 29 78
1.585443 46 114 29 78
1.587443 46 114 30 78
1.589443 46 114 30 78
1.591443 46 114 30 78
1.593443 46 114 30 78
1.595443 46 114 30 78
1.597443 45 115 31 79
1.599443 45 115 31 79
1.601443 45 115 32 79
1.603443 45 115 32 79
1.605443 44 115 33 79
1.607443 44 115 33 79
1.609443 44 115 33 79
1.611443 44 115 34 79
1.613443 44 115 34 79
1.615443 43 115 35 79
1.617443 43 115 35 79
1.619443 43 115 36 79
1.621443 43 115 36 79
1.623443 43 115 36 79
1.625443 42 115 37 79
1.627443 42 115 37 79
1.629443 42 115 38 79
1.631443 42 115 38 79
1.633443 41 115 39 79
1.635443 41 115 39 79
1.637443 41 115 39 79
1.639443 41 115 40 79
1.641443 41 115 40 79
1.643443 40 115 41 79
1.645443 40 115 41 79
1.647443 40 115 41 79
1.649443 40 115 41 79
1.651443 40 115 41 79
1.653443 40 115 41 79
1.655443 40 115 41 79
1.657443 40 115 41 79
1.659443 40 115 41 79
1.661443 40 115 41 79
1.663443 40 115 41 79
1.665443 40 115 41 79
1.667443 39 115 42 79
1.669443 39 115 42 79
1.671443 39 115 42 79
1.673443 39 115 42 79
1.675443 39 115 42 79
1.677443 39 115 42 79
1.679443 39 115 42 79
1.681443 39 115 42 79
1.683443 39 115 42 79
1.685443 39 115 42 79
1.687443 39 115 42 79
1.689443 39 115 42 79
1.691443 39 115 42 78
1.693443 39 115 42 78
1.695443 39 115 42 78
1.697443 39 115 42 78
1.699443 39 115 42 78
1.701443 39 115 42 78
1.703443 40 115 41 78
1.705443 40 115 41 78
1.707443 40 115 41 77
1.709443 40 115 41 77
1.711443 40 115 41 77
1.713443 40 115 41 77
1.715443 41 115 40 77
1.717443 41 115 40 77
1.719443 41 115 40 77
1.721443 41 115 40 77
1.723443 41 115 40 76
1.725443 42 115 39 76
1.727443 42 115 39 76
1.729443 42 115 39 76
1.731443 42 115 39 76
1.733443 42 115 39 76
1.735443 42 115 39 76
1.737443 43 116 38 75
1.739443 43 116 38 75
1.741443 43 116 38 75
1.743443 43 116 38 75
1.745443 43 116 38 75
1.747443 43 116 38 75
1.749443 44 116 38 75
1.751443 44 116 38 75
1.753443 44 116 38 75
1.755443 44 116 38 75
1.757443 44 116 38 75
1.759443 44 116 38 75
1.761443 45 116 37 75
1.763443 45 116 37 75
1.765443 45 116 37 75
1.767443 45 116 37 75
1.769443 45 116 37 75
1.771443 45 116 37 75
1.773443 46 116 37 75
1.775443 46 116 37 75
1.777443 46 116 37 75
1.779443 46 116 37 75
1.781443 46 116 37 75
1.783443 46 116 37 75
1.785443 47 117 36 74
1.787443 47 117 36 74
1.789443 47 117 36 74
1.791443 47 117 36 74
1.793443 47 117 36 74
1.795443 47 117 36 74
1.797443 47 117 36 74
1.799443 47 117 36 74
1.801443 48 117 35 74
1.803443 48 117 35 74
1.805443 48 117 35 74
1.807443 48 117 35 74
1.809443 48 117 35 73
1.811443 48 117 35 73
1.813443 48 117 35 73
1.815443 48 117 35 73
1.817443 49 117 34 73
1.819443 49 117 34 73
1.821443 49 117 34 73
1.823443 49 117 34 73
1.825443 49 117 34 73
1.827443 49 117 34 73
1.829443 49 117 34 73
1.831443 49 117 34 73
1.833443 50 117 34 73
1.835443 50 117 34 73
1.837443 50 117 34 73
1.839443 50 117 34 73
1.841443 50 117 34 73
1.843443 50 117 34 73
1.845443 50 117 34 73
1.847443 50 117 34 73
1.849443 50 117 34 73
1.851443 50 117 34 73
1.853443 50 117 34 73
1.855443 51 117 34 73
1.857443 51 117 34 73
1.859443 51 117 34 73
1.861443 51 117 34 73
1.863443 51 117 34 73
1.865443 51 117 34 73
1.867443 51 117 34 73
1.869443 51 117 34 73
1.871443 51 117 34 73
1.873443 51 117 34 73
1.875443 51 117 34 73
1.877443 51 117 34 73
1.879443 52 117 34 73
1.881443 52 117 34 73
1.883443 52 117 34 73
1.885443 52 117 34 73
1.887443 52 117 34 73
1.889443 53 117 34 73
1.891443 53 117 34 73
1.893443 53 117 34 73
1.895443 53 117 33 73
1.897443 53 117 33 73
1.899443 54 117 33 73
1.901443 54 117 33 73
1.903443 54 116 33 73
1.905443 54 116 33 73
1.907443 55 116 33 73
1.909443 55 116 33 73
1.911443 55 116 32 73
1.913443 55 116 32 73
1.915443 55 116 32 73
1.917443 56 116 32 73
1.919443 56 116 32 73
1.921443 56 116 32 73
1.923443 56 116 32 73
1.925443 56 116 32 73
1.927443 57 116 31 73
1.929443 57 116 31 73
1.931443 57 116 31 73
1.933443 58 116 31 73
1.935443 58 116 31 73
1.937443 58 116 30 73
1.939443 59 116 30 73
1.941443 59 116 30 73
1.943443 59 116 30 73
1.945443 60 116 29 73
1.947443 60 116 29 73
1.949443 60 116 29 73
1.951443 61 116 29 73
1.953443 61 116 29 73
1.955443 61 116 28 73
1.957443 62 116 28 73
1.959443 62 116 28 73
1.961443 62 116 28 73
1.963443 63 116 28 73
1.965443 63 116 27 73
1.967443 64 116 27 73
1.969443 64 116 27 73
1.971443 64 116 27 73
1.973443 65 116 26 73
1.975443 65 116 26 73
1.977443 65 116 26 73
1.979443 65 116 26 73
1.981443 65 116 26 73
1.983443 65 116 26 73
1.985443 65 116 26 73
1.987443 65 116 26 73
1.989443 66 116 25 74
1.991443 66 116 25 74
1.993443 66 116 25 74
1.995443 66 116 25 74
1.997443 66 116 25 74
1.999443 66 116 25 74
2.001443 66 116 25 74
2.003443 66 116 25 74
2.005443 67 116 24 75
2.007443 67 116 24 75
2.009443 67 116 24 75
2.011443 67 116 24 75
2.013443 67 116 24 75
2.015443 67 116 24 75
2.017443 67 116 24 75
2.019443 67 116 24 75
2.021443 68 117 24 76
2.023443 68 117 24 76
2.025443 68 117 24 76
2.027443 68 117 24 76
2.029443 68 117 24 76
2.031443 68 117 24 76
2.033443 68 117 24 76
2.035443 68 117 24 76
2.037443 69 117 24 77
2.039443 69 117 24 77
2.041443 69 117 24 77
2.043443 69 117 24 77
2.045443 69 117 25 77
2.047443 69 117 25 77
2.049443 69 117 25 77
2.051443 69 117 25 77
2.053443 70 117 25 78
2.055443 70 117 25 78
2.057443 70 117 25 78
2.059443 70 117 25 78
2.061443 70 117 25 78
2.063443 70 117 25 78
2.065443 70 117 25 78
2.067443 70 117 25 78
2.069443 71 117 25 78
2.071443 71 117 25 78
2.073443 71 117 25 78
2.075443 71 117 25 78
2.077443 71 117 25 78
2.079443 71 117 25 78
2.081443 71 117 25 78
2.083443 71 117 25 78
2.085443 71 117 25 78
2.087443 71 117 25 78
2.089443 71 117 25 78
2.091443 71 118 25 78
2.093443 71 118 25 78
2.095443 71 118 25 78
2.097443 71 118 25 78
2.099443 71 118 25 78
2.101443 71 118 25 78
2.103443 71 118 25 78
2.105443 71 118 25 78
2.107443 71 118 25 78
2.109443 71 118 25 78
2.111443 71 118 25 78
2.113443 71 118 25 78
2.115443 72 118 25 77
2.117443 72 118 25 77
2.119443 72 118 25 77
2.121443 72 118 25 77
2.123443 72 118 25 77
2.125443 72 118 25 77
2.127443 72 118 25 77
2.129443 72 118 25 77
2.131443 72 118 25 77
2.133443 72 118 25 77
2.135443 72 118 25 77
2.137443 72 118 25 77
2.139443 73 118 25 76
2.141443 73 118 25 76
2.143443 73 118 25 76
2.145443 73 118 25 76
2.147443 73 118 25 76
2.149443 73 118 25 76
2.151443 73 118 25 76
2.153443 73 118 25 76
2.155443 73 118 25 76
2.157443 73 118 25 76
2.159443 73 118 25 76
2.161443 73 118 25 76
2.163443 73 118 25 75
2.165443 73 118 25 75
2.167443 73 118 25 75
2.169443 73 118 25 75
2.171443 73 118 25 75
2.173443 73 118 26 74
2.175443 73 118 26 74
2.177443 73 118 26 74
2.179443 72 118 26 74
2.181443 72 118 27 73
2.183443 72 118 27 73
2.185443 72 118 27 73
2.187443 72 119 27 73
2.189443 72 119 27 73
2.191443 72 119 28 72
2.193443 72 119 28 72
2.195443 71 119 28 72
2.197443 71 119 28 72
2.199443 71 119 28 72
2.201443 71 119 29 71
2.203443 71 119 29 71
2.205443 71 119 29 71
2.207443 71 119 29 71
2.209443 70 119 30 71
2.211443 70 119 30 71
2.213443 70 119 30 71
2.215443 70 119 30 71
2.217443 70 119 30 72
2.219443 70 119 31 72
2.221443 70 119 31 72
2.223443 70 119 31 73
2.225443 70 119 31 73
2.227443 70 119 31 73
2.229443 70 119 32 73
2.231443 70 119 32 74
2.233443 70 118 32 74
2.235443 70 118 32 74
2.237443 70 118 32 75
2.239443 70 118 33 75
2.241443 70 118 33 75
2.243443 70 118 33 76
2.245443 70 118 33 76
2.247443 70 118 34 76
2.249443 70 118 34 76
2.251443 70 118 34 77
2.253443 70 118 34 77
2.255443 70 118 34 77
2.257443 70 118 35 78
2.259443 70 118 35 78
2.261443 70 118 35 78
2.263443 70 118 35 78
2.265443 70 118 35 78
2.267443 70 118 35 78
2.269443 70 118 35 78
2.271443 70 118 35 78
2.273443 70 118 35 78
2.275443 70 118 35 78
2.277443 70 118 35 78
2.279443 70 118 35 78
2.281443 70 118 35 79
2.283443 70 118 35 79
2.285443 70 118 35 79
2.287443 70 118 35 79
2.289443 70 118 35 79
2.291443 70 118 35 79
2.293443 70 118 35 79
2.295443 70 118 35 79
2.297443 70 118 35 79
2.299443 70 118 35 79
2.301443 70 118 35 79
2.303443 70 118 35 79
2.305443 71 118 35 79
2.307443 71 118 35 79
2.309443 71 118 35 79
2.311443 71 118 35 79
2.313443 71 118 35 79
2.315443 71 118 35 79
2.317443 71 118 35 79
2.319443 71 118 35 79
2.321443 71 118 35 79
2.323443 71 118 35 79
2.325443 71 118 35 79
2.327443 72 119 36 78
2.329443 72 119 36 78
2.331443 72 119 36 78
2.333443 72 119 36 78
2.335443 72 119 36 78
2.337443 72 119 36 78
2.339443 72 119 36 78
2.341443 72 119 36 78
2.343443 72 119 36 78
2.345443 72 119 36 78
2.347443 72 119 36 78
2.349443 72 119 36 78
2.351443 73 119 37 78
2.353443 73 119 37 78
2.355443 73 119 37 78
2.357443 73 119 37 78
2.359443 73 119 37 78
2.361443 73 119 37 78
2.363443 73 119 37 78
2.365443 73 119 37 78
2.367443 73 119 37 78
2.369443 73 119 37 78
2.371443 73 119 37 78
2.373443 73 119 37 78
2.375443 73 118 37 78
2.377443 73 118 37 78
2.379443 73 118 37 78
2.381443 73 118 37 78
2.383443 73 118 37 78
2.385443 73 118 37 78
2.387443 73 118 37 78
2.389443 73 118 37 78
2.391443 73 118 37 78
2.393443 73 118 37 78
2.395443 73 118 37 78
2.397443 73 118 37 78
2.399443 73 118 37 79
2.401443 73 118 37 79
2.403443 73 118 37 79
2.405443 73 118 37 79
2.407443 73 118 37 79
2.409443 73 118 37 79
2.411443 73 118 37 79
2.413443 73 118 37 79
2.415443 73 118 37 79
2.417443 73 118 37 79
2.419443 73 118 37 79
2.421443 73 118 37 79
2.423443 73 118 37 79
2.425443 73 118 37 79
2.427443 73 118 37 79
2.429443 73 118 37 79
2.431443 73 118 37 79
2.433443 73 118 37 79
2.435443 73 118 37 79
2.437443 73 118 37 79
2.439443 73 118 37 79
2.441443 73 118 37 79
2.443443 73 118 37 79
2.445443 74 118 37 79
2.447443 74 118 37 79
2.449443 74 118 37 79
2.451443 74 118 37 79
2.453443 74 118 37 79
2.455443 74 118 37 79
2.457443 74 118 37 79
2.459443 74 118 37 79
2.461443 74 118 37 79
2.463443 74 118 37 79
2.465443 74 118 37 79
2.467443 74 118 37 79
2.469443 75 118 38 79
2.471443 75 118 38 79
2.473443 75 118 38 79
2.475443 75 118 38 79
2.477443 75 118 38 79
2.479443 75 118 38 79
2.481443 75 118 38 79
2.483443 75 118 38 79
2.485443 75 118 38 79
2.487443 75 118 38 79
2.489443 75 118 38 79
2.491443 75 118 38 79
2.493443 76 118 39 79
2.495443 76 118 39 79
2.497443 76 118 39 79
2.499443 76 118 39 79
2.501443 76 118 39 79
2.503443 76 118 39 79
2.505443 76 118 39 79
2.507443 76 118 39 79
2.509443 76 118 40 79
2.511443 76 118 40 79
2.513443 76 118 40 79
2.515443 76 118 40 79
2.517443 76 118 40 79
2.519443 76 118 40 79
2.521443 76 118 40 79
2.523443 76 118 40 79
2.525443 76 118 41 79
2.527443 76 118 41 79
2.529443 76 118 41 79
2.531443 76 118 41 79
2.533443 76 118 41 79
2.535443 76 118 41 79
2.537443 76 118 41 79
2.539443 76 118 41 79
2.541443 77 119 41 78
2.543443 77 119 41 78
2.545443 77 119 41 78
2.547443 77 119 41 78
2.549443 78 119 41 78
2.551443 78 119 41 78
2.553443 78 119 41 78
2.555443 78 119 41 78
2.557443 79 119 41 77
2.559443 79 119 41 77
2.561443 79 119 41 77
2.563443 79 119 41 77
2.565443 80 119 41 77
2.567443 80 119 41 77
2.569443 80 119 41 77
2.571443 81 119 41 76
2.573443 81 119 41 76
2.575443 81 119 41 76
2.577443 81 119 41 76
2.579443 82 119 41 76
2.581443 82 119 41 76
2.583443 82 119 41 76
2.585443 82 119 41 76
2.587443 83 119 40 76
2.589443 83 119 40 76
2.591443 83 119 40 76
2.593443 84 119 40 77
2.595443 84 119 40 77
2.597443 84 119 39 77
2.599443 85 119 39 78
2.601443 85 119 39 78
2.603443 85 119 39 78
2.605443 86 119 39 79
2.607443 86 119 38 79
2.609443 86 119 38 79
2.611443 87 119 38 80
2.613443 87 119 38 80
2.615443 87 119 37 80
2.617443 88 119 37 81
2.619443 88 119 37 81
2.621443 88 119 37 81
2.623443 89 119 37 82
2.625443 89 119 36 82
2.627443 89 119 36 82
2.629443 90 119 36 83
2.631443 90 119 36 83
2.633443 90 119 36 83
2.635443 91 119 35 83
2.637443 91 119 35 83
2.639443 91 119 35 83
2.641443 91 119 35 83
2.643443 91 119 35 83
2.645443 91 119 35 83
2.647443 91 119 35 82
2.649443 91 119 35 82
2.651443 91 119 35 82
2.653443 91 119 35 82
2.655443 91 119 35 82
2.657443 91 119 35 82
2.659443 91 119 35 81
2.661443 91 119 35 81
2.663443 91 119 35 81
2.665443 91 119 35 81
2.667443 91 119 35 81
2.669443 91 119 35 81
2.671443 91 119 35 80
2.673443 91 119 35 80
2.675443 91 119 35 80
2.677443 91 119 35 80
2.679443 91 119 35 80
2.681443 91 119 35 80
2.683443 91 119 34 80
2.685443 91 119 34 80
2.687443 91 119 34 80
2.689443 91 119 34 80
2.691443 91 119 34 80
2.693443 91 119 34 80
2.695443 91 119 34 80
2.697443 91 119 34 80
2.699443 91 119 34 80
2.701443 91 119 34 80
2.703443 91 119 34 80
2.705443 92 119 34 81
2.707443 92 119 34 81
2.709443 92 119 34 81
2.711443 92 119 34 81
2.713443 92 119 34 81
2.715443 92 119 34 81
2.717443 92 119 34 81
2.719443 92 119 34 81
2.721443 92 119 34 81
2.723443 92 119 34 81
2.725443 92 119 34 81
2.727443 92 119 34 81
2.729443 93 119 33 81
2.731443 93 119 33 81
2.733443 93 119 33 81
2.735443 93 119 33 81
2.737443 93 119 33 81
2.739443 93 119 33 81
2.741443 93 119 33 80
2.743443 93 119 33 80
2.745443 94 119 32 80
2.747443 94 119 32 80
2.749443 94 119 32 80
2.751443 94 119 32 80
2.753443 94 120 32 79
2.755443 94 120 32 79
2.757443 94 120 32 79
2.759443 94 120 32 79
2.761443 95 120 31 79
2.763443 95 120 31 79
2.765443 95 120 31 78
2.767443 95 120 31 78
2.769443 95 120 31 78
2.771443 95 120 31 78
2.773443 95 120 31 78
2.775443 95 120 31 78
2.777443 95 120 31 78
2.779443 95 120 31 78
2.781443 95 120 31 78
2.783443 95 120 31 78
2.785443 95 120 31 79
2.787443 95 120 31 79
2.789443 95 120 32 79
2.791443 95 120 32 79
2.793443 95 120 32 80
2.795443 95 120 32 80
2.797443 95 120 32 80
2.799443 95 120 32 80
2.801443 95 120 33 81
2.803443 95 120 33 81
2.805443 95 120 33 81
2.807443 95 120 33 82
2.809443 95 120 33 82
2.811443 95 120 34 82
2.813443 95 120 34 82
2.815443 95 120 34 83
2.817443 95 120 34 83
2.819443 95 120 34 83
2.821443 95 120 34 83
2.823443 95 120 35 83
2.825443 95 120 35 83
2.827443 95 120 35 83
2.829443 95 120 35 83
2.831443 95 120 35 82
2.833443 95 120 35 82
2.835443 95 120 35 82
2.837443 95 120 35 81
2.839443 95 120 36 81
2.841443 95 120 36 81
2.843443 95 120 36 80
2.845443 95 120 36 80
2.847443 95 120 36 80
2.849443 95 120 36 80
2.851443 95 120 36 79
2.853443 95 120 36 79
2.855443 95 120 37 79
2.857443 95 120 37 78
2.859443 95 120 37 78
2.861443 95 120 37 78
2.863443 95 120 37 78
2.865443 95 120 37 77
2.867443 95 120 37 77
2.869443 95 120 37 77
2.871443 95 121 38 77
2.873443 95 121 38 77
2.875443 95 121 38 77
2.877443 95 121 38 77
2.879443 95 121 38 77
2.881443 95 121 38 77
2.883443 95 121 38 77
2.885443 95 121 38 77
2.887443 95 121 38 77
2.889443 95 121 38 77
2.891443 95 121 38 77
2.893443 95 121 38 77
2.895443 95 121 39 77
2.897443 95 121 39 77
2.899443 95 121 39 77
2.901443 95 121 39 77
2.903443 95 121 39 77
2.905443 95 121 39 77
2.907443 95 121 39 77
2.909443 95 121 39 77
2.911443 95 121 39 77
2.913443 95 121 39 77
2.915443 95 121 39 77
2.917443 95 121 39 77
2.919443 95 121 39 76
2.921443 95 121 39 76
2.923443 95 121 39 76
2.925443 95 121 39 76
2.927443 95 121 39 76
2.929443 96 121 38 76
2.931443 96 121 38 76
2.933443 96 121 38 76
2.935443 96 121 38 76
2.937443 96 121 38 76
2.939443 96 121 38 76
2.941443 97 121 37 76
2.943443 97 121 37 76
2.945443 97 121 37 76
2.947443 97 121 37 76
2.949443 97 121 37 76
2.951443 97 121 37 76
2.953443 98 121 36 76
2.955443 98 121 36 76
2.957443 98 121 36 76
2.959443 98 121 36 76
2.961443 98 121 36 76
2.963443 98 121 36 76
2.965443 99 121 35 76
2.967443 99 121 35 76
2.969443 99 121 35 76
2.971443 99 121 35 76
2.973443 99 121 35 76
2.975443 99 121 35 76
2.977443 99 121 35 77
2.979443 99 121 35 77
2.981443 99 121 35 77
2.983443 99 121 35 77
2.985443 99 121 35 77
2.987443 99 121 35 77
2.989443 100 121 34 78
2.991443 100 121 34 78
2.993443 100 121 34 78
2.995443 100 121 34 78
2.997443 100 121 34 78
2.999443 100 121 34 78
3.001443 100 121 34 79
3.003443 100 121 34 79
3.005443 100 121 34 79
3.007443 100 121 34 79
3.009443 100 121 34 79
3.011443 100 121 34 79
3.013443 101 121 34 79
3.015443 101 121 34 79
3.017443 101 121 34 79
3.019443 101 121 34 79
3.021443 101 121 34 79
3.023443 101 121 34 79
3.025443 101 121 35 78
3.027443 101 121 35 78
3.029443 101 121 35 78
3.031443 101 121 35 78
3.033443 101 121 35 78
3.035443 101 121 35 78
3.037443 101 121 36 77
3.039443 101 121 36 77
3.041443 101 121 36 77
3.043443 101 121 36 77
3.045443 101 121 36 77
3.047443 101 121 37 76
3.049443 101 121 37 76
3.051443 101 121 37 76
3.053443 101 121 37 76
3.055443 101 121 37 76
3.057443 101 121 37 76
3.059443 101 121 37 76
3.061443 101 121 37 76
3.063443 101 121 37 76
3.065443 101 121 37 76
3.067443 101 121 37 76
3.069443 101 121 37 76
3.071443 101 121 37 77
3.073443 101 121 37 77
3.075443 102 121 37 77
3.077443 102 121 37 77
3.079443 102 121 37 77
3.081443 102 121 37 77
3.083443 102 121 37 78
3.085443 102 121 37 78
3.087443 102 121 37 78
3.089443 102 121 37 78
3.091443 103 121 37 78
3.093443 103 121 37 78
3.095443 103 121 37 79
3.097443 103 121 37 79
3.099443 103 121 37 79
3.101443 103 121 37 79
3.103443 103 121 37 79
3.105443 103 121 37 79
3.107443 104 121 37 80
3.109443 104 121 37 80
3.111443 104 121 37 80
3.113443 104 121 37 80
3.115443 104 121 37 80
3.117443 104 121 37 80
3.119443 104 121 37 80
3.121443 104 121 37 80
3.123443 104 121 37 80
3.125443 104 121 37 80
3.127443 104 121 37 80
3.129443 104 121 37 80
3.131443 105 121 37 81
3.133443 105 121 37 81
3.135443 105 121 37 81
3.137443 105 121 37 81
3.139443 105 121 37 81
3.141443 105 121 37 81
3.143443 105 121 37 81
3.145443 105 121 37 81
3.147443 105 121 37 81
3.149443 105 121 37 81
3.151443 105 121 37 81
3.153443 105 121 37 81
3.155443 106 121 37 81
3.157443 106 121 37 81
3.159443 106 121 37 81
3.161443 106 121 37 81
3.163443 107 121 36 81
3.165443 107 121 36 81
3.167443 107 121 36 81
3.169443 108 121 36 80
3.171443 108 121 36 80
3.173443 108 121 35 80
3.175443 108 121 35 80
3.177443 109 121 35 80
3.179443 109 121 35 80
3.181443 109 121 35 80
3.183443 109 121 34 80
3.185443 110 121 34 79
3.187443 110 121 34 79
3.189443 110 121 34 79
3.191443 110 121 33 79
3.193443 111 121 33 79
3.195443 111 121 33 79
3.197443 111 121 33 79
3.199443 111 121 33 79
3.201443 112 122 33 79
3.203443 112 122 33 79
3.205443 112 122 33 79
3.207443 112 122 33 79
3.209443 112 122 33 79
3.211443 113 122 33 79
3.213443 113 122 33 79
3.215443 113 122 33 79
3.217443 113 122 33 79
3.219443 113 122 33 79
3.221443 114 122 33 79
3.223443 114 122 33 79
3.225443 114 122 33 79
3.227443 114 122 33 79
3.229443 115 122 33 79
3.231443 115 122 33 79
3.233443 115 122 33 79
3.235443 115 122 33 79
3.237443 115 122 33 79
3.239443 116 122 33 79
3.241443 116 122 33 79
3.243443 116 122 33 79
3.245443 116 122 33 79
3.247443 116 122 33 79
3.249443 117 122 32 79
3.251443 117 122 32 79
3.253443 117 122 32 79
3.255443 117 122 32 79
3.257443 117 122 32 79
3.259443 117 122 32 79
3.261443 117 122 32 79
3.263443 117 122 32 79
3.265443 117 122 31 78
3.267443 117 122 31 78
3.269443 117 122 31 78
3.271443 117 122 31 78
3.273443 118 122 31 78
3.275443 118 122 31 78
3.277443 118 122 31 78
3.279443 118 122 31 78
3.281443 118 122 30 77
3.283443 118 122 30 77
3.285443 118 122 30 77
3.287443 118 122 30 77
3.289443 118 122 30 77
3.291443 118 122 30 77
3.293443 118 122 30 77
3.295443 119 122 30 77
3.297443 119 122 30 77
3.299443 119 122 30 77
3.301443 119 122 30 77
3.303443 119 122 30 77
3.305443 119 122 30 77
3.307443 119 122 30 77
3.309443 119 122 30 77
3.311443 120 122 30 77
3.313443 120 122 30 77
3.315443 120 122 30 77
3.317443 120 122 30 77
3.319443 120 122 30 77
3.321443 120 122 30 77
3.323443 120 122 30 77
3.325443 120 122 30 77
3.327443 121 122 30 77
3.329443 121 122 30 77
3.331443 121 122 30 77
3.333443 121 122 30 77
3.335443 121 122 30 77
3.337443 121 122 30 77
3.339443 121 122 30 77
3.341443 121 122 30 77
3.343443 122 122 29 77
3.345443 122 122 29 77
3.347443 122 122 29 77
3.349443 122 122 29 77
3.351443 122 122 29 77
3.353443 122 122 29 77
3.355443 123 122 28 76
3.357443 123 122 28 76
3.359443 123 122 28 76
3.361443 123 122 28 76
3.363443 123 122 28 76
3.365443 123 122 28 76
3.367443 124 123 27 75
3.369443 124 123 27 75
3.371443 124 123 27 75
3.373443 124 123 27 75
3.375443 124 123 27 75
3.377443 124 123 27 75
3.379443 125 123 26 74
3.381443 125 123 26 74
3.383443 125 123 26 74
3.385443 125 123 26 74
3.387443 125 123 26 74
3.389443 125 123 26 74
3.391443 126 123 26 74
3.393443 126 123 26 74
3.395443 126 123 26 74
3.397443 126 123 26 74
3.399443 126 123 26 74
3.401443 126 123 26 74
3.403443 126 123 26 74
3.405443 126 123 26 74
3.407443 126 123 26 74
3.409443 126 123 26 74
3.411443 126 123 26 74
3.413443 126 123 26 74
3.415443 126 123 26 74
3.417443 126 123 26 74
3.419443 126 123 26 74
3.421443 126 123 26 74
3.423443 126 123 26 74
3.425443 126 123 26 74
3.427443 126 123 26 74
3.429443 126 123 26 74
3.431443 126 123 26 74
3.433443 126 123 26 74
3.435443 126 123 26 74
3.437443 126 123 26 74
3.439443 126 123 26 74
3.441443 126 123 26 74
3.443443 126 123 26 74
3.445443 127 123 26 74
3.447443 127 123 26 74
3.449443 127 123 25 74
3.451443 128 123 25 74
3.453443 128 123 25 74
3.455443 128 123 25 74
3.457443 129 123 25 74
3.459443 129 123 25 74
3.461443 129 123 24 74
3.463443 129 123 24 74
3.465443 130 123 24 74
3.467443 130 123 24 74
3.469443 130 123 24 74
3.471443 131 123 24 74
3.473443 131 123 23 74
3.475443 131 123 23 74
3.477443 132 123 23 74
3.479443 132 123 23 74
3.481443 132 123 23 74
3.483443 132 123 23 74
3.485443 133 124 23 73
3.487443 133 124 23 73
3.489443 133 124 23 73
3.491443 133 124 23 73
3.493443 133 124 23 73
3.495443 133 124 23 73
3.497443 133 124 23 73
3.499443 133 124 23 73
3.501443 133 124 23 73
3.503443 133 124 23 73
3.505443 133 124 23 73
3.507443 133 124 23 73
3.509443 133 124 23 72
3.511443 133 124 23 72
3.513443 133 124 23 72
3.515443 133 124 23 72
3.517443 133 124 23 72
3.519443 133 124 23 72
3.521443 133 124 23 72
3.523443 133 124 23 72
3.525443 133 124 23 72
3.527443 133 124 23 72
3.529443 133 124 23 72
3.531443 134 124 23 72
3.533443 134 124 23 72
3.535443 134 124 23 72
3.537443 134 124 23 72
3.539443 134 124 23 72
3.541443 134 124 23 72
3.543443 134 124 23 72
3.545443 134 124 23 72
3.547443 135 124 23 72
3.549443 135 124 23 72
3.551443 135 124 23 72
3.553443 135 124 23 72
3.555443 135 124 23 72
3.557443 135 124 23 72
3.559443 135 124 23 72
3.561443 135 124 23 72
3.563443 136 124 23 72
3.565443 136 124 23 72
3.567443 136 124 23 72
3.569443 136 124 23 72
3.571443 136 124 23 72
3.573443 136 124 23 72
3.575443 136 124 23 72
3.577443 136 124 23 72
3.579443 137 124 23 72
3.581443 137 124 23 72
3.583443 137 124 23 72
3.585443 137 124 23 72
3.587443 137 124 23 72
3.589443 137 124 23 72
3.591443 137 124 23 72
3.593443 137 124 23 72
3.595443 137 124 23 72
3.597443 137 124 23 72
3.599443 137 124 23 72
3.601443 137 124 23 72
3.603443 137 124 24 72
3.605443 137 124 24 72
3.607443 137 124 24 72
3.609443 137 124 24 72
3.611443 137 124 24 72
3.613443 137 124 24 72
3.615443 137 124 24 72
3.617443 137 124 24 72
3.619443 137 124 24 72
3.621443 137 124 24 72
3.623443 137 124 24 72
3.625443 137 124 24 72
3.627443 138 124 25 72
3.629443 138 124 25 72
3.631443 138 124 25 72
3.633443 138 124 25 72
3.635443 138 124 25 72
3.637443 138 124 25 72
3.639443 139 124 25 72
3.641443 139 124 25 72
3.643443 139 124 25 72
3.645443 139 124 25 72
3.647443 139 124 25 72
3.649443 140 124 25 72
3.651443 140 124 25 72
3.653443 140 124 25 72
3.655443 140 124 25 72
3.657443 140 124 25 72
3.659443 140 124 25 72
3.661443 141 124 25 72
3.663443 141 124 25 72
3.665443 141 124 25 72
3.667443 141 124 25 72
3.669443 141 124 25 72
3.671443 141 124 25 72
3.673443 142 123 25 72
3.675443 142 123 25 72
3.677443 142 123 25 72
3.679443 142 123 25 72
3.681443 142 123 25 72
3.683443 142 123 25 72
3.685443 142 123 25 72
3.687443 142 123 25 72
3.689443 142 123 26 72
3.691443 142 123 26 72
3.693443 142 123 26 72
3.695443 142 123 26 72
3.697443 142 123 26 72
3.699443 142 123 26 72
3.701443 142 123 26 72
3.703443 142 123 26 72
3.705443 142 123 27 72
3.707443 142 123 27 72
3.709443 142 123 27 72
3.711443 142 123 27 72
3.713443 142 123 27 72
3.715443 142 123 27 72
3.717443 142 123 27 72
3.719443 142 123 27 72
3.721443 143 123 28 73
3.723443 143 123 28 73
3.725443 143 123 28 73
3.727443 143 123 28 73
3.729443 143 123 28 73
3.731443 143 123 29 74
3.733443 143 123 29 74
3.735443 143 123 29 74
3.737443 143 123 29 74
3.739443 143 123 30 75
3.741443 143 123 30 75
3.743443 143 123 30 75
3.745443 143 123 30 75
3.747443 143 123 30 75
3.749443 143 123 31 76
3.751443 143 123 31 76
3.753443 143 123 31 76
3.755443 143 123 31 76
3.757443 143 123 31 76
3.759443 143 123 32 77
3.761443 143 123 32 77
3.763443 143 123 32 77
3.765443 143 123 32 77
3.767443 143 123 32 77
3.769443 143 123 32 77
3.771443 143 123 32 77
3.773443 143 123 32 77
3.775443 143 123 32 77
3.777443 143 123 32 77
3.779443 143 123 32 77
3.781443 143 123 32 77
3.783443 143 123 31 77
3.785443 143 123 31 77
3.787443 143 123 31 77
3.789443 143 123 31 77
3.791443 143 123 31 76
3.793443 143 123 31 76
3.795443 143 123 31 76
3.797443 143 123 31 76
3.799443 143 123 30 76
3.801443 143 123 30 76
3.803443 143 123 30 76
3.805443 143 123 30 76
3.807443 143 123 30 76
3.809443 143 123 30 76
3.811443 143 123 30 76
3.813443 143 123 30 76
3.815443 143 124 30 75
3.817443 143 124 30 75
3.819443 143 124 30 75
3.821443 143 124 30 75
3.823443 143 124 30 74
3.825443 143 124 30 74
3.827443 143 124 30 74
3.829443 143 124 30 74
3.831443 143 124 30 73
3.833443 143 124 30 73
3.835443 143 124 30 73
3.837443 143 124 30 73
3.839443 144 124 31 72
3.841443 144 124 31 72
3.843443 144 124 31 72
3.845443 144 124 31 72
3.847443 144 124 31 71
3.849443 144 124 31 71
3.851443 144 124 31 71
3.853443 144 124 31 71
3.855443 144 124 31 70
3.857443 144 124 31 70
3.859443 144 124 31 70
3.861443 144 124 31 70
3.863443 145 124 31 70
3.865443 145 124 31 70
3.867443 145 124 31 70
3.869443 145 124 31 70
3.871443 145 124 31 70
3.873443 145 124 31 70
3.875443 145 124 31 71
3.877443 145 124 31 71
3.879443 145 124 31 71
3.881443 145 124 31 71
3.883443 145 124 31 71
3.885443 145 124 31 71
3.887443 145 124 30 72
3.889443 145 124 30 72
3.891443 145 124 30 72
3.893443 145 124 30 72
3.895443 145 124 30 72
3.897443 145 124 30 73
3.899443 145 124 30 73
3.901443 145 124 30 73
3.903443 145 124 30 73
3.905443 145 124 30 73
3.907443 145 124 30 73
3.909443 146 125 30 73
3.911443 146 125 30 73
3.913443 146 125 30 73
3.915443 146 125 30 73
3.917443 146 125 30 73
3.919443 146 125 30 73
3.921443 146 125 30 73
3.923443 146 125 30 73
3.925443 147 125 30 73
3.927443 147 125 30 73
3.929443 147 125 30 73
3.931443 147 125 30 73
3.933443 147 125 30 73
3.935443 147 125 30 73
3.937443 147 125 30 73
3.939443 147 125 30 73
3.941443 148 125 30 73
3.943443 148 125 30 73
3.945443 148 125 30 73
3.947443 148 125 30 73
3.949443 148 125 30 73
3.951443 148 125 30 73
3.953443 148 125 30 73
3.955443 148 125 30 73
3.957443 148 125 30 73
3.959443 148 125 30 73
3.961443 148 125 30 73
3.963443 148 125 30 73
3.965443 148 125 30 73
3.967443 148 125 30 73
3.969443 148 125 30 73
3.971443 148 125 30 73
3.973443 148 125 30 73
3.975443 148 125 30 73
3.977443 148 125 30 73
3.979443 148 125 30 73
3.981443 148 125 31 74
3.983443 148 125 31 74
3.985443 148 125 31 74
3.987443 148 125 31 74
3.989443 148 125 31 74
3.991443 148 125 31 74
3.993443 148 125 31 74
3.995443 148 125 31 74
3.997443 148 125 31 74
3.999443 148 125 31 74
4.001443 148 125 31 74
4.003443 148 125 31 74
4.005443 148 125 31 74
4.007443 148 125 31 74
4.009443 148 125 31 74
4.011443 148 125 31 74
4.013443 149 125 31 74
4.015443 149 125 30 74
4.017443 149 125 30 74
4.019443 149 125 30 73
4.021443 149 125 30 73
4.023443 150 125 30 73
4.025443 150 125 30 73
4.027443 150 125 29 73
4.029443 150 125 29 73
4.031443 150 125 29 73
4.033443 151 125 29 73
4.035443 151 125 29 72
4.037443 151 125 29 72
4.039443 151 125 28 72
4.041443 152 125 28 72
4.043443 152 125 28 72
4.045443 152 125 28 72
4.047443 152 125 28 72
4.049443 152 125 28 72
4.051443 153 126 27 71
4.053443 153 126 27 71
4.055443 153 126 27 71
4.057443 153 126 27 71
4.059443 153 126 27 71
4.061443 153 126 27 71
4.063443 153 126 27 71
4.065443 153 126 27 71
4.067443 154 126 27 71
4.069443 154 126 27 71
4.071443 154 126 27 71
4.073443 154 126 27 71
4.075443 154 126 27 70
4.077443 154 126 27 70
4.079443 154 126 27 70
4.081443 154 126 27 70
4.083443 155 126 27 70
4.085443 155 126 27 70
4.087443 155 126 27 70
4.089443 155 126 27 70
4.091443 155 126 27 70
4.093443 155 126 27 70
4.095443 155 126 27 70
4.097443 155 126 27 70
4.099443 156 126 26 70
4.101443 156 126 26 70
4.103443 156 126 26 70
4.105443 157 126 26 70
4.107443 157 126 25 70
4.109443 157 126 25 70
4.111443 158 126 25 71
4.113443 158 126 25 71
4.115443 158 126 24 71
4.117443 159 126 24 71
4.119443 159 126 24 71
4.121443 159 126 24 71
4.123443 160 126 23 72
4.125443 160 126 23 72
4.127443 160 126 23 72
4.129443 161 126 22 72
4.131443 161 126 22 72
4.133443 162 126 22 73
4.135443 162 126 22 73
4.137443 162 126 21 73
4.139443 163 126 21 73
4.141443 163 126 21 73
4.143443 163 126 21 73
4.145443 164 126 21 74
4.147443 164 126 21 74
4.149443 164 126 21 74
4.151443 164 126 21 74
4.153443 164 126 21 74
4.155443 164 126 21 74
4.157443 164 126 21 74
4.159443 164 126 21 74
4.161443 164 126 21 74
4.163443 164 126 21 74
4.165443 164 126 21 74
4.167443 164 126 21 74
4.169443 165 126 21 75
4.171443 165 126 21 75
4.173443 165 126 21 75
4.175443 165 126 21 75
4.177443 165 126 21 75
4.179443 165 126 21 75
4.181443 165 126 21 75
4.183443 165 126 21 75
4.185443 165 126 21 75
4.187443 165 126 21 75
4.189443 165 126 21 75
4.191443 165 126 21 75
4.193443 166 126 22 76
4.195443 166 126 22 76
4.197443 166 126 22 76
4.199443 166 126 22 76
4.201443 166 126 22 76
4.203443 166 126 22 76
4.205443 166 126 22 76
4.207443 166 126 22 76
4.209443 166 126 23 76
4.211443 166 126 23 76
4.213443 166 126 23 76
4.215443 166 126 23 76
4.217443 166 126 23 77
4.219443 166 126 23 77
4.221443 166 126 23 77
4.223443 166 126 23 77
4.225443 166 126 24 77
4.227443 166 126 24 77
4.229443 166 126 24 77
4.231443 166 126 24 77
4.233443 166 126 24 77
4.235443 166 126 24 77
4.237443 166 126 24 77
4.239443 166 126 24 77
4.241443 167 126 24 78
4.243443 167 126 24 78
4.245443 167 126 24 78
4.247443 167 126 24 78
4.249443 167 126 24 78
4.251443 167 126 24 78
4.253443 167 126 24 78
4.255443 168 126 24 78
4.257443 168 126 24 78
4.259443 168 126 24 78
4.261443 168 126 24 78
4.263443 168 126 24 78
4.265443 168 126 24 78
4.267443 168 126 24 78
4.269443 168 126 24 78
4.271443 169 126 24 78
4.273443 169 126 24 78
4.275443 169 126 24 78
4.277443 169 126 24 78
4.279443 169 126 24 78
4.281443 169 126 24 78
4.283443 169 126 24 78
4.285443 169 126 24 78
4.287443 169 126 24 77
4.289443 169 126 24 77
4.291443 169 126 24 77
4.293443 169 126 24 77
4.295443 169 126 24 77
4.297443 169 126 24 77
4.299443 169 126 25 77
4.301443 169 126 25 77
4.303443 169 126 25 77
4.305443 169 126 25 77
4.307443 169 126 25 77
4.309443 169 126 25 77
4.311443 169 126 26 77
4.313443 169 126 26 77
4.315443 169 126 26 77
4.317443 169 126 26 77
4.319443 169 126 26 77
4.321443 169 126 26 77
4.323443 169 126 27 77
4.325443 169 126 27 77
4.327443 169 126 27 77
4.329443 169 126 27 77
4.331443 169 126 27 77
4.333443 169 126 27 77
4.335443 169 126 27 76
4.337443 169 126 27 76
4.339443 169 126 27 76
4.341443 169 126 27 76
4.343443 169 126 27 76
4.345443 170 126 26 76
4.347443 170 126 26 75
4.349443 170 126 26 75
4.351443 170 126 26 75
4.353443 171 126 25 75
4.355443 171 126 25 75
4.357443 171 126 25 75
4.359443 171 126 25 74
4.361443 171 126 25 74
4.363443 172 126 24 74
4.365443 172 126 24 74
4.367443 172 126 24 74
4.369443 172 126 24 73
4.371443 172 126 24 73
4.373443 173 126 23 73
4.375443 173 126 23 73
4.377443 173 126 23 73
4.379443 173 126 23 73
4.381443 174 127 23 72
4.383443 174 127 23 72
4.385443 174 127 23 72
4.387443 174 127 23 72
4.389443 174 127 23 72
4.391443 174 127 23 72
4.393443 174 127 23 72
4.395443 174 127 23 72
4.397443 174 127 24 71
4.399443 174 127 24 71
4.401443 174 127 24 71
4.403443 174 127 24 71
4.405443 174 128 24 71
4.407443 174 128 24 71
4.409443 174 128 24 71
4.411443 174 128 24 71
4.413443 174 128 25 70
4.415443 174 128 25 70
4.417443 174 128 25 70
4.419443 174 128 25 70
4.421443 174 128 25 70
4.423443 174 128 25 70
4.425443 174 128 25 70
4.427443 174 128 25 70
4.429443 173 129 26 70
4.431443 173 129 26 70
4.433443 173 129 26 70
4.435443 173 129 26 70
4.437443 173 129 26 70
4.439443 173 129 26 70
4.441443 173 129 26 70
4.443443 173 129 26 70
4.445443 173 129 27 70
4.447443 173 129 27 70
4.449443 173 129 27 70
4.451443 173 129 27 70
4.453443 172 129 27 71
4.455443 172 129 27 71
4.457443 172 129 27 71
4.459443 172 129 27 71
4.461443 172 129 28 71
4.463443 172 129 28 71
4.465443 172 129 28 71
4.467443 172 129 28 71
4.469443 172 129 28 71
4.471443 172 129 28 71
4.473443 172 129 28 71
4.475443 172 129 28 71
4.477443 172 128 29 72
4.479443 172 128 29 72
4.481443 172 128 29 72
4.483443 172 128 29 72
4.485443 172 128 29 72
4.487443 172 128 29 72
4.489443 172 128 29 72
4.491443 172 128 29 73
4.493443 172 128 29 73
4.495443 172 128 29 73
4.497443 172 128 29 73
4.499443 172 127 30 73
4.501443 172 127 30 73
4.503443 172 127 30 73
4.505443 172 127 30 73
4.507443 172 127 30 74
4.509443 172 127 30 74
4.511443 172 127 30 74
4.513443 172 127 30 74
4.515443 172 127 30 74
4.517443 172 127 30 74
4.519443 172 127 30 74
4.521443 172 127 30 74
4.523443 173 127 30 75
4.525443 173 127 30 75
4.527443 173 127 30 75
4.529443 173 127 30 75
4.531443 173 127 30 75
4.533443 173 127 30 75
4.535443 173 127 30 75
4.537443 173 127 30 75
4.539443 173 127 29 75
4.541443 173 127 29 75
4.543443 173 127 29 75
4.545443 173 127 29 75
4.547443 174 127 29 75
4.549443 174 127 29 75
4.551443 174 127 29 75
4.553443 174 127 29 75
4.555443 174 127 28 75
4.557443 174 127 28 75
4.559443 174 127 28 75
4.561443 174 127 28 75
4.563443 174 127 28 75
4.565443 174 127 28 75
4.567443 174 127 28 75
4.569443 174 127 28 75
4.571443 175 127 27 74
4.573443 175 127 27 74
4.575443 176 127 27 74
4.577443 176 127 27 74
4.579443 176 127 26 74
4.581443 177 127 26 74
4.583443 177 127 26 74
4.585443 177 127 26 74
4.587443 178 127 25 74
4.589443 178 127 25 74
4.591443 179 127 25 74
4.593443 179 127 25 74
4.595443 179 127 24 74
4.597443 180 127 24 74
4.599443 180 127 24 74
4.601443 180 127 24 74
4.603443 181 127 23 74
4.605443 181 127 23 74
4.607443 182 127 23 74
4.609443 182 127 22 74
4.611443 182 127 22 74
4.613443 183 127 22 74
4.615443 183 127 22 74
4.617443 184 127 22 74
4.619443 184 127 22 74
4.621443 184 127 22 74
4.623443 184 127 22 74
4.625443 184 127 22 74
4.627443 184 127 22 74
4.629443 184 127 22 74
4.631443 184 127 22 74
4.633443 185 127 22 74
4.635443 185 127 22 74
4.637443 185 127 22 74
4.639443 185 127 22 74
4.641443 185 127 23 74
4.643443 185 127 23 74
4.645443 185 127 23 74
4.647443 185 127 23 74
4.649443 186 127 23 74
4.651443 186 127 23 74
4.653443 186 127 23 74
4.655443 186 127 23 74
4.657443 186 127 23 74
4.659443 186 127 23 74
4.661443 186 127 23 74
4.663443 186 127 23 74
4.665443 187 127 23 74
4.667443 187 127 23 74
4.669443 187 127 23 74
4.671443 187 127 23 74
4.673443 187 127 23 74
4.675443 188 127 23 74
4.677443 188 127 23 74
4.679443 188 127 23 74
4.681443 188 127 22 74
4.683443 189 127 22 74
4.685443 189 127 22 74
4.687443 189 127 22 74
4.689443 189 127 22 73
4.691443 189 127 22 73
4.693443 190 127 22 73
4.695443 190 127 22 73
4.697443 190 127 21 73
4.699443 190 127 21 73
4.701443 190 127 21 73
4.703443 191 127 21 73
4.705443 191 127 21 73
4.707443 191 127 21 73
4.709443 191 127 21 73
4.711443 191 127 21 73
4.713443 192 128 21 72
4.715443 192 128 21 72
4.717443 192 128 21 72
4.719443 192 128 21 72
4.721443 192 128 21 72
4.723443 192 128 21 72
4.725443 192 128 21 72
4.727443 192 128 21 72
4.729443 192 128 21 71
4.731443 192 128 21 71
4.733443 192 128 21 71
4.735443 192 128 22 71
4.737443 192 128 22 71
4.739443 192 128 22 71
4.741443 192 128 22 71
4.743443 192 128 22 70
4.745443 192 128 22 70
4.747443 192 128 22 70
4.749443 192 128 22 70
4.751443 192 128 22 70
4.753443 192 128 22 70
4.755443 192 128 22 70
4.757443 192 128 22 70
4.759443 192 128 23 70
4.761443 192 128 23 70
4.763443 192 128 23 70
4.765443 192 128 23 70
4.767443 192 128 23 70
4.769443 192 128 23 70
4.771443 193 128 23 70
4.773443 193 128 23 70
4.775443 193 128 23 70
4.777443 193 128 23 70
4.779443 193 128 23 70
4.781443 193 128 23 70
4.783443 194 128 23 70
4.785443 194 128 23 70
4.787443 194 128 23 70
4.789443 194 128 23 70
4.791443 194 128 23 70
4.793443 194 128 23 70
4.795443 195 128 23 70
4.797443 195 128 23 70
4.799443 195 128 23 70
4.801443 195 128 23 70
4.803443 195 128 23 70
4.805443 195 128 23 70
4.807443 196 127 22 70
4.809443 196 127 22 70
4.811443 196 127 22 70
4.813443 196 127 22 70
4.815443 196 127 22 70
4.817443 196 127 22 71
4.819443 196 127 22 71
4.821443 196 127 22 71
4.823443 196 127 22 71
4.825443 196 127 22 72
4.827443 196 127 22 72
4.829443 196 127 22 72
4.831443 196 127 21 72
4.833443 196 127 21 72
4.835443 196 127 21 73
4.837443 196 127 21 73
4.839443 196 127 21 73
4.841443 196 127 21 73
4.843443 196 127 21 73
4.845443 196 127 21 74
4.847443 196 127 21 74
4.849443 196 127 21 74
4.851443 196 127 21 74
4.853443 196 127 21 75
4.855443 196 127 21 75
4.857443 196 127 21 75
4.859443 196 127 21 75
4.861443 196 127 21 75
4.863443 196 127 21 75
4.865443 196 127 21 75
4.867443 196 127 21 75
4.869443 196 127 22 75
4.871443 196 127 22 75
4.873443 196 127 22 75
4.875443 196 127 22 75
4.877443 196 127 22 75
4.879443 196 127 22 75
4.881443 196 127 22 75
4.883443 196 127 22 75
4.885443 196 127 23 75
4.887443 196 127 23 75
4.889443 196 127 23 75
4.891443 196 127 23 75
4.893443 196 127 23 75
4.895443 196 127 23 75
4.897443 196 127 23 75
4.899443 196 127 23 75
4.901443 197 128 24 74
4.903443 197 128 24 74
4.905443 197 128 24 74
4.907443 197 128 24 74
4.909443 197 128 24 74
4.911443 197 128 24 74
4.913443 197 128 24 74
4.915443 197 128 24 74
4.917443 197 128 24 73
4.919443 197 128 24 73
4.921443 197 128 24 73
4.923443 197 128 24 73
4.925443 197 128 25 73
4.927443 197 128 25 73
4.929443 197 128 25 73
4.931443 197 128 25 73
4.933443 197 128 25 72
4.935443 197 128 25 72
4.937443 197 128 25 72
4.939443 197 128 25 72
4.941443 197 128 25 72
4.943443 197 128 25 72
4.945443 197 128 25 72
4.947443 197 128 25 72
4.949443 198 128 25 71
4.951443 198 128 25 71
4.953443 198 128 25 71
4.955443 198 128 25 71
4.957443 198 128 25 71
4.959443 198 128 25 71
4.961443 198 128 25 71
4.963443 198 128 25 71
4.965443 198 128 24 71
4.967443 198 128 24 71
4.969443 198 128 24 71
4.971443 199 128 24 70
4.973443 199 128 24 70
4.975443 199 128 24 70
4.977443 199 128 24 70
4.979443 199 128 23 70
4.981443 199 128 23 70
4.983443 199 128 23 70
4.985443 199 128 23 70
4.987443 199 128 23 70
4.989443 199 128 23 70
4.991443 199 128 23 70
4.993443 199 128 23 70
4.995443 199 128 23 70
4.997443 199 128 23 70
4.999443 199 128 23 70
5.001443 199 128 23 70
5.003443 199 128 23 70
5.005443 199 128 23 70
5.007443 199 128 24 70
5.009443 199 128 24 70
5.011443 199 128 24 70
5.013443 199 128 24 70
5.015443 199 128 24 70
5.017443 199 128 24 70
5.019443 198 129 25 70
5.021443 198 129 25 70
5.023443 198 129 25 70
5.025443 198 129 25 70
5.027443 198 129 25 70
5.029443 198 129 25 70
5.031443 198 129 26 70
5.033443 198 129 26 70
5.035443 198 129 26 70
5.037443 198 129 26 70
5.039443 198 129 26 70
5.041443 198 129 26 70
5.043443 198 130 27 70
5.045443 198 130 27 70
5.047443 198 130 27 70
5.049443 198 130 27 70
5.051443 198 130 27 70
5.053443 198 130 27 70
5.055443 198 130 27 70
5.057443 198 130 27 70
5.059443 199 130 27 70
5.061443 199 130 27 70
5.063443 199 130 27 70
5.065443 199 130 27 70
5.067443 199 130 27 70
5.069443 199 130 27 70
5.071443 199 130 27 70
5.073443 199 130 27 70
5.075443 200 130 27 70
5.077443 200 130 27 70
5.079443 200 130 27 70
5.081443 200 130 27 70
5.083443 200 130 27 70
5.085443 200 130 27 70
5.087443 200 130 27 70
5.089443 200 130 27 70
5.091443 201 131 26 69
5.093443 201 131 26 69
5.095443 201 131 26 69
5.097443 201 131 26 69
5.099443 201 131 26 69
5.101443 201 131 25 69
5.103443 201 131 25 69
5.105443 202 131 25 69
5.107443 202 131 25 69
5.109443 202 131 25 69
5.111443 202 131 25 69
5.113443 202 131 24 69
5.115443 202 131 24 69
5.117443 202 131 24 69
5.119443 202 131 24 69
5.121443 203 131 24 69
5.123443 203 131 24 69
5.125443 203 131 23 69
5.127443 203 131 23 69
5.129443 203 131 23 69
5.131443 203 131 23 69
5.133443 203 131 23 69
5.135443 203 131 23 69
5.137443 204 130 23 69
5.139443 204 130 23 69
5.141443 204 130 23 69
5.143443 204 130 23 69
5.145443 204 130 23 69
5.147443 204 130 23 69
5.149443 204 130 23 70
5.151443 204 130 23 70
5.153443 205 130 23 70
5.155443 205 130 23 70
5.157443 205 130 23 70
5.159443 205 130 23 70
5.161443 205 130 23 71
5.163443 205 130 23 71
5.165443 205 130 23 71
5.167443 205 130 23 71
5.169443 206 130 23 71
5.171443 206 130 23 71
5.173443 206 130 23 72
5.175443 206 130 23 72
5.177443 206 130 23 72
5.179443 206 130 23 72
5.181443 206 130 23 72
5.183443 206 130 23 72
5.185443 207 130 23 73
5.187443 207 130 23 73
5.189443 207 130 23 73
5.191443 207 130 23 73
5.193443 208 130 22 73
5.195443 208 130 22 73
5.197443 208 130 22 73
5.199443 208 130 22 73
5.201443 209 130 21 73
5.203443 209 130 21 73
5.205443 209 130 21 73
5.207443 209 130 21 73
5.209443 210 130 20 73
5.211443 210 130 20 73
5.213443 210 130 20 73
5.215443 211 130 19 73
5.217443 211 130 19 73
5.219443 211 130 19 73
5.221443 211 130 19 73
5.223443 212 130 18 73
5.225443 212 130 18 73
5.227443 212 130 18 73
5.229443 212 130 18 73
5.231443 213 130 18 72
5.233443 213 130 18 72
5.235443 213 130 18 72
5.237443 213 130 18 72
5.239443 213 130 18 72
5.241443 213 130 18 71
5.243443 213 130 18 71
5.245443 213 130 18 71
5.247443 213 130 19 71
5.249443 213 130 19 71
5.251443 213 130 19 70
5.253443 213 130 19 70
5.255443 213 130 19 70
5.257443 213 130 19 70
5.259443 213 130 19 69
5.261443 213 130 19 69
5.263443 213 130 20 69
5.265443 213 130 20 69
5.267443 213 130 20 69
5.269443 213 130 20 68
5.271443 213 130 20 68
5.273443 213 130 20 68
5.275443 213 130 20 68
5.277443 213 130 20 68
5.279443 213 131 21 68
5.281443 213 131 21 68
5.283443 213 131 21 68
5.285443 213 131 21 68
5.287443 213 131 21 68
5.289443 213 131 21 68
5.291443 213 131 21 68
5.293443 213 131 21 68
5.295443 213 131 21 69
5.297443 213 131 21 69
5.299443 213 131 21 69
5.301443 213 131 21 69
5.303443 213 131 21 69
5.305443 213 131 21 69
5.307443 213 131 21 69
5.309443 213 131 21 69
5.311443 213 131 21 70
5.313443 213 131 21 70
5.315443 213 131 21 70
5.317443 213 131 21 70
5.319443 213 131 21 70
5.321443 213 131 21 70
5.323443 213 131 21 70
5.325443 213 131 21 70
5.327443 214 132 22 70
5.329443 214 132 22 70
5.331443 214 132 22 70
5.333443 214 132 22 70
5.335443 214 132 22 70
5.337443 214 132 22 70
5.339443 214 132 22 70
5.341443 214 132 22 70
5.343443 214 132 22 70
5.345443 214 132 22 70
5.347443 214 132 22 70
5.349443 214 132 22 69
5.351443 214 132 22 69
5.353443 214 132 22 69
5.355443 214 132 22 69
5.357443 214 132 22 69
5.359443 214 132 22 69
5.361443 214 132 22 69
5.363443 214 132 22 69
5.365443 214 132 22 69
5.367443 214 132 22 69
5.369443 214 132 22 69
5.371443 214 132 22 69
5.373443 215 132 23 69
5.375443 215 132 23 69
5.377443 215 132 23 69
5.379443 215 132 23 69
5.381443 215 132 23 69
5.383443 215 132 23 69
5.385443 215 132 23 69
5.387443 215 132 23 69
5.389443 216 132 23 69
5.391443 216 132 23 69
5.393443 216 132 23 69
5.395443 216 132 23 69
5.397443 216 132 23 69
5.399443 216 132 23 69
5.401443 216 132 23 69
5.403443 216 132 23 69
5.405443 217 132 23 69
5.407443 217 132 23 69
5.409443 217 132 23 69
5.411443 217 132 23 69
5.413443 217 132 23 69
5.415443 217 132 23 69
5.417443 217 132 23 69
5.419443 217 132 23 69
5.421443 218 133 23 68
5.423443 218 133 23 68
5.425443 218 133 23 68
5.427443 218 133 23 68
5.429443 219 133 22 68
5.431443 219 133 22 68
5.433443 219 133 22 68
5.435443 219 133 22 68
5.437443 219 133 22 68
5.439443 220 133 21 68
5.441443 220 133 21 68
5.443443 220 133 21 68
5.445443 220 133 21 68
5.447443 220 133 21 68
5.449443 221 133 20 68
5.451443 221 133 20 68
5.453443 221 133 20 68
5.455443 221 133 20 68
5.457443 221 133 20 68
5.459443 222 133 19 68
5.461443 222 133 19 68
5.463443 222 133 19 68
5.465443 222 133 19 68
5.467443 222 133 19 68
5.469443 222 133 19 68
5.471443 222 133 19 68
5.473443 222 133 19 68
5.475443 222 133 19 68
5.477443 222 133 20 68
5.479443 222 133 20 68
5.481443 222 133 20 68
5.483443 221 133 20 69
5.485443 221 133 20 69
5.487443 221 133 21 69
5.489443 221 133 21 69
5.491443 221 133 21 69
5.493443 221 133 21 69
5.495443 221 133 21 69
5.497443 221 133 22 69
5.499443 220 133 22 70
5.501443 220 133 22 70
5.503443 220 133 22 70
5.505443 220 133 23 70
5.507443 220 133 23 70
5.509443 220 133 23 70
5.511443 220 133 23 70
5.513443 220 133 23 70
5.515443 220 132 24 70
5.517443 220 132 24 70
5.519443 220 132 24 70
5.521443 220 132 24 70
5.523443 220 132 24 70
5.525443 220 132 24 70
5.527443 220 132 24 70
5.529443 220 132 24 70
5.531443 220 132 24 70
5.533443 220 132 24 70
5.535443 220 132 24 70
5.537443 220 132 24 70
5.539443 221 131 24 70
5.541443 221 131 24 70
5.543443 221 131 24 70
5.545443 221 131 24 70
5.547443 221 131 24 70
5.549443 221 131 24 70
5.551443 221 131 24 70
5.553443 221 131 24 70
5.555443 221 131 24 70
5.557443 221 131 24 70
5.559443 221 131 24 70
5.561443 221 131 24 70
5.563443 222 131 24 69
5.565443 222 131 24 69
5.567443 222 131 24 69
5.569443 222 131 24 69
5.571443 222 131 24 69
5.573443 222 131 24 69
5.575443 222 131 24 69
5.577443 222 131 24 68
5.579443 222 131 24 68
5.581443 222 131 24 68
5.583443 222 131 24 68
5.585443 223 132 24 68
5.587443 223 132 24 68
5.589443 223 132 24 68
5.591443 223 132 24 68
5.593443 223 132 24 67
5.595443 223 132 24 67
5.597443 223 132 24 67
5.599443 223 132 24 67
5.601443 223 132 24 67
5.603443 223 132 24 67
5.605443 223 132 24 67
5.607443 223 132 24 67
5.609443 224 132 25 67
5.611443 224 132 25 67
5.613443 224 132 25 67
5.615443 224 132 25 67
5.617443 224 132 25 67
5.619443 224 132 25 67
5.621443 224 132 25 67
5.623443 224 132 25 67
5.625443 224 132 25 68
5.627443 224 132 25 68
5.629443 224 132 25 68
5.631443 224 132 25 68
5.633443 224 132 25 68
5.635443 224 132 25 68
5.637443 224 132 25 68
5.639443 224 132 25 68
5.641443 224 132 25 69
5.643443 224 132 25 69
5.645443 224 132 25 69
5.647443 224 132 25 69
5.649443 224 132 25 69
5.651443 224 132 25 69
5.653443 224 132 25 69
5.655443 224 132 25 69
5.657443 224 132 25 69
5.659443 224 132 25 69
5.661443 224 132 25 69
5.663443 224 132 25 69
5.665443 224 132 25 69
5.667443 224 132 25 69
5.669443 224 132 25 69
5.671443 224 132 25 69
5.673443 224 132 25 69
5.675443 224 132 25 69
5.677443 224 132 25 69
5.679443 224 132 25 69
5.681443 224 132 25 68
5.683443 224 132 25 68
5.685443 224 132 25 68
5.687443 224 132 25 68
5.689443 224 132 25 68
5.691443 224 132 25 68
5.693443 224 132 25 68
5.695443 224 132 25 68
5.697443 224 132 25 68
5.699443 224 132 25 68
5.701443 224 132 25 68
5.703443 224 132 25 68
5.705443 224 132 25 68
5.707443 224 132 25 68
5.709443 224 132 25 68
5.711443 225 132 25 68
5.713443 225 132 25 68
5.715443 225 132 25 68
5.717443 225 132 25 68
5.719443 226 132 25 68
5.721443 226 132 25 68
5.723443 226 132 25 68
5.725443 226 132 25 68
5.727443 227 132 25 68
5.729443 227 132 25 68
5.731443 227 132 25 68
5.733443 227 132 25 68
5.735443 228 132 25 68
5.737443 228 132 25 68
5.739443 228 132 25 68
5.741443 228 132 25 68
5.743443 229 132 25 68
5.745443 229 132 25 68
5.747443 229 132 25 68
5.749443 229 132 25 68
5.751443 230 132 25 68
5.753443 230 132 25 68
5.755443 230 132 25 68
5.757443 230 132 25 68
5.759443 230 132 25 68
5.761443 230 132 25 68
5.763443 231 132 25 68
5.765443 231 132 25 68
5.767443 231 132 24 67
5.769443 231 132 24 67
5.771443 231 132 24 67
5.773443 231 132 24 67
5.775443 232 132 24 67
5.777443 232 132 24 67
5.779443 232 132 24 67
5.781443 232 132 24 67
5.783443 232 132 23 66
5.785443 232 132 23 66
5.787443 233 132 23 66
5.789443 233 132 23 66
5.791443 233 132 23 66
5.793443 233 132 23 66
5.795443 233 132 23 66
5.797443 233 132 23 66
5.799443 234 132 23 66
5.801443 234 132 23 66
5.803443 234 132 23 66
5.805443 234 132 23 66
5.807443 234 132 23 66
5.809443 234 132 23 66
5.811443 234 132 23 66
5.813443 234 132 23 67
5.815443 234 132 23 67
5.817443 234 132 23 67
5.819443 234 132 23 67
5.821443 234 132 23 67
5.823443 234 132 23 67
5.825443 234 132 23 67
5.827443 234 132 23 67
5.829443 234 132 23 68
5.831443 234 132 23 68
5.833443 234 132 23 68
5.835443 234 132 23 68
5.837443 234 132 23 68
5.839443 234 132 23 68
5.841443 234 132 23 68
5.843443 234 132 23 68
5.845443 235 133 22 68
5.847443 235 133 22 68
5.849443 235 133 22 68
5.851443 235 133 22 68
5.853443 235 133 22 68
5.855443 235 133 22 68
5.857443 235 133 22 68
5.859443 235 133 22 68
5.861443 235 133 22 68
5.863443 235 133 22 68
5.865443 235 133 22 68
5.867443 235 133 22 68
5.869443 236 133 22 67
5.871443 236 133 22 67
5.873443 236 133 22 67
5.875443 236 133 22 67
5.877443 236 133 22 67
5.879443 236 133 22 67
5.881443 236 133 22 67
5.883443 236 133 22 67
5.885443 236 133 22 67
5.887443 236 133 22 67
5.889443 236 133 22 67
5.891443 236 133 22 67
5.893443 237 133 21 67
5.895443 237 133 21 67
5.897443 237 133 21 67
5.899443 237 133 21 67
5.901443 237 133 21 67
5.903443 237 133 21 67
5.905443 237 133 20 67
5.907443 237 133 20 67
5.909443 238 133 20 67
5.911443 238 133 20 67
5.913443 238 133 20 67
5.915443 238 133 20 67
5.917443 238 133 19 68
5.919443 238 133 19 68
5.921443 238 133 19 68
5.923443 238 133 19 68
5.925443 239 133 19 68
5.927443 239 133 19 68
5.929443 239 133 18 68
5.931443 239 133 18 68
5.933443 239 133 18 68
5.935443 239 133 18 68
5.937443 239 133 18 68
5.939443 240 134 18 69
5.941443 240 134 18 69
5.943443 240 134 18 69
5.945443 240 134 18 69
5.947443 240 134 18 69
5.949443 240 134 18 69
5.951443 240 134 18 69
5.953443 240 134 18 69
5.955443 240 134 18 69
5.957443 240 134 18 69
5.959443 240 134 18 69
5.961443 240 134 18 69
5.963443 241 134 18 69
5.965443 241 134 18 69
5.967443 241 134 18 69
5.969443 241 134 18 69
5.971443 241 134 18 69
5.973443 241 134 18 69
5.975443 241 134 18 69
5.977443 241 134 18 69
5.979443 241 134 18 69
5.981443 241 134 18 69
5.983443 241 134 18 69
5.985443 241 134 18 69
5.987443 242 134 18 69
5.989443 242 134 18 69
5.991443 242 134 18 69
5.993443 242 134 18 69
5.995443 242 134 18 69
5.997443 242 134 18 69
5.999443 242 134 18 69
6.001443 242 134 18 69
6.003443 242 134 18 69
6.005443 242 134 18 69
6.007443 242 134 18 69
6.009443 242 134 18 69
6.011443 242 134 18 69
6.013443 242 134 18 69
6.015443 242 134 18 69
6.017443 242 134 18 69
6.019443 242 134 18 69
6.021443 242 134 18 69
6.023443 242 134 18 69
6.025443 242 134 18 69
6.027443 242 134 18 69
6.029443 242 134 18 69
6.031443 242 134 18 69
6.033443 242 134 18 69
6.035443 243 134 18 68
6.037443 243 134 18 68
6.039443 243 134 18 68
6.041443 243 134 18 67
6.043443 243 134 18 67
6.045443 243 134 18 67
6.047443 243 134 18 66
6.049443 243 134 18 66
6.051443 243 134 19 66
6.053443 243 134 19 66
6.055443 243 134 19 65
6.057443 243 134 19 65
6.059443 243 134 19 65
6.061443 243 134 19 64
6.063443 243 134 19 64
6.065443 243 134 20 64
6.067443 243 134 20 64
6.069443 243 134 20 63
6.071443 243 134 20 63
6.073443 243 134 20 63
6.075443 243 134 20 62
6.077443 243 134 20 62
6.079443 243 134 20 62
6.081443 244 134 20 62
6.083443 244 134 20 62
6.085443 244 134 20 62
6.087443 244 134 20 62
6.089443 244 134 20 62
6.091443 244 134 20 62
6.093443 244 134 20 62
6.095443 244 134 20 62
6.097443 244 134 20 63
6.099443 244 134 20 63
6.101443 244 134 20 63
6.103443 244 134 20 63
6.105443 244 134 20 63
6.107443 244 134 20 63
6.109443 244 134 20 63
6.111443 244 134 20 63
6.113443 244 134 20 64
6.115443 244 134 20 64
6.117443 244 134 20 64
6.119443 244 134 20 64
6.121443 244 134 20 64
6.123443 244 134 20 64
6.125443 244 134 20 64
6.127443 244 134 20 64
6.129443 245 135 20 65
6.131443 245 135 20 65
6.133443 245 135 20 65
6.135443 245 135 20 65
6.137443 245 135 20 65
6.139443 245 135 20 65
6.141443 245 135 20 65
6.143443 245 135 20 65
6.145443 246 135 20 66
6.147443 246 135 20 66
6.149443 246 135 20 66
6.151443 246 135 20 66
6.153443 246 135 20 66
6.155443 246 135 20 66
6.157443 246 135 20 66
6.159443 246 135 20 66
6.161443 247 135 20 67
6.163443 247 135 20 67
6.165443 247 135 20 67
6.167443 247 135 20 67
6.169443 247 135 20 67
6.171443 247 135 20 67
6.173443 247 135 20 67
6.175443 248 135 19 67
6.177443 248 135 19 67
6.179443 248 135 19 67
6.181443 248 135 19 67
6.183443 248 135 19 67
6.185443 248 135 19 67
6.187443 248 135 19 67
6.189443 248 135 19 67
6.191443 248 135 19 67
6.193443 248 135 19 67
6.195443 248 135 19 67
6.197443 248 135 19 67
6.199443 248 135 19 66
6.201443 248 135 19 66
6.203443 248 135 19 66
6.205443 248 135 19 66
6.207443 248 135 19 66
6.209443 248 135 19 66
6.211443 248 135 19 66
6.213443 248 135 19 66
6.215443 248 135 19 66
6.217443 248 135 19 66
6.219443 248 135 19 66
6.221443 248 135 19 66
6.223443 249 135 18 66
6.225443 249 135 18 66
6.227443 249 135 18 66
6.229443 249 135 18 66
6.231443 249 135 18 66
6.233443 249 135 18 66
6.235443 249 135 18 66
6.237443 249 135 18 66
6.239443 250 135 18 66
6.241443 250 135 18 66
6.243443 250 135 18 66
6.245443 250 135 18 66
6.247443 250 135 18 66
6.249443 250 135 18 66
6.251443 250 135 18 66
6.253443 250 135 18 66
6.255443 251 135 18 66
6.257443 251 135 18 66
6.259443 251 135 18 66
6.261443 251 135 18 66
6.263443 251 135 18 66
6.265443 251 135 18 66
6.267443 251 135 18 66
6.269443 251 135 18 66
6.271443 251 135 18 66
6.273443 251 135 18 66
6.275443 251 135 18 66
6.277443 251 135 18 66
6.279443 251 135 18 66
6.281443 251 135 18 66
6.283443 251 135 19 66
6.285443 251 135 19 66
6.287443 250 135 19 66
6.289443 250 135 19 66
6.291443 250 135 19 66
6.293443 250 135 19 66
6.295443 250 135 20 66
6.297443 250 135 20 66
6.299443 250 135 20 66
6.301443 249 135 20 66
6.303443 249 135 20 66
6.305443 249 135 21 66
6.307443 249 135 21 66
6.309443 249 135 21 66
6.311443 249 135 21 66
6.313443 249 135 21 66
6.315443 249 135 21 66
6.317443 249 135 21 67
6.319443 249 135 21 67
6.321443 249 135 21 67
6.323443 249 135 21 67
6.325443 249 135 21 67
6.327443 249 135 21 67
6.329443 250 135 21 67
6.331443 250 135 21 67
6.333443 250 135 21 67
6.335443 250 135 21 67
6.337443 250 135 21 67
6.339443 250 135 21 67
6.341443 251 135 20 67
6.343443 251 135 20 67
6.345443 251 135 20 67
6.347443 251 135 20 67
6.349443 251 135 20 67
6.351443 251 135 20 67
6.353443 252 135 20 67
6.355443 252 135 20 67
6.357443 252 135 20 67
6.359443 252 135 20 67
6.361443 252 135 20 67
6.363443 252 135 20 67
6.365443 252 136 20 68
6.367443 252 136 20 68
6.369443 252 136 20 68
6.371443 252 136 20 68
6.373443 252 136 20 68
6.375443 252 136 20 68
6.377443 252 136 21 68
6.379443 252 136 21 68
6.381443 252 136 21 68
6.383443 252 136 21 68
6.385443 252 136 21 68
6.387443 252 136 21 68
6.389443 251 136 22 68
6.391443 251 136 22 68
6.393443 251 136 22 68
6.395443 251 136 22 68
6.397443 251 136 22 68
6.399443 251 136 22 68
6.401443 251 136 23 68
6.403443 251 136 23 68
6.405443 251 136 23 68
6.407443 251 136 23 68
6.409443 251 136 23 68
6.411443 251 136 23 68
6.413443 251 135 23 68
6.415443 251 135 23 68
6.417443 251 135 23 68
6.419443 251 135 23 68
6.421443 251 135 23 68
6.423443 251 135 23 68
6.425443 251 135 23 68
6.427443 251 135 23 69
6.429443 251 135 23 69
6.431443 251 135 23 69
6.433443 251 135 23 69
6.435443 252 135 22 69
6.437443 252 135 22 69
6.439443 252 135 22 69
6.441443 252 135 22 69
6.443443 252 135 22 70
6.445443 252 135 22 70
6.447443 252 135 22 70
6.449443 252 135 22 70
6.451443 252 135 22 70
6.453443 252 135 22 70
6.455443 252 135 22 70
6.457443 252 135 22 70
6.459443 253 135 21 70
6.461443 253 135 21 70
6.463443 253 135 21 70
6.465443 254 135 21 70
6.467443 254 135 21 70
6.469443 254 135 21 70
6.471443 254 135 21 70
6.473443 255 135 21 70
6.475443 255 135 20 69
6.477443 255 135 20 69
6.479443 256 135 20 69
6.481443 256 135 20 69
6.483443 256 135 20 69
6.485443 256 135 20 69
6.487443 257 135 20 69
6.489443 257 135 20 69
6.491443 257 135 19 68
6.493443 258 135 19 68
6.495443 258 135 19 68
6.497443 258 135 19 68
6.499443 259 135 19 68
6.501443 259 135 19 68
6.503443 259 135 19 68
6.505443 259 135 19 68
6.507443 260 135 19 68
6.509443 260 135 19 68
6.511443 260 135 19 68
6.513443 260 135 19 68
6.515443 260 135 19 68
6.517443 260 135 19 68
6.519443 260 135 19 68
6.521443 260 135 19 68
6.523443 260 135 19 68
6.525443 260 135 19 68
6.527443 260 135 19 68
6.529443 260 135 19 68
6.531443 260 135 19 68
6.533443 260 135 19 68
6.535443 260 135 19 68
6.537443 260 135 19 68
6.539443 260 135 19 68
6.541443 260 135 19 68
6.543443 260 135 19 68
6.545443 260 135 19 68
6.547443 260 135 19 68
6.549443 260 135 19 68
6.551443 260 135 19 68
6.553443 261 135 19 68
6.555443 261 135 19 68
6.557443 261 135 19 68
6.559443 261 135 19 68
6.561443 261 135 19 68
6.563443 261 135 19 68
6.565443 261 135 19 68
6.567443 261 135 19 68
6.569443 261 135 19 67
6.571443 261 135 19 67
6.573443 261 135 19 67
6.575443 261 135 19 67
6.577443 261 135 19 67
6.579443 261 135 19 67
6.581443 261 135 19 67
6.583443 261 135 19 67
6.585443 261 135 19 66
6.587443 261 135 19 66
6.589443 261 135 19 66
6.591443 261 135 19 66
6.593443 261 135 19 66
6.595443 261 135 19 66
6.597443 261 135 19 66
6.599443 261 135 19 66
6.601443 262 136 20 66
6.603443 262 136 20 66
6.605443 262 136 20 66
6.607443 262 136 20 66
6.609443 262 136 20 66
6.611443 262 136 20 66
6.613443 262 136 20 66
6.615443 262 136 20 66
6.617443 262 136 20 66
6.619443 262 136 20 66
6.621443 262 136 20 66
6.623443 262 136 20 66
6.625443 262 136 20 66
6.627443 262 136 20 66
6.629443 262 136 20 66
6.631443 262 136 20 66
6.633443 262 136 20 66
6.635443 262 136 20 66
6.637443 262 136 20 66
6.639443 262 136 20 66
6.641443 262 136 20 66
6.643443 262 136 20 66
6.645443 262 136 20 66
6.647443 262 136 20 66
6.649443 263 136 21 66
6.651443 263 136 21 66
6.653443 263 136 21 66
6.655443 263 136 21 66
6.657443 263 136 21 66
6.659443 263 136 21 66
6.661443 263 136 21 66
6.663443 263 136 21 66
6.665443 263 136 21 66
6.667443 263 136 21 66
6.669443 263 136 21 66
6.671443 263 136 21 67
6.673443 263 136 21 67
6.675443 263 136 21 67
6.677443 263 136 21 67
6.679443 263 136 21 67
6.681443 263 136 21 67
6.683443 263 136 21 67
6.685443 263 136 21 67
6.687443 263 136 21 67
6.689443 263 136 21 67
6.691443 263 136 21 67
6.693443 263 136 21 67
6.695443 264 136 21 67
6.697443 264 136 21 67
6.699443 264 136 21 67
6.701443 264 136 21 67
6.703443 264 136 21 67
6.705443 264 136 21 67
6.707443 264 136 21 67
6.709443 264 136 21 67
6.711443 264 136 21 67
6.713443 264 136 21 67
6.715443 264 136 21 67
6.717443 264 136 21 67
6.719443 264 136 21 66
6.721443 264 136 21 66
6.723443 264 136 21 66
6.725443 264 136 21 66
6.727443 264 136 21 66
6.729443 264 136 21 66
6.731443 264 136 21 66
6.733443 264 136 21 66
6.735443 264 136 21 66
6.737443 264 136 21 66
6.739443 264 136 21 66
6.741443 264 136 21 66
6.743443 265 136 21 66
6.745443 265 136 21 66
6.747443 265 136 21 66
6.749443 265 136 21 66
6.751443 265 136 21 66
6.753443 265 136 21 66
6.755443 265 136 21 66
6.757443 265 136 21 66
6.759443 265 136 22 66
6.761443 265 136 22 66
6.763443 265 136 22 66
6.765443 265 136 22 66
6.767443 265 136 22 66
6.769443 265 136 22 66
6.771443 265 136 22 66
6.773443 265 136 22 66
6.775443 265 136 23 66
6.777443 265 136 23 66
6.779443 265 136 23 66
6.781443 265 136 23 66
6.783443 265 136 23 66
6.785443 265 136 23 66
6.787443 265 136 23 66
6.789443 266 135 23 66
6.791443 266 135 23 66
6.793443 266 135 23 66
6.795443 266 135 23 66
6.797443 266 135 23 66
6.799443 266 135 23 66
6.801443 266 135 23 66
6.803443 266 135 23 66
6.805443 266 135 23 66
6.807443 266 135 23 66
6.809443 266 135 23 66
6.811443 266 135 23 66
6.813443 266 135 23 66
6.815443 266 135 23 66
6.817443 266 135 23 66
6.819443 266 135 23 66
6.821443 266 135 23 66
6.823443 266 135 23 66
6.825443 266 135 23 66
6.827443 266 135 23 66
6.829443 266 135 23 66
6.831443 266 135 23 66
6.833443 266 135 23 66
6.835443 266 135 23 66
6.837443 267 135 23 65
6.839443 267 135 23 65
6.841443 267 135 23 65
6.843443 267 135 23 65
6.845443 267 135 23 65
6.847443 267 135 23 65
6.849443 267 135 23 65
6.851443 267 135 23 65
6.853443 267 135 23 65
6.855443 267 135 23 65
6.857443 267 135 23 65
6.859443 267 135 23 65
6.861443 268 135 23 65
6.863443 268 135 23 65
6.865443 268 135 23 65
6.867443 268 135 23 65
6.869443 268 135 23 65
6.871443 268 135 23 65
6.873443 268 135 23 65
6.875443 268 135 23 65
6.877443 268 135 23 65
6.879443 268 135 23 65
6.881443 268 135 23 65
6.883443 268 135 23 65
6.885443 269 136 23 65
6.887443 269 136 23 65
6.889443 269 136 23 65
6.891443 269 136 23 65
6.893443 269 136 23 65
6.895443 270 136 23 66
6.897443 270 136 23 66
6.899443 270 136 23 66
6.901443 270 136 23 66
6.903443 270 136 23 66
6.905443 270 136 23 66
6.907443 271 136 23 67
6.909443 271 136 23 67
6.911443 271 136 23 67
6.913443 271 136 23 67
6.915443 271 136 23 67
6.917443 271 136 23 67
6.919443 272 136 23 68
6.921443 272 136 23 68
6.923443 272 136 23 68
6.925443 272 136 23 68
6.927443 272 136 23 68
6.929443 272 136 23 68
6.931443 273 136 23 68
6.933443 273 136 23 68
6.935443 273 136 23 68
6.937443 273 136 23 68
6.939443 273 136 23 68
6.941443 273 136 23 68
6.943443 273 136 23 68
6.945443 273 136 23 68
6.947443 273 136 23 68
6.949443 273 136 23 68
6.951443 273 136 23 68
6.953443 273 136 23 68
6.955443 273 136 23 67
6.957443 273 136 23 67
6.959443 273 136 23 67
6.961443 273 136 23 67
6.963443 273 136 23 67
6.965443 273 136 23 67
6.967443 273 136 23 67
6.969443 273 136 23 67
6.971443 273 136 23 67
6.973443 273 136 23 67
6.975443 273 136 23 67
6.977443 273 136 23 67
6.979443 273 137 23 66
6.981443 273 137 23 66
6.983443 273 137 23 66
6.985443 273 137 23 66
6.987443 273 137 23 66
6.989443 273 137 23 65
6.991443 274 137 22 65
6.993443 274 137 22 65
6.995443 274 137 22 65
6.997443 274 137 22 64
6.999443 274 137 22 64
7.001443 274 137 22 64
7.003443 275 137 21 64
7.005443 275 137 21 64
7.007443 275 137 21 63
7.009443 275 137 21 63
7.011443 275 137 21 63
7.013443 275 137 21 63
7.015443 276 137 20 63
7.017443 276 137 20 62
7.019443 276 137 20 62
7.021443 276 137 20 62
7.023443 276 137 20 62
7.025443 277 137 20 62
7.027443 277 137 20 62
7.029443 277 137 20 62
7.031443 277 137 20 62
7.033443 277 137 20 62
7.035443 277 137 20 63
7.037443 277 137 20 63
7.039443 277 137 20 63
7.041443 277 137 20 63
7.043443 277 137 20 63
7.045443 277 137 20 64
7.047443 277 137 20 64
7.049443 277 137 20 64
7.051443 277 137 20 64
7.053443 277 137 20 64
7.055443 277 137 20 65
7.057443 277 137 20 65
7.059443 277 137 20 65
7.061443 277 137 20 65
7.063443 277 137 20 66
7.065443 277 137 20 66
7.067443 277 137 20 66
7.069443 277 137 20 66
7.071443 277 137 20 66
7.073443 278 137 20 66
7.075443 278 137 20 66
7.077443 278 137 20 66
7.079443 278 137 20 66
7.081443 278 137 20 66
7.083443 278 137 20 66
7.085443 278 137 20 65
7.087443 278 137 20 65
7.089443 279 137 20 65
7.091443 279 137 20 65
7.093443 279 137 20 65
7.095443 279 137 20 65
7.097443 279 138 19 64
7.099443 279 138 19 64
7.101443 279 138 19 64
7.103443 279 138 19 64
7.105443 280 138 19 64
7.107443 280 138 19 64
7.109443 280 138 19 63
7.111443 280 138 19 63
7.113443 280 138 19 63
7.115443 280 138 19 63
7.117443 280 138 19 63
7.119443 280 138 19 63
7.121443 280 138 19 63
7.123443 280 138 19 63
7.125443 280 138 19 63
7.127443 280 138 19 63
7.129443 280 138 19 63
7.131443 280 138 19 63
7.133443 280 138 19 63
7.135443 280 138 19 63
7.137443 279 138 19 64
7.139443 279 138 19 64
7.141443 279 138 19 64
7.143443 279 138 20 64
7.145443 279 138 20 64
7.147443 279 138 20 64
7.149443 279 138 20 64
7.151443 278 138 20 65
7.153443 278 138 20 65
7.155443 278 138 20 65
7.157443 278 138 20 65
7.159443 278 138 20 65
7.161443 278 138 20 65
7.163443 278 138 20 65
7.165443 278 138 20 65
7.167443 278 137 20 65
7.169443 278 137 20 65
7.171443 278 137 20 65
7.173443 278 137 20 65
7.175443 278 137 20 65
7.177443 278 137 20 65
7.179443 278 137 20 65
7.181443 278 137 20 65
7.183443 279 137 20 64
7.185443 279 137 20 64
7.187443 279 137 20 64
7.189443 279 137 20 64
7.191443 279 137 20 64
7.193443 279 137 20 64
7.195443 279 137 20 64
7.197443 279 137 20 64
7.199443 280 137 20 63
7.201443 280 137 20 63
7.203443 280 137 20 63
7.205443 280 137 20 63
7.207443 280 137 20 63
7.209443 280 137 20 63
7.211443 280 137 20 63
7.213443 280 137 20 63
7.215443 280 137 20 62
7.217443 280 137 20 62
7.219443 280 137 20 62
7.221443 280 137 20 62
7.223443 280 137 20 62
7.225443 280 137 20 62
7.227443 280 137 20 62
7.229443 280 137 20 62
7.231443 280 137 20 62
7.233443 280 137 20 62
7.235443 280 137 20 62
7.237443 280 137 20 62
7.239443 280 137 20 62
7.241443 280 137 20 62
7.243443 280 137 20 62
7.245443 280 137 20 62
7.247443 280 137 20 62
7.249443 280 137 20 62
7.251443 280 137 20 62
7.253443 280 137 20 62
7.255443 280 137 20 62
7.257443 280 137 20 62
7.259443 280 137 20 62
7.261443 280 137 20 62
7.263443 280 137 20 62
7.265443 280 137 20 62
7.267443 280 137 20 62
7.269443 281 137 20 62
7.271443 281 137 20 62
7.273443 281 137 19 62
7.275443 282 137 19 62
7.277443 282 137 19 63
7.279443 282 137 19 63
7.281443 282 137 19 63
7.283443 283 137 19 63
7.285443 283 138 18 63
7.287443 283 138 18 63
7.289443 284 138 18 63
7.291443 284 138 18 63
7.293443 284 138 18 64
7.295443 285 138 18 64
7.297443 285 138 17 64
7.299443 285 138 17 64
7.301443 285 138 17 64
7.303443 286 138 17 64
7.305443 286 138 17 64
7.307443 286 138 17 64
7.309443 287 138 17 64
7.311443 287 138 17 64
7.313443 287 138 17 64
7.315443 287 138 17 64
7.317443 287 138 17 64
7.319443 287 138 17 64
7.321443 287 138 17 64
7.323443 287 138 17 64
7.325443 287 138 17 64
7.327443 287 138 17 64
7.329443 287 138 17 64
7.331443 287 138 17 64
7.333443 287 138 17 64
7.335443 287 138 17 64
7.337443 287 138 17 64
7.339443 287 138 17 64
7.341443 287 138 17 64
7.343443 287 138 17 64
7.345443 287 138 17 64
7.347443 287 138 17 64
7.349443 287 138 17 64
7.351443 287 138 17 64
7.353443 287 138 17 64
7.355443 287 138 17 64
7.357443 288 138 17 64
7.359443 288 138 17 64
7.361443 288 138 17 64
7.363443 288 138 17 64
7.365443 288 138 17 64
7.367443 288 138 17 64
7.369443 288 138 17 64
7.371443 288 138 17 64
7.373443 288 138 17 65
7.375443 288 138 17 65
7.377443 288 138 17 65
7.379443 288 138 17 65
7.381443 288 138 17 65
7.383443 288 138 17 65
7.385443 288 138 17 65
7.387443 288 138 17 66
7.389443 288 138 17 66
7.391443 288 138 17 66
7.393443 288 138 17 66
7.395443 288 138 17 66
7.397443 288 138 17 66
7.399443 288 138 17 66
7.401443 288 138 17 66
7.403443 289 138 17 66
7.405443 289 138 17 66
7.407443 289 138 17 66
7.409443 289 138 17 66
7.411443 289 138 17 66
7.413443 289 138 17 66
7.415443 289 138 17 66
7.417443 289 138 17 66
7.419443 289 138 17 66
7.421443 289 138 17 66
7.423443 289 138 17 66
7.425443 289 138 17 66
7.427443 290 138 17 66
7.429443 290 138 17 66
7.431443 290 138 17 66
7.433443 290 138 17 66
7.435443 290 138 17 66
7.437443 290 138 17 66
7.439443 290 138 17 66
7.441443 290 138 17 66
7.443443 290 138 17 66
7.445443 290 138 17 66
7.447443 290 138 17 66
7.449443 290 138 17 66
7.451443 291 139 17 65
7.453443 291 139 17 65
7.455443 291 139 17 65
7.457443 291 139 17 65
7.459443 291 139 17 65
7.461443 291 139 17 65
7.463443 291 139 17 65
7.465443 291 139 17 65
7.467443 291 139 17 64
7.469443 291 139 17 64
7.471443 291 139 17 64
7.473443 291 139 17 64
7.475443 291 139 17 64
7.477443 291 139 17 64
7.479443 291 139 17 64
7.481443 291 139 17 64
7.483443 291 139 17 63
7.485443 291 139 17 63
7.487443 291 139 17 63
7.489443 291 139 17 63
7.491443 291 139 17 63
7.493443 291 139 17 63
7.495443 291 139 17 63
7.497443 292 139 17 62
7.499443 292 139 17 62
7.501443 292 139 17 62
7.503443 292 139 17 62
7.505443 292 139 17 62
7.507443 292 139 17 62
7.509443 292 139 17 61
7.511443 292 139 17 61
7.513443 292 139 17 61
7.515443 292 139 17 61
7.517443 292 139 17 61
7.519443 292 139 17 61
7.521443 293 139 17 60
7.523443 293 139 17 60
7.525443 293 139 17 60
7.527443 293 139 17 60
7.529443 293 139 17 60
7.531443 293 139 17 60
7.533443 293 139 17 59
7.535443 293 139 17 59
7.537443 293 139 17 59
7.539443 293 139 17 59
7.541443 293 139 17 59
7.543443 293 139 17 59
7.545443 294 139 17 59
7.547443 294 139 17 59
7.549443 294 139 17 59
7.551443 294 139 17 59
7.553443 294 139 17 59
7.555443 294 139 17 59
7.557443 294 139 17 59
7.559443 294 139 17 59
7.561443 294 139 17 59
7.563443 294 139 17 59
7.565443 294 139 17 59
7.567443 294 139 17 59
7.569443 294 139 17 60
7.571443 294 139 17 60
7.573443 294 139 17 60
7.575443 294 139 17 60
7.577443 294 139 17 60
7.579443 294 139 17 60
7.581443 294 139 17 60
7.583443 294 139 17 60
7.585443 294 139 17 60
7.587443 294 139 17 60
7.589443 294 139 17 60
7.591443 294 139 17 60
7.593443 294 140 17 60
7.595443 294 140 17 60
7.597443 294 140 17 60
7.599443 294 140 17 60
7.601443 294 140 17 60
7.603443 294 140 17 60
7.605443 294 140 17 60
7.607443 294 140 17 60
7.609443 294 140 17 60
7.611443 294 140 17 60
7.613443 294 140 17 60
7.615443 294 140 17 60
7.617443 294 140 18 60
7.619443 294 140 18 60
7.621443 294 140 18 60
7.623443 294 140 18 60
7.625443 294 140 18 60
7.627443 294 140 18 60
7.629443 294 140 18 60
7.631443 294 140 18 60
7.633443 294 140 18 60
7.635443 294 140 18 60
7.637443 294 140 18 60
7.639443 294 140 18 60
7.641443 294 140 18 60
7.643443 294 140 18 60
7.645443 294 140 18 60
7.647443 294 140 18 60
7.649443 294 140 18 60
7.651443 295 140 18 60
7.653443 295 140 18 60
7.655443 295 140 18 61
7.657443 295 140 18 61
7.659443 295 140 18 61
7.661443 295 140 18 61
7.663443 296 139 18 61
7.665443 296 139 18 61
7.667443 296 139 18 61
7.669443 296 139 18 61
7.671443 296 139 18 62
7.673443 296 139 18 62
7.675443 297 139 18 62
7.677443 297 139 18 62
7.679443 297 139 18 62
7.681443 297 139 18 62
7.683443 297 139 18 62
7.685443 297 139 18 62
7.687443 298 139 17 63
7.689443 298 139 17 63
7.691443 298 139 17 63
7.693443 298 139 17 63
7.695443 298 139 17 63
7.697443 298 139 17 63
7.699443 298 139 17 63
7.701443 298 139 17 63
7.703443 298 139 17 63
7.705443 298 139 17 63
7.707443 298 139 17 63
7.709443 298 139 17 63
7.711443 298 139 16 63
7.713443 298 139 16 63
7.715443 298 139 16 63
7.717443 298 139 16 63
7.719443 298 139 16 63
7.721443 298 139 16 63
7.723443 298 139 16 63
7.725443 298 139 16 63
7.727443 298 139 16 63
7.729443 298 139 16 63
7.731443 298 139 16 63
7.733443 298 139 16 63
7.735443 299 139 16 62
7.737443 299 139 16 62
7.739443 299 139 16 62
7.741443 299 139 16 62
7.743443 299 139 16 62
7.745443 299 139 16 62
7.747443 299 139 16 62
7.749443 299 139 16 62
7.751443 299 139 16 62
7.753443 299 139 16 62
7.755443 299 139 16 62
7.757443 300 139 17 61
7.759443 300 139 17 61
7.761443 300 139 17 61
7.763443 300 139 17 61
7.765443 300 139 17 61
7.767443 300 139 17 61
7.769443 300 139 17 61
7.771443 300 139 17 61
7.773443 300 139 17 61
7.775443 300 139 17 61
7.777443 300 139 17 61
7.779443 300 139 17 61
7.781443 301 138 18 60
7.783443 301 138 18 60
7.785443 301 138 18 60
7.787443 301 138 18 60
7.789443 301 138 18 60
7.791443 301 138 18 60
7.793443 301 138 18 60
7.795443 301 138 18 60
7.797443 301 138 18 60
7.799443 301 138 18 60
7.801443 301 138 18 60
7.803443 301 138 18 60
7.805443 301 138 18 60
7.807443 301 138 18 60
7.809443 301 138 18 60
7.811443 301 138 18 60
7.813443 301 138 18 60
7.815443 301 138 18 60
7.817443 301 138 18 60
7.819443 301 138 18 60
7.821443 301 138 18 60
7.823443 301 138 18 60
7.825443 301 138 18 60
7.827443 301 138 18 60
7.829443 302 138 18 60
7.831443 302 138 18 60
7.833443 302 138 18 60
7.835443 302 138 18 60
7.837443 302 138 18 60
7.839443 302 138 18 60
7.841443 302 138 18 60
7.843443 302 138 18 60
7.845443 302 139 18 60
7.847443 302 139 18 60
7.849443 302 139 18 60
7.851443 302 139 18 60
7.853443 303 139 18 60
7.855443 303 139 18 60
7.857443 303 139 18 60
7.859443 303 140 18 60
7.861443 303 140 18 60
7.863443 303 140 18 60
7.865443 303 140 18 60
7.867443 303 140 18 60
7.869443 303 140 18 60
7.871443 303 140 18 60
7.873443 303 140 18 60
7.875443 304 140 19 61
7.877443 304 140 19 61
7.879443 304 140 19 61
7.881443 304 140 19 61
7.883443 304 140 19 61
7.885443 304 140 19 61
7.887443 304 140 19 61
7.889443 304 140 19 61
7.891443 304 140 19 61
7.893443 304 140 19 61
7.895443 304 140 19 61
7.897443 304 140 19 61
7.899443 304 140 19 61
7.901443 304 140 19 61
7.903443 304 140 19 61
7.905443 304 140 19 61
7.907443 304 140 19 61
7.909443 304 140 19 61
7.911443 304 140 19 61
7.913443 304 140 19 61
7.915443 304 140 19 61
7.917443 304 140 19 61
7.919443 304 140 19 61
7.921443 304 140 19 61
7.923443 304 140 19 61
7.925443 304 140 19 61
7.927443 304 140 19 61
7.929443 304 140 19 61
7.931443 304 140 19 61
7.933443 304 140 19 61
7.935443 304 140 19 61
7.937443 304 140 19 61
7.939443 304 140 19 62
7.941443 304 140 19 62
7.943443 304 140 19 62
7.945443 304 140 19 62
7.947443 305 140 19 62
7.949443 305 140 19 62
7.951443 305 140 19 62
7.953443 305 140 19 62
7.955443 305 140 19 63
7.957443 305 140 19 63
7.959443 305 140 19 63
7.961443 305 140 19 63
7.963443 305 140 19 63
7.965443 305 140 19 63
7.967443 305 140 19 63
7.969443 305 140 19 63
7.971443 306 140 19 63
7.973443 306 140 19 63
7.975443 306 140 19 63
7.977443 306 140 19 63
7.979443 306 140 19 63
7.981443 306 140 19 63
7.983443 306 140 19 63
7.985443 306 140 19 63
7.987443 306 140 19 63
7.989443 306 140 19 63
7.991443 306 140 19 63
7.993443 306 140 20 62
7.995443 306 140 20 62
7.997443 306 140 20 62
7.999443 306 140 20 62
8.001443 306 140 20 62
8.003443 306 140 20 62
8.005443 306 140 20 62
8.007443 306 140 20 62
8.009443 306 140 20 62
8.011443 306 140 20 62
8.013443 306 140 20 62
8.015443 306 140 20 62
