0.039602 1 78 35 96
0.041602 1 77 35 96
0.043602 1 77 35 96
0.045602 1 77 35 96
0.047602 1 77 35 96
0.049602 1 77 35 96
0.051602 1 77 35 96
0.053602 1 77 35 96
0.055602 1 77 35 97
0.057602 1 77 35 97
0.059602 1 77 35 97
0.061602 1 77 35 97
0.063602 1 77 35 97
0.065602 1 77 35 97
0.067602 1 76 36 97
0.069602 1 76 36 97
0.071602 1 76 36 98
0.073602 1 76 36 98
0.075602 1 76 36 98
0.077602 1 76 36 98
0.079602 1 76 36 98
0.081602 1 76 36 98
0.083602 1 76 36 98
0.085602 1 76 36 98
0.087602 1 76 36 99
0.089602 1 76 36 99
0.091602 1 76 36 99
0.093602 1 75 37 99
0.095602 1 75 37 99
0.097602 1 75 37 99
0.099602 1 75 37 99
0.101602 1 75 37 99
0.103602 1 75 37 100
0.105602 1 75 37 100
0.107602 1 75 37 100
0.109602 1 75 37 100
0.111602 1 75 37 100
0.113602 1 75 37 100
0.115602 1 75 37 100
0.117602 1 75 37 100
0.119602 2 74 38 101
0.121602 2 74 38 101
0.123602 2 74 38 101
0.125602 2 74 38 101
0.127602 2 74 38 101
0.129602 3 74 38 101
0.131602 3 74 38 101
0.133602 3 74 38 101
0.135602 3 74 38 101
0.137602 4 74 38 101
0.139602 4 74 38 101
0.141602 4 74 38 101
0.143602 4 74 38 101
0.145602 4 74 38 101
0.147602 5 74 38 101
0.149602 5 74 38 101
0.151602 5 74 38 101
0.153602 5 74 38 101
0.155602 5 74 38 101
0.157602 6 73 38 101
0.159602 6 73 38 101
0.161602 6 73 38 101
0.163602 6 73 38 101
0.165602 6 73 38 101
0.167602 7 73 38 101
0.169602 7 73 38 101
0.171602 7 73 38 101
0.173602 7 73 38 101
0.175602 7 73 38 101
0.177602 8 73 38 101
0.179602 8 73 38 101
0.181602 8 73 38 101
0.183602 8 73 38 101
0.185602 8 73 38 101
0.187602 9 73 38 101
0.189602 9 73 38 101
0.191602 9 73 38 101
0.193602 9 73 38 101
0.195602 9 73 38 101
0.197602 10 72 38 102
0.199602 10 72 38 102
0.201602 10 72 38 102
0.203602 10 72 38 102
0.205602 10 72 38 102
0.207602 10 72 38 102
0.209602 11 72 38 102
0.211602 11 72 38 102
0.213602 11 72 39 102
0.215602 11 72 39 102
0.217602 11 72 39 103
0.219602 11 72 39 103
0.221602 11 72 39 103
0.223602 12 71 39 103
0.225602 12 71 39 103
0.227602 12 71 39 103
0.229602 12 71 40 103
0.231602 12 71 40 103
0.233602 12 71 40 103
0.235602 13 71 40 104
0.237602 13 71 40 104
0.239602 13 71 40 104
0.241602 13 71 40 104
0.243602 13 71 41 104
0.245602 13 71 41 104
0.247602 13 71 41 104
0.249602 14 70 41 104
0.251602 14 70 41 104
0.253602 14 70 41 104
0.255602 14 70 41 105
0.257602 14 70 41 105
0.259602 14 70 42 105
0.261602 14 70 42 105
0.263602 15 70 42 105
0.265602 15 70 42 105
0.267602 15 70 42 105
0.269602 15 70 42 105
0.271602 15 70 42 105
0.273602 15 70 42 105
0.275602 16 70 43 105
0.277602 16 70 43 105
0.279602 16 70 43 105
0.281602 16 70 43 105
0.283602 16 70 43 105
0.285602 16 70 43 105
0.287602 16 70 43 105
0.289602 16 70 43 105
0.291602 16 70 43 105
0.293602 16 70 43 105
0.295602 16 70 44 105
0.297602 16 70 44 105
0.299602 16 70 44 105
0.301602 17 70 44 105
0.303602 17 70 44 105
0.305602 17 70 44 105
0.307602 17 70 44 105
0.309602 17 70 44 105
0.311602 17 70 44 105
0.313602 17 70 44 105
0.315602 17 70 45 105
0.317602 17 70 45 105
0.319602 17 70 45 105
0.321602 17 70 45 105
0.323602 17 70 45 105
0.325602 17 70 45 105
0.327602 18 70 45 105
0.329602 18 70 45 105
0.331602 18 70 45 105
0.333602 18 70 46 105
0.335602 18 70 46 105
0.337602 18 70 46 105
0.339602 18 70 46 105
0.341602 18 70 46 105
0.343602 18 70 46 105
0.345602 18 70 46 105
0.347602 18 70 46 105
0.349602 18 70 46 105
0.351602 18 70 46 105
0.353602 19 70 47 104
0.355602 19 70 47 104
0.357602 19 70 47 104
0.359602 19 70 47 104
0.361602 19 70 47 104
0.363602 19 70 47 104
0.365602 20 70 47 104
0.367602 20 71 47 104
0.369602 20 71 47 104
0.371602 20 71 47 104
0.373602 20 71 47 104
0.375602 21 71 47 104
0.377602 21 71 47 104
0.379602 21 72 47 104
0.381602 21 72 47 104
0.383602 21 72 47 104
0.385602 21 72 47 104
0.387602 22 72 47 104
0.389602 22 72 47 104
0.391602 22 72 47 104
0.393602 22 73 47 103
0.395602 22 73 47 103
0.397602 22 73 47 103
0.399602 23 73 47 103
0.401602 23 73 47 103
0.403602 23 73 47 103
0.405602 23 74 47 103
0.407602 23 74 47 103
0.409602 24 74 47 103
0.411602 24 74 47 103
0.413602 24 74 47 103
0.415602 24 74 47 103
0.417602 24 74 47 103
0.419602 24 75 47 103
0.421602 25 75 47 103
0.423602 25 75 47 103
0.425602 25 75 47 103
0.427602 25 75 47 103
0.429602 25 75 47 103
0.431602 26 76 48 103
0.433602 26 76 48 103
0.435602 26 76 48 103
0.437602 26 76 48 103
0.439602 27 76 48 103
0.441602 27 76 48 103
0.443602 27 76 48 103
0.445602 27 76 48 103
0.447602 28 76 48 103
0.449602 28 76 48 103
0.451602 28 76 48 103
0.453602 28 76 48 103
0.455602 29 76 48 103
0.457602 29 76 48 103
0.459602 29 76 48 103
0.461602 29 76 48 103
0.463602 30 76 48 103
0.465602 30 76 48 103
0.467602 30 76 48 103
0.469602 30 76 48 103
0.471602 31 76 48 103
0.473602 31 76 48 103
0.475602 31 76 48 103
0.477602 31 76 48 103
0.479602 32 76 48 103
0.481602 32 76 48 103
0.483602 32 76 48 103
0.485602 32 76 48 103
0.487602 33 76 48 103
0.489602 33 76 48 103
0.491602 33 76 48 103
0.493602 33 76 48 103
0.495602 34 76 48 103
0.497602 34 76 48 103
0.499602 34 76 48 103
0.501602 34 76 48 103
0.503602 35 76 48 103
0.505602 35 76 48 103
0.507602 35 76 48 103
0.509602 35 76 48 103
0.511602 36 76 47 103
0.513602 36 76 47 103
0.515602 36 76 47 103
0.517602 37 76 47 104
0.519602 37 76 47 104
0.521602 37 76 47 104
0.523602 37 76 47 105
0.525602 38 76 46 105
0.527602 38 76 46 105
0.529602 38 76 46 106
0.531602 39 76 46 106
0.533602 39 76 46 106
0.535602 39 76 46 107
0.537602 39 76 46 107
0.539602 40 76 46 107
0.541602 40 76 45 108
0.543602 40 76 45 108
0.545602 41 76 45 108
0.547602 41 76 45 109
0.549602 41 77 45 109
0.551602 41 77 45 109
0.553602 42 77 45 110
0.555602 42 77 45 110
0.557602 42 77 44 110
0.559602 43 77 44 111
0.561602 43 77 44 111
0.563602 43 77 44 111
0.565602 43 77 44 112
0.567602 44 77 44 112
0.569602 44 77 44 112
0.571602 44 77 44 113
0.573602 44 77 43 113
0.575602 45 77 43 113
0.577602 45 77 43 114
0.579602 45 77 43 114
0.581602 46 77 43 114
0.583602 46 77 43 115
0.585602 46 77 43 115
0.587602 46 77 43 115
0.589602 47 77 43 116
0.591602 47 77 43 116
0.593602 47 77 43 116
0.595602 47 77 43 117
0.597602 48 77 43 117
0.599602 48 77 43 117
0.601602 48 77 43 117
0.603602 48 77 43 118
0.605602 49 77 43 118
0.607602 49 77 43 118
0.609602 49 76 43 119
0.611602 50 76 43 119
0.613602 50 76 43 119
0.615602 50 76 43 119
0.617602 50 76 43 120
0.619602 51 76 43 120
0.621602 51 76 43 120
0.623602 51 76 43 120
0.625602 51 76 43 121
0.627602 52 75 43 121
0.629602 52 75 43 121
0.631602 52 75 43 122
0.633602 52 75 43 122
0.635602 53 75 43 122
0.637602 53 75 43 122
0.639602 53 75 43 123
0.641602 53 75 43 123
0.643602 54 75 43 123
0.645602 54 75 43 124
0.647602 54 74 43 124
0.649602 54 74 43 124
0.651602 55 74 43 124
0.653602 55 74 43 125
0.655602 55 74 43 125
0.657602 55 74 43 125
0.659602 56 74 43 126
0.661602 56 74 43 126
0.663602 56 74 43 126
0.665602 56 74 43 126
0.667602 57 73 43 126
0.669602 57 73 43 126
0.671602 57 73 43 126
0.673602 57 73 43 126
0.675602 57 73 43 126
0.677602 57 73 43 126
0.679602 57 73 43 126
0.681602 57 73 43 126
0.683602 58 73 43 126
0.685602 58 73 43 126
0.687602 58 73 44 126
0.689602 58 73 44 126
0.691602 58 73 44 126
0.693602 58 73 44 126
0.695602 58 73 44 126
0.697602 58 73 44 126
0.699602 59 73 44 126
0.701602 59 73 44 126
0.703602 59 73 44 126
0.705602 59 73 44 126
0.707602 59 73 45 125
0.709602 59 73 45 125
0.711602 59 73 45 125
0.713602 60 73 45 125
0.715602 60 73 45 125
0.717602 60 73 45 125
0.719602 60 73 45 125
0.721602 60 73 45 125
0.723602 60 73 45 125
0.725602 60 73 46 125
0.727602 60 73 46 125
0.729602 61 73 46 125
0.731602 61 73 46 125
0.733602 61 73 46 125
0.735602 61 73 46 125
0.737602 61 73 46 125
0.739602 61 73 46 125
0.741602 61 73 46 125
0.743602 61 73 46 125
0.745602 62 73 47 125
0.747602 62 73 47 125
0.749602 62 73 47 125
0.751602 62 73 47 125
0.753602 63 73 47 125
0.755602 63 73 47 125
0.757602 63 73 47 125
0.759602 63 73 47 125
0.761602 63 73 47 125
0.763602 64 73 47 125
0.765602 64 73 48 126
0.767602 64 73 48 126
0.769602 64 73 48 126
0.771602 65 73 48 126
0.773602 65 73 48 126
0.775602 65 73 48 126
0.777602 65 73 48 126
0.779602 65 73 48 126
0.781602 66 73 48 126
0.783602 66 73 48 126
0.785602 66 73 49 127
0.787602 66 73 49 127
0.789602 67 73 49 127
0.791602 67 73 49 127
0.793602 67 73 49 127
0.795602 67 73 49 127
0.797602 68 73 49 127
0.799602 68 73 49 127
0.801602 68 73 49 127
0.803602 68 73 50 128
0.805602 68 73 50 128
0.807602 69 73 50 128
0.809602 69 73 50 128
0.811602 69 73 50 128
0.813602 69 73 50 128
0.815602 70 73 50 128
0.817602 70 73 50 128
0.819602 70 73 50 128
0.821602 70 73 50 128
0.823602 71 73 51 129
0.825602 71 73 51 129
0.827602 71 73 51 129
0.829602 71 73 51 129
0.831602 71 73 51 129
0.833602 71 73 51 129
0.835602 71 73 51 129
0.837602 71 73 51 129
0.839602 72 73 51 129
0.841602 72 73 51 129
0.843602 72 73 51 129
0.845602 72 73 51 129
0.847602 72 73 51 129
0.849602 72 73 52 129
0.851602 72 73 52 129
0.853602 72 73 52 129
0.855602 73 73 52 129
0.857602 73 73 52 129
0.859602 73 73 52 129
0.861602 73 73 52 129
0.863602 73 73 52 130
0.865602 73 73 52 130
0.867602 73 73 52 130
0.869602 73 73 52 130
0.871602 74 73 52 130
0.873602 74 73 52 130
0.875602 74 73 53 130
0.877602 74 73 53 130
0.879602 74 73 53 130
0.881602 74 73 53 130
0.883602 74 73 53 130
0.885602 74 73 53 130
0.887602 75 73 53 130
0.889602 75 73 53 130
0.891602 75 73 53 130
0.893602 75 73 53 130
0.895602 75 73 53 130
0.897602 75 73 53 130
0.899602 75 73 53 130
0.901602 76 73 54 131
0.903602 76 73 54 131
0.905602 76 73 54 131
0.907602 76 73 54 131
0.909602 76 73 54 131
0.911602 76 73 54 131
0.913602 76 73 54 131
0.915602 77 73 54 131
0.917602 77 73 54 131
0.919602 77 73 54 131
0.921602 77 73 55 132
0.923602 77 73 55 132
0.925602 77 73 55 132
0.927602 77 73 55 132
0.929602 78 73 55 132
0.931602 78 73 55 132
0.933602 78 73 55 132
0.935602 78 73 55 132
0.937602 78 73 55 132
0.939602 78 73 55 132
0.941602 79 73 56 133
0.943602 79 73 56 133
0.945602 79 73 56 133
0.947602 79 73 56 133
0.949602 79 73 56 133
0.951602 79 73 56 133
0.953602 79 73 56 133
0.955602 80 73 56 133
0.957602 80 73 56 133
0.959602 80 73 56 133
0.961602 80 73 57 134
0.963602 80 73 57 134
0.965602 80 73 57 134
0.967602 81 73 57 134
0.969602 81 73 57 134
0.971602 81 73 57 134
0.973602 81 73 57 134
0.975602 81 73 57 134
0.977602 81 73 57 134
0.979602 81 73 57 134
0.981602 82 73 58 135
0.983602 82 73 58 135
0.985602 82 73 58 135
0.987602 82 73 58 135
0.989602 82 73 58 135
0.991602 83 73 58 135
0.993602 83 73 58 135
0.995602 83 73 58 135
0.997602 83 73 58 135
0.999602 84 73 58 135
1.001602 84 73 58 135
1.003602 84 73 58 135
1.005602 84 73 58 135
1.007602 84 73 58 135
1.009602 85 73 58 135
1.011602 85 73 58 135
1.013602 85 73 58 135
1.015602 85 73 58 135
1.017602 85 73 58 135
1.019602 86 73 58 135
1.021602 86 73 58 135
1.023602 86 73 58 135
1.025602 86 73 58 135
1.027602 86 73 58 135
1.029602 87 73 58 135
1.031602 87 73 58 135
1.033602 87 73 58 135
1.035602 87 73 58 135
1.037602 87 73 58 135
1.039602 88 73 58 135
1.041602 88 73 58 135
1.043602 88 73 58 135
1.045602 88 73 58 135
1.047602 88 73 58 135
1.049602 89 73 58 135
1.051602 89 73 58 135
1.053602 89 73 58 135
1.055602 89 73 58 135
1.057602 89 73 58 135
1.059602 90 73 58 136
1.061602 90 73 58 136
1.063602 91 73 58 136
1.065602 91 73 57 136
1.067602 92 73 57 136
1.069602 92 73 57 137
1.071602 93 73 56 137
1.073602 93 73 56 137
1.075602 94 73 56 137
1.077602 94 73 55 137
1.079602 95 73 55 137
1.081602 95 73 55 138
1.083602 96 73 54 138
1.085602 96 73 54 138
1.087602 97 73 54 138
1.089602 97 73 53 138
1.091602 98 73 53 138
1.093602 98 73 53 139
1.095602 99 73 52 139
1.097602 99 72 52 139
1.099602 100 72 52 139
1.101602 100 72 51 139
1.103602 101 72 51 140
1.105602 101 72 51 140
1.107602 101 72 50 140
1.109602 102 72 50 140
1.111602 102 72 50 140
1.113602 103 72 49 140
1.115602 103 72 49 141
1.117602 104 72 49 141
1.119602 104 72 48 141
1.121602 105 72 48 141
1.123602 105 72 48 141
1.125602 106 72 47 142
1.127602 106 72 47 142
1.129602 107 72 47 142
1.131602 107 72 46 142
1.133602 108 72 46 142
1.135602 108 72 46 142
1.137602 109 72 46 142
1.139602 109 72 46 142
1.141602 109 72 46 142
1.143602 109 72 47 142
1.145602 109 72 47 142
1.147602 109 72 47 142
1.149602 109 72 48 142
1.151602 109 72 48 142
1.153602 109 72 48 142
1.155602 109 72 49 142
1.157602 109 72 49 142
1.159602 109 72 49 142
1.161602 109 72 50 142
1.163602 109 72 50 142
1.165602 109 72 50 142
1.167602 109 72 51 142
1.169602 109 72 51 142
1.171602 109 72 51 142
1.173602 109 72 52 142
1.175602 109 72 52 142
1.177602 109 72 52 141
1.179602 109 72 53 141
1.181602 109 72 53 141
1.183602 109 72 53 141
1.185602 109 72 54 141
1.187602 109 72 54 141
1.189602 109 72 54 141
1.191602 109 72 55 141
1.193602 109 72 55 141
1.195602 109 72 55 141
1.197602 109 72 56 141
1.199602 109 72 56 141
1.201602 109 72 56 141
1.203602 109 72 57 141
1.205602 109 72 57 141
1.207602 109 72 57 141
1.209602 109 72 58 141
1.211602 109 72 58 141
1.213602 109 72 58 141
1.215602 110 72 58 141
1.217602 110 72 58 141
1.219602 110 72 58 141
1.221602 110 72 58 141
1.223602 110 72 58 141
1.225602 111 72 58 141
1.227602 111 72 58 141
1.229602 111 72 57 141
1.231602 111 72 57 141
1.233602 112 72 57 141
1.235602 112 72 57 141
1.237602 112 72 57 141
1.239602 112 72 57 141
1.241602 113 72 56 141
1.243602 113 72 56 141
1.245602 113 72 56 141
1.247602 113 72 56 141
1.249602 113 72 56 141
1.251602 114 72 56 141
1.253602 114 72 56 141
1.255602 114 72 55 141
1.257602 114 72 55 141
1.259602 115 72 55 141
1.261602 115 72 55 141
1.263602 115 72 55 141
1.265602 115 72 55 141
1.267602 116 72 54 141
1.269602 116 72 54 141
1.271602 116 72 54 141
1.273602 116 72 54 141
1.275602 116 72 54 141
1.277602 117 72 54 141
1.279602 117 72 54 141
1.281602 117 72 53 141
1.283602 117 72 53 141
1.285602 118 72 53 141
1.287602 118 72 53 141
1.289602 118 72 53 141
1.291602 118 72 53 141
1.293602 119 71 52 142
1.295602 119 71 52 142
1.297602 119 71 52 142
1.299602 120 71 52 142
1.301602 120 71 52 142
1.303602 120 71 52 142
1.305602 121 71 52 142
1.307602 121 71 52 142
1.309602 121 71 52 142
1.311602 122 71 52 142
1.313602 122 71 52 142
1.315602 122 71 52 142
1.317602 123 71 52 142
1.319602 123 71 52 142
1.321602 123 71 52 142
1.323602 124 71 52 142
1.325602 124 71 52 142
1.327602 124 71 52 142
1.329602 125 71 52 142
1.331602 125 71 52 142
1.333602 125 71 52 143
1.335602 126 71 52 143
1.337602 126 71 52 143
1.339602 126 71 52 143
1.341602 127 71 52 143
1.343602 127 71 52 143
1.345602 127 71 52 143
1.347602 128 71 52 143
1.349602 128 71 52 143
1.351602 128 71 52 143
1.353602 129 71 52 143
1.355602 129 71 52 143
1.357602 129 71 52 143
1.359602 130 71 52 143
1.361602 130 71 52 143
1.363602 130 71 52 143
1.365602 130 71 52 143
1.367602 131 71 52 143
1.369602 131 71 52 143
1.371602 131 71 52 143
1.373602 132 71 52 144
1.375602 132 71 53 144
1.377602 132 71 53 145
1.379602 132 71 54 145
1.381602 132 71 55 145
1.383602 132 71 55 146
1.385602 132 71 56 146
1.387602 132 71 57 146
1.389602 132 71 57 147
1.391602 132 71 58 147
1.393602 132 71 59 147
1.395602 132 71 59 148
1.397602 132 71 60 148
1.399602 133 72 60 148
1.401602 133 72 61 149
1.403602 133 72 62 149
1.405602 133 72 62 150
1.407602 133 72 63 150
1.409602 133 72 64 150
1.411602 133 72 64 151
1.413602 133 72 65 151
1.415602 133 72 66 151
1.417602 133 72 66 152
1.419602 133 72 67 152
1.421602 133 72 67 152
1.423602 133 72 68 153
1.425602 134 73 69 153
1.427602 134 73 69 153
1.429602 134 73 70 154
1.431602 134 73 71 154
1.433602 134 73 71 155
1.435602 134 73 72 155
1.437602 134 73 73 155
1.439602 134 73 73 156
1.441602 134 73 74 156
1.443602 134 73 74 156
1.445602 134 73 75 157
1.447602 134 73 76 157
1.449602 134 73 76 157
1.451602 135 74 76 158
1.453602 135 74 76 158
1.455602 135 74 76 158
1.457602 135 74 76 158
1.459602 135 74 76 158
1.461602 135 74 76 158
1.463602 135 74 76 158
1.465602 135 74 76 158
1.467602 135 74 76 158
1.469602 136 74 76 158
1.471602 136 74 76 158
1.473602 136 74 76 158
1.475602 136 74 76 158
1.477602 136 74 76 158
1.479602 136 74 76 158
1.481602 136 74 76 158
1.483602 136 74 76 158
1.485602 136 74 76 158
1.487602 136 74 76 158
1.489602 137 75 75 158
1.491602 137 75 75 158
1.493602 137 75 75 158
1.495602 137 75 75 158
1.497602 137 75 75 158
1.499602 137 75 75 158
1.501602 137 75 75 158
1.503602 137 75 75 158
1.505602 137 75 75 158
1.507602 137 75 75 158
1.509602 138 75 75 158
1.511602 138 75 75 158
1.513602 138 75 75 158
1.515602 138 75 75 158
1.517602 138 75 75 158
1.519602 138 75 75 158
1.521602 138 75 75 158
1.523602 138 75 75 158
1.525602 138 75 75 158
1.527602 138 75 75 158
1.529602 139 75 74 159
1.531602 139 75 74 159
1.533602 139 75 74 159
1.535602 139 75 74 159
1.537602 140 75 74 159
1.539602 140 75 73 159
1.541602 140 75 73 159
1.543602 140 75 73 159
1.545602 141 75 73 159
1.547602 141 75 73 159
1.549602 141 75 72 159
1.551602 141 75 72 159
1.553602 142 75 72 159
1.555602 142 75 72 159
1.557602 142 75 72 159
1.559602 142 75 71 159
1.561602 143 75 71 159
1.563602 143 75 71 159
1.565602 143 75 71 159
1.567602 144 74 70 159
1.569602 144 74 70 159
1.571602 144 74 70 159
1.573602 144 74 70 159
1.575602 145 74 70 159
1.577602 145 74 69 159
1.579602 145 74 69 159
1.581602 145 74 69 159
1.583602 146 74 69 159
1.585602 146 74 69 159
1.587602 146 74 68 159
1.589602 146 74 68 159
1.591602 147 74 68 159
1.593602 147 74 68 159
1.595602 147 74 68 159
1.597602 147 74 67 159
1.599602 148 74 67 159
1.601602 148 74 67 159
1.603602 148 74 67 159
1.605602 148 74 67 159
1.607602 149 73 67 160
1.609602 149 73 67 160
1.611602 149 73 67 160
1.613602 149 73 67 160
1.615602 149 73 67 160
1.617602 149 73 67 160
1.619602 149 73 67 160
1.621602 149 73 68 160
1.623602 149 73 68 160
1.625602 149 73 68 160
1.627602 149 73 68 160
1.629602 149 73 68 160
1.631602 149 73 68 160
1.633602 149 73 69 160
1.635602 149 73 69 160
1.637602 149 73 69 160
1.639602 149 73 69 160
1.641602 149 73 69 160
1.643602 149 73 69 160
1.645602 149 73 69 160
1.647602 150 73 70 160
1.649602 150 73 70 160
1.651602 150 73 70 160
1.653602 150 73 70 160
1.655602 150 73 70 160
1.657602 150 73 70 160
1.659602 150 73 71 160
1.661602 150 73 71 160
1.663602 150 73 71 160
1.665602 150 73 71 160
1.667602 150 73 71 160
1.669602 150 73 71 160
1.671602 150 73 71 160
1.673602 150 73 72 160
1.675602 150 73 72 160
1.677602 150 73 72 160
1.679602 150 73 72 160
1.681602 150 73 72 160
1.683602 150 73 72 160
1.685602 151 72 72 161
1.687602 151 72 72 161
1.689602 152 72 72 161
1.691602 153 72 71 161
1.693602 153 72 71 161
1.695602 154 72 70 161
1.697602 154 72 70 161
1.699602 155 72 70 161
1.701602 156 72 69 161
1.703602 156 72 69 161
1.705602 157 72 69 161
1.707602 158 72 68 161
1.709602 158 72 68 161
1.711602 159 72 67 162
1.713602 160 72 67 162
1.715602 160 72 67 162
1.717602 161 72 66 162
1.719602 162 72 66 162
1.721602 162 72 66 162
1.723602 163 72 65 162
1.725602 163 72 65 162
1.727602 164 72 64 162
1.729602 165 72 64 162
1.731602 165 72 64 162
1.733602 166 72 63 162
1.735602 167 72 63 162
1.737602 167 72 62 163
1.739602 168 72 62 163
1.741602 169 72 62 163
1.743602 169 72 61 163
1.745602 170 72 61 163
1.747602 170 72 61 163
1.749602 171 72 60 163
1.751602 172 72 60 163
1.753602 172 72 59 163
1.755602 173 72 59 163
1.757602 174 72 59 163
1.759602 174 72 58 163
1.761602 175 72 58 163
1.763602 176 72 57 163
1.765602 176 72 57 163
1.767602 176 72 57 163
1.769602 177 72 57 163
1.771602 177 72 56 163
1.773602 177 72 56 163
1.775602 178 72 56 163
1.777602 178 72 56 163
1.779602 178 72 55 163
1.781602 179 72 55 163
1.783602 179 72 55 163
1.785602 179 72 55 163
1.787602 180 72 54 163
1.789602 180 73 54 162
1.791602 180 73 54 162
1.793602 181 73 54 162
1.795602 181 73 53 162
1.797602 181 73 53 162
1.799602 182 73 53 162
1.801602 182 73 53 162
1.803602 182 73 52 162
1.805602 182 73 52 162
1.807602 183 73 52 162
1.809602 183 73 52 162
1.811602 183 73 51 162
1.813602 184 73 51 162
1.815602 184 73 51 162
1.817602 184 74 51 161
1.819602 185 74 50 161
1.821602 185 74 50 161
1.823602 185 74 50 161
1.825602 186 74 50 161
1.827602 186 74 49 161
1.829602 186 74 49 161
1.831602 187 74 49 161
1.833602 187 74 49 161
1.835602 187 74 48 161
1.837602 188 74 48 161
1.839602 188 74 48 161
1.841602 188 74 48 161
1.843602 188 75 48 160
1.845602 188 75 49 160
1.847602 188 75 49 160
1.849602 188 75 50 160
1.851602 188 75 50 160
1.853602 188 75 51 160
1.855602 188 75 51 160
1.857602 188 75 52 160
1.859602 188 75 52 160
1.861602 188 75 53 159
1.863602 188 75 53 159
1.865602 188 75 54 159
1.867602 188 75 54 159
1.869602 188 76 55 159
1.871602 188 76 55 159
1.873602 188 76 56 159
1.875602 188 76 57 159
1.877602 188 76 57 159
1.879602 188 76 58 159
1.881602 187 76 58 158
1.883602 187 76 59 158
1.885602 187 76 59 158
1.887602 187 76 60 158
1.889602 187 76 60 158
1.891602 187 76 61 158
1.893602 187 76 61 158
1.895602 187 77 62 158
1.897602 187 77 62 158
1.899602 187 77 63 158
1.901602 187 77 64 157
1.903602 187 77 64 157
1.905602 187 77 65 157
1.907602 187 77 65 157
1.909602 187 77 66 157
1.911602 187 77 66 157
1.913602 187 77 67 157
1.915602 187 77 67 157
1.917602 187 77 68 157
1.919602 187 77 68 157
1.921602 187 77 69 157
1.923602 187 77 69 157
1.925602 187 77 69 157
1.927602 187 77 69 157
1.929602 187 77 69 157
1.931602 187 77 70 157
1.933602 187 77 70 157
1.935602 187 77 70 157
1.937602 187 77 70 157
1.939602 187 77 70 157
1.941602 188 77 70 157
1.943602 188 77 71 157
1.945602 188 77 71 157
1.947602 188 76 71 158
1.949602 188 76 71 158
1.951602 188 76 71 158
1.953602 188 76 71 158
1.955602 188 76 72 158
1.957602 188 76 72 158
1.959602 189 76 72 158
1.961602 189 76 72 158
1.963602 189 76 72 158
1.965602 189 76 73 158
1.967602 189 76 73 158
1.969602 189 76 73 158
1.971602 189 76 73 158
1.973602 189 75 73 159
1.975602 189 75 73 159
1.977602 189 75 74 159
1.979602 190 75 74 159
1.981602 190 75 74 159
1.983602 190 75 74 159
1.985602 190 75 74 159
1.987602 190 75 75 159
1.989602 190 75 75 159
1.991602 190 75 75 159
1.993602 190 75 75 159
1.995602 190 75 75 159
1.997602 190 75 75 159
1.999602 190 75 76 160
2.001602 190 75 76 160
2.003602 190 75 76 160
2.005602 190 75 76 160
2.007602 190 75 76 160
2.009602 190 75 77 160
2.011602 190 75 77 160
2.013602 190 75 77 160
2.015602 190 75 77 160
2.017602 190 75 77 160
2.019602 190 75 78 160
2.021602 190 75 78 160
2.023602 190 75 78 160
2.025602 190 75 78 160
2.027602 190 75 78 160
2.029602 190 75 79 160
2.031602 190 75 79 160
2.033602 190 75 79 160
2.035602 190 75 79 160
2.037602 190 75 79 160
2.039602 189 75 80 160
2.041602 189 75 80 160
2.043602 189 75 80 160
2.045602 189 75 80 160
2.047602 189 75 81 160
2.049602 189 75 81 160
2.051602 189 75 81 160
2.053602 189 75 81 160
2.055602 189 75 81 160
2.057602 189 75 82 160
2.059602 189 75 82 160
2.061602 189 75 82 160
2.063602 189 75 82 160
2.065602 189 75 82 160
2.067602 189 75 83 160
2.069602 189 75 83 160
2.071602 189 75 83 160
2.073602 189 75 83 160
2.075602 189 75 83 160
2.077602 189 75 83 161
2.079602 189 75 83 161
2.081602 189 75 83 161
2.083602 190 75 82 161
2.085602 190 75 82 161
2.087602 191 75 82 161
2.089602 191 75 82 161
2.091602 191 75 81 161
2.093602 192 75 81 161
2.095602 192 75 81 161
2.097602 192 75 80 161
2.099602 193 75 80 161
2.101602 193 75 80 161
2.103602 194 75 79 162
2.105602 194 75 79 162
2.107602 194 75 79 162
2.109602 195 75 78 162
2.111602 195 75 78 162
2.113602 196 75 78 162
2.115602 196 75 78 162
2.117602 196 74 77 162
2.119602 197 74 77 162
2.121602 197 74 77 162
2.123602 197 74 76 162
2.125602 198 74 76 162
2.127602 198 74 76 162
2.129602 199 74 75 163
2.131602 199 74 75 163
2.133602 199 74 75 163
2.135602 200 74 75 163
2.137602 200 74 74 163
2.139602 201 74 74 163
2.141602 201 74 74 163
2.143602 201 74 73 163
2.145602 202 74 73 163
2.147602 202 74 73 163
2.149602 202 74 72 163
2.151602 203 74 72 163
2.153602 203 74 72 163
2.155602 204 74 71 163
2.157602 204 74 71 163
2.159602 205 74 71 163
2.161602 205 74 70 163
2.163602 206 74 70 163
2.165602 206 74 70 163
2.167602 207 74 69 163
2.169602 208 74 69 163
2.171602 208 74 69 163
2.173602 209 74 68 163
2.175602 209 74 68 163
2.177602 210 74 68 163
2.179602 210 74 67 163
2.181602 211 74 67 163
2.183602 211 74 67 163
2.185602 212 74 66 163
2.187602 213 74 66 163
2.189602 213 74 66 163
2.191602 214 74 65 163
2.193602 214 74 65 163
2.195602 215 74 65 163
2.197602 215 74 64 163
2.199602 216 74 64 163
2.201602 217 74 64 163
2.203602 217 74 63 163
2.205602 218 74 63 163
2.207602 218 74 63 163
2.209602 219 74 62 163
2.211602 219 74 62 163
2.213602 220 74 62 163
2.215602 220 74 61 163
2.217602 221 74 61 163
2.219602 222 74 61 163
2.221602 222 74 60 163
2.223602 223 74 60 163
2.225602 223 74 60 163
2.227602 224 74 59 163
2.229602 224 74 59 163
2.231602 225 74 59 163
2.233602 226 74 59 163
2.235602 226 74 59 163
2.237602 226 74 59 163
2.239602 226 74 59 163
2.241602 226 74 59 163
2.243602 227 74 59 163
2.245602 227 74 59 163
2.247602 227 74 59 163
2.249602 227 74 59 163
2.251602 228 74 59 163
2.253602 228 74 59 163
2.255602 228 74 59 163
2.257602 228 74 59 163
2.259602 228 74 59 163
2.261602 229 74 59 163
2.263602 229 74 59 163
2.265602 229 74 59 163
2.267602 229 74 59 163
2.269602 230 74 59 163
2.271602 230 74 59 163
2.273602 230 74 59 163
2.275602 230 74 59 163
2.277602 231 74 59 163
2.279602 231 74 59 163
2.281602 231 74 59 163
2.283602 231 74 59 163
2.285602 231 74 59 163
2.287602 232 74 59 163
2.289602 232 74 59 163
2.291602 232 74 59 163
2.293602 232 74 59 163
2.295602 233 74 59 163
2.297602 233 74 59 163
2.299602 233 74 59 163
2.301602 233 74 59 163
2.303602 234 74 59 163
2.305602 234 74 59 163
2.307602 234 74 59 163
2.309602 234 74 59 163
2.311602 234 74 59 163
2.313602 235 74 59 164
2.315602 235 74 59 164
2.317602 235 74 59 164
2.319602 236 74 59 164
2.321602 236 74 59 164
2.323602 236 74 59 164
2.325602 237 74 59 164
2.327602 237 74 59 164
2.329602 237 74 59 164
2.331602 238 74 58 164
2.333602 238 74 58 164
2.335602 238 74 58 164
2.337602 238 74 58 164
2.339602 239 74 58 164
2.341602 239 74 58 164
2.343602 239 74 58 164
2.345602 240 74 58 164
2.347602 240 74 58 164
2.349602 240 74 58 164
2.351602 241 74 57 165
2.353602 241 74 57 165
2.355602 241 74 57 165
2.357602 241 74 57 165
2.359602 242 74 57 165
2.361602 242 74 57 165
2.363602 242 74 57 165
2.365602 243 74 57 165
2.367602 243 74 57 165
2.369602 243 74 57 165
2.371602 244 74 56 165
2.373602 244 74 56 165
2.375602 244 74 56 165
2.377602 245 74 56 165
2.379602 245 74 56 165
2.381602 245 74 56 165
2.383602 245 74 56 165
2.385602 246 74 56 165
2.387602 246 74 56 165
2.389602 246 74 56 165
2.391602 247 74 56 165
2.393602 247 74 56 165
2.395602 247 74 56 165
2.397602 247 74 57 165
2.399602 247 74 57 165
2.401602 247 74 57 165
2.403602 247 74 58 165
2.405602 247 74 58 165
2.407602 247 74 58 164
2.409602 247 74 59 164
2.411602 247 74 59 164
2.413602 247 74 59 164
2.415602 247 74 60 164
2.417602 247 75 60 164
2.419602 247 75 60 164
2.421602 247 75 61 164
2.423602 247 75 61 163
2.425602 247 75 61 163
2.427602 247 75 62 163
2.429602 247 75 62 163
2.431602 247 75 62 163
2.433602 247 75 63 163
2.435602 247 75 63 163
2.437602 247 75 63 162
2.439602 247 75 64 162
2.441602 247 75 64 162
2.443602 247 76 64 162
2.445602 247 76 65 162
2.447602 247 76 65 162
2.449602 247 76 65 162
2.451602 247 76 66 162
2.453602 247 76 66 161
2.455602 247 76 66 161
2.457602 247 76 67 161
2.459602 247 76 67 161
2.461602 247 76 67 161
2.463602 247 76 68 161
2.465602 247 76 68 161
2.467602 247 76 68 161
2.469602 246 77 69 160
2.471602 246 77 69 160
2.473602 246 77 69 160
2.475602 246 77 69 160
2.477602 246 77 69 160
2.479602 246 77 69 160
2.481602 246 77 69 160
2.483602 246 77 70 160
2.485602 246 77 70 160
2.487602 246 77 70 160
2.489602 246 77 70 160
2.491602 246 77 70 160
2.493602 246 77 70 160
2.495602 246 77 71 160
2.497602 246 77 71 160
2.499602 246 77 71 160
2.501602 246 77 71 160
2.503602 246 77 71 160
2.505602 246 77 71 160
2.507602 246 77 71 160
2.509602 246 77 72 160
2.511602 246 77 72 160
2.513602 246 77 72 160
2.515602 246 77 72 160
2.517602 246 77 72 160
2.519602 246 77 72 160
2.521602 246 77 73 160
2.523602 246 77 73 160
2.525602 246 77 73 160
2.527602 246 77 73 160
2.529602 246 77 73 160
2.531602 246 77 73 160
2.533602 246 77 73 160
2.535602 246 77 74 160
2.537602 246 77 74 160
2.539602 246 77 74 160
2.541602 246 77 74 160
2.543602 246 77 74 160
2.545602 246 77 74 160
2.547602 246 78 75 159
2.549602 246 78 75 159
2.551602 246 78 75 159
2.553602 246 78 75 159
2.555602 246 78 75 159
2.557602 246 78 75 159
2.559602 246 78 75 159
2.561602 247 78 75 159
2.563602 247 78 75 158
2.565602 247 78 75 158
2.567602 247 78 75 158
2.569602 247 78 75 158
2.571602 247 78 75 158
2.573602 248 78 75 158
2.575602 248 78 75 158
2.577602 248 78 75 158
2.579602 248 78 75 157
2.581602 248 78 75 157
2.583602 248 78 75 157
2.585602 248 78 75 157
2.587602 249 79 75 157
2.589602 249 79 75 157
2.591602 249 79 75 157
2.593602 249 79 75 157
2.595602 249 79 75 156
2.597602 249 79 75 156
2.599602 250 79 75 156
2.601602 250 79 75 156
2.603602 250 79 75 156
2.605602 250 79 75 156
2.607602 250 79 75 156
2.609602 250 79 75 156
2.611602 250 79 75 155
2.613602 251 79 75 155
2.615602 251 79 75 155
2.617602 251 79 75 155
2.619602 251 79 75 155
2.621602 251 79 75 155
2.623602 251 79 75 155
2.625602 252 79 74 154
2.627602 252 79 74 154
2.629602 253 79 74 154
2.631602 253 79 73 154
2.633602 254 79 73 154
2.635602 254 79 72 154
2.637602 255 79 72 154
2.639602 255 79 72 154
2.641602 256 79 71 154
2.643602 256 79 71 154
2.645602 257 79 70 154
2.647602 257 79 70 154
2.649602 258 79 70 154
2.651602 259 79 69 154
2.653602 259 79 69 154
2.655602 260 79 68 154
2.657602 260 79 68 154
2.659602 261 79 68 154
2.661602 261 79 67 154
2.663602 262 79 67 154
2.665602 262 78 66 154
2.667602 263 78 66 154
2.669602 263 78 65 154
2.671602 264 78 65 154
2.673602 264 78 65 154
2.675602 265 78 64 154
2.677602 266 78 64 154
2.679602 266 78 63 154
2.681602 267 78 63 154
2.683602 267 78 63 154
2.685602 268 78 62 154
2.687602 268 78 62 154
2.689602 269 78 61 154
2.691602 269 78 61 154
2.693602 270 78 61 154
2.695602 270 78 60 154
2.697602 271 78 60 154
2.699602 271 78 59 154
2.701602 272 78 59 154
2.703602 272 78 59 154
2.705602 273 78 58 153
2.707602 273 78 58 153
2.709602 274 78 58 153
2.711602 274 78 58 153
2.713602 274 78 58 153
2.715602 275 78 58 153
2.717602 275 78 57 153
2.719602 276 78 57 153
2.721602 276 78 57 153
2.723602 276 79 57 152
2.725602 277 79 57 152
2.727602 277 79 57 152
2.729602 277 79 57 152
2.731602 278 79 56 152
2.733602 278 79 56 152
2.735602 279 79 56 152
2.737602 279 79 56 152
2.739602 279 79 56 152
2.741602 280 79 56 152
2.743602 280 80 55 151
2.745602 281 80 55 151
2.747602 281 80 55 151
2.749602 281 80 55 151
2.751602 282 80 55 151
2.753602 282 80 55 151
2.755602 282 80 55 151
2.757602 283 80 54 151
2.759602 283 80 54 151
2.761602 284 80 54 151
2.763602 284 81 54 150
2.765602 284 81 54 150
2.767602 285 81 54 150
2.769602 285 81 53 150
2.771602 285 81 53 150
2.773602 286 81 53 150
2.775602 286 81 53 150
2.777602 287 81 53 150
2.779602 287 81 53 150
2.781602 287 81 53 150
