0.008225 264 126 42 88
0.010225 263 125 41 87
0.012225 263 125 41 87
0.014225 263 125 41 87
0.016225 263 125 41 87
0.018225 263 125 41 87
0.020225 263 125 41 87
0.022225 263 125 41 87
0.024225 263 125 41 87
0.026225 263 125 41 87
0.028225 263 125 41 87
0.030225 263 125 41 87
0.032225 263 125 41 87
0.034225 263 125 41 87
0.036225 263 125 41 87
0.038225 263 125 41 87
0.040225 263 125 41 87
0.042225 263 125 41 87
0.044225 263 125 41 87
0.046225 263 125 41 86
0.048225 263 125 41 86
0.050225 263 125 41 86
0.052225 263 125 41 86
0.054225 263 125 41 86
0.056225 263 125 41 86
0.058225 263 125 41 86
0.060225 263 125 41 86
0.062225 263 125 41 86
0.064225 263 125 41 86
0.066225 263 125 41 86
0.068225 263 125 41 86
0.070225 263 125 41 86
0.072225 263 125 41 86
0.074225 263 125 41 86
0.076225 263 125 41 86
0.078225 263 125 41 86
0.080225 263 125 41 86
0.082225 262 124 40 86
0.084225 262 124 40 86
0.086225 262 124 40 86
0.088225 262 124 40 86
0.090225 262 124 40 86
0.092225 262 124 40 86
0.094225 262 124 40 86
0.096225 262 124 40 86
0.098225 262 124 40 86
0.100225 262 124 40 86
0.102225 262 124 40 86
0.104225 262 124 40 86
0.106225 262 124 40 86
0.108225 262 124 40 86
0.110225 262 124 40 86
0.112225 262 124 40 86
0.114225 262 124 40 86
0.116225 262 124 40 86
0.118225 261 124 39 87
0.120225 261 124 39 87
0.122225 261 124 39 87
0.124225 261 124 39 87
0.126225 261 124 39 87
0.128225 261 124 39 87
0.130225 261 124 39 87
0.132225 261 124 39 87
0.134225 261 124 39 87
0.136225 261 124 39 87
0.138225 261 124 39 87
0.140225 261 124 39 87
0.142225 261 124 39 87
0.144225 261 124 39 87
0.146225 261 124 39 87
0.148225 261 124 39 87
0.150225 261 124 39 87
0.152225 261 124 39 87
0.154225 260 123 39 88
0.156225 260 123 39 88
0.158225 260 123 39 88
0.160225 260 123 39 88
0.162225 260 123 39 88
0.164225 260 123 39 88
0.166225 260 123 39 88
0.168225 259 123 39 88
0.170225 259 123 39 88
0.172225 259 123 39 88
0.174225 259 123 39 88
0.176225 259 123 39 88
0.178225 259 123 39 88
0.180225 258 123 39 88
0.182225 258 123 39 88
0.184225 258 123 39 88
0.186225 258 123 39 88
0.188225 258 123 39 88
0.190225 258 123 39 88
0.192225 257 123 39 88
0.194225 257 123 39 88
0.196225 257 123 39 88
0.198225 257 123 39 88
0.200225 257 123 39 88
0.202225 257 123 39 88
0.204225 256 123 39 88
0.206225 256 123 39 88
0.208225 256 123 39 88
0.210225 256 123 39 88
0.212225 256 123 39 88
0.214225 256 123 39 88
0.216225 255 123 39 88
0.218225 255 123 39 88
0.220225 255 123 39 88
0.222225 255 123 39 88
0.224225 255 123 39 88
0.226225 255 123 39 88
0.228225 254 123 39 88
0.230225 254 123 39 88
0.232225 254 123 39 88
0.234225 254 123 39 88
0.236225 254 123 39 88
0.238225 254 123 39 88
0.240225 254 123 39 88
0.242225 254 123 39 88
0.244225 254 123 39 88
0.246225 253 123 39 88
0.248225 253 123 39 88
0.250225 253 123 39 88
0.252225 253 123 39 88
0.254225 253 123 39 88
0.256225 253 123 39 88
0.258225 253 123 39 88
0.260225 253 123 39 88
0.262225 253 123 39 88
0.264225 252 123 39 87
0.266225 252 123 39 87
0.268225 252 123 39 87
0.270225 252 123 39 87
0.272225 252 123 39 87
0.274225 252 123 39 87
0.276225 252 123 39 87
0.278225 252 123 39 87
0.280225 252 123 39 87
0.282225 251 123 39 87
0.284225 251 123 39 87
0.286225 251 123 39 87
0.288225 251 123 39 87
0.290225 251 123 39 87
0.292225 251 123 39 87
0.294225 251 123 39 87
0.296225 251 123 39 87
0.298225 251 123 39 87
0.300225 250 123 39 87
0.302225 250 123 39 87
0.304225 250 123 39 87
0.306225 250 123 39 87
0.308225 250 123 39 87
0.310225 250 123 39 87
0.312225 250 123 39 87
0.314225 250 123 39 87
0.316225 249 123 39 87
0.318225 249 123 39 87
0.320225 249 123 39 87
0.322225 249 123 39 87
0.324225 249 123 39 87
0.326225 249 123 39 88
0.328225 249 123 39 88
0.330225 248 123 39 88
0.332225 248 123 39 88
0.334225 248 123 39 88
0.336225 248 123 39 88
0.338225 248 123 39 88
0.340225 248 123 39 88
0.342225 248 123 39 88
0.344225 247 123 39 88
0.346225 247 123 39 88
0.348225 247 123 39 88
0.350225 247 123 39 89
0.352225 247 123 39 89
0.354225 247 123 39 89
0.356225 247 123 39 89
0.358225 247 123 39 89
0.360225 246 123 39 89
0.362225 246 123 39 89
0.364225 246 123 39 89
0.366225 246 123 39 89
0.368225 246 123 39 89
0.370225 246 123 39 89
0.372225 246 123 39 89
0.374225 245 123 40 89
0.376225 245 123 40 89
0.378225 245 123 40 89
0.380225 245 123 40 89
0.382225 245 123 40 89
0.384225 245 123 40 89
0.386225 245 123 40 89
0.388225 245 123 40 89
0.390225 245 123 40 89
0.392225 245 123 40 89
0.394225 245 123 40 89
0.396225 245 123 40 89
0.398225 245 123 40 88
0.400225 245 123 40 88
0.402225 245 123 40 88
0.404225 245 123 40 88
0.406225 245 123 40 88
0.408225 245 123 40 88
0.410225 244 123 40 88
0.412225 244 123 40 88
0.414225 244 123 40 88
0.416225 244 123 40 88
0.418225 244 123 40 88
0.420225 244 123 40 88
0.422225 244 123 40 87
0.424225 244 123 40 87
0.426225 244 123 40 87
0.428225 244 123 40 87
0.430225 244 123 40 87
0.432225 244 123 40 87
0.434225 244 123 40 87
0.436225 244 123 40 87
0.438225 244 123 40 87
0.440225 244 123 40 87
0.442225 244 123 40 87
0.444225 244 123 40 87
0.446225 243 123 40 87
0.448225 243 123 40 87
0.450225 243 123 40 87
0.452225 243 123 40 87
0.454225 243 123 40 87
0.456225 243 123 40 87
0.458225 243 123 40 87
0.460225 243 123 40 87
0.462225 243 123 40 87
0.464225 243 123 40 87
0.466225 243 123 40 87
0.468225 243 123 40 87
0.470225 243 123 40 87
0.472225 242 123 40 88
0.474225 242 123 40 88
0.476225 242 123 40 88
0.478225 242 123 40 88
0.480225 242 123 40 88
0.482225 242 123 40 88
0.484225 242 123 40 88
0.486225 242 123 40 88
0.488225 242 123 40 88
0.490225 242 123 40 88
0.492225 242 123 40 88
0.494225 242 123 40 88
0.496225 241 123 40 89
0.498225 241 123 40 89
0.500225 241 123 40 89
0.502225 241 123 40 89
0.504225 241 123 40 89
0.506225 241 123 40 89
0.508225 241 123 40 89
0.510225 241 123 40 89
0.512225 241 123 40 89
0.514225 241 123 40 89
0.516225 241 123 40 89
0.518225 241 123 40 89
0.520225 240 123 39 90
0.522225 240 123 39 90
0.524225 240 123 39 90
0.526225 240 123 39 90
0.528225 240 123 39 90
0.530225 240 123 39 90
0.532225 240 123 39 90
0.534225 240 123 39 90
0.536225 240 123 39 90
0.538225 240 123 39 90
0.540225 240 123 39 90
0.542225 240 123 39 90
0.544225 240 123 38 90
0.546225 240 123 38 90
0.548225 240 123 38 90
0.550225 240 123 38 90
0.552225 240 123 38 90
0.554225 240 123 38 90
0.556225 239 123 38 90
0.558225 239 123 38 90
0.560225 239 123 38 90
0.562225 239 123 38 90
0.564225 239 123 38 90
0.566225 239 123 38 90
0.568225 239 123 37 90
0.570225 239 123 37 90
0.572225 239 123 37 90
0.574225 239 123 37 90
0.576225 239 123 37 90
0.578225 239 123 37 90
0.580225 239 123 37 90
0.582225 239 123 37 90
0.584225 239 123 37 90
0.586225 239 123 37 90
0.588225 239 123 37 90
0.590225 239 123 37 90
0.592225 238 122 36 90
0.594225 238 122 36 90
0.596225 238 122 36 90
0.598225 238 122 36 90
0.600225 238 122 36 90
0.602225 238 122 36 90
0.604225 238 122 36 90
0.606225 238 122 36 90
0.608225 238 122 36 90
0.610225 238 122 36 90
0.612225 238 122 36 90
0.614225 238 122 36 90
0.616225 238 122 35 90
0.618225 238 122 35 90
0.620225 238 122 35 90
0.622225 238 122 35 90
0.624225 238 122 35 90
0.626225 238 122 35 90
0.628225 238 122 35 90
0.630225 237 122 35 89
0.632225 237 122 35 89
0.634225 237 122 35 89
0.636225 237 122 35 89
0.638225 237 122 35 89
0.640225 237 122 35 89
0.642225 237 122 34 89
0.644225 237 122 34 89
0.646225 237 122 34 89
0.648225 237 122 34 89
0.650225 237 122 34 89
0.652225 237 122 34 89
0.654225 237 122 34 89
0.656225 237 122 34 89
0.658225 237 122 34 89
0.660225 237 122 34 89
0.662225 237 122 34 89
0.664225 237 122 34 89
0.666225 236 121 34 89
0.668225 236 121 34 89
0.670225 236 121 34 89
0.672225 236 121 34 89
0.674225 236 121 34 89
0.676225 236 121 34 89
0.678225 236 121 34 89
0.680225 235 121 34 90
0.682225 235 121 34 90
0.684225 235 121 34 90
0.686225 235 121 34 90
0.688225 235 121 34 90
0.690225 235 121 35 90
0.692225 235 121 35 90
0.694225 234 121 35 91
0.696225 234 121 35 91
0.698225 234 121 35 91
0.700225 234 121 35 91
0.702225 234 120 35 91
0.704225 234 120 35 91
0.706225 234 120 35 91
0.708225 234 120 35 91
0.710225 233 120 35 92
0.712225 233 120 35 92
0.714225 233 120 36 92
0.716225 233 120 36 92
0.718225 233 120 36 92
0.720225 233 120 36 92
0.722225 233 120 36 92
0.724225 232 120 36 93
0.726225 232 120 36 93
0.728225 232 120 36 93
0.730225 232 120 36 93
0.732225 232 120 36 93
0.734225 232 120 36 93
0.736225 232 120 36 93
0.738225 231 120 37 93
0.740225 231 120 37 93
0.742225 231 120 37 93
0.744225 231 120 37 93
0.746225 231 120 37 93
0.748225 230 120 37 93
0.750225 230 120 37 93
0.752225 230 120 37 93
0.754225 230 120 37 93
0.756225 230 120 38 93
0.758225 230 120 38 93
0.760225 229 120 38 93
0.762225 229 120 38 93
0.764225 229 120 38 93
0.766225 229 120 38 93
0.768225 229 120 38 93
0.770225 228 120 38 93
0.772225 228 120 38 93
0.774225 228 120 38 93
0.776225 228 120 39 93
0.778225 228 120 39 93
0.780225 227 120 39 93
0.782225 227 120 39 93
0.784225 227 120 39 93
0.786225 227 120 39 93
0.788225 227 120 39 93
0.790225 226 120 39 93
0.792225 226 120 39 93
0.794225 226 120 40 93
0.796225 226 120 40 93
0.798225 226 120 40 93
0.800225 226 120 40 93
0.802225 225 120 40 93
0.804225 225 120 40 93
0.806225 225 120 40 93
0.808225 225 120 40 93
0.810225 225 120 40 93
0.812225 225 120 40 93
0.814225 225 120 40 93
0.816225 225 120 40 93
0.818225 225 120 40 93
0.820225 225 120 40 93
0.822225 225 120 40 93
0.824225 225 120 40 93
0.826225 225 120 40 93
0.828225 225 120 40 93
0.830225 225 120 40 93
0.832225 225 120 40 93
0.834225 225 120 40 93
0.836225 225 120 39 93
0.838225 225 120 39 93
0.840225 225 120 39 93
0.842225 225 120 39 93
0.844225 225 120 39 93
0.846225 225 120 39 93
0.848225 225 120 39 93
0.850225 225 120 39 93
0.852225 225 120 39 93
0.854225 225 120 39 93
0.856225 225 120 39 93
0.858225 225 120 39 93
0.860225 225 120 38 93
0.862225 225 120 38 93
0.864225 225 120 38 93
0.866225 225 120 38 93
0.868225 225 120 38 93
0.870225 225 120 38 93
0.872225 225 120 38 93
0.874225 225 120 38 93
0.876225 225 120 38 93
0.878225 225 120 38 93
0.880225 225 120 38 93
0.882225 225 120 38 93
0.884225 224 120 38 93
0.886225 224 120 38 93
0.888225 224 120 38 93
0.890225 224 120 38 93
0.892225 223 120 38 93
0.894225 223 120 39 93
0.896225 223 120 39 93
0.898225 223 120 39 93
0.900225 222 120 39 93
0.902225 222 120 39 93
0.904225 222 120 39 93
0.906225 222 120 40 93
0.908225 221 120 40 93
0.910225 221 120 40 93
0.912225 221 120 40 93
0.914225 221 120 40 93
0.916225 220 120 41 93
0.918225 220 120 41 93
0.920225 220 120 41 93
0.922225 220 120 41 93
0.924225 220 120 41 93
0.926225 219 120 42 93
0.928225 219 120 42 93
0.930225 219 120 42 93
0.932225 219 120 42 93
0.934225 218 120 42 93
0.936225 218 120 43 93
0.938225 218 120 43 93
0.940225 218 120 43 93
0.942225 217 120 43 93
0.944225 217 120 43 93
0.946225 217 120 43 93
0.948225 217 120 44 93
0.950225 216 120 44 93
0.952225 216 120 44 93
0.954225 216 120 44 93
0.956225 216 120 44 93
0.958225 215 120 45 93
0.960225 215 120 45 93
0.962225 215 120 45 93
0.964225 215 120 45 93
0.966225 215 120 45 93
0.968225 215 120 45 93
0.970225 215 120 45 93
0.972225 214 120 45 93
0.974225 214 120 45 93
0.976225 214 120 45 93
0.978225 214 120 45 93
0.980225 214 120 45 93
0.982225 214 120 45 93
0.984225 214 120 45 93
0.986225 213 120 45 93
0.988225 213 120 45 93
0.990225 213 120 45 93
0.992225 213 120 45 93
0.994225 213 121 46 93
0.996225 213 121 46 93
0.998225 213 121 46 93
1.000225 213 121 46 93
1.002225 212 121 46 93
1.004225 212 121 46 93
1.006225 212 121 46 93
1.008225 212 121 46 93
1.010225 212 121 46 93
1.012225 212 121 46 93
1.014225 212 121 46 93
1.016225 211 121 46 93
1.018225 211 121 46 93
1.020225 211 121 46 93
1.022225 211 121 46 93
1.024225 211 121 46 93
1.026225 211 121 46 93
1.028225 211 121 46 93
1.030225 210 122 46 92
1.032225 210 122 46 92
1.034225 210 122 46 92
1.036225 210 122 46 92
1.038225 210 122 46 92
1.040225 210 122 46 92
1.042225 210 122 46 92
1.044225 210 122 45 92
1.046225 210 122 45 92
1.048225 210 122 45 92
1.050225 210 122 45 92
1.052225 210 122 45 92
1.054225 210 122 45 91
1.056225 210 122 45 91
1.058225 210 122 45 91
1.060225 210 122 44 91
1.062225 210 122 44 91
1.064225 210 122 44 91
1.066225 210 123 44 91
1.068225 210 123 44 91
1.070225 210 123 44 91
1.072225 210 123 44 91
1.074225 210 123 43 91
1.076225 210 123 43 91
1.078225 210 123 43 91
1.080225 210 123 43 90
1.082225 210 123 43 90
1.084225 210 123 43 90
1.086225 210 123 43 90
1.088225 210 123 42 90
1.090225 210 123 42 90
1.092225 210 123 42 90
1.094225 210 123 42 90
1.096225 210 123 42 90
1.098225 210 123 42 90
1.100225 210 123 42 90
1.102225 210 123 42 90
1.104225 209 123 42 90
1.106225 209 123 42 90
1.108225 209 123 42 90
1.110225 209 123 42 90
1.112225 209 123 42 90
1.114225 209 123 42 90
1.116225 209 123 42 90
1.118225 208 123 42 90
1.120225 208 123 42 90
1.122225 208 123 42 90
1.124225 208 123 42 90
1.126225 208 123 42 90
1.128225 208 123 42 91
1.130225 208 123 42 91
1.132225 207 123 42 91
1.134225 207 123 42 91
1.136225 207 123 42 91
1.138225 207 123 42 91
1.140225 207 122 42 91
1.142225 207 122 42 91
1.144225 207 122 42 91
1.146225 207 122 42 91
1.148225 206 122 42 91
1.150225 206 122 42 91
1.152225 206 122 42 92
1.154225 206 122 42 92
1.156225 206 122 42 92
1.158225 206 122 42 92
1.160225 206 122 42 92
1.162225 205 122 42 92
1.164225 205 122 42 92
1.166225 205 122 42 92
1.168225 205 122 42 92
1.170225 205 122 42 92
1.172225 205 122 42 92
1.174225 205 122 42 92
1.176225 204 122 41 93
1.178225 204 122 41 93
1.180225 204 122 41 93
1.182225 204 122 41 93
1.184225 204 122 41 93
1.186225 204 122 41 93
1.188225 204 122 41 93
1.190225 204 122 41 93
1.192225 204 122 41 93
1.194225 203 122 41 93
1.196225 203 122 41 93
1.198225 203 122 41 93
1.200225 203 122 40 93
1.202225 203 122 40 93
1.204225 203 122 40 93
1.206225 203 122 40 93
1.208225 203 122 40 93
1.210225 203 122 40 93
1.212225 202 122 40 93
1.214225 202 122 40 93
1.216225 202 122 40 93
1.218225 202 122 40 93
1.220225 202 122 40 93
1.222225 202 122 40 93
1.224225 202 122 39 93
1.226225 202 122 39 93
1.228225 202 122 39 93
1.230225 202 122 39 93
1.232225 201 122 39 93
1.234225 201 122 39 93
1.236225 201 122 39 93
1.238225 201 122 39 93
1.240225 201 122 39 93
1.242225 201 122 39 93
1.244225 201 122 39 93
1.246225 201 122 39 93
1.248225 201 122 39 93
1.250225 200 121 38 93
1.252225 200 121 38 93
1.254225 200 121 38 93
1.256225 200 121 38 93
1.258225 200 121 38 93
1.260225 200 121 38 93
1.262225 200 121 38 93
1.264225 200 121 38 93
1.266225 200 121 38 93
1.268225 200 121 38 93
1.270225 200 121 38 93
1.272225 200 121 38 93
1.274225 200 121 37 93
1.276225 200 121 37 93
1.278225 200 121 37 93
1.280225 200 121 37 93
1.282225 200 121 37 93
1.284225 200 121 37 93
1.286225 200 121 37 93
1.288225 200 121 37 93
1.290225 200 121 37 93
1.292225 200 121 37 93
1.294225 200 121 37 93
1.296225 200 121 37 93
1.298225 200 121 36 93
1.300225 200 121 36 93
1.302225 200 121 36 93
1.304225 200 121 36 93
1.306225 200 121 36 93
1.308225 200 121 36 93
1.310225 200 121 36 93
1.312225 200 121 36 93
1.314225 200 121 36 93
1.316225 200 121 36 93
1.318225 200 121 36 93
1.320225 200 121 36 93
1.322225 199 120 36 93
1.324225 199 120 36 93
1.326225 199 120 36 93
1.328225 199 120 36 93
1.330225 199 120 36 93
1.332225 198 120 37 93
1.334225 198 120 37 93
1.336225 198 120 37 93
1.338225 198 120 37 93
1.340225 197 120 37 93
1.342225 197 120 37 93
1.344225 197 120 38 93
1.346225 197 120 38 93
1.348225 197 120 38 93
1.350225 196 120 38 93
1.352225 196 120 38 93
1.354225 196 120 39 93
1.356225 196 120 39 93
1.358225 195 120 39 93
1.360225 195 120 39 93
1.362225 195 120 39 93
1.364225 195 120 40 93
1.366225 195 120 40 93
1.368225 194 120 40 93
1.370225 194 120 40 93
1.372225 194 120 40 93
1.374225 194 120 41 93
1.376225 193 120 41 93
1.378225 193 120 41 93
1.380225 193 120 41 93
1.382225 193 120 41 93
1.384225 193 120 42 93
1.386225 192 120 42 93
1.388225 192 120 42 93
1.390225 192 120 42 93
1.392225 192 120 42 93
1.394225 192 120 42 93
1.396225 191 119 42 94
1.398225 191 119 42 94
1.400225 191 119 42 94
1.402225 191 119 42 94
1.404225 191 119 42 94
1.406225 191 119 42 95
1.408225 191 119 42 95
1.410225 191 119 42 95
1.412225 191 119 42 95
1.414225 191 119 42 95
1.416225 191 119 42 96
1.418225 191 119 42 96
1.420225 191 118 42 96
1.422225 191 118 42 96
1.424225 191 118 42 96
1.426225 191 118 42 97
1.428225 191 118 42 97
1.430225 191 118 42 97
1.432225 190 118 42 97
1.434225 190 118 42 97
1.436225 190 118 42 98
1.438225 190 118 42 98
1.440225 190 118 42 98
1.442225 190 118 42 98
1.444225 190 117 42 98
1.446225 190 117 42 98
1.448225 190 117 42 99
1.450225 190 117 42 99
1.452225 190 117 42 99
1.454225 190 117 42 99
1.456225 190 117 42 99
1.458225 190 117 42 100
1.460225 190 117 42 100
1.462225 190 117 42 100
1.464225 190 117 42 100
1.466225 190 117 42 100
1.468225 189 117 42 101
1.470225 189 117 42 101
1.472225 189 117 42 101
1.474225 189 117 42 101
1.476225 189 117 42 101
1.478225 189 117 42 101
1.480225 188 117 42 101
1.482225 188 117 42 101
1.484225 188 117 42 101
1.486225 188 117 42 101
1.488225 188 117 42 101
1.490225 188 117 42 101
1.492225 187 117 42 101
1.494225 187 117 42 101
1.496225 187 117 42 101
1.498225 187 117 42 101
1.500225 187 117 42 101
1.502225 187 117 42 101
1.504225 186 117 42 101
1.506225 186 117 42 101
1.508225 186 117 42 101
1.510225 186 117 42 101
1.512225 186 117 42 101
1.514225 186 117 42 101
1.516225 185 117 42 101
1.518225 185 117 42 101
1.520225 185 117 42 101
1.522225 185 117 42 101
1.524225 185 117 42 101
1.526225 185 117 42 101
1.528225 184 117 42 101
1.530225 184 117 42 101
1.532225 184 117 42 101
1.534225 184 117 42 101
1.536225 184 117 42 101
1.538225 184 117 42 101
1.540225 184 117 42 101
1.542225 183 117 43 102
1.544225 183 117 43 102
1.546225 183 117 43 102
1.548225 183 117 43 102
1.550225 183 117 43 102
1.552225 183 117 43 102
1.554225 183 117 43 102
1.556225 183 117 43 102
1.558225 183 117 43 102
1.560225 182 117 44 102
1.562225 182 117 44 102
1.564225 182 117 44 102
1.566225 182 117 44 102
1.568225 182 117 44 102
1.570225 182 117 44 102
1.572225 182 117 44 102
1.574225 182 117 44 102
1.576225 182 117 44 102
1.578225 181 117 45 102
1.580225 181 117 45 102
1.582225 181 117 45 102
1.584225 181 117 45 102
1.586225 181 117 45 102
1.588225 181 117 45 102
1.590225 181 117 45 102
1.592225 181 117 45 102
1.594225 181 117 45 102
1.596225 180 117 46 102
1.598225 180 117 46 102
1.600225 180 117 46 102
1.602225 180 117 46 102
1.604225 180 117 46 102
1.606225 180 117 46 102
1.608225 180 117 46 102
1.610225 180 117 46 102
1.612225 180 117 46 102
1.614225 179 117 46 102
1.616225 179 117 46 102
1.618225 179 117 46 102
1.620225 179 117 46 102
1.622225 179 117 46 102
1.624225 179 117 46 102
1.626225 179 117 46 102
1.628225 179 117 46 102
1.630225 179 117 46 102
1.632225 179 117 46 102
1.634225 179 117 46 102
1.636225 179 117 46 102
1.638225 179 117 46 102
1.640225 179 117 46 102
1.642225 179 117 46 102
1.644225 179 117 46 102
1.646225 179 117 46 102
1.648225 179 117 46 102
1.650225 178 117 45 102
1.652225 178 117 45 102
1.654225 178 117 45 102
1.656225 178 117 45 102
1.658225 178 117 45 102
1.660225 178 117 45 102
1.662225 178 117 45 102
1.664225 178 117 45 102
1.666225 178 117 45 102
1.668225 178 117 45 102
1.670225 178 117 45 102
1.672225 178 117 45 102
1.674225 178 117 45 102
1.676225 178 117 45 102
1.678225 178 117 45 102
1.680225 178 117 45 102
1.682225 178 117 45 102
1.684225 178 117 45 102
1.686225 177 117 44 103
1.688225 177 117 44 103
1.690225 177 117 44 103
1.692225 177 117 44 103
1.694225 177 117 44 103
1.696225 177 117 44 103
1.698225 177 117 44 103
1.700225 177 117 43 103
1.702225 177 117 43 103
1.704225 177 117 43 103
1.706225 177 117 43 103
1.708225 177 117 43 103
1.710225 177 117 43 103
1.712225 177 117 42 103
1.714225 177 117 42 103
1.716225 177 117 42 103
1.718225 177 117 42 103
1.720225 177 117 42 103
1.722225 177 117 42 103
1.724225 177 117 41 103
1.726225 177 117 41 103
1.728225 177 117 41 103
1.730225 177 117 41 103
1.732225 177 117 41 103
1.734225 177 117 41 103
1.736225 177 117 40 103
1.738225 177 117 40 103
1.740225 177 117 40 103
1.742225 177 117 40 103
1.744225 177 117 40 103
1.746225 177 117 40 103
1.748225 177 117 39 103
1.750225 177 117 39 103
1.752225 177 117 39 103
1.754225 177 117 39 103
1.756225 177 117 39 103
1.758225 177 117 39 103
1.760225 176 117 39 103
1.762225 176 117 39 103
1.764225 176 117 39 103
1.766225 176 117 39 103
1.768225 176 117 39 103
1.770225 175 117 39 103
1.772225 175 117 39 103
1.774225 175 117 39 103
1.776225 175 117 39 103
1.778225 175 117 39 103
1.780225 174 117 39 103
1.782225 174 117 39 103
1.784225 174 117 39 102
1.786225 174 117 39 102
1.788225 174 117 39 102
1.790225 174 117 39 102
1.792225 173 117 39 102
1.794225 173 117 39 102
1.796225 173 117 39 102
1.798225 173 117 39 102
1.800225 173 117 39 102
1.802225 172 117 39 102
1.804225 172 117 39 102
1.806225 172 117 39 102
1.808225 172 117 39 101
1.810225 172 117 39 101
1.812225 171 117 39 101
1.814225 171 117 39 101
1.816225 171 117 39 101
1.818225 171 117 39 101
1.820225 171 117 39 101
1.822225 170 117 39 101
1.824225 170 117 39 101
1.826225 170 117 39 101
1.828225 170 117 39 101
1.830225 170 117 39 101
1.832225 169 116 39 101
1.834225 169 116 39 101
1.836225 169 116 39 101
1.838225 169 116 39 101
1.840225 169 116 39 101
1.842225 169 116 39 101
1.844225 169 116 39 102
1.846225 169 116 39 102
1.848225 169 115 39 102
1.850225 169 115 39 102
1.852225 169 115 39 102
1.854225 169 115 39 103
1.856225 169 115 39 103
1.858225 169 115 39 103
1.860225 169 115 39 103
1.862225 169 114 39 103
1.864225 169 114 39 104
1.866225 169 114 39 104
1.868225 169 114 39 104
1.870225 168 114 38 104
1.872225 168 114 38 104
1.874225 168 114 38 105
1.876225 168 113 38 105
1.878225 168 113 38 105
1.880225 168 113 38 105
1.882225 168 113 38 105
1.884225 168 113 38 105
1.886225 168 113 38 106
1.888225 168 113 38 106
1.890225 168 113 38 106
1.892225 168 112 38 106
1.894225 168 112 38 106
1.896225 168 112 38 107
1.898225 168 112 38 107
1.900225 168 112 38 107
1.902225 168 112 38 107
1.904225 168 112 38 107
1.906225 167 112 38 107
1.908225 167 112 38 107
1.910225 167 112 38 107
1.912225 167 112 38 107
1.914225 167 112 38 107
1.916225 167 112 38 107
1.918225 166 112 38 107
1.920225 166 112 38 107
1.922225 166 112 38 107
1.924225 166 112 38 107
1.926225 166 112 38 107
1.928225 166 112 38 107
1.930225 165 112 38 106
1.932225 165 112 38 106
1.934225 165 112 38 106
1.936225 165 112 38 106
1.938225 165 112 38 106
1.940225 165 112 38 106
1.942225 164 112 38 106
1.944225 164 112 38 106
1.946225 164 112 38 106
1.948225 164 112 38 106
1.950225 164 112 38 106
1.952225 164 112 38 106
1.954225 163 112 38 105
1.956225 163 112 38 105
1.958225 163 112 38 105
1.960225 163 112 38 105
1.962225 163 112 38 105
1.964225 163 112 38 105
1.966225 162 112 38 105
1.968225 162 112 38 105
1.970225 162 112 38 105
1.972225 162 112 38 105
1.974225 162 112 38 105
1.976225 162 112 38 105
1.978225 161 112 38 105
1.980225 161 112 38 105
1.982225 161 112 38 105
1.984225 161 112 38 105
1.986225 161 112 38 105
1.988225 161 112 38 105
1.990225 161 112 38 105
1.992225 161 112 38 105
1.994225 160 112 38 105
1.996225 160 112 38 105
1.998225 160 112 38 105
2.000225 160 112 38 105
2.002225 160 112 38 105
2.004225 160 112 39 105
2.006225 160 112 39 105
2.008225 159 112 39 105
2.010225 159 112 39 105
2.012225 159 112 39 105
2.014225 159 112 39 105
2.016225 159 111 39 105
2.018225 159 111 39 105
2.020225 159 111 39 105
2.022225 158 111 39 105
2.024225 158 111 39 105
2.026225 158 111 39 105
2.028225 158 111 40 105
2.030225 158 111 40 105
2.032225 158 111 40 105
2.034225 158 111 40 105
2.036225 158 111 40 105
2.038225 157 111 40 105
2.040225 157 111 40 105
2.042225 157 111 40 105
2.044225 157 111 40 105
2.046225 157 111 40 105
2.048225 157 111 40 105
2.050225 157 111 40 105
2.052225 156 111 41 105
2.054225 156 111 41 105
2.056225 156 111 41 105
2.058225 156 111 41 105
2.060225 156 111 41 105
2.062225 156 111 41 105
2.064225 156 111 41 105
2.066225 155 111 41 105
2.068225 155 111 41 105
2.070225 155 111 41 105
2.072225 155 111 41 105
2.074225 155 111 41 105
2.076225 155 111 41 105
2.078225 155 111 41 105
2.080225 154 111 41 105
2.082225 154 111 41 105
2.084225 154 111 41 105
2.086225 154 111 41 105
2.088225 154 112 41 105
2.090225 154 112 41 105
2.092225 154 112 41 105
2.094225 154 112 41 105
2.096225 153 112 41 105
2.098225 153 112 41 105
2.100225 153 112 41 105
2.102225 153 112 41 105
2.104225 153 112 41 105
2.106225 153 112 41 105
2.108225 153 112 41 105
2.110225 152 112 41 105
2.112225 152 112 41 105
2.114225 152 112 41 105
2.116225 152 112 41 105
2.118225 152 112 41 105
2.120225 152 112 41 105
2.122225 152 112 41 105
2.124225 151 113 42 105
2.126225 151 113 42 105
2.128225 151 113 42 105
2.130225 151 113 42 105
2.132225 151 113 42 105
2.134225 151 113 42 105
2.136225 151 114 43 105
2.138225 151 114 43 105
2.140225 151 114 43 104
2.142225 151 114 43 104
2.144225 151 114 43 104
2.146225 151 115 43 104
2.148225 151 115 43 104
2.150225 150 115 44 104
2.152225 150 115 44 104
2.154225 150 115 44 103
2.156225 150 116 44 103
2.158225 150 116 44 103
2.160225 150 116 44 103
2.162225 150 116 45 103
2.164225 150 116 45 103
2.166225 150 117 45 103
2.168225 150 117 45 102
2.170225 150 117 45 102
2.172225 150 117 45 102
2.174225 149 117 46 102
2.176225 149 118 46 102
2.178225 149 118 46 102
2.180225 149 118 46 102
2.182225 149 118 46 102
2.184225 149 118 46 101
2.186225 149 118 47 101
2.188225 149 119 47 101
2.190225 149 119 47 101
2.192225 149 119 47 101
2.194225 149 119 47 101
2.196225 149 119 47 101
2.198225 148 119 47 100
2.200225 148 119 47 100
2.202225 148 119 47 100
2.204225 148 119 47 100
2.206225 148 119 47 100
2.208225 148 119 46 100
2.210225 148 119 46 100
2.212225 148 119 46 100
2.214225 148 119 46 100
2.216225 147 119 46 100
2.218225 147 119 45 100
2.220225 147 119 45 100
2.222225 147 119 45 100
2.224225 147 119 45 100
2.226225 147 119 45 100
2.228225 147 119 44 100
2.230225 147 119 44 100
2.232225 147 119 44 100
2.234225 146 119 44 100
2.236225 146 119 44 100
2.238225 146 119 44 100
2.240225 146 119 43 100
2.242225 146 119 43 100
2.244225 146 119 43 100
2.246225 146 119 43 100
2.248225 146 119 43 100
2.250225 146 119 42 100
2.252225 145 119 42 100
2.254225 145 119 42 100
2.256225 145 119 42 100
2.258225 145 119 42 100
2.260225 145 119 41 100
2.262225 145 119 41 100
2.264225 145 119 41 100
2.266225 145 119 41 100
2.268225 145 119 41 100
2.270225 145 118 40 100
2.272225 145 118 40 100
2.274225 145 118 40 100
2.276225 145 118 40 100
2.278225 145 118 40 100
2.280225 145 118 40 100
2.282225 145 118 40 100
2.284225 145 118 40 100
2.286225 145 118 40 100
2.288225 145 118 39 100
2.290225 145 118 39 100
2.292225 145 118 39 100
2.294225 145 118 39 100
2.296225 145 118 39 100
2.298225 145 118 39 100
2.300225 145 118 39 100
2.302225 145 118 39 100
2.304225 145 118 39 100
2.306225 145 118 39 100
2.308225 145 118 38 100
2.310225 145 118 38 100
2.312225 145 118 38 100
2.314225 145 118 38 100
2.316225 145 118 38 100
2.318225 145 118 38 100
2.320225 145 118 38 100
2.322225 145 118 38 100
2.324225 145 118 38 100
2.326225 145 118 37 100
2.328225 145 118 37 100
2.330225 145 118 37 100
2.332225 145 118 37 100
2.334225 145 118 37 100
2.336225 145 118 37 100
2.338225 145 118 37 100
2.340225 145 118 37 100
2.342225 145 118 37 100
2.344225 144 117 37 101
2.346225 144 117 37 101
2.348225 144 117 37 101
2.350225 143 117 37 101
2.352225 143 117 37 101
2.354225 143 117 37 101
2.356225 142 117 37 101
2.358225 142 117 37 101
2.360225 142 117 37 101
2.362225 142 117 38 101
2.364225 141 117 38 101
2.366225 141 117 38 101
2.368225 141 117 38 102
2.370225 140 117 38 102
2.372225 140 117 38 102
2.374225 140 117 38 102
2.376225 139 117 38 102
2.378225 139 117 38 102
2.380225 139 117 39 102
2.382225 139 117 39 102
2.384225 138 117 39 102
2.386225 138 117 39 102
2.388225 138 117 39 102
2.390225 137 117 39 102
2.392225 137 117 39 103
2.394225 137 117 39 103
2.396225 136 117 39 103
2.398225 136 117 40 103
2.400225 136 117 40 103
2.402225 136 117 40 103
2.404225 135 117 40 103
2.406225 135 117 40 103
2.408225 135 117 40 103
2.410225 134 117 40 103
2.412225 134 117 40 103
2.414225 134 117 40 103
2.416225 133 117 40 103
2.418225 133 117 40 103
2.420225 133 117 40 103
2.422225 133 117 40 103
2.424225 133 117 40 103
2.426225 133 117 40 103
2.428225 132 117 40 102
2.430225 132 117 40 102
2.432225 132 117 40 102
2.434225 132 117 39 102
2.436225 132 117 39 102
2.438225 132 117 39 102
2.440225 131 118 39 101
2.442225 131 118 39 101
2.444225 131 118 39 101
2.446225 131 118 39 101
2.448225 131 118 39 101
2.450225 131 118 39 101
2.452225 131 118 39 101
2.454225 130 118 38 100
2.456225 130 118 38 100
2.458225 130 118 38 100
2.460225 130 118 38 100
2.462225 130 118 38 100
2.464225 130 118 38 100
2.466225 129 119 38 99
2.468225 129 119 38 99
2.470225 129 119 38 99
2.472225 129 119 37 99
2.474225 129 119 37 99
2.476225 129 119 37 99
2.478225 128 119 37 98
2.480225 128 119 37 98
2.482225 128 119 37 98
2.484225 128 119 37 98
2.486225 128 119 37 98
2.488225 128 119 37 98
2.490225 128 119 36 98
2.492225 128 119 36 98
2.494225 128 119 36 99
2.496225 128 119 36 99
2.498225 128 118 36 99
2.500225 128 118 36 100
2.502225 128 118 36 100
2.504225 128 118 35 101
2.506225 128 117 35 101
2.508225 128 117 35 102
2.510225 128 117 35 102
2.512225 128 117 35 102
2.514225 128 116 35 103
2.516225 128 116 35 103
2.518225 128 116 34 104
2.520225 128 116 34 104
2.522225 128 115 34 104
2.524225 128 115 34 105
2.526225 128 115 34 105
2.528225 128 115 34 106
2.530225 128 114 34 106
2.532225 128 114 34 106
2.534225 128 114 33 107
2.536225 128 114 33 107
2.538225 128 113 33 108
2.540225 128 113 33 108
2.542225 128 113 33 108
2.544225 128 113 33 109
2.546225 128 112 33 109
2.548225 128 112 32 110
2.550225 128 112 32 110
2.552225 128 112 32 111
2.554225 128 111 32 111
2.556225 128 111 32 111
2.558225 128 111 32 112
2.560225 128 111 32 112
2.562225 127 111 32 112
2.564225 127 111 32 112
2.566225 127 111 32 112
2.568225 127 111 32 111
2.570225 127 111 32 111
2.572225 127 112 32 110
2.574225 127 112 32 110
2.576225 127 112 32 110
2.578225 127 112 33 109
2.580225 127 112 33 109
2.582225 127 112 33 108
2.584225 127 113 33 108
2.586225 127 113 33 107
2.588225 127 113 33 107
2.590225 127 113 33 107
2.592225 127 113 34 106
2.594225 127 114 34 106
2.596225 127 114 34 105
2.598225 126 114 34 105
2.600225 126 114 34 105
2.602225 126 114 34 104
2.604225 126 115 34 104
2.606225 126 115 35 103
2.608225 126 115 35 103
2.610225 126 115 35 103
2.612225 126 115 35 102
2.614225 126 116 35 102
2.616225 126 116 35 101
2.618225 126 116 35 101
2.620225 126 116 36 100
2.622225 126 116 36 100
2.624225 126 116 36 100
2.626225 126 117 36 99
2.628225 126 117 36 99
2.630225 126 117 36 98
2.632225 126 117 36 98
2.634225 126 117 36 98
2.636225 125 118 37 97
2.638225 125 118 37 97
2.640225 125 118 37 97
2.642225 124 118 37 97
2.644225 124 118 38 97
2.646225 124 118 38 97
2.648225 123 118 38 97
2.650225 123 118 38 97
2.652225 123 118 39 97
2.654225 123 118 39 97
2.656225 122 118 39 97
2.658225 122 118 39 97
2.660225 122 118 40 97
2.662225 121 118 40 97
2.664225 121 118 40 97
2.666225 121 118 40 97
2.668225 120 118 41 97
2.670225 120 118 41 97
2.672225 120 119 41 97
2.674225 120 119 41 97
2.676225 119 119 42 97
2.678225 119 119 42 97
2.680225 119 119 42 97
2.682225 118 119 42 97
2.684225 118 119 43 97
2.686225 118 119 43 97
2.688225 117 119 43 97
2.690225 117 119 43 97
2.692225 117 119 44 97
2.694225 117 119 44 97
2.696225 116 119 44 97
2.698225 116 119 44 97
2.700225 116 119 45 97
2.702225 115 119 45 97
2.704225 115 119 45 97
2.706225 115 119 45 97
2.708225 115 119 45 97
2.710225 115 119 45 97
2.712225 115 119 45 97
2.714225 115 119 45 97
2.716225 115 119 44 97
2.718225 115 119 44 97
2.720225 115 119 44 97
2.722225 115 119 43 97
2.724225 115 119 43 97
2.726225 115 119 43 97
2.728225 115 119 42 97
2.730225 115 119 42 97
2.732225 116 119 42 97
2.734225 116 119 41 97
2.736225 116 119 41 97
2.738225 116 119 41 97
2.740225 116 119 41 97
2.742225 116 119 40 97
2.744225 116 119 40 97
2.746225 116 119 40 97
2.748225 116 119 39 97
2.750225 116 119 39 97
2.752225 116 119 39 97
2.754225 116 119 38 97
2.756225 116 119 38 97
2.758225 117 119 38 97
2.760225 117 119 38 97
2.762225 117 119 37 97
2.764225 117 119 37 97
2.766225 117 119 37 97
2.768225 117 119 36 97
2.770225 117 119 36 97
2.772225 117 119 36 97
2.774225 117 119 35 97
2.776225 117 119 35 97
2.778225 117 119 35 97
2.780225 117 119 35 97
2.782225 118 118 35 97
2.784225 118 118 35 97
2.786225 118 118 35 97
2.788225 118 118 35 97
2.790225 118 118 35 97
2.792225 118 118 35 97
2.794225 118 118 35 97
2.796225 118 118 36 97
2.798225 118 118 36 97
2.800225 118 118 36 97
2.802225 118 118 36 97
2.804225 118 118 36 97
2.806225 118 118 36 97
2.808225 118 118 36 97
2.810225 118 118 37 97
2.812225 118 118 37 97
2.814225 118 118 37 97
2.816225 118 118 37 97
2.818225 118 117 37 97
2.820225 118 117 37 97
2.822225 118 117 37 97
2.824225 118 117 37 97
2.826225 118 117 38 97
2.828225 118 117 38 97
2.830225 118 117 38 97
2.832225 118 117 38 97
2.834225 118 117 38 97
2.836225 118 117 38 97
2.838225 118 117 38 97
2.840225 118 117 39 97
2.842225 118 117 39 97
2.844225 118 117 39 97
2.846225 118 117 39 97
2.848225 118 117 39 97
2.850225 118 117 39 97
2.852225 118 117 39 97
2.854225 117 117 40 97
2.856225 117 117 40 97
2.858225 117 117 40 97
2.860225 116 117 40 97
2.862225 116 117 40 97
2.864225 116 117 40 97
2.866225 116 117 40 97
2.868225 115 117 41 97
2.870225 115 117 41 97
2.872225 115 117 41 96
2.874225 114 117 41 96
2.876225 114 117 41 96
2.878225 114 117 41 96
2.880225 113 117 41 96
2.882225 113 117 41 96
2.884225 113 117 42 96
2.886225 113 117 42 96
2.888225 112 117 42 96
2.890225 112 117 42 95
2.892225 112 117 42 95
2.894225 111 117 42 95
2.896225 111 117 42 95
2.898225 111 117 43 95
2.900225 110 117 43 95
2.902225 110 117 43 95
2.904225 110 117 43 95
2.906225 110 117 43 95
2.908225 109 117 43 95
2.910225 109 117 43 94
2.912225 109 117 44 94
2.914225 108 117 44 94
2.916225 108 117 44 94
2.918225 108 117 44 94
2.920225 107 117 44 94
2.922225 107 117 44 94
2.924225 107 117 44 94
2.926225 107 117 44 94
2.928225 106 117 44 94
2.930225 106 117 44 94
2.932225 106 117 44 94
2.934225 106 117 44 94
2.936225 106 117 44 94
2.938225 106 117 44 94
2.940225 106 117 44 94
2.942225 105 117 44 94
2.944225 105 117 44 94
2.946225 105 117 44 94
2.948225 105 117 44 94
2.950225 105 117 44 94
2.952225 105 117 43 94
2.954225 105 117 43 94
2.956225 104 117 43 94
2.958225 104 117 43 94
2.960225 104 117 43 94
2.962225 104 117 43 94
2.964225 104 117 43 95
2.966225 104 117 43 95
2.968225 104 117 43 95
2.970225 104 117 43 95
2.972225 103 117 43 95
2.974225 103 117 43 95
2.976225 103 117 42 95
2.978225 103 117 42 95
2.980225 103 117 42 95
2.982225 103 117 42 95
2.984225 103 117 42 95
2.986225 102 117 42 95
2.988225 102 117 42 95
2.990225 102 117 42 95
2.992225 102 117 42 95
2.994225 102 117 42 95
2.996225 102 117 42 95
2.998225 102 117 42 95
3.000225 101 117 42 96
3.002225 101 117 42 96
3.004225 101 117 42 96
3.006225 101 117 42 96
3.008225 101 117 42 96
3.010225 101 117 43 96
3.012225 101 117 43 96
3.014225 100 117 43 96
3.016225 100 117 43 96
3.018225 100 117 43 96
3.020225 100 117 43 96
3.022225 100 117 44 96
3.024225 100 117 44 96
3.026225 100 117 44 96
3.028225 100 117 44 96
3.030225 99 117 44 96
3.032225 99 117 45 96
3.034225 99 117 45 96
3.036225 99 117 45 96
3.038225 99 117 45 96
3.040225 99 117 45 96
3.042225 99 117 46 96
3.044225 98 117 46 96
3.046225 98 117 46 96
3.048225 98 117 46 96
3.050225 98 117 46 96
3.052225 98 117 47 96
3.054225 98 117 47 96
3.056225 98 117 47 96
3.058225 97 117 47 96
3.060225 97 117 47 96
3.062225 97 117 48 96
3.064225 97 117 48 96
3.066225 97 117 48 96
3.068225 97 117 48 96
3.070225 97 117 48 96
3.072225 97 117 48 96
3.074225 96 118 49 96
3.076225 96 118 49 96
3.078225 96 118 49 96
3.080225 96 118 49 96
3.082225 96 118 49 96
3.084225 96 118 49 96
3.086225 96 118 49 96
3.088225 96 118 49 96
3.090225 96 118 49 96
3.092225 96 118 49 96
3.094225 96 118 49 96
3.096225 96 118 49 96
3.098225 96 118 49 96
3.100225 96 118 49 96
3.102225 96 118 49 96
3.104225 96 118 49 96
3.106225 96 118 49 96
3.108225 96 118 49 96
3.110225 96 118 49 96
3.112225 96 118 49 96
3.114225 96 118 49 96
3.116225 96 118 49 96
3.118225 96 118 49 96
3.120225 96 118 49 96
3.122225 96 118 49 96
3.124225 96 118 49 96
3.126225 96 118 49 96
3.128225 96 118 49 96
3.130225 96 118 49 96
3.132225 96 118 49 96
3.134225 96 118 49 96
3.136225 96 118 49 96
3.138225 96 118 49 96
3.140225 96 118 49 96
3.142225 96 118 49 96
3.144225 96 118 49 96
3.146225 95 118 49 96
3.148225 95 118 49 96
3.150225 95 118 49 96
3.152225 95 118 49 96
3.154225 95 118 49 96
3.156225 95 118 49 96
3.158225 95 118 49 96
3.160225 94 118 49 96
3.162225 94 118 49 96
3.164225 94 118 49 96
3.166225 94 118 49 96
3.168225 94 118 49 96
3.170225 94 118 49 96
3.172225 94 118 49 96
3.174225 94 118 49 96
3.176225 93 118 49 96
3.178225 93 118 49 96
3.180225 93 118 49 96
3.182225 93 118 49 96
3.184225 93 118 49 96
3.186225 93 118 49 96
3.188225 93 118 49 96
3.190225 92 118 49 96
3.192225 92 118 49 96
3.194225 92 118 49 96
3.196225 92 118 49 96
3.198225 92 118 49 96
3.200225 92 118 49 96
3.202225 92 118 49 96
3.204225 91 118 49 96
3.206225 91 118 49 96
3.208225 91 118 49 96
3.210225 91 118 49 96
3.212225 91 118 49 96
3.214225 91 118 49 96
3.216225 91 118 49 96
3.218225 91 118 49 96
3.220225 90 118 49 95
3.222225 90 118 49 95
3.224225 90 118 49 95
3.226225 90 118 49 95
3.228225 90 118 49 95
3.230225 90 118 49 95
3.232225 90 118 49 94
3.234225 90 118 49 94
3.236225 90 118 49 94
3.238225 89 119 49 94
3.240225 89 119 49 94
3.242225 89 119 49 94
3.244225 89 119 49 93
3.246225 89 119 49 93
3.248225 89 119 49 93
3.250225 89 119 49 93
3.252225 89 119 49 93
3.254225 89 119 49 93
3.256225 88 120 50 92
3.258225 88 120 50 92
3.260225 88 120 50 92
3.262225 88 120 50 92
3.264225 88 120 50 92
3.266225 88 120 50 92
3.268225 88 120 50 91
3.270225 88 120 50 91
3.272225 88 120 50 91
3.274225 87 121 50 91
3.276225 87 121 50 91
3.278225 87 121 50 91
3.280225 87 121 50 90
3.282225 87 121 50 90
3.284225 87 121 50 90
3.286225 87 121 50 90
3.288225 87 121 50 90
3.290225 87 121 50 90
3.292225 87 122 50 90
3.294225 87 122 50 90
3.296225 87 122 50 90
3.298225 87 122 50 90
3.300225 87 122 49 90
3.302225 87 122 49 90
3.304225 87 122 49 90
3.306225 87 122 48 90
3.308225 87 122 48 90
3.310225 87 122 48 90
3.312225 87 122 48 90
3.314225 87 122 47 90
3.316225 87 122 47 90
3.318225 87 122 47 90
3.320225 87 122 47 90
3.322225 87 122 46 90
3.324225 87 122 46 90
3.326225 87 122 46 90
3.328225 87 122 45 90
3.330225 87 122 45 90
3.332225 87 122 45 90
3.334225 87 122 45 90
3.336225 87 122 44 90
3.338225 87 122 44 90
3.340225 87 122 44 90
3.342225 87 122 44 90
3.344225 87 122 43 90
3.346225 87 122 43 90
3.348225 87 122 43 90
3.350225 87 122 42 90
3.352225 87 122 42 90
3.354225 87 122 42 90
3.356225 87 122 42 90
3.358225 87 122 41 90
3.360225 87 122 41 90
3.362225 87 122 41 90
3.364225 86 121 40 90
3.366225 86 121 40 90
3.368225 86 121 40 90
3.370225 86 121 40 90
3.372225 86 121 40 90
3.374225 86 121 40 90
3.376225 86 121 40 90
3.378225 85 120 40 91
3.380225 85 120 40 91
3.382225 85 120 40 91
3.384225 85 120 40 91
3.386225 85 120 40 91
3.388225 85 120 40 91
3.390225 84 119 40 92
3.392225 84 119 40 92
3.394225 84 119 40 92
3.396225 84 119 40 92
3.398225 84 119 40 92
3.400225 84 119 40 92
3.402225 83 118 39 93
3.404225 83 118 39 93
3.406225 83 118 39 93
3.408225 83 118 39 93
3.410225 83 118 39 93
3.412225 83 118 39 93
3.414225 82 117 39 94
3.416225 82 117 39 94
3.418225 82 117 39 94
3.420225 82 117 39 94
3.422225 82 117 39 94
3.424225 82 117 39 94
3.426225 81 116 39 95
3.428225 81 116 39 95
3.430225 81 116 39 95
3.432225 81 116 39 95
3.434225 81 116 39 95
3.436225 81 116 39 95
3.438225 81 116 39 96
3.440225 81 116 39 96
3.442225 81 116 39 96
3.444225 81 116 39 96
3.446225 81 116 39 96
3.448225 81 116 39 96
3.450225 81 116 39 96
3.452225 81 116 39 96
3.454225 81 116 39 96
3.456225 81 116 39 96
3.458225 81 116 39 96
3.460225 81 116 39 96
3.462225 81 116 39 96
3.464225 81 116 39 96
3.466225 81 116 39 96
3.468225 81 116 39 96
3.470225 81 116 39 96
3.472225 81 116 39 96
3.474225 81 116 39 96
3.476225 81 116 39 96
3.478225 81 116 39 96
3.480225 81 116 39 96
3.482225 81 116 39 96
3.484225 81 116 39 96
3.486225 81 116 39 96
3.488225 81 116 39 96
3.490225 81 116 39 96
3.492225 81 116 39 96
3.494225 81 116 39 96
3.496225 81 116 39 96
3.498225 81 116 39 96
3.500225 81 116 39 96
3.502225 81 116 39 96
3.504225 81 116 39 96
3.506225 81 116 39 96
3.508225 81 116 39 96
3.510225 80 116 39 96
3.512225 80 116 39 96
3.514225 80 116 39 96
3.516225 80 116 39 96
3.518225 80 116 39 96
3.520225 79 116 39 96
3.522225 79 116 39 96
3.524225 79 116 39 96
3.526225 79 116 39 96
3.528225 79 116 39 96
3.530225 78 116 39 96
3.532225 78 116 39 96
3.534225 78 116 39 96
3.536225 78 116 39 96
3.538225 77 116 39 96
3.540225 77 116 39 96
3.542225 77 116 39 96
3.544225 77 116 39 96
3.546225 77 116 39 96
3.548225 76 116 39 96
3.550225 76 116 39 96
3.552225 76 116 39 96
3.554225 76 116 39 96
3.556225 75 116 39 96
3.558225 75 116 39 96
3.560225 75 116 39 96
3.562225 75 116 39 96
3.564225 75 116 39 96
3.566225 74 116 39 96
3.568225 74 116 39 96
3.570225 74 116 39 96
3.572225 74 116 39 96
3.574225 73 116 39 96
3.576225 73 116 39 96
3.578225 73 116 39 96
3.580225 73 116 39 96
3.582225 73 116 39 96
3.584225 72 116 39 96
3.586225 72 116 39 96
3.588225 72 116 39 96
3.590225 72 116 39 96
3.592225 72 116 39 96
3.594225 72 116 39 96
3.596225 72 116 39 96
3.598225 72 116 39 96
3.600225 72 116 39 96
3.602225 72 116 39 96
3.604225 72 116 39 96
3.606225 72 116 39 96
3.608225 71 116 39 96
3.610225 71 116 39 96
3.612225 71 116 39 96
3.614225 71 116 39 96
3.616225 71 116 39 96
3.618225 71 116 39 96
3.620225 71 116 39 96
3.622225 71 116 39 96
3.624225 71 116 39 96
3.626225 71 116 39 96
3.628225 71 116 39 96
3.630225 71 116 39 96
3.632225 70 116 39 96
3.634225 70 116 39 96
3.636225 70 116 39 96
3.638225 70 116 39 96
3.640225 70 116 39 96
3.642225 70 116 39 96
3.644225 70 116 39 96
3.646225 70 116 39 96
3.648225 70 116 39 96
3.650225 70 116 39 96
3.652225 70 116 39 96
3.654225 70 116 39 96
3.656225 69 116 39 96
3.658225 69 116 39 96
3.660225 69 116 39 96
3.662225 69 116 39 96
3.664225 69 116 39 96
3.666225 69 116 39 96
3.668225 69 116 39 96
3.670225 69 116 39 96
3.672225 69 116 39 96
3.674225 69 116 39 96
3.676225 68 116 39 96
3.678225 68 116 39 96
3.680225 68 116 39 96
3.682225 68 116 39 96
3.684225 68 116 39 96
3.686225 68 116 39 96
3.688225 68 116 39 96
3.690225 68 116 39 96
3.692225 68 116 39 96
3.694225 67 116 39 96
3.696225 67 116 39 96
3.698225 67 116 39 96
3.700225 67 116 39 96
3.702225 67 116 39 96
3.704225 67 116 39 96
3.706225 67 116 39 96
3.708225 67 116 39 96
3.710225 67 116 39 96
3.712225 66 116 39 96
3.714225 66 116 39 96
3.716225 66 116 39 96
3.718225 66 116 39 96
3.720225 66 116 39 96
3.722225 66 116 39 96
3.724225 66 116 39 96
3.726225 66 116 39 96
3.728225 66 116 39 96
3.730225 66 116 39 96
3.732225 66 116 39 96
3.734225 66 116 39 96
3.736225 66 116 39 96
3.738225 66 116 39 96
3.740225 66 116 39 96
3.742225 66 116 39 96
3.744225 66 116 39 96
3.746225 66 116 39 96
3.748225 66 116 39 96
3.750225 66 116 39 96
3.752225 66 116 39 96
3.754225 66 116 39 96
3.756225 66 116 39 96
3.758225 66 116 39 96
3.760225 66 116 39 96
3.762225 66 116 39 96
3.764225 66 116 39 96
3.766225 66 116 39 96
3.768225 66 116 39 96
3.770225 66 116 39 96
3.772225 66 116 39 96
3.774225 66 116 39 96
3.776225 66 116 39 96
3.778225 66 116 39 96
3.780225 66 116 39 96
3.782225 66 116 39 96
3.784225 66 116 39 96
3.786225 66 116 39 96
3.788225 66 116 39 96
3.790225 66 116 39 96
3.792225 66 116 39 96
3.794225 66 116 39 96
3.796225 66 116 39 96
3.798225 66 116 39 96
3.800225 66 116 39 96
3.802225 65 116 39 95
3.804225 65 116 39 95
3.806225 65 116 39 95
3.808225 65 116 39 95
3.810225 65 116 39 95
3.812225 64 116 39 95
3.814225 64 116 40 95
3.816225 64 116 40 95
3.818225 64 116 40 95
3.820225 63 116 40 94
3.822225 63 116 40 94
3.824225 63 116 40 94
3.826225 63 116 40 94
3.828225 63 116 41 94
3.830225 62 116 41 94
3.832225 62 116 41 94
3.834225 62 116 41 94
3.836225 62 116 41 94
3.838225 62 116 41 94
3.840225 61 117 42 93
3.842225 61 117 42 93
3.844225 61 117 42 93
3.846225 61 117 42 93
3.848225 60 117 42 93
3.850225 60 117 42 93
3.852225 60 117 43 93
3.854225 60 117 43 93
3.856225 60 117 43 93
3.858225 59 117 43 92
3.860225 59 117 43 92
3.862225 59 117 43 92
3.864225 59 117 44 92
3.866225 58 117 44 92
3.868225 58 117 44 92
3.870225 58 117 44 92
3.872225 58 117 44 92
3.874225 58 117 44 92
3.876225 57 118 45 92
3.878225 57 118 45 92
3.880225 57 118 45 92
3.882225 57 118 45 92
3.884225 57 118 45 92
3.886225 57 118 45 92
3.888225 57 118 45 92
3.890225 57 118 45 92
3.892225 57 118 45 92
3.894225 57 118 45 92
3.896225 57 118 45 92
3.898225 57 118 45 92
3.900225 57 118 45 92
3.902225 57 118 45 92
3.904225 57 118 45 92
3.906225 57 118 45 92
3.908225 57 118 45 92
3.910225 57 118 45 92
3.912225 57 118 45 92
3.914225 57 118 45 92
3.916225 57 118 45 92
3.918225 57 118 45 92
3.920225 57 118 45 92
3.922225 57 118 45 92
3.924225 57 118 45 92
3.926225 57 118 45 92
3.928225 57 118 45 92
3.930225 57 118 45 92
3.932225 57 118 45 92
3.934225 57 118 45 92
3.936225 57 118 45 92
3.938225 57 118 45 92
3.940225 57 118 45 92
3.942225 57 118 45 92
3.944225 57 118 45 92
3.946225 57 118 45 92
3.948225 56 118 45 92
3.950225 56 118 45 92
3.952225 56 118 45 92
3.954225 56 118 45 92
3.956225 56 118 45 92
3.958225 56 118 45 92
3.960225 56 118 45 92
3.962225 56 118 45 92
3.964225 55 118 45 92
3.966225 55 118 45 92
3.968225 55 118 45 92
3.970225 55 118 45 92
3.972225 55 118 45 92
3.974225 55 118 45 92
3.976225 55 118 45 92
3.978225 54 118 45 92
3.980225 54 118 45 92
3.982225 54 118 45 92
3.984225 54 118 45 92
3.986225 54 118 45 92
3.988225 54 118 45 92
3.990225 54 118 45 92
3.992225 53 118 45 92
3.994225 53 118 45 92
3.996225 53 118 45 92
3.998225 53 118 45 92
4.000225 53 118 45 92
4.002225 53 118 45 92
4.004225 53 118 45 92
4.006225 53 118 45 92
4.008225 52 118 45 92
4.010225 52 118 45 92
4.012225 52 118 45 92
4.014225 52 118 45 92
4.016225 52 118 45 92
4.018225 52 118 45 92
4.020225 52 118 45 92
4.022225 51 117 45 92
4.024225 51 117 45 92
4.026225 51 117 45 92
4.028225 51 117 45 92
4.030225 50 117 45 92
4.032225 50 117 45 92
4.034225 50 117 45 92
4.036225 50 117 45 92
4.038225 50 117 45 92
4.040225 49 117 45 92
4.042225 49 117 45 92
4.044225 49 117 45 92
4.046225 49 117 45 92
4.048225 48 117 45 92
4.050225 48 117 45 92
4.052225 48 117 45 92
4.054225 48 117 45 92
4.056225 48 117 45 92
4.058225 47 117 45 92
4.060225 47 117 45 92
4.062225 47 117 45 92
4.064225 47 117 45 92
4.066225 47 117 45 92
4.068225 46 117 45 92
4.070225 46 117 45 92
4.072225 46 117 45 92
4.074225 46 117 45 92
4.076225 45 117 45 92
4.078225 45 117 45 92
4.080225 45 117 45 92
4.082225 45 117 45 92
4.084225 45 117 45 92
4.086225 44 117 45 92
4.088225 44 117 45 92
4.090225 44 117 45 92
4.092225 44 117 45 92
4.094225 43 117 45 92
4.096225 43 117 45 92
4.098225 43 117 45 92
4.100225 43 117 45 92
4.102225 43 117 45 92
4.104225 43 117 45 92
4.106225 43 117 45 92
4.108225 43 117 45 92
4.110225 43 117 45 92
4.112225 43 117 45 92
4.114225 43 117 45 92
4.116225 43 117 45 92
4.118225 42 117 45 92
4.120225 42 117 45 92
4.122225 42 117 45 92
4.124225 42 117 45 92
4.126225 42 117 45 92
4.128225 42 117 45 92
4.130225 42 117 45 92
4.132225 42 117 45 92
4.134225 42 117 45 92
4.136225 42 117 45 92
4.138225 42 117 45 92
4.140225 42 117 45 92
4.142225 42 117 45 92
4.144225 41 117 45 92
4.146225 41 117 45 92
4.148225 41 117 45 92
4.150225 41 117 45 92
4.152225 41 117 45 92
4.154225 41 117 45 92
4.156225 41 117 45 92
4.158225 41 117 45 92
4.160225 41 117 45 92
4.162225 41 117 45 92
4.164225 41 117 45 92
4.166225 41 117 45 92
4.168225 40 117 45 91
4.170225 40 117 45 91
4.172225 40 117 45 91
4.174225 40 117 45 91
4.176225 39 117 45 91
4.178225 39 117 45 91
4.180225 39 117 45 91
4.182225 39 117 45 91
4.184225 39 117 45 91
4.186225 38 117 45 91
4.188225 38 117 45 91
4.190225 38 117 45 91
4.192225 38 117 45 91
4.194225 37 117 45 91
4.196225 37 117 45 91
4.198225 37 117 45 91
4.200225 37 117 45 91
4.202225 37 117 45 91
4.204225 36 117 46 91
4.206225 36 117 46 91
4.208225 36 117 46 91
4.210225 36 117 46 91
4.212225 36 117 46 91
4.214225 35 117 46 91
4.216225 35 117 46 91
4.218225 35 117 46 91
4.220225 35 117 46 91
4.222225 34 117 46 91
4.224225 34 117 46 91
4.226225 34 117 46 91
4.228225 34 117 46 91
4.230225 34 117 46 91
4.232225 33 117 46 91
4.234225 33 117 46 91
4.236225 33 117 46 91
4.238225 33 117 46 91
4.240225 32 117 47 91
4.242225 32 117 47 91
4.244225 32 117 47 91
4.246225 32 117 47 91
4.248225 32 117 47 91
4.250225 32 117 47 91
4.252225 32 117 47 91
4.254225 32 117 47 91
4.256225 32 117 47 91
4.258225 32 117 47 91
4.260225 32 117 47 91
4.262225 32 117 47 91
4.264225 32 117 47 91
4.266225 32 117 47 91
4.268225 32 117 47 91
4.270225 32 117 47 91
4.272225 32 117 47 91
4.274225 32 117 47 91
4.276225 32 117 47 91
4.278225 32 117 47 91
4.280225 32 117 47 91
4.282225 32 117 47 91
4.284225 32 117 47 91
4.286225 32 117 47 91
4.288225 32 117 47 91
4.290225 32 117 47 91
4.292225 32 117 47 91
4.294225 32 117 47 91
4.296225 32 117 47 91
4.298225 32 117 47 91
4.300225 32 117 47 91
4.302225 32 117 47 91
4.304225 32 117 47 91
4.306225 32 117 47 91
4.308225 32 117 47 91
4.310225 32 117 47 91
4.312225 32 117 47 91
4.314225 32 117 46 91
4.316225 32 117 46 91
4.318225 32 117 46 91
4.320225 33 117 45 91
4.322225 33 117 45 91
4.324225 33 117 44 91
4.326225 34 117 44 91
4.328225 34 117 44 91
4.330225 34 117 43 91
4.332225 35 117 43 91
4.334225 35 117 43 91
4.336225 35 117 42 91
4.338225 36 117 42 91
4.340225 36 117 42 91
4.342225 36 117 41 91
4.344225 37 117 41 91
4.346225 37 117 41 91
4.348225 37 117 40 91
4.350225 38 117 40 91
4.352225 38 117 39 91
4.354225 38 117 39 91
4.356225 39 117 39 91
4.358225 39 117 38 91
4.360225 39 117 38 91
4.362225 40 117 38 91
4.364225 40 117 37 91
4.366225 40 117 37 91
4.368225 41 117 37 91
4.370225 41 117 36 91
4.372225 41 117 36 91
4.374225 42 117 36 91
4.376225 42 117 35 91
4.378225 42 117 35 91
4.380225 43 117 34 91
4.382225 43 117 34 91
4.384225 43 117 34 91
4.386225 43 118 34 91
4.388225 43 118 34 91
4.390225 43 118 34 91
4.392225 43 118 34 91
4.394225 43 118 34 91
4.396225 43 118 34 91
4.398225 43 118 34 91
4.400225 43 118 34 91
4.402225 43 118 34 91
4.404225 42 118 34 91
4.406225 42 118 34 91
4.408225 42 118 34 91
4.410225 42 118 34 91
4.412225 42 118 34 91
4.414225 42 118 34 91
4.416225 42 118 34 91
4.418225 42 118 34 91
4.420225 42 118 34 91
4.422225 41 118 34 91
4.424225 41 118 34 91
4.426225 41 118 34 91
4.428225 41 118 34 91
4.430225 41 118 34 91
4.432225 41 118 34 91
4.434225 41 118 34 91
4.436225 41 118 34 91
4.438225 41 118 34 91
4.440225 41 118 34 91
4.442225 40 118 34 91
4.444225 40 118 34 91
4.446225 40 118 34 91
4.448225 40 118 34 91
4.450225 40 118 34 91
4.452225 40 118 34 91
4.454225 40 118 34 91
4.456225 40 118 34 91
4.458225 40 118 34 91
4.460225 39 117 33 90
4.462225 39 117 33 90
4.464225 39 117 33 90
4.466225 39 117 33 90
4.468225 39 117 33 90
4.470225 39 117 33 90
4.472225 39 117 33 90
4.474225 39 117 33 90
4.476225 39 117 33 90
4.478225 39 117 32 90
4.480225 39 117 32 90
4.482225 39 117 32 90
4.484225 38 117 32 89
4.486225 38 117 32 89
4.488225 38 117 32 89
4.490225 38 117 32 89
4.492225 38 117 32 89
4.494225 38 117 32 89
4.496225 38 117 31 89
4.498225 38 117 31 89
4.500225 38 117 31 89
4.502225 38 117 31 89
4.504225 38 117 31 89
4.506225 38 117 31 89
4.508225 37 117 31 88
4.510225 37 117 31 88
4.512225 37 117 31 88
4.514225 37 117 30 88
4.516225 37 117 30 88
4.518225 37 117 30 88
4.520225 37 117 30 88
4.522225 37 117 30 88
4.524225 37 117 30 88
4.526225 37 117 30 88
4.528225 37 117 30 88
4.530225 37 117 30 88
4.532225 37 117 29 87
4.534225 37 117 29 87
4.536225 37 117 29 87
4.538225 37 117 29 87
4.540225 37 117 29 87
4.542225 37 117 28 87
4.544225 37 117 28 87
4.546225 37 117 28 87
4.548225 37 117 28 87
4.550225 37 117 28 87
4.552225 37 117 28 87
4.554225 37 117 27 87
4.556225 37 117 27 86
4.558225 37 117 27 86
4.560225 37 117 27 86
4.562225 37 117 27 86
4.564225 37 117 26 86
4.566225 37 117 26 86
4.568225 37 117 26 86
4.570225 37 117 26 86
4.572225 37 117 26 86
4.574225 37 117 25 86
4.576225 37 117 25 86
4.578225 37 117 25 86
4.580225 37 117 25 85
4.582225 37 117 25 85
4.584225 37 117 24 85
4.586225 37 117 24 85
4.588225 37 117 24 85
4.590225 37 117 24 85
4.592225 37 117 24 85
4.594225 37 117 23 85
4.596225 37 117 23 85
4.598225 37 117 23 85
4.600225 37 117 23 85
4.602225 37 117 23 85
4.604225 37 117 23 85
4.606225 36 117 23 85
4.608225 36 117 23 85
4.610225 36 117 23 85
4.612225 36 117 23 85
4.614225 36 117 23 85
4.616225 36 117 23 85
4.618225 36 117 23 85
4.620225 36 117 23 85
4.622225 36 117 23 85
4.624225 36 117 23 85
4.626225 36 117 23 85
4.628225 36 117 23 85
4.630225 36 117 23 85
4.632225 36 117 23 85
4.634225 36 117 23 85
4.636225 36 117 23 85
4.638225 36 117 23 85
4.640225 36 117 23 85
4.642225 35 117 23 85
4.644225 35 117 23 85
4.646225 35 117 23 85
4.648225 35 117 23 85
4.650225 35 117 23 85
4.652225 35 117 23 85
4.654225 35 117 23 85
4.656225 35 117 23 85
4.658225 35 117 23 85
4.660225 35 117 23 85
4.662225 35 117 23 85
4.664225 35 117 23 85
4.666225 35 117 23 85
4.668225 35 117 23 85
4.670225 35 117 23 85
4.672225 35 117 23 85
4.674225 35 117 23 85
4.676225 35 117 23 85
4.678225 34 118 23 85
4.680225 34 118 23 85
4.682225 34 118 23 85
4.684225 34 118 23 85
4.686225 34 118 23 85
4.688225 34 118 23 85
4.690225 34 118 23 85
4.692225 34 118 23 85
4.694225 34 118 23 85
4.696225 34 118 23 85
4.698225 34 118 23 85
4.700225 34 118 23 85
4.702225 33 118 23 85
4.704225 33 118 23 85
4.706225 33 118 23 85
4.708225 33 118 23 85
4.710225 33 118 23 85
4.712225 33 118 23 85
4.714225 33 118 23 85
4.716225 33 118 23 85
4.718225 33 118 23 85
4.720225 33 118 23 85
4.722225 33 118 23 85
4.724225 33 118 23 85
4.726225 32 118 23 85
4.728225 32 118 23 85
4.730225 32 118 23 85
4.732225 32 118 23 85
4.734225 32 118 23 85
4.736225 32 118 23 85
4.738225 32 118 23 85
4.740225 32 118 23 85
4.742225 32 118 23 85
4.744225 32 118 23 85
4.746225 32 118 23 85
4.748225 32 118 23 85
4.750225 32 118 23 85
4.752225 31 118 23 85
4.754225 31 118 23 85
4.756225 31 118 23 85
4.758225 31 118 23 85
4.760225 31 118 23 85
4.762225 31 118 23 85
4.764225 31 118 23 85
4.766225 31 118 23 85
4.768225 31 118 23 85
4.770225 31 118 23 85
4.772225 31 118 23 85
4.774225 31 118 23 85
4.776225 31 118 23 85
4.778225 31 118 23 85
4.780225 31 118 23 85
4.782225 31 118 23 85
4.784225 31 118 23 85
4.786225 31 118 23 85
4.788225 30 118 23 85
4.790225 30 118 23 85
4.792225 30 118 23 85
4.794225 30 118 23 85
4.796225 30 118 23 85
4.798225 30 118 23 85
4.800225 30 118 23 85
4.802225 30 118 23 85
4.804225 30 118 23 85
4.806225 30 118 23 85
4.808225 30 118 23 85
4.810225 30 118 23 85
4.812225 30 118 23 85
4.814225 30 118 23 85
4.816225 30 118 23 85
4.818225 30 118 23 85
4.820225 30 118 23 85
4.822225 30 118 23 85
4.824225 29 119 23 85
4.826225 29 119 23 85
4.828225 29 119 23 85
4.830225 29 119 23 85
4.832225 29 119 23 85
4.834225 28 119 24 85
4.836225 28 119 24 85
4.838225 28 119 24 85
4.840225 28 119 24 85
4.842225 28 119 25 85
4.844225 27 119 25 85
4.846225 27 119 25 85
4.848225 27 119 25 85
4.850225 27 119 25 85
4.852225 27 119 26 85
4.854225 27 119 26 85
4.856225 26 119 26 85
4.858225 26 119 26 85
4.860225 26 119 27 85
4.862225 26 119 27 85
4.864225 26 119 27 85
4.866225 25 119 27 85
4.868225 25 119 27 85
4.870225 25 119 28 85
4.872225 25 119 28 85
4.874225 25 119 28 85
4.876225 24 119 28 85
4.878225 24 119 29 85
4.880225 24 119 29 85
4.882225 24 119 29 85
4.884225 24 119 29 85
4.886225 23 119 29 85
4.888225 23 119 30 85
4.890225 23 119 30 85
4.892225 23 119 30 85
4.894225 23 119 30 85
4.896225 23 119 30 85
4.898225 22 118 31 85
4.900225 22 118 31 85
4.902225 22 118 31 85
4.904225 22 118 31 85
4.906225 22 118 31 85
4.908225 22 118 31 85
4.910225 22 118 31 85
4.912225 22 118 31 85
4.914225 22 118 31 85
4.916225 22 118 31 85
4.918225 22 118 31 85
4.920225 22 118 31 85
4.922225 21 118 31 85
4.924225 21 118 31 85
4.926225 21 118 31 85
4.928225 21 118 31 85
4.930225 21 118 31 85
4.932225 21 118 31 85
4.934225 21 118 31 85
4.936225 21 118 31 85
4.938225 21 118 31 85
4.940225 21 118 31 85
4.942225 21 118 31 85
4.944225 21 118 31 85
4.946225 20 118 31 85
4.948225 20 118 31 85
4.950225 20 118 31 85
4.952225 20 118 31 85
4.954225 20 118 31 85
4.956225 20 118 31 85
4.958225 20 118 31 85
4.960225 20 118 31 85
4.962225 20 118 31 85
4.964225 20 118 31 85
4.966225 20 118 31 85
4.968225 20 118 31 85
4.970225 19 117 31 84
4.972225 19 117 31 84
4.974225 19 117 31 84
4.976225 19 117 31 84
4.978225 19 117 31 84
4.980225 19 117 31 84
4.982225 18 117 31 84
4.984225 18 117 31 84
4.986225 18 117 31 84
4.988225 18 117 31 84
4.990225 18 117 31 84
4.992225 18 117 31 84
4.994225 17 117 31 83
4.996225 17 117 31 83
4.998225 17 117 31 83
5.000225 17 117 31 83
5.002225 17 117 31 83
5.004225 17 117 31 83
5.006225 16 117 31 83
5.008225 16 117 31 83
5.010225 16 117 31 83
5.012225 16 117 31 83
5.014225 16 117 31 83
5.016225 16 117 31 83
5.018225 15 117 31 82
5.020225 15 117 31 82
5.022225 15 117 31 82
5.024225 15 117 31 82
5.026225 15 117 31 82
5.028225 15 117 31 82
5.030225 14 117 31 82
5.032225 14 117 31 82
5.034225 14 117 31 82
5.036225 14 117 31 82
5.038225 14 117 31 82
5.040225 14 117 31 82
5.042225 13 117 32 82
5.044225 13 117 32 82
5.046225 13 117 32 82
5.048225 13 117 32 82
5.050225 13 117 32 82
5.052225 13 117 32 82
5.054225 13 117 32 82
5.056225 13 117 32 82
5.058225 12 117 32 82
5.060225 12 117 32 82
5.062225 12 117 32 82
5.064225 12 117 32 82
5.066225 12 117 32 82
5.068225 12 117 32 82
5.070225 12 117 32 82
5.072225 11 117 32 82
5.074225 11 117 32 82
5.076225 11 117 32 82
5.078225 11 117 32 82
5.080225 11 117 32 82
5.082225 11 117 32 82
5.084225 11 117 32 82
5.086225 10 117 32 82
5.088225 10 117 32 82
5.090225 10 117 32 82
5.092225 10 117 32 82
5.094225 10 117 32 82
5.096225 10 117 32 82
5.098225 10 117 32 82
5.100225 10 117 32 82
5.102225 9 117 32 82
5.104225 9 117 32 82
5.106225 9 117 32 82
5.108225 9 117 32 82
5.110225 9 117 32 82
5.112225 9 117 32 82
5.114225 9 117 32 82
5.116225 9 116 31 82
5.118225 9 116 31 82
5.120225 9 116 31 82
5.122225 9 116 31 82
5.124225 9 116 31 82
5.126225 9 116 30 82
5.128225 9 116 30 82
5.130225 9 116 30 82
5.132225 9 116 30 82
5.134225 9 116 29 82
5.136225 9 116 29 82
5.138225 9 116 29 82
5.140225 9 116 29 82
5.142225 9 116 29 82
5.144225 9 116 28 82
5.146225 9 116 28 82
5.148225 9 116 28 82
5.150225 9 116 28 82
5.152225 9 116 27 82
5.154225 9 116 27 82
5.156225 9 116 27 82
5.158225 9 116 27 82
5.160225 9 116 27 82
5.162225 9 116 26 82
5.164225 9 116 26 82
5.166225 9 116 26 82
5.168225 9 116 26 82
5.170225 9 116 25 82
5.172225 9 116 25 82
5.174225 9 116 25 82
5.176225 9 116 25 82
5.178225 9 116 25 82
5.180225 9 116 24 82
5.182225 9 116 24 82
5.184225 9 116 24 82
5.186225 9 116 24 82
5.188225 8 116 24 83
5.190225 8 116 24 83
5.192225 8 116 24 83
5.194225 8 116 24 83
5.196225 8 116 24 83
5.198225 8 116 24 83
5.200225 8 116 24 83
5.202225 8 116 24 83
5.204225 8 116 24 83
5.206225 8 116 24 83
5.208225 8 116 24 83
5.210225 8 116 24 83
5.212225 8 116 24 83
5.214225 8 116 24 83
5.216225 8 116 24 83
5.218225 8 116 24 83
5.220225 8 116 24 83
5.222225 8 116 24 83
5.224225 8 116 24 83
5.226225 8 116 24 83
5.228225 8 116 24 83
5.230225 8 116 24 83
5.232225 8 116 24 83
5.234225 8 116 24 83
5.236225 8 116 24 83
5.238225 8 116 24 83
5.240225 8 116 24 83
5.242225 8 116 24 83
5.244225 8 116 24 83
5.246225 8 116 24 83
5.248225 8 116 24 83
5.250225 8 116 24 83
5.252225 8 116 24 83
5.254225 8 116 24 83
5.256225 8 116 24 83
5.258225 8 116 24 83
5.260225 8 116 24 83
5.262225 7 117 24 83
5.264225 7 117 24 83
5.266225 7 117 24 83
5.268225 7 117 24 83
5.270225 7 117 24 83
5.272225 7 117 24 83
5.274225 7 117 24 83
5.276225 7 117 24 83
5.278225 7 117 24 83
5.280225 7 117 24 83
5.282225 7 117 24 83
5.284225 7 117 24 83
5.286225 6 117 24 83
5.288225 6 117 24 83
5.290225 6 117 24 83
5.292225 6 117 24 83
5.294225 6 117 24 83
5.296225 6 117 24 83
5.298225 6 117 24 83
5.300225 6 117 24 83
5.302225 6 117 24 83
5.304225 6 117 24 83
5.306225 6 117 24 83
5.308225 6 117 24 83
5.310225 5 117 24 83
5.312225 5 117 24 83
5.314225 5 117 24 83
5.316225 5 117 24 83
5.318225 5 117 24 83
5.320225 5 117 24 83
5.322225 5 117 24 83
5.324225 5 117 24 83
5.326225 5 117 24 83
5.328225 5 117 24 83
5.330225 5 117 24 83
5.332225 5 117 24 83
5.334225 5 117 23 82
5.336225 5 117 23 82
5.338225 5 117 23 82
5.340225 5 117 23 82
5.342225 5 117 23 82
5.344225 5 117 23 82
5.346225 5 117 23 82
5.348225 5 117 23 82
5.350225 5 117 23 82
5.352225 5 117 23 82
5.354225 5 117 22 82
5.356225 5 117 22 82
5.358225 5 117 22 82
5.360225 5 117 22 82
5.362225 5 117 22 82
5.364225 5 117 22 82
5.366225 5 117 22 82
5.368225 5 117 22 82
5.370225 5 117 22 82
5.372225 5 117 21 82
5.374225 5 117 21 82
5.376225 5 117 21 82
5.378225 5 117 21 82
5.380225 5 117 21 82
5.382225 5 117 21 82
5.384225 5 117 21 82
5.386225 5 117 21 82
5.388225 5 117 21 82
5.390225 5 117 20 82
5.392225 5 117 20 82
5.394225 5 117 20 82
5.396225 5 117 20 82
5.398225 5 117 20 82
5.400225 5 117 20 82
5.402225 5 117 20 82
5.404225 5 117 20 82
5.406225 5 117 20 82
5.408225 4 118 20 82
5.410225 4 118 20 82
5.412225 4 118 20 82
5.414225 4 118 20 82
5.416225 4 118 20 82
5.418225 4 118 20 82
5.420225 4 118 20 82
5.422225 4 118 20 82
5.424225 4 118 20 82
5.426225 4 118 20 82
5.428225 4 118 20 82
5.430225 4 118 20 82
5.432225 3 118 20 82
5.434225 3 118 20 82
5.436225 3 118 20 82
5.438225 3 118 20 82
5.440225 3 118 20 82
5.442225 3 118 20 82
5.444225 3 118 20 82
5.446225 3 118 20 82
5.448225 3 118 20 82
5.450225 3 118 20 82
5.452225 3 118 20 82
5.454225 3 118 20 82
5.456225 2 118 20 82
5.458225 2 118 20 82
5.460225 2 118 20 82
5.462225 2 118 20 82
5.464225 2 118 20 82
5.466225 2 118 20 82
5.468225 2 118 20 82
5.470225 2 118 20 82
5.472225 2 118 20 82
5.474225 2 118 20 82
5.476225 2 118 20 82
5.478225 2 118 20 82
5.480225 1 118 20 82
5.482225 1 118 20 82
5.484225 1 118 20 82
5.486225 1 118 20 82
5.488225 1 118 20 82
5.490225 1 118 20 82
5.492225 1 118 20 82
5.494225 1 118 20 82
5.496225 1 118 20 82
5.498225 1 118 20 82
5.500225 1 118 20 82
5.502225 1 118 20 82
5.504225 1 118 20 82
5.506225 1 118 20 82
5.508225 1 118 20 82
5.510225 1 118 20 82
5.512225 1 118 20 82
5.514225 1 118 20 82
5.516225 1 118 20 82
5.518225 1 118 20 82
5.520225 1 118 20 82
5.522225 1 118 20 82
5.524225 1 118 20 82
5.526225 1 118 20 82
5.528225 1 118 20 82
5.530225 1 118 20 82
5.532225 1 118 20 82
5.534225 1 118 20 82
5.536225 1 118 20 82
5.538225 1 118 20 82
5.540225 1 118 20 82
5.542225 1 118 20 82
5.544225 1 118 20 82
5.546225 1 118 20 82
5.548225 1 118 20 82
5.550225 1 118 20 82
5.552225 1 118 20 82
