0.003468 10 106 20 66
0.005468 10 105 20 66
0.007468 10 105 20 66
0.009468 10 105 20 66
0.011468 10 105 20 66
0.013468 10 105 20 66
0.015468 10 105 20 66
0.017468 10 105 20 66
0.019468 10 105 20 66
0.021468 10 105 20 66
0.023468 10 105 20 66
0.025468 10 105 20 66
0.027468 10 105 20 66
0.029468 10 105 20 66
0.031468 10 105 20 66
0.033468 10 105 20 66
0.035468 10 105 20 66
0.037468 10 105 20 66
0.039468 10 105 20 66
0.041468 10 105 20 66
0.043468 10 105 20 66
0.045468 10 105 20 66
0.047468 10 105 20 66
0.049468 10 105 20 66
0.051468 10 105 20 66
0.053468 10 105 20 66
0.055468 10 105 20 66
0.057468 10 105 20 66
0.059468 10 105 20 66
0.061468 10 105 20 66
0.063468 10 105 20 66
0.065468 10 105 20 66
0.067468 10 105 20 66
0.069468 10 105 20 66
0.071468 10 105 20 66
0.073468 10 105 20 66
0.075468 10 105 20 66
0.077468 10 105 20 66
0.079468 10 105 20 66
0.081468 10 105 20 66
0.083468 9 105 19 67
0.085468 9 105 19 67
0.087468 9 105 19 67
0.089468 9 105 19 67
0.091468 9 105 19 67
0.093468 9 105 19 67
0.095468 9 105 19 67
0.097468 9 105 19 67
0.099468 9 105 19 67
0.101468 9 105 19 67
0.103468 9 105 19 67
0.105468 9 105 19 67
0.107468 9 105 19 67
0.109468 9 105 19 67
0.111468 9 105 19 67
0.113468 9 105 19 67
0.115468 9 105 19 67
0.117468 9 105 19 67
0.119468 9 105 19 67
0.121468 9 105 19 67
0.123468 9 105 19 67
0.125468 9 105 19 67
0.127468 9 105 19 67
0.129468 9 105 19 67
0.131468 9 105 19 67
0.133468 9 105 19 67
0.135468 9 105 19 67
0.137468 9 105 19 67
0.139468 9 105 19 67
0.141468 9 105 19 67
0.143468 9 105 19 67
0.145468 9 105 19 67
0.147468 9 105 19 67
0.149468 9 105 19 67
0.151468 9 105 19 67
0.153468 9 105 19 67
0.155468 9 105 19 67
0.157468 9 105 19 67
0.159468 9 105 19 67
0.161468 9 105 19 67
0.163468 9 105 19 67
0.165468 9 105 19 67
0.167468 9 105 19 67
0.169468 9 105 19 67
0.171468 9 105 19 67
0.173468 9 105 19 67
0.175468 9 105 19 67
0.177468 9 105 19 67
0.179468 9 105 19 67
0.181468 9 105 19 67
0.183468 9 105 19 67
0.185468 9 105 19 67
0.187468 9 105 19 67
0.189468 9 105 19 67
0.191468 9 105 19 67
0.193468 9 105 19 67
0.195468 9 105 19 67
0.197468 9 105 19 67
0.199468 9 105 19 67
0.201468 9 105 19 67
0.203468 9 105 19 67
0.205468 9 105 19 67
0.207468 9 105 19 67
0.209468 9 105 19 67
0.211468 9 105 19 67
0.213468 9 105 19 67
0.215468 9 105 19 67
0.217468 9 105 19 67
0.219468 9 105 19 67
0.221468 9 105 19 67
0.223468 9 105 19 67
0.225468 9 105 19 67
0.227468 9 105 19 67
0.229468 9 105 19 67
0.231468 9 105 19 67
0.233468 9 105 19 67
0.235468 9 105 19 67
0.237468 9 105 19 67
0.239468 9 106 20 67
0.241468 9 106 20 67
0.243468 9 106 20 67
0.245468 9 106 20 67
0.247468 9 106 20 67
0.249468 9 106 20 67
0.251468 9 106 20 67
0.253468 9 106 20 67
0.255468 9 106 20 67
0.257468 9 106 20 67
0.259468 9 106 20 67
0.261468 9 106 20 67
0.263468 9 106 20 67
0.265468 9 106 20 67
0.267468 9 106 20 67
0.269468 9 106 20 67
0.271468 9 106 20 67
0.273468 9 106 20 67
0.275468 9 106 20 67
0.277468 9 106 20 67
0.279468 9 106 20 66
0.281468 9 106 20 66
0.283468 9 106 20 66
0.285468 9 106 20 66
0.287468 9 106 20 66
0.289468 9 106 20 66
0.291468 9 106 20 66
0.293468 9 106 20 66
0.295468 9 106 20 66
0.297468 9 106 20 66
0.299468 9 106 20 66
0.301468 9 106 20 66
0.303468 9 106 20 66
0.305468 9 106 20 66
0.307468 9 106 20 66
0.309468 9 106 20 66
0.311468 9 106 20 66
0.313468 9 106 20 66
0.315468 9 106 20 66
0.317468 9 105 20 66
0.319468 9 105 20 66
0.321468 9 105 20 66
0.323468 9 105 20 66
0.325468 9 105 20 66
0.327468 9 105 20 66
0.329468 9 105 20 66
0.331468 9 105 20 66
0.333468 9 105 20 66
0.335468 9 105 20 66
0.337468 9 105 20 66
0.339468 9 105 20 66
0.341468 9 105 20 66
0.343468 9 105 20 66
0.345468 9 105 20 66
0.347468 9 105 20 66
0.349468 9 105 20 66
0.351468 9 105 20 66
0.353468 9 105 20 66
0.355468 9 105 20 66
0.357468 9 105 20 66
0.359468 9 105 20 66
0.361468 9 105 20 66
0.363468 9 105 20 66
0.365468 9 105 20 66
0.367468 9 105 20 66
0.369468 9 105 20 66
0.371468 9 105 20 66
0.373468 9 105 20 66
0.375468 9 105 20 66
0.377468 9 105 20 66
0.379468 9 105 20 66
0.381468 9 105 20 66
0.383468 9 105 20 66
0.385468 9 105 20 66
0.387468 9 105 20 66
0.389468 9 105 20 66
0.391468 9 105 20 66
0.393468 9 105 20 66
0.395468 8 105 20 67
0.397468 8 105 20 67
0.399468 8 105 20 67
0.401468 8 105 20 67
0.403468 8 105 20 67
0.405468 8 105 20 67
0.407468 8 105 20 67
0.409468 8 105 20 67
0.411468 8 105 20 67
0.413468 8 105 20 67
0.415468 8 105 20 67
0.417468 8 105 20 67
0.419468 8 105 20 67
0.421468 8 105 20 67
0.423468 8 105 20 67
0.425468 8 105 20 67
0.427468 8 105 20 67
0.429468 8 105 20 67
0.431468 8 105 20 67
0.433468 8 105 20 67
0.435468 8 105 20 68
0.437468 8 105 20 68
0.439468 8 105 20 68
0.441468 8 105 20 68
0.443468 8 105 20 68
0.445468 8 105 20 68
0.447468 8 105 20 68
0.449468 8 105 20 68
0.451468 8 105 20 68
0.453468 8 105 20 68
0.455468 8 105 20 68
0.457468 8 105 20 68
0.459468 8 105 20 68
0.461468 8 105 20 68
0.463468 8 105 20 68
0.465468 8 105 20 68
0.467468 8 105 20 68
0.469468 8 105 20 68
0.471468 8 105 20 68
0.473468 8 105 20 68
0.475468 8 105 19 69
0.477468 8 105 19 69
0.479468 8 105 19 69
0.481468 8 105 19 69
0.483468 8 105 19 69
0.485468 8 105 19 69
0.487468 8 105 19 69
0.489468 8 105 19 69
0.491468 8 105 19 69
0.493468 8 105 19 69
0.495468 8 105 19 69
0.497468 8 105 19 69
0.499468 8 105 19 69
0.501468 8 105 19 69
0.503468 8 105 19 69
0.505468 8 105 19 69
0.507468 8 105 19 69
0.509468 8 105 19 69
0.511468 8 105 19 69
0.513468 8 105 19 69
0.515468 8 105 19 69
0.517468 8 105 19 69
0.519468 8 105 19 69
0.521468 8 105 19 69
0.523468 8 105 19 69
0.525468 8 105 19 69
0.527468 8 105 19 69
0.529468 8 105 19 69
0.531468 8 105 19 69
0.533468 8 105 19 69
0.535468 8 105 19 69
0.537468 8 105 19 69
0.539468 8 105 19 69
0.541468 8 105 19 69
0.543468 8 105 19 69
0.545468 8 105 19 69
0.547468 8 105 19 69
0.549468 8 105 19 69
0.551468 8 105 19 69
0.553468 8 105 19 68
0.555468 8 105 19 68
0.557468 8 105 19 68
0.559468 8 105 19 68
0.561468 8 105 19 68
0.563468 8 105 19 68
0.565468 8 105 19 68
0.567468 8 105 19 68
0.569468 8 105 19 68
0.571468 8 105 19 68
0.573468 8 105 19 68
0.575468 8 105 19 68
0.577468 8 105 19 68
0.579468 8 105 19 68
0.581468 8 105 19 68
0.583468 8 105 19 68
0.585468 8 105 19 68
0.587468 8 105 19 68
0.589468 8 105 19 68
0.591468 8 105 19 68
0.593468 8 105 19 68
0.595468 8 105 19 68
0.597468 8 105 19 68
0.599468 8 105 19 68
0.601468 8 105 19 68
0.603468 8 105 19 68
0.605468 8 105 19 68
0.607468 8 105 19 68
0.609468 8 105 19 68
0.611468 8 105 19 68
0.613468 8 105 19 68
0.615468 8 105 19 68
0.617468 8 105 19 68
0.619468 8 105 19 68
0.621468 8 105 19 68
0.623468 8 105 19 68
0.625468 8 105 19 68
0.627468 8 105 19 68
0.629468 8 105 19 68
0.631468 8 105 19 68
0.633468 8 105 19 68
0.635468 8 105 19 68
0.637468 8 105 19 68
0.639468 8 105 19 68
0.641468 8 105 19 68
0.643468 8 105 19 68
0.645468 8 105 19 68
0.647468 8 105 19 68
0.649468 8 105 19 68
0.651468 8 105 19 68
0.653468 8 105 19 68
0.655468 8 105 19 68
0.657468 8 105 19 68
0.659468 8 105 19 68
0.661468 8 105 19 68
0.663468 8 105 19 68
0.665468 8 105 19 68
0.667468 8 105 19 68
0.669468 8 105 19 68
0.671468 7 105 19 68
0.673468 7 105 19 68
0.675468 7 105 19 68
0.677468 7 105 19 68
0.679468 7 105 19 68
0.681468 7 105 19 68
0.683468 7 105 19 68
0.685468 7 105 19 68
0.687468 7 105 19 68
0.689468 7 105 19 68
0.691468 7 105 19 68
0.693468 7 105 19 68
0.695468 7 105 19 68
0.697468 7 105 19 68
0.699468 7 105 19 68
0.701468 7 105 19 68
0.703468 7 105 19 68
0.705468 7 105 19 68
0.707468 7 105 19 68
0.709468 7 105 19 69
0.711468 7 105 19 69
0.713468 7 105 19 69
0.715468 7 105 19 69
0.717468 7 105 19 69
0.719468 7 105 19 69
0.721468 7 105 19 69
0.723468 7 105 19 69
0.725468 7 105 19 69
0.727468 7 105 19 69
0.729468 7 105 19 69
0.731468 7 105 19 69
0.733468 7 105 19 69
0.735468 7 105 19 69
0.737468 7 105 19 69
0.739468 7 105 19 69
0.741468 7 105 19 69
0.743468 7 105 19 69
0.745468 7 105 19 69
0.747468 7 105 19 69
0.749468 7 105 19 69
0.751468 7 105 19 69
0.753468 7 105 19 69
0.755468 7 105 19 69
0.757468 7 105 19 69
0.759468 7 105 19 69
0.761468 7 105 19 69
0.763468 7 105 19 69
0.765468 7 105 19 69
0.767468 7 105 19 69
0.769468 7 105 19 69
0.771468 7 105 19 69
0.773468 7 105 19 69
0.775468 7 105 19 69
0.777468 7 105 19 69
0.779468 7 105 19 69
0.781468 7 105 19 69
0.783468 7 105 19 69
0.785468 7 105 19 69
0.787468 7 104 19 69
0.789468 7 104 19 69
0.791468 7 104 19 69
0.793468 7 104 19 69
0.795468 7 104 19 69
0.797468 7 104 19 69
0.799468 7 104 19 69
0.801468 7 104 19 69
0.803468 7 104 19 69
0.805468 7 104 19 69
0.807468 7 104 19 69
0.809468 7 104 19 69
0.811468 7 104 19 69
0.813468 7 104 19 69
0.815468 7 104 19 69
0.817468 7 104 19 69
0.819468 7 104 19 69
0.821468 7 104 19 69
0.823468 7 104 19 69
0.825468 7 104 19 69
0.827468 7 104 19 69
0.829468 7 104 19 69
0.831468 7 104 19 69
0.833468 7 104 19 69
0.835468 7 104 19 69
0.837468 7 104 19 69
0.839468 7 104 19 69
0.841468 7 104 19 69
0.843468 7 104 19 69
0.845468 7 104 19 69
0.847468 7 104 19 69
0.849468 7 104 19 69
0.851468 7 104 19 69
0.853468 7 104 19 69
0.855468 7 104 19 69
0.857468 7 104 19 69
0.859468 7 104 19 69
0.861468 7 104 19 69
0.863468 7 104 19 69
0.865468 7 104 19 69
0.867468 7 104 19 69
0.869468 7 104 19 69
0.871468 7 104 19 69
0.873468 7 104 19 69
0.875468 7 104 19 69
0.877468 7 104 19 69
0.879468 7 104 19 69
0.881468 7 104 19 69
0.883468 7 104 19 69
0.885468 7 104 19 69
0.887468 7 104 19 69
0.889468 7 104 19 69
0.891468 7 104 19 69
0.893468 7 104 19 69
0.895468 7 104 19 69
0.897468 7 104 19 69
0.899468 7 104 19 69
0.901468 7 104 19 69
0.903468 7 104 19 69
0.905468 7 104 19 69
0.907468 7 104 19 69
0.909468 7 104 19 69
0.911468 7 104 19 69
0.913468 7 104 19 69
0.915468 7 104 19 69
0.917468 7 104 19 69
0.919468 7 104 19 69
0.921468 7 104 19 69
0.923468 7 104 19 69
0.925468 7 104 19 69
0.927468 7 104 19 69
0.929468 7 104 19 69
0.931468 7 104 19 69
0.933468 7 104 19 69
0.935468 7 104 19 69
0.937468 7 104 19 69
0.939468 7 104 19 69
0.941468 7 104 19 69
0.943468 7 104 19 69
0.945468 7 104 20 69
0.947468 7 104 20 69
0.949468 7 104 20 69
0.951468 7 104 20 69
0.953468 7 104 20 69
0.955468 7 104 20 69
0.957468 7 104 20 69
0.959468 7 104 20 69
0.961468 7 104 20 69
0.963468 7 104 20 69
0.965468 7 104 20 69
0.967468 7 104 20 69
0.969468 7 104 20 69
0.971468 7 104 20 69
0.973468 7 104 20 69
0.975468 7 104 20 69
0.977468 7 104 20 69
0.979468 7 104 20 69
0.981468 7 104 20 69
0.983468 7 104 20 69
0.985468 7 104 20 69
0.987468 7 104 20 69
0.989468 7 104 20 69
0.991468 7 104 20 69
0.993468 7 104 20 69
0.995468 7 104 20 69
0.997468 7 104 20 69
0.999468 7 104 20 69
1.001468 7 104 20 69
1.003468 7 104 20 69
1.005468 7 104 20 69
1.007468 7 104 20 69
1.009468 7 104 20 69
1.011468 7 104 20 69
1.013468 7 104 20 69
1.015468 7 104 20 69
1.017468 7 104 20 69
1.019468 7 104 20 69
1.021468 7 104 20 69
1.023468 7 104 19 70
1.025468 7 104 19 70
1.027468 7 104 19 70
1.029468 7 104 19 70
1.031468 7 104 19 70
1.033468 7 104 19 70
1.035468 7 104 19 70
1.037468 7 104 19 70
1.039468 7 104 19 70
1.041468 7 104 19 70
1.043468 7 104 19 70
1.045468 7 104 19 70
1.047468 7 104 19 70
1.049468 7 104 19 70
1.051468 7 104 19 70
1.053468 7 104 19 70
1.055468 7 104 19 70
1.057468 7 104 19 70
1.059468 7 104 19 70
1.061468 7 104 19 70
1.063468 7 104 19 70
1.065468 7 104 19 70
1.067468 7 104 19 70
1.069468 7 104 19 70
1.071468 7 104 19 70
1.073468 7 104 19 70
1.075468 7 104 19 70
1.077468 7 104 19 70
1.079468 7 104 19 70
1.081468 7 104 19 70
1.083468 7 104 19 70
1.085468 7 104 19 70
1.087468 7 104 19 70
1.089468 7 104 19 70
1.091468 7 104 19 70
1.093468 7 104 19 70
1.095468 7 104 19 70
1.097468 7 104 19 70
1.099468 7 104 19 70
1.101468 6 104 19 70
1.103468 6 104 19 70
1.105468 6 104 19 70
1.107468 6 104 19 70
1.109468 6 104 19 70
1.111468 6 104 19 70
1.113468 6 104 19 70
1.115468 6 104 19 70
1.117468 6 104 19 70
1.119468 6 104 19 70
1.121468 6 104 19 70
1.123468 6 104 19 70
1.125468 6 104 19 70
1.127468 6 104 19 70
1.129468 6 104 19 70
1.131468 6 104 19 70
1.133468 6 104 19 70
1.135468 6 104 19 70
1.137468 6 104 19 70
1.139468 6 104 19 70
1.141468 6 104 19 70
1.143468 6 104 19 70
1.145468 6 104 19 70
1.147468 6 104 19 70
1.149468 6 104 19 70
1.151468 6 104 19 70
1.153468 6 104 19 70
1.155468 6 104 19 70
1.157468 6 104 19 70
1.159468 6 104 19 70
1.161468 6 104 19 70
1.163468 6 104 19 70
1.165468 6 104 19 70
1.167468 6 104 19 70
1.169468 6 104 19 70
1.171468 6 104 19 70
1.173468 6 104 19 70
1.175468 6 104 19 70
1.177468 6 104 19 70
1.179468 5 103 20 70
1.181468 5 103 20 70
1.183468 5 103 20 70
1.185468 5 103 20 70
1.187468 5 103 20 70
1.189468 5 103 20 70
1.191468 5 103 20 70
1.193468 5 103 20 70
1.195468 5 103 20 70
1.197468 5 103 20 70
1.199468 5 103 20 70
1.201468 5 103 20 70
1.203468 5 103 20 70
1.205468 5 103 20 70
1.207468 5 103 20 70
1.209468 5 103 20 70
1.211468 5 103 20 70
1.213468 5 103 20 70
1.215468 5 103 20 70
1.217468 5 103 20 70
1.219468 5 103 20 71
1.221468 5 103 20 71
1.223468 5 103 20 71
1.225468 5 103 20 71
1.227468 5 103 20 71
1.229468 5 103 20 71
1.231468 5 103 20 71
1.233468 5 103 20 71
1.235468 5 103 20 71
1.237468 5 103 20 71
1.239468 5 103 20 71
1.241468 5 103 20 71
1.243468 5 103 20 71
1.245468 5 103 20 71
1.247468 5 103 20 71
1.249468 5 103 20 71
1.251468 5 103 20 71
1.253468 5 103 20 71
1.255468 5 103 20 71
1.257468 5 103 21 71
1.259468 5 103 21 71
1.261468 5 103 21 71
1.263468 5 103 21 71
1.265468 5 103 21 71
1.267468 5 103 21 71
1.269468 5 103 21 71
1.271468 5 103 21 71
1.273468 5 103 21 71
1.275468 5 103 21 71
1.277468 5 103 21 71
1.279468 5 103 21 71
1.281468 5 103 21 71
1.283468 5 103 21 71
1.285468 5 103 21 71
1.287468 5 103 21 71
1.289468 5 103 21 71
1.291468 5 103 21 71
1.293468 5 103 21 71
1.295468 5 103 21 71
1.297468 5 103 21 71
1.299468 5 103 21 71
1.301468 5 103 21 71
1.303468 5 103 21 71
1.305468 5 103 21 71
1.307468 5 103 21 71
1.309468 5 103 21 71
1.311468 5 103 21 71
1.313468 5 103 21 71
1.315468 5 103 21 71
1.317468 5 103 21 71
1.319468 5 103 21 71
1.321468 5 103 21 71
1.323468 5 103 21 71
1.325468 5 103 21 71
1.327468 5 103 21 71
1.329468 5 103 21 71
1.331468 5 103 21 71
1.333468 5 103 21 71
1.335468 5 103 21 71
1.337468 6 103 21 71
1.339468 6 103 21 71
1.341468 6 103 21 71
1.343468 6 103 21 71
1.345468 6 103 21 71
1.347468 6 103 21 71
1.349468 6 103 21 71
1.351468 6 103 21 71
1.353468 6 103 21 71
1.355468 6 103 21 71
1.357468 6 103 21 71
1.359468 6 103 21 71
1.361468 6 103 21 71
1.363468 6 103 21 71
1.365468 6 103 21 71
1.367468 6 103 21 71
1.369468 6 103 21 71
1.371468 6 103 21 71
1.373468 6 103 21 71
1.375468 6 103 21 71
1.377468 6 103 21 71
1.379468 6 103 21 71
1.381468 6 103 21 71
1.383468 6 103 21 71
1.385468 6 103 21 71
1.387468 6 103 21 71
1.389468 6 103 21 71
1.391468 6 103 21 71
1.393468 6 103 21 71
1.395468 6 103 21 71
1.397468 6 103 21 71
1.399468 6 103 21 71
1.401468 6 103 21 71
1.403468 6 103 21 71
1.405468 6 103 21 71
1.407468 6 103 21 71
1.409468 6 103 21 71
1.411468 6 103 21 71
1.413468 6 103 21 71
1.415468 6 102 21 71
1.417468 6 102 21 71
1.419468 6 102 21 71
1.421468 6 102 21 71
1.423468 6 102 21 71
1.425468 6 102 21 71
1.427468 6 102 21 71
1.429468 6 102 21 71
1.431468 6 102 21 71
1.433468 6 102 21 71
1.435468 6 102 21 71
1.437468 6 102 21 71
1.439468 6 102 21 71
1.441468 6 102 21 71
1.443468 6 102 21 71
1.445468 6 102 21 71
1.447468 6 102 21 71
1.449468 6 102 21 71
1.451468 6 102 21 71
1.453468 6 102 21 71
1.455468 6 102 21 71
1.457468 6 102 21 71
1.459468 6 102 21 71
1.461468 6 102 21 71
1.463468 6 102 21 71
1.465468 6 102 21 71
1.467468 6 102 21 71
1.469468 6 102 21 71
1.471468 6 102 21 71
1.473468 6 102 21 71
1.475468 6 102 21 71
1.477468 6 102 21 71
1.479468 6 102 21 71
1.481468 6 102 21 71
1.483468 6 102 21 71
1.485468 6 102 21 71
1.487468 6 102 21 71
1.489468 6 102 21 71
1.491468 6 102 21 71
1.493468 6 102 21 71
1.495468 6 102 21 71
1.497468 6 102 21 71
1.499468 6 102 21 71
1.501468 6 102 21 71
1.503468 6 102 21 71
1.505468 6 102 21 71
1.507468 6 102 21 71
1.509468 6 102 21 71
1.511468 6 102 21 71
1.513468 6 102 21 71
1.515468 6 102 21 71
1.517468 6 102 21 71
1.519468 6 102 21 71
1.521468 6 102 21 71
1.523468 6 102 21 71
1.525468 6 102 21 71
1.527468 6 102 21 71
1.529468 6 102 21 71
1.531468 6 102 21 71
1.533468 6 102 21 71
1.535468 6 102 21 71
1.537468 6 102 21 71
1.539468 6 102 21 71
1.541468 6 102 21 71
1.543468 6 102 21 71
1.545468 6 102 21 71
1.547468 6 102 21 71
1.549468 6 102 21 71
1.551468 6 102 21 71
1.553468 6 102 21 71
1.555468 6 102 21 71
1.557468 6 102 21 71
1.559468 6 102 21 71
1.561468 6 102 21 71
1.563468 6 102 21 71
1.565468 6 102 21 71
1.567468 6 102 21 71
1.569468 6 102 21 71
1.571468 7 102 21 71
1.573468 7 102 21 71
1.575468 7 102 21 71
1.577468 7 102 21 71
1.579468 7 102 21 71
1.581468 7 102 21 71
1.583468 7 102 21 71
1.585468 7 102 21 71
1.587468 7 102 21 71
1.589468 7 102 21 71
1.591468 7 102 21 71
1.593468 7 102 21 71
1.595468 7 102 21 71
1.597468 7 102 21 71
1.599468 7 102 21 71
1.601468 7 102 21 71
1.603468 7 102 21 71
1.605468 7 102 21 71
1.607468 7 102 21 71
1.609468 7 102 21 71
1.611468 7 102 21 70
1.613468 7 102 21 70
1.615468 7 102 21 70
1.617468 7 102 21 70
1.619468 7 102 21 70
1.621468 7 102 21 70
1.623468 7 102 21 70
1.625468 7 102 21 70
1.627468 7 102 21 70
1.629468 7 102 21 70
1.631468 7 102 21 70
1.633468 7 102 21 70
1.635468 7 102 21 70
1.637468 7 102 21 70
1.639468 7 102 21 70
1.641468 7 102 21 70
1.643468 7 102 21 70
1.645468 7 102 21 70
1.647468 7 102 21 70
1.649468 7 103 21 70
1.651468 7 103 21 70
1.653468 7 103 21 70
1.655468 7 103 21 70
1.657468 7 103 21 70
1.659468 7 103 21 70
1.661468 7 103 21 70
1.663468 7 103 21 70
1.665468 7 103 21 70
1.667468 7 103 21 70
1.669468 7 103 21 70
1.671468 7 103 21 70
1.673468 7 103 21 70
1.675468 7 103 21 70
1.677468 7 103 21 70
1.679468 7 103 21 70
1.681468 7 103 21 70
1.683468 7 103 21 70
1.685468 7 103 21 70
1.687468 7 103 21 70
1.689468 8 103 21 70
1.691468 8 103 21 70
1.693468 8 103 21 70
1.695468 8 103 21 70
1.697468 8 103 21 70
1.699468 8 103 21 70
1.701468 8 103 21 70
1.703468 8 103 21 70
1.705468 8 103 21 70
1.707468 8 103 21 70
1.709468 8 103 21 70
1.711468 8 103 21 70
1.713468 8 103 21 70
1.715468 8 103 21 70
1.717468 8 103 21 70
1.719468 8 103 21 70
1.721468 8 103 21 70
1.723468 8 103 21 70
1.725468 8 103 21 70
1.727468 9 102 21 70
1.729468 9 102 21 70
1.731468 9 102 21 70
1.733468 9 102 21 70
1.735468 9 102 21 70
1.737468 9 102 21 70
1.739468 9 102 21 70
1.741468 9 102 21 70
1.743468 9 102 21 70
1.745468 9 102 21 70
1.747468 9 102 21 70
1.749468 9 102 21 70
1.751468 9 102 21 70
1.753468 9 102 21 70
1.755468 9 102 21 70
1.757468 9 102 21 70
1.759468 9 102 21 70
1.761468 9 102 21 70
1.763468 9 102 21 70
1.765468 9 102 21 70
1.767468 9 102 21 71
1.769468 9 102 21 71
1.771468 9 102 21 71
1.773468 9 102 21 71
1.775468 9 102 21 71
1.777468 9 102 21 71
1.779468 9 102 21 71
1.781468 9 102 21 71
1.783468 9 102 21 71
1.785468 9 102 21 71
1.787468 9 102 21 71
1.789468 9 102 21 71
1.791468 9 102 21 71
1.793468 9 102 21 71
1.795468 9 102 21 71
1.797468 9 102 21 71
1.799468 9 102 21 71
1.801468 9 102 21 71
1.803468 9 102 21 71
1.805468 9 102 21 71
1.807468 10 101 22 72
1.809468 10 101 22 72
1.811468 10 101 22 72
1.813468 10 101 22 72
1.815468 10 101 22 72
1.817468 10 101 22 72
1.819468 10 101 22 72
1.821468 10 101 22 72
1.823468 10 101 22 72
1.825468 10 101 22 72
1.827468 10 101 22 72
1.829468 10 101 22 72
1.831468 10 101 22 72
1.833468 10 101 22 72
1.835468 10 101 22 72
1.837468 10 101 22 72
1.839468 10 101 22 72
1.841468 10 101 22 72
1.843468 10 101 22 72
1.845468 10 101 22 73
1.847468 10 101 22 73
1.849468 10 101 22 73
1.851468 10 101 22 73
1.853468 10 101 22 73
1.855468 10 101 22 73
1.857468 10 101 22 73
1.859468 10 101 22 73
1.861468 10 101 22 73
1.863468 10 101 22 73
1.865468 10 101 22 73
1.867468 10 101 22 73
1.869468 10 101 22 73
1.871468 10 101 22 73
1.873468 10 101 22 73
1.875468 10 101 22 73
1.877468 10 101 22 73
1.879468 10 101 22 73
1.881468 10 101 22 73
1.883468 10 101 22 73
1.885468 11 100 21 74
1.887468 11 100 21 74
1.889468 11 100 21 74
1.891468 11 100 21 74
1.893468 11 100 21 74
1.895468 11 100 21 74
1.897468 11 100 21 74
1.899468 11 100 21 74
1.901468 11 100 21 74
1.903468 11 100 21 74
1.905468 11 100 21 74
1.907468 11 100 21 74
1.909468 11 100 21 74
1.911468 12 100 21 74
1.913468 12 100 21 74
1.915468 12 100 21 74
1.917468 12 100 21 74
1.919468 12 100 21 74
1.921468 12 100 21 74
1.923468 12 99 21 74
1.925468 12 99 21 74
1.927468 12 99 21 74
1.929468 12 99 21 74
1.931468 12 99 21 74
1.933468 12 99 21 74
1.935468 12 99 21 74
1.937468 13 99 21 74
1.939468 13 99 21 74
1.941468 13 99 21 74
1.943468 13 99 21 74
1.945468 13 99 21 74
1.947468 13 99 21 74
1.949468 13 99 21 74
1.951468 13 99 21 74
1.953468 13 99 21 74
1.955468 13 99 21 74
1.957468 13 99 21 74
1.959468 13 99 21 74
1.961468 13 99 21 74
1.963468 14 99 21 73
1.965468 14 99 21 73
1.967468 14 99 21 73
1.969468 14 99 21 73
1.971468 14 99 21 73
1.973468 14 99 21 73
1.975468 14 99 21 73
1.977468 14 99 21 73
1.979468 14 99 21 73
1.981468 14 99 21 73
1.983468 14 99 21 73
1.985468 14 99 21 73
1.987468 14 99 21 73
1.989468 14 99 21 73
1.991468 14 99 21 73
1.993468 14 99 21 73
1.995468 14 99 21 73
1.997468 14 99 21 73
1.999468 14 99 21 73
2.001468 14 99 21 73
2.003468 14 99 21 73
2.005468 14 99 21 73
2.007468 14 99 21 73
2.009468 14 99 21 73
2.011468 14 99 21 73
2.013468 14 99 21 73
2.015468 14 99 21 73
2.017468 14 99 21 73
2.019468 14 99 21 73
2.021468 14 99 21 73
2.023468 14 99 21 73
2.025468 14 99 21 73
2.027468 14 99 21 73
2.029468 14 99 21 73
2.031468 14 99 21 73
2.033468 14 99 21 73
2.035468 14 99 21 73
2.037468 14 99 21 73
2.039468 14 99 21 73
2.041468 13 100 21 73
2.043468 13 100 21 73
2.045468 13 100 21 73
2.047468 13 100 21 73
2.049468 13 100 21 73
2.051468 13 100 21 73
2.053468 13 100 21 73
2.055468 13 100 21 73
2.057468 13 100 21 73
2.059468 13 100 21 73
2.061468 13 100 21 73
2.063468 13 100 21 73
2.065468 13 100 21 73
2.067468 13 100 21 73
2.069468 13 100 21 73
2.071468 13 100 21 73
2.073468 13 100 21 73
2.075468 13 100 21 73
2.077468 13 100 21 73
2.079468 13 100 21 73
2.081468 13 100 22 73
2.083468 13 100 22 73
2.085468 13 100 22 73
2.087468 13 100 22 73
2.089468 13 100 22 73
2.091468 13 100 22 73
2.093468 13 100 22 73
2.095468 13 100 22 73
2.097468 13 100 22 73
2.099468 13 100 22 73
2.101468 13 100 22 73
2.103468 13 100 22 73
2.105468 13 100 22 73
2.107468 13 100 22 73
2.109468 13 100 22 73
2.111468 13 100 22 73
2.113468 13 100 22 73
2.115468 13 100 22 73
2.117468 13 100 22 73
2.119468 13 101 23 73
2.121468 13 101 23 73
2.123468 13 101 23 73
2.125468 13 101 23 73
2.127468 13 101 23 73
2.129468 13 101 23 73
2.131468 13 101 23 73
2.133468 13 101 23 73
2.135468 13 101 23 73
2.137468 13 101 23 73
2.139468 13 101 23 73
2.141468 13 101 23 73
2.143468 13 101 23 73
2.145468 13 101 23 73
2.147468 13 101 23 73
2.149468 13 101 23 73
2.151468 13 101 23 73
2.153468 13 101 23 73
2.155468 13 101 23 73
2.157468 13 101 23 73
2.159468 13 101 23 74
2.161468 13 101 23 74
2.163468 13 101 23 74
2.165468 13 101 23 74
2.167468 13 101 23 74
2.169468 13 101 23 74
2.171468 13 101 23 74
2.173468 13 101 23 74
2.175468 13 101 23 74
2.177468 13 101 23 74
2.179468 13 101 23 74
2.181468 13 101 23 74
2.183468 13 101 23 74
2.185468 13 101 23 74
2.187468 13 101 23 74
2.189468 13 101 23 74
2.191468 13 101 23 74
2.193468 13 101 23 74
2.195468 13 101 23 74
2.197468 14 101 24 75
2.199468 14 101 24 75
2.201468 14 101 24 75
2.203468 14 101 24 75
2.205468 14 101 24 75
2.207468 14 101 24 75
2.209468 14 101 24 75
2.211468 14 101 24 75
2.213468 14 101 24 75
2.215468 14 101 24 75
2.217468 14 101 24 75
2.219468 14 101 24 75
2.221468 14 101 24 75
2.223468 14 101 24 75
2.225468 15 101 24 75
2.227468 15 101 24 75
2.229468 15 101 24 75
2.231468 15 101 24 75
2.233468 15 101 24 75
2.235468 15 101 24 75
2.237468 15 101 24 75
2.239468 15 101 24 75
2.241468 15 101 24 75
2.243468 15 101 24 75
2.245468 15 101 24 75
2.247468 15 101 24 75
2.249468 15 101 24 75
2.251468 16 101 24 75
2.253468 16 101 24 75
2.255468 16 101 24 75
2.257468 16 101 24 75
2.259468 16 101 24 75
2.261468 16 101 24 75
2.263468 16 101 24 75
2.265468 16 101 24 75
2.267468 16 101 24 75
2.269468 16 101 24 75
2.271468 16 101 24 75
2.273468 16 101 24 75
2.275468 16 101 24 75
2.277468 17 100 24 74
2.279468 17 100 24 74
2.281468 17 100 24 74
2.283468 17 100 24 74
2.285468 17 100 24 74
2.287468 17 100 24 74
2.289468 17 100 24 74
2.291468 17 100 24 74
2.293468 17 100 24 74
2.295468 17 100 24 74
2.297468 17 100 24 74
2.299468 17 100 24 74
2.301468 17 100 24 74
2.303468 17 100 24 73
2.305468 17 100 24 73
2.307468 17 100 24 73
2.309468 17 100 24 73
2.311468 17 100 24 73
2.313468 17 100 24 73
2.315468 17 100 24 73
2.317468 17 100 24 73
2.319468 17 100 24 73
2.321468 17 100 24 73
2.323468 17 100 24 73
2.325468 17 100 24 73
2.327468 17 100 24 73
2.329468 17 100 24 72
2.331468 17 100 24 72
2.333468 17 100 24 72
2.335468 17 100 24 72
2.337468 17 100 24 72
2.339468 17 100 24 72
2.341468 17 100 24 72
2.343468 17 100 24 72
2.345468 17 100 24 72
2.347468 17 100 24 72
2.349468 17 100 24 72
2.351468 17 100 24 72
2.353468 17 100 24 72
2.355468 18 99 24 72
2.357468 18 99 24 72
2.359468 18 99 24 72
2.361468 18 99 24 72
2.363468 18 99 24 72
2.365468 18 99 24 72
2.367468 18 99 24 72
2.369468 18 99 24 72
2.371468 18 99 24 72
2.373468 18 99 24 72
2.375468 18 99 24 72
2.377468 18 99 24 72
2.379468 18 99 24 72
2.381468 18 99 24 73
2.383468 18 99 24 73
2.385468 18 99 24 73
2.387468 18 99 24 73
2.389468 18 99 24 73
2.391468 18 99 24 73
2.393468 18 99 24 73
2.395468 18 99 24 73
2.397468 18 99 24 73
2.399468 18 99 24 73
2.401468 18 99 24 73
2.403468 18 99 24 73
2.405468 18 99 24 73
2.407468 18 99 24 74
2.409468 18 99 24 74
2.411468 18 99 24 74
2.413468 18 99 24 74
2.415468 18 99 24 74
2.417468 18 99 24 74
2.419468 18 99 24 74
2.421468 18 99 24 74
2.423468 18 99 24 74
2.425468 18 99 24 74
2.427468 18 99 24 74
2.429468 18 99 24 74
2.431468 18 99 24 74
2.433468 19 98 25 75
2.435468 19 98 25 75
2.437468 19 98 25 75
2.439468 19 98 25 75
2.441468 19 98 25 75
2.443468 19 98 25 75
2.445468 19 98 25 75
2.447468 19 98 25 75
2.449468 19 98 25 75
2.451468 19 98 25 75
2.453468 19 98 25 75
2.455468 19 98 25 75
2.457468 19 98 25 75
2.459468 19 98 25 75
2.461468 19 98 25 75
2.463468 19 98 25 75
2.465468 19 98 25 75
2.467468 19 98 25 75
2.469468 19 98 25 75
2.471468 19 98 25 75
2.473468 19 97 25 75
2.475468 19 97 25 75
2.477468 19 97 25 75
2.479468 19 97 25 75
2.481468 19 97 25 75
2.483468 19 97 25 75
2.485468 19 97 25 75
2.487468 19 97 25 75
2.489468 19 97 25 75
2.491468 19 97 25 75
2.493468 19 97 25 75
2.495468 19 97 25 75
2.497468 19 97 25 75
2.499468 19 97 25 75
2.501468 19 97 25 75
2.503468 19 97 25 75
2.505468 19 97 25 75
2.507468 19 97 25 75
2.509468 19 97 25 75
2.511468 20 97 25 74
2.513468 20 97 25 74
2.515468 20 97 25 74
2.517468 20 97 25 74
2.519468 20 97 25 74
2.521468 20 97 25 74
2.523468 20 97 25 74
2.525468 20 97 25 74
2.527468 20 97 25 74
2.529468 20 97 25 74
2.531468 20 97 25 74
2.533468 20 97 25 74
2.535468 20 97 25 74
2.537468 20 97 25 74
2.539468 20 97 25 74
2.541468 20 97 25 74
2.543468 20 97 25 74
2.545468 20 97 25 74
2.547468 20 97 25 74
2.549468 20 97 25 74
2.551468 20 97 25 74
2.553468 20 97 25 74
2.555468 20 97 25 74
2.557468 20 97 25 74
2.559468 20 97 25 74
2.561468 20 97 25 74
2.563468 20 97 25 74
2.565468 20 97 25 74
2.567468 20 97 25 74
2.569468 20 97 25 74
2.571468 20 97 25 74
2.573468 20 97 25 74
2.575468 20 97 25 74
2.577468 20 97 25 74
2.579468 20 97 25 74
2.581468 20 97 25 74
2.583468 20 97 25 74
2.585468 20 97 25 74
2.587468 20 97 25 74
2.589468 21 97 25 74
2.591468 21 97 25 74
2.593468 21 97 25 74
2.595468 21 97 25 74
2.597468 21 97 25 74
2.599468 21 97 25 74
2.601468 21 97 25 74
2.603468 21 97 25 74
2.605468 21 97 25 74
2.607468 21 97 25 74
2.609468 21 97 25 74
2.611468 21 97 25 74
2.613468 21 97 25 74
2.615468 21 97 25 74
2.617468 21 97 25 74
2.619468 21 97 25 74
2.621468 21 97 25 74
2.623468 21 97 25 74
2.625468 21 97 25 74
2.627468 21 97 25 74
2.629468 22 97 25 75
2.631468 22 97 25 75
2.633468 22 97 25 75
2.635468 22 97 25 75
2.637468 22 97 25 75
2.639468 22 97 25 75
2.641468 22 97 25 75
2.643468 22 97 25 75
2.645468 22 97 25 75
2.647468 22 97 25 75
2.649468 22 97 25 75
2.651468 22 97 25 75
2.653468 22 97 25 75
2.655468 22 97 25 75
2.657468 22 97 25 75
2.659468 22 97 25 75
2.661468 22 97 25 75
2.663468 22 97 25 75
2.665468 22 97 25 75
2.667468 22 97 25 75
2.669468 23 97 25 76
2.671468 23 97 25 76
2.673468 23 97 25 76
2.675468 23 97 25 76
2.677468 23 97 25 76
2.679468 23 97 25 76
2.681468 23 97 25 76
2.683468 23 97 25 76
2.685468 23 97 25 76
2.687468 23 97 25 76
2.689468 23 97 25 76
2.691468 23 97 25 76
2.693468 23 97 25 76
2.695468 23 97 25 76
2.697468 23 97 25 76
2.699468 23 97 25 76
2.701468 23 97 25 76
2.703468 23 97 25 76
2.705468 23 97 25 76
2.707468 23 97 25 76
2.709468 23 97 25 76
2.711468 23 97 25 76
2.713468 23 97 25 76
2.715468 23 97 25 76
2.717468 23 97 25 76
2.719468 23 97 25 76
2.721468 23 97 25 76
2.723468 23 97 25 76
2.725468 23 97 25 76
2.727468 23 97 25 76
2.729468 23 97 25 76
2.731468 23 97 25 76
2.733468 23 97 25 76
2.735468 23 97 25 76
2.737468 23 97 25 76
2.739468 23 97 25 76
2.741468 23 97 25 76
2.743468 23 97 25 76
2.745468 23 97 25 76
2.747468 24 97 26 76
2.749468 24 97 26 76
2.751468 24 97 26 76
2.753468 24 97 26 76
2.755468 24 97 26 76
2.757468 24 97 26 76
2.759468 24 97 26 76
2.761468 24 97 26 76
2.763468 24 97 26 76
2.765468 24 97 26 76
2.767468 24 97 26 76
2.769468 24 97 26 76
2.771468 24 97 26 76
2.773468 24 97 26 76
2.775468 24 97 26 76
2.777468 24 97 26 76
2.779468 24 97 26 76
2.781468 24 97 26 76
2.783468 24 97 26 76
2.785468 24 97 26 76
2.787468 24 97 26 76
2.789468 24 97 26 76
2.791468 24 97 26 76
2.793468 24 97 26 76
2.795468 24 97 26 76
2.797468 24 97 26 76
2.799468 24 97 26 76
2.801468 24 97 26 76
2.803468 24 97 26 76
2.805468 24 97 26 76
2.807468 24 97 26 76
2.809468 24 97 26 76
2.811468 24 97 26 76
2.813468 24 97 26 76
2.815468 24 97 26 76
2.817468 24 97 26 76
2.819468 24 97 26 76
2.821468 24 97 26 76
2.823468 24 97 26 76
2.825468 24 96 27 76
2.827468 24 96 27 76
2.829468 24 96 27 76
2.831468 24 96 27 76
2.833468 24 96 27 76
2.835468 24 96 27 76
2.837468 24 96 27 76
2.839468 24 96 27 76
2.841468 24 96 27 76
2.843468 24 96 27 76
2.845468 24 96 27 76
2.847468 24 96 27 76
2.849468 24 96 27 76
2.851468 24 96 27 76
2.853468 24 96 27 76
2.855468 24 96 27 76
2.857468 24 96 27 76
2.859468 24 96 27 76
2.861468 24 96 27 76
2.863468 24 96 27 76
2.865468 24 96 27 76
2.867468 24 96 27 76
2.869468 24 96 27 76
2.871468 24 96 27 76
2.873468 24 96 27 76
2.875468 24 96 27 76
2.877468 24 96 27 76
2.879468 24 96 27 76
2.881468 24 96 27 76
2.883468 24 96 27 76
2.885468 24 96 27 76
2.887468 24 96 27 76
2.889468 24 96 27 76
2.891468 24 96 27 76
2.893468 24 96 27 76
2.895468 24 96 27 76
2.897468 24 96 27 76
2.899468 24 96 27 76
2.901468 24 96 27 76
2.903468 24 96 27 76
2.905468 24 96 27 76
2.907468 24 96 27 76
2.909468 24 96 27 76
2.911468 24 96 27 76
2.913468 24 96 27 76
2.915468 24 96 27 76
2.917468 24 96 27 76
2.919468 24 96 27 76
2.921468 24 96 27 76
2.923468 24 96 27 76
2.925468 24 96 27 76
2.927468 24 96 27 76
2.929468 24 96 27 76
2.931468 24 96 27 76
2.933468 24 96 27 76
2.935468 24 96 27 76
2.937468 24 96 27 76
2.939468 24 96 27 76
2.941468 24 96 27 76
2.943468 25 96 27 76
2.945468 25 96 27 76
2.947468 25 96 27 76
2.949468 25 96 27 76
2.951468 25 96 27 76
2.953468 25 96 27 76
2.955468 25 96 27 76
2.957468 25 96 27 76
2.959468 25 96 27 76
2.961468 25 96 27 76
2.963468 25 96 27 76
2.965468 25 96 27 76
2.967468 25 96 27 76
2.969468 25 96 27 76
2.971468 25 96 27 76
2.973468 25 96 27 76
2.975468 25 96 27 76
2.977468 25 96 27 76
2.979468 25 96 27 76
2.981468 26 96 26 76
2.983468 26 96 26 76
2.985468 26 96 26 76
2.987468 26 96 26 76
2.989468 26 96 26 76
2.991468 26 96 26 76
2.993468 26 96 26 76
2.995468 26 96 26 76
2.997468 26 96 26 76
2.999468 26 96 26 76
3.001468 26 96 26 76
3.003468 26 96 26 76
3.005468 26 96 26 76
3.007468 26 96 26 76
3.009468 26 96 26 76
3.011468 26 96 26 76
3.013468 26 96 26 76
3.015468 26 96 26 76
3.017468 26 96 26 76
3.019468 26 96 26 76
3.021468 27 96 26 76
3.023468 27 96 26 76
3.025468 27 96 26 76
3.027468 27 96 26 76
3.029468 27 96 26 76
3.031468 27 96 26 76
3.033468 27 96 26 76
3.035468 27 96 26 76
3.037468 27 96 26 76
3.039468 27 96 26 76
3.041468 27 96 26 76
3.043468 27 96 26 76
3.045468 27 96 26 76
3.047468 27 96 26 76
3.049468 27 96 26 76
3.051468 27 96 26 76
3.053468 27 96 26 76
3.055468 27 96 26 76
3.057468 27 96 26 76
3.059468 28 96 26 76
3.061468 28 96 26 76
3.063468 28 96 26 76
3.065468 28 96 26 76
3.067468 28 96 26 76
3.069468 28 96 26 76
3.071468 28 96 26 76
3.073468 28 96 26 76
3.075468 28 96 26 76
3.077468 28 96 26 76
3.079468 28 96 26 76
3.081468 28 96 26 76
3.083468 28 96 26 76
3.085468 28 96 26 76
3.087468 28 96 26 76
3.089468 28 96 26 76
3.091468 28 96 26 76
3.093468 28 96 26 76
3.095468 28 96 26 76
3.097468 28 96 26 76
3.099468 28 96 26 76
3.101468 28 96 26 76
3.103468 28 96 26 76
3.105468 28 96 26 76
3.107468 28 96 26 76
3.109468 28 96 26 76
3.111468 28 96 26 76
3.113468 28 96 26 76
3.115468 28 96 26 76
3.117468 28 96 26 76
3.119468 28 96 26 76
3.121468 28 96 26 76
3.123468 28 96 26 76
3.125468 28 96 26 76
3.127468 28 96 26 76
3.129468 28 96 26 76
3.131468 28 96 26 76
3.133468 28 96 26 76
3.135468 28 96 26 76
3.137468 28 96 26 76
3.139468 29 96 27 77
3.141468 29 96 27 77
3.143468 29 96 27 77
3.145468 29 96 27 77
3.147468 29 96 27 77
3.149468 29 96 27 77
3.151468 29 96 27 77
3.153468 29 96 27 77
3.155468 29 96 27 77
3.157468 29 96 27 77
3.159468 29 96 27 77
3.161468 29 96 27 77
3.163468 29 96 27 77
3.165468 29 96 27 77
3.167468 29 96 27 77
3.169468 29 96 27 77
3.171468 29 96 27 77
3.173468 29 96 27 77
3.175468 29 96 27 77
3.177468 29 96 27 77
3.179468 29 96 27 77
3.181468 29 96 27 77
3.183468 29 96 27 77
3.185468 29 96 27 77
3.187468 29 96 27 77
3.189468 29 96 27 77
3.191468 29 96 27 77
3.193468 29 96 27 77
3.195468 29 96 27 77
3.197468 29 96 27 77
3.199468 29 96 27 77
3.201468 29 96 27 77
3.203468 29 96 27 77
3.205468 29 96 27 77
3.207468 29 96 27 77
3.209468 29 96 27 77
3.211468 29 96 27 77
3.213468 29 96 27 77
3.215468 29 96 27 77
3.217468 29 96 27 77
3.219468 29 96 27 77
3.221468 29 96 27 77
3.223468 29 96 27 77
3.225468 29 96 27 77
3.227468 29 96 27 77
3.229468 29 96 27 77
3.231468 29 96 27 77
3.233468 29 96 27 77
3.235468 29 96 27 77
3.237468 29 96 27 77
3.239468 29 96 27 77
3.241468 29 96 27 77
3.243468 29 96 27 77
3.245468 29 96 27 77
3.247468 29 96 27 77
3.249468 29 96 27 77
3.251468 29 96 27 77
3.253468 29 96 27 77
3.255468 30 96 27 77
3.257468 30 96 27 77
3.259468 30 96 27 77
3.261468 30 96 27 77
3.263468 30 96 27 77
3.265468 30 96 27 77
3.267468 30 96 27 77
3.269468 30 96 27 77
3.271468 30 96 27 77
3.273468 30 96 27 77
3.275468 30 96 27 77
3.277468 30 96 27 77
3.279468 30 96 27 77
3.281468 30 96 27 77
3.283468 30 96 27 77
3.285468 30 96 27 77
3.287468 30 96 27 77
3.289468 30 96 27 77
3.291468 30 96 27 77
3.293468 30 96 27 77
3.295468 31 96 27 77
3.297468 31 96 27 77
3.299468 31 96 27 77
3.301468 31 96 27 77
3.303468 31 96 27 77
3.305468 31 96 27 77
3.307468 31 96 27 77
3.309468 31 96 27 77
3.311468 31 96 27 77
3.313468 31 96 27 77
3.315468 31 96 27 77
3.317468 31 96 27 77
3.319468 31 96 27 77
3.321468 32 96 27 77
3.323468 32 96 27 77
3.325468 32 96 27 77
3.327468 32 96 27 77
3.329468 32 96 27 77
3.331468 32 96 27 77
3.333468 32 96 27 77
3.335468 32 96 27 77
3.337468 32 96 27 77
3.339468 32 96 27 77
3.341468 32 96 27 77
3.343468 32 96 27 77
3.345468 32 96 27 77
3.347468 33 96 27 77
3.349468 33 96 27 77
3.351468 33 96 27 77
3.353468 33 96 27 77
3.355468 33 96 27 77
3.357468 33 96 27 77
3.359468 33 96 27 77
3.361468 33 96 27 77
3.363468 33 96 27 77
3.365468 33 96 27 77
3.367468 33 96 27 77
3.369468 33 96 27 77
3.371468 33 96 27 77
3.373468 34 95 27 77
3.375468 34 95 27 77
3.377468 34 95 27 77
3.379468 34 95 27 77
3.381468 34 95 27 77
3.383468 34 95 27 77
3.385468 34 95 27 77
3.387468 34 95 27 77
3.389468 34 95 27 77
3.391468 34 95 27 77
3.393468 34 95 27 77
3.395468 34 95 27 77
3.397468 34 95 27 77
3.399468 34 95 27 77
3.401468 34 95 27 77
3.403468 34 95 27 77
3.405468 34 95 27 77
3.407468 34 95 27 77
3.409468 34 95 27 77
3.411468 34 95 27 77
3.413468 34 94 27 77
3.415468 34 94 27 77
3.417468 34 94 27 77
3.419468 34 94 27 77
3.421468 34 94 27 77
3.423468 34 94 27 77
3.425468 34 94 27 77
3.427468 34 94 27 77
3.429468 34 94 27 77
3.431468 34 94 27 77
3.433468 34 94 27 77
3.435468 34 94 27 77
3.437468 34 94 27 77
3.439468 34 94 27 77
3.441468 34 94 27 77
3.443468 34 94 27 77
3.445468 34 94 27 77
3.447468 34 94 27 77
3.449468 34 94 27 77
3.451468 35 94 26 78
3.453468 35 94 26 78
3.455468 35 94 26 78
3.457468 35 94 26 78
3.459468 35 94 26 78
3.461468 35 94 26 78
3.463468 35 94 26 78
3.465468 35 94 26 78
3.467468 35 94 26 78
3.469468 35 94 26 78
3.471468 35 94 26 78
3.473468 35 94 26 78
3.475468 35 94 26 78
3.477468 35 94 26 78
3.479468 35 94 26 78
3.481468 35 94 26 78
3.483468 35 94 26 78
3.485468 35 94 26 78
3.487468 35 94 26 78
3.489468 35 94 26 78
3.491468 36 94 26 78
3.493468 36 94 26 78
3.495468 36 94 26 78
3.497468 36 94 26 78
3.499468 36 94 26 78
3.501468 36 94 26 78
3.503468 36 94 26 78
3.505468 36 94 26 78
3.507468 36 94 26 78
3.509468 36 94 26 78
3.511468 36 94 26 78
3.513468 36 94 26 78
3.515468 36 94 26 78
3.517468 36 94 26 78
3.519468 36 94 26 78
3.521468 36 94 26 78
3.523468 36 94 26 78
3.525468 36 94 26 78
3.527468 36 94 26 78
3.529468 36 94 26 78
3.531468 37 95 26 78
3.533468 37 95 26 78
3.535468 37 95 26 78
3.537468 37 95 26 78
3.539468 37 95 26 78
3.541468 37 95 26 78
3.543468 37 95 26 78
3.545468 37 95 26 78
3.547468 37 95 26 78
3.549468 37 95 26 78
3.551468 37 95 26 78
3.553468 37 95 26 78
3.555468 37 95 26 78
3.557468 37 95 26 78
3.559468 37 95 26 78
3.561468 37 95 26 78
3.563468 37 95 26 78
3.565468 37 95 26 78
3.567468 37 95 26 78
3.569468 37 95 27 78
3.571468 37 95 27 78
3.573468 37 95 27 78
3.575468 37 95 27 78
3.577468 37 95 27 78
3.579468 37 95 27 78
3.581468 37 95 27 78
3.583468 37 95 27 78
3.585468 37 95 27 78
3.587468 37 95 27 78
3.589468 37 95 27 78
3.591468 37 95 27 78
3.593468 37 95 27 78
3.595468 37 95 27 78
3.597468 37 95 27 78
3.599468 37 95 27 78
3.601468 37 95 27 78
3.603468 37 95 27 78
3.605468 37 95 27 78
3.607468 37 95 27 78
3.609468 37 94 28 79
3.611468 37 94 28 79
3.613468 37 94 28 79
3.615468 37 94 28 79
3.617468 37 94 28 79
3.619468 37 94 28 79
3.621468 37 94 28 79
3.623468 37 94 28 79
3.625468 37 94 28 79
3.627468 37 94 28 79
3.629468 37 94 28 79
3.631468 37 94 28 79
3.633468 37 94 28 79
3.635468 37 94 28 79
3.637468 37 94 28 79
3.639468 37 94 28 79
3.641468 37 94 28 79
3.643468 37 94 28 79
3.645468 37 94 28 79
3.647468 37 94 28 79
3.649468 37 94 28 79
3.651468 37 94 28 79
3.653468 37 94 28 79
3.655468 37 94 28 79
3.657468 37 94 28 79
3.659468 37 94 28 79
3.661468 37 94 28 79
3.663468 37 94 28 79
3.665468 37 94 28 79
3.667468 37 94 28 79
3.669468 37 94 28 79
3.671468 37 94 28 79
3.673468 37 94 28 79
3.675468 37 94 28 79
3.677468 37 94 28 79
3.679468 37 94 28 79
3.681468 37 94 28 79
3.683468 37 94 28 79
3.685468 37 94 28 79
3.687468 38 94 27 79
3.689468 38 94 27 79
3.691468 38 94 27 79
3.693468 38 94 27 79
3.695468 38 94 27 79
3.697468 38 94 27 79
3.699468 38 94 27 79
3.701468 38 94 27 79
3.703468 38 94 27 79
3.705468 38 94 27 79
3.707468 38 94 27 79
3.709468 38 94 27 79
3.711468 38 94 27 79
3.713468 38 94 27 79
3.715468 38 94 27 79
3.717468 38 94 27 79
3.719468 38 94 27 79
3.721468 38 94 27 79
3.723468 38 94 27 79
3.725468 38 94 27 80
3.727468 38 94 27 80
3.729468 38 94 27 80
3.731468 38 94 27 80
3.733468 38 94 27 80
3.735468 38 94 27 80
3.737468 38 94 27 80
3.739468 38 94 27 80
3.741468 38 94 27 80
3.743468 38 94 27 80
3.745468 38 94 27 80
3.747468 38 94 27 80
3.749468 38 94 27 80
3.751468 38 94 27 80
3.753468 38 94 27 80
3.755468 38 94 27 80
3.757468 38 94 27 80
3.759468 38 94 27 80
3.761468 38 94 27 80
3.763468 38 94 27 80
3.765468 39 94 27 81
3.767468 39 94 27 81
3.769468 39 94 27 81
3.771468 39 94 27 81
3.773468 39 94 27 81
3.775468 39 94 27 81
3.777468 39 94 27 81
3.779468 39 94 27 81
3.781468 39 94 27 81
3.783468 39 94 27 81
3.785468 39 94 27 81
3.787468 39 94 27 81
3.789468 39 94 27 81
3.791468 39 94 27 81
3.793468 39 94 27 81
3.795468 39 94 27 81
3.797468 39 94 27 81
3.799468 39 94 27 81
3.801468 39 94 27 81
3.803468 39 94 27 81
3.805468 39 94 27 81
3.807468 39 94 27 81
3.809468 39 94 27 81
3.811468 39 94 27 81
3.813468 39 94 27 81
3.815468 39 94 27 81
3.817468 39 94 27 81
3.819468 39 94 27 81
3.821468 39 94 27 81
3.823468 39 94 27 81
3.825468 39 94 27 81
3.827468 39 94 27 81
3.829468 39 94 27 81
3.831468 39 94 27 81
3.833468 39 94 27 81
3.835468 39 94 27 81
3.837468 39 94 27 81
3.839468 39 94 27 81
3.841468 39 94 27 81
3.843468 40 93 28 82
3.845468 40 93 28 82
3.847468 40 93 28 82
3.849468 40 93 28 82
3.851468 40 93 28 82
3.853468 40 93 28 82
3.855468 40 93 28 82
3.857468 40 93 28 82
3.859468 40 93 28 82
3.861468 40 93 28 82
3.863468 40 93 28 82
3.865468 40 93 28 82
3.867468 40 93 28 82
3.869468 40 93 28 82
3.871468 40 93 28 82
3.873468 40 93 28 82
3.875468 40 93 28 82
3.877468 40 93 28 82
3.879468 40 93 28 82
3.881468 40 93 28 82
3.883468 40 93 28 82
3.885468 40 93 28 82
3.887468 40 93 28 82
3.889468 40 93 28 82
3.891468 40 93 28 82
3.893468 40 93 28 82
3.895468 40 93 28 82
3.897468 40 93 28 82
3.899468 40 93 28 82
3.901468 40 93 28 82
3.903468 40 93 28 82
3.905468 40 93 28 82
3.907468 40 93 28 82
3.909468 40 93 28 82
3.911468 40 93 28 82
3.913468 40 93 28 82
3.915468 40 93 28 82
3.917468 40 93 28 82
3.919468 40 93 28 82
3.921468 41 92 29 83
3.923468 41 92 29 83
3.925468 41 92 29 83
3.927468 41 92 29 83
3.929468 41 92 29 83
3.931468 41 92 29 83
3.933468 41 92 29 83
3.935468 41 92 29 83
3.937468 41 92 29 83
3.939468 41 92 29 83
3.941468 41 92 29 83
3.943468 41 92 29 83
3.945468 41 92 29 83
3.947468 41 92 29 83
3.949468 41 92 29 83
3.951468 41 92 29 83
3.953468 41 92 29 83
3.955468 41 92 29 83
3.957468 41 92 29 83
3.959468 41 92 29 83
3.961468 41 91 29 83
3.963468 41 91 29 83
3.965468 41 91 29 83
3.967468 41 91 29 83
3.969468 41 91 29 83
3.971468 41 91 29 83
3.973468 41 91 29 83
3.975468 41 91 29 83
3.977468 41 91 29 83
3.979468 41 91 29 83
3.981468 41 91 29 83
3.983468 41 91 29 83
3.985468 41 91 29 83
3.987468 41 91 29 83
3.989468 41 91 29 83
3.991468 41 91 29 83
3.993468 41 91 29 83
3.995468 41 91 29 83
3.997468 41 91 29 83
3.999468 41 91 29 83
4.001468 42 91 29 84
4.003468 42 91 29 84
4.005468 42 91 29 84
4.007468 42 91 29 84
4.009468 42 91 29 84
4.011468 42 91 29 84
4.013468 42 91 29 84
4.015468 42 91 30 84
4.017468 42 91 30 84
4.019468 42 91 30 84
4.021468 42 91 30 84
4.023468 42 91 30 84
4.025468 42 91 30 84
4.027468 42 91 30 84
4.029468 42 91 30 84
4.031468 42 91 31 84
4.033468 42 91 31 84
4.035468 42 91 31 84
4.037468 42 91 31 84
4.039468 42 91 31 85
4.041468 42 91 31 85
4.043468 42 91 31 85
4.045468 42 91 31 85
4.047468 42 91 32 85
4.049468 42 91 32 85
4.051468 42 91 32 85
4.053468 42 91 32 85
4.055468 42 91 32 85
4.057468 42 91 32 85
4.059468 42 91 32 85
4.061468 42 91 32 85
4.063468 42 91 33 85
4.065468 42 91 33 85
4.067468 42 91 33 85
4.069468 42 91 33 85
4.071468 42 91 33 85
4.073468 42 91 33 85
4.075468 42 91 33 85
4.077468 42 91 33 85
4.079468 42 90 33 86
4.081468 42 90 33 86
4.083468 42 90 33 86
4.085468 42 90 33 86
4.087468 42 90 33 86
4.089468 42 90 33 86
4.091468 42 90 33 86
4.093468 42 90 33 86
4.095468 42 90 33 86
4.097468 42 90 33 86
4.099468 42 90 33 86
4.101468 42 90 33 86
4.103468 42 90 33 86
4.105468 43 90 33 86
4.107468 43 90 33 86
4.109468 43 90 33 86
4.111468 43 90 33 86
4.113468 43 90 33 86
4.115468 43 90 33 86
4.117468 43 90 33 86
4.119468 43 90 33 86
4.121468 43 90 33 86
4.123468 43 90 33 86
4.125468 43 90 33 86
4.127468 43 90 33 86
4.129468 43 90 33 86
4.131468 44 90 33 86
4.133468 44 90 33 86
4.135468 44 90 33 86
4.137468 44 90 33 86
4.139468 44 90 33 86
4.141468 44 90 33 86
4.143468 44 90 33 86
4.145468 44 90 33 86
4.147468 44 90 33 86
4.149468 44 90 33 86
4.151468 44 90 33 86
4.153468 44 90 33 86
4.155468 44 90 33 86
4.157468 45 90 33 87
4.159468 45 90 33 87
4.161468 45 90 33 87
4.163468 45 90 33 87
4.165468 45 90 33 87
4.167468 45 90 33 87
4.169468 45 90 33 87
4.171468 45 90 33 87
4.173468 45 90 33 87
4.175468 45 90 33 87
4.177468 45 90 33 87
4.179468 45 90 33 87
4.181468 45 90 33 87
4.183468 45 90 33 87
4.185468 45 90 33 87
4.187468 45 90 33 87
4.189468 45 90 33 87
4.191468 45 90 33 87
4.193468 45 90 33 87
4.195468 45 90 33 87
4.197468 45 90 33 88
4.199468 45 90 33 88
4.201468 45 90 33 88
4.203468 45 90 33 88
4.205468 45 90 33 88
4.207468 45 90 33 88
4.209468 45 90 33 88
4.211468 45 90 33 88
4.213468 45 90 33 88
4.215468 45 90 33 88
4.217468 45 90 33 88
4.219468 45 90 33 88
4.221468 45 90 33 88
4.223468 45 90 33 88
4.225468 45 90 33 88
4.227468 45 90 33 88
4.229468 45 90 33 88
4.231468 45 90 33 88
4.233468 45 90 33 88
4.235468 46 90 33 88
4.237468 46 90 33 88
4.239468 46 90 33 88
4.241468 46 90 33 88
4.243468 46 90 33 88
4.245468 46 90 33 88
4.247468 46 90 33 88
4.249468 46 90 33 88
4.251468 46 90 33 88
4.253468 46 90 33 88
4.255468 46 90 33 88
4.257468 46 90 33 88
4.259468 46 90 33 88
4.261468 46 90 33 88
4.263468 46 90 33 88
4.265468 46 90 33 88
4.267468 46 90 33 88
4.269468 46 90 33 88
4.271468 46 90 33 88
4.273468 46 90 33 88
4.275468 46 90 33 87
4.277468 46 90 33 87
4.279468 46 90 33 87
4.281468 46 90 33 87
4.283468 46 90 33 87
4.285468 46 90 33 87
4.287468 46 90 33 87
4.289468 46 90 33 87
4.291468 46 90 33 87
4.293468 46 90 33 87
4.295468 46 90 33 87
4.297468 46 90 33 87
4.299468 46 90 33 87
4.301468 46 90 33 87
4.303468 46 90 33 87
4.305468 46 90 33 87
4.307468 46 90 33 87
4.309468 46 90 33 87
4.311468 46 90 33 87
4.313468 47 91 33 87
4.315468 47 91 33 87
4.317468 47 91 33 87
4.319468 47 91 33 87
4.321468 47 91 33 87
4.323468 47 91 33 87
4.325468 47 91 33 87
4.327468 47 91 33 87
4.329468 47 91 33 87
4.331468 47 91 33 87
4.333468 47 91 33 87
4.335468 47 91 33 87
4.337468 47 91 33 87
4.339468 48 91 33 87
4.341468 48 91 33 87
4.343468 48 91 33 87
4.345468 48 91 33 87
4.347468 48 91 33 87
4.349468 48 91 33 87
4.351468 48 91 33 87
4.353468 48 91 33 87
4.355468 48 91 33 87
4.357468 48 91 33 87
4.359468 48 91 33 87
4.361468 48 91 33 87
4.363468 48 91 33 87
4.365468 49 91 33 87
4.367468 49 91 33 87
4.369468 49 91 33 87
4.371468 49 91 33 87
4.373468 49 91 33 87
4.375468 49 91 33 87
4.377468 49 91 33 87
4.379468 49 91 33 87
4.381468 49 91 33 87
4.383468 49 91 33 87
4.385468 49 91 33 87
4.387468 49 91 33 87
4.389468 49 91 33 87
4.391468 50 91 33 87
4.393468 50 91 33 87
4.395468 50 91 33 87
4.397468 50 91 33 87
4.399468 50 91 33 87
4.401468 50 91 33 87
4.403468 50 91 33 87
4.405468 50 91 33 88
4.407468 50 91 33 88
4.409468 50 91 33 88
4.411468 50 91 33 88
4.413468 50 91 33 88
4.415468 50 91 33 88
4.417468 50 91 33 88
4.419468 51 91 33 89
4.421468 51 91 33 89
4.423468 51 91 33 89
4.425468 51 91 33 89
4.427468 51 91 33 89
4.429468 51 91 33 89
4.431468 51 90 34 90
4.433468 51 90 34 90
4.435468 51 90 34 90
4.437468 51 90 34 90
4.439468 51 90 34 90
4.441468 51 90 34 90
4.443468 51 90 34 90
4.445468 52 90 34 91
4.447468 52 90 34 91
4.449468 52 90 34 91
4.451468 52 90 34 91
4.453468 52 90 34 91
4.455468 52 90 34 91
4.457468 52 90 34 92
4.459468 52 90 34 92
4.461468 52 90 34 92
4.463468 52 90 34 92
4.465468 52 90 34 92
4.467468 52 90 34 92
4.469468 52 90 34 92
4.471468 53 89 34 93
4.473468 53 89 34 93
4.475468 53 89 34 93
4.477468 53 89 34 93
4.479468 53 89 34 93
4.481468 53 89 34 93
4.483468 53 89 34 93
4.485468 53 89 33 93
4.487468 53 89 33 93
4.489468 54 89 33 94
4.491468 54 89 33 94
4.493468 54 89 33 94
4.495468 54 89 33 94
4.497468 54 89 33 94
4.499468 54 89 33 94
4.501468 54 89 32 94
4.503468 54 89 32 94
4.505468 54 89 32 94
4.507468 54 89 32 94
4.509468 55 89 32 95
4.511468 55 89 32 95
4.513468 55 89 32 95
4.515468 55 89 32 95
4.517468 55 89 31 95
4.519468 55 89 31 95
4.521468 55 89 31 95
4.523468 55 89 31 95
4.525468 55 89 31 95
4.527468 55 89 31 95
4.529468 56 89 31 96
4.531468 56 89 31 96
4.533468 56 89 30 96
4.535468 56 89 30 96
4.537468 56 89 30 96
4.539468 56 89 30 96
4.541468 56 89 30 96
4.543468 56 89 30 96
4.545468 56 89 30 96
4.547468 56 89 30 96
4.549468 57 89 29 96
4.551468 57 89 29 96
4.553468 57 89 29 96
4.555468 57 89 29 96
4.557468 57 89 29 96
4.559468 57 89 29 96
4.561468 57 89 29 96
4.563468 57 89 29 96
4.565468 57 89 29 96
4.567468 57 89 29 96
4.569468 58 89 28 96
4.571468 58 89 28 96
4.573468 58 89 28 96
4.575468 58 89 28 95
4.577468 58 89 28 95
4.579468 58 89 28 95
4.581468 58 89 28 95
4.583468 58 89 28 95
4.585468 58 89 28 95
4.587468 59 89 27 95
4.589468 59 89 27 95
4.591468 59 89 27 95
4.593468 59 89 27 95
4.595468 59 89 27 95
4.597468 59 89 27 95
4.599468 59 89 27 95
4.601468 59 89 27 94
4.603468 59 89 27 94
4.605468 59 89 27 94
4.607468 60 89 26 94
4.609468 60 89 26 94
4.611468 60 89 26 94
4.613468 60 89 26 94
4.615468 60 89 26 94
4.617468 60 89 26 94
4.619468 60 89 26 94
4.621468 60 89 26 94
4.623468 60 89 26 94
4.625468 60 89 26 94
4.627468 61 89 26 94
4.629468 61 89 26 94
4.631468 61 89 26 94
4.633468 61 89 26 94
4.635468 61 89 26 94
4.637468 61 89 26 94
4.639468 61 89 26 94
4.641468 61 89 26 94
4.643468 61 89 26 94
4.645468 61 89 26 94
4.647468 61 89 26 94
4.649468 61 89 26 94
4.651468 61 89 26 94
4.653468 61 89 26 94
4.655468 61 89 26 94
4.657468 61 89 26 94
4.659468 61 89 26 94
4.661468 61 89 26 94
4.663468 61 89 26 94
4.665468 61 89 26 94
4.667468 62 89 26 94
4.669468 62 89 26 94
4.671468 62 89 26 94
4.673468 62 89 26 94
4.675468 62 89 26 94
4.677468 62 89 26 94
4.679468 62 89 26 94
4.681468 62 89 26 94
4.683468 62 89 26 94
4.685468 62 89 26 94
4.687468 62 89 26 94
4.689468 62 89 26 94
4.691468 62 89 26 94
4.693468 62 89 26 94
4.695468 62 89 26 94
4.697468 62 89 26 94
4.699468 62 89 26 94
4.701468 62 89 26 94
4.703468 62 89 26 94
4.705468 63 88 26 95
4.707468 63 88 26 95
4.709468 63 88 26 95
4.711468 63 88 26 95
4.713468 63 88 26 95
4.715468 63 88 26 95
4.717468 63 88 26 95
4.719468 63 88 26 95
4.721468 63 88 26 95
4.723468 63 88 26 95
4.725468 63 88 26 95
4.727468 63 88 26 95
4.729468 63 88 26 95
4.731468 63 88 26 95
4.733468 63 88 26 95
4.735468 63 88 26 95
4.737468 63 88 26 95
4.739468 63 88 26 95
4.741468 63 88 26 95
4.743468 63 88 26 95
4.745468 63 88 26 96
4.747468 63 88 26 96
4.749468 63 88 26 96
4.751468 63 88 26 96
4.753468 63 88 26 96
4.755468 63 88 26 96
4.757468 63 88 26 96
4.759468 63 88 26 96
4.761468 63 88 26 96
4.763468 63 88 26 96
4.765468 63 88 26 96
4.767468 63 88 26 96
4.769468 63 88 26 96
4.771468 63 88 26 96
4.773468 63 88 26 96
4.775468 63 88 26 96
4.777468 63 88 26 96
4.779468 63 88 26 96
4.781468 63 88 26 96
4.783468 64 88 26 97
4.785468 64 88 26 97
4.787468 64 88 26 97
4.789468 64 88 26 97
4.791468 64 88 26 97
4.793468 64 88 26 97
4.795468 64 88 26 97
4.797468 64 88 26 97
4.799468 64 88 26 97
4.801468 64 88 26 97
4.803468 64 88 26 97
4.805468 64 88 26 97
4.807468 64 88 26 97
4.809468 64 88 26 97
4.811468 64 88 26 97
4.813468 64 88 26 97
4.815468 64 88 26 97
4.817468 64 88 26 97
4.819468 64 88 26 97
4.821468 64 88 26 97
4.823468 64 88 27 97
4.825468 64 88 27 97
4.827468 64 88 27 97
4.829468 64 88 27 97
4.831468 64 88 27 97
4.833468 64 88 27 97
4.835468 64 88 27 97
4.837468 64 88 27 97
4.839468 64 88 27 97
4.841468 64 88 27 97
4.843468 64 88 27 97
4.845468 64 88 27 97
4.847468 64 88 27 97
4.849468 64 88 27 97
4.851468 64 88 27 97
4.853468 64 88 27 97
4.855468 64 88 27 97
4.857468 64 88 27 97
4.859468 64 88 27 97
4.861468 64 88 27 97
4.863468 65 88 28 97
4.865468 65 88 28 97
4.867468 65 88 28 97
4.869468 65 88 28 97
4.871468 65 88 28 97
4.873468 65 88 28 97
4.875468 65 88 28 97
4.877468 65 88 28 97
4.879468 65 88 28 97
4.881468 65 88 28 96
4.883468 65 88 28 96
4.885468 65 88 28 96
4.887468 65 88 28 96
4.889468 65 88 28 96
4.891468 65 88 28 96
4.893468 65 88 28 96
4.895468 65 88 28 96
4.897468 65 88 28 96
4.899468 65 88 28 96
4.901468 65 88 28 95
4.903468 65 88 28 95
4.905468 65 88 28 95
4.907468 65 88 28 95
4.909468 65 88 28 95
4.911468 65 88 28 95
4.913468 65 88 28 95
4.915468 65 88 28 95
4.917468 65 88 28 95
4.919468 65 88 28 95
4.921468 65 88 28 94
4.923468 65 88 28 94
4.925468 65 88 28 94
4.927468 65 88 28 94
4.929468 65 88 28 94
4.931468 65 88 28 94
4.933468 65 88 28 94
4.935468 65 88 28 94
4.937468 65 88 28 94
4.939468 65 88 28 94
4.941468 65 88 28 94
4.943468 65 88 28 94
4.945468 65 88 28 94
4.947468 65 88 28 94
4.949468 65 88 28 94
4.951468 65 88 28 94
4.953468 65 88 28 94
4.955468 65 88 28 94
4.957468 65 88 28 94
4.959468 65 88 28 94
4.961468 65 88 28 94
4.963468 65 88 28 94
4.965468 65 88 28 94
4.967468 65 88 29 95
4.969468 65 88 29 95
4.971468 65 88 29 95
4.973468 65 88 29 95
4.975468 65 88 29 95
4.977468 65 88 29 95
4.979468 65 88 29 95
4.981468 65 88 29 95
4.983468 65 88 29 95
4.985468 65 88 29 95
4.987468 65 88 29 95
4.989468 65 88 29 95
4.991468 65 88 29 95
4.993468 65 88 30 96
4.995468 65 88 30 96
4.997468 65 88 30 96
4.999468 65 88 30 96
5.001468 65 88 30 96
5.003468 65 88 30 96
5.005468 65 88 30 96
5.007468 65 88 30 96
5.009468 65 88 30 96
5.011468 65 88 30 96
5.013468 65 88 30 96
5.015468 65 88 30 96
5.017468 65 88 30 96
5.019468 66 87 31 97
5.021468 66 87 31 97
5.023468 66 87 31 97
5.025468 66 87 31 97
5.027468 66 87 31 97
5.029468 66 87 31 97
5.031468 66 87 31 97
5.033468 66 87 31 97
5.035468 66 87 31 97
5.037468 66 87 31 97
5.039468 66 87 31 97
5.041468 66 87 31 97
5.043468 66 87 31 97
5.045468 66 87 31 97
5.047468 66 87 31 97
5.049468 66 87 31 97
5.051468 66 87 31 97
5.053468 66 87 31 97
5.055468 66 87 31 97
5.057468 66 87 31 97
5.059468 66 87 31 97
5.061468 66 87 31 97
5.063468 66 87 31 97
5.065468 66 87 31 97
5.067468 66 87 31 97
5.069468 66 87 31 97
5.071468 66 87 31 97
5.073468 66 87 31 97
5.075468 66 87 31 97
5.077468 66 87 31 97
5.079468 66 87 31 97
5.081468 66 87 31 97
5.083468 66 87 31 97
5.085468 66 87 31 97
5.087468 66 87 31 97
5.089468 66 87 31 97
5.091468 66 87 31 97
5.093468 66 87 31 97
5.095468 66 87 31 97
5.097468 66 87 31 98
5.099468 66 87 31 98
5.101468 66 87 31 98
5.103468 66 87 31 98
5.105468 66 87 31 98
5.107468 66 87 31 98
5.109468 66 87 31 98
5.111468 66 87 31 98
5.113468 66 87 31 98
5.115468 66 87 31 98
5.117468 66 87 31 98
5.119468 66 87 31 98
5.121468 66 87 31 98
5.123468 66 87 31 98
5.125468 66 87 31 98
5.127468 66 87 31 98
5.129468 66 87 31 98
5.131468 66 87 31 98
5.133468 66 87 31 98
5.135468 66 87 31 98
5.137468 66 87 31 98
5.139468 66 87 31 98
5.141468 66 87 31 98
5.143468 66 87 31 98
5.145468 66 87 31 98
5.147468 66 87 31 98
5.149468 66 87 31 98
5.151468 66 87 31 98
5.153468 66 87 31 98
5.155468 66 87 31 98
5.157468 66 87 31 98
5.159468 66 87 31 98
5.161468 66 87 31 98
5.163468 66 87 31 98
5.165468 66 87 31 98
5.167468 66 87 31 98
5.169468 66 87 31 98
5.171468 66 87 31 98
5.173468 66 87 31 98
5.175468 67 87 31 98
5.177468 67 87 31 98
5.179468 67 87 31 98
5.181468 67 87 31 98
5.183468 67 87 31 98
5.185468 67 87 31 98
5.187468 67 87 31 98
5.189468 67 87 31 98
5.191468 67 87 31 98
5.193468 67 87 31 98
5.195468 67 87 31 98
5.197468 67 87 31 98
5.199468 67 87 31 98
5.201468 67 87 31 98
5.203468 67 87 31 98
5.205468 67 87 31 98
5.207468 67 87 31 98
5.209468 67 87 31 98
5.211468 67 87 31 98
5.213468 67 87 31 98
5.215468 67 87 31 99
5.217468 67 87 31 99
5.219468 67 87 31 99
5.221468 67 87 31 99
5.223468 67 87 31 99
5.225468 67 87 31 99
5.227468 67 87 31 99
5.229468 67 87 31 99
5.231468 67 87 31 99
5.233468 67 87 31 99
5.235468 67 87 31 99
5.237468 67 87 31 99
5.239468 67 87 31 99
5.241468 67 87 31 99
5.243468 67 87 31 99
5.245468 67 87 31 99
5.247468 67 87 31 99
5.249468 67 87 31 99
5.251468 67 87 31 99
5.253468 68 86 31 100
5.255468 68 86 31 100
5.257468 68 86 31 100
5.259468 68 86 31 100
5.261468 68 86 31 100
5.263468 68 86 31 100
5.265468 68 86 31 100
5.267468 68 86 31 100
5.269468 68 86 31 100
5.271468 68 86 31 100
5.273468 68 86 31 100
5.275468 68 86 31 100
5.277468 68 86 31 100
5.279468 68 86 31 100
5.281468 68 86 31 100
5.283468 68 86 31 100
5.285468 68 86 31 100
5.287468 68 86 31 100
5.289468 68 86 31 100
5.291468 68 86 31 100
5.293468 68 86 31 101
5.295468 68 86 31 101
5.297468 68 86 31 101
5.299468 68 86 31 101
5.301468 68 86 31 101
5.303468 68 86 31 101
5.305468 68 86 31 101
5.307468 68 86 31 101
5.309468 68 86 31 101
5.311468 68 86 31 101
5.313468 68 86 31 101
5.315468 68 86 31 101
5.317468 68 86 31 101
5.319468 68 86 31 101
5.321468 68 86 31 101
5.323468 68 86 31 101
5.325468 68 86 31 101
5.327468 68 86 31 101
5.329468 68 86 31 101
5.331468 68 86 31 101
5.333468 69 86 31 102
5.335468 69 86 31 102
5.337468 69 86 31 102
5.339468 69 86 31 102
5.341468 69 86 31 102
5.343468 69 86 31 102
5.345468 69 86 31 102
5.347468 69 86 31 102
5.349468 69 86 31 102
5.351468 69 86 31 102
5.353468 69 86 31 102
5.355468 69 86 31 102
5.357468 69 86 31 102
5.359468 69 86 31 102
5.361468 69 86 31 102
5.363468 69 86 31 102
5.365468 69 86 31 102
5.367468 69 86 31 102
5.369468 69 86 31 102
5.371468 69 86 32 103
5.373468 69 86 32 103
5.375468 69 86 32 103
5.377468 69 86 32 103
5.379468 69 86 32 103
5.381468 69 86 32 103
5.383468 69 86 32 103
5.385468 69 86 32 103
5.387468 69 86 32 103
5.389468 69 86 32 103
5.391468 69 86 32 103
5.393468 69 86 32 103
5.395468 69 86 32 103
5.397468 69 86 32 103
5.399468 69 86 32 103
5.401468 69 86 32 103
5.403468 69 86 32 103
5.405468 69 86 32 103
5.407468 69 86 32 103
5.409468 69 86 32 103
5.411468 70 86 32 104
5.413468 70 86 32 104
5.415468 70 86 32 104
5.417468 70 86 32 104
5.419468 70 86 32 104
5.421468 70 86 32 104
5.423468 70 86 32 104
5.425468 70 86 32 104
5.427468 70 86 32 104
5.429468 70 86 32 104
5.431468 70 86 32 104
5.433468 70 86 32 104
5.435468 70 86 32 104
5.437468 70 86 32 104
5.439468 70 86 32 104
5.441468 70 86 32 104
5.443468 70 86 32 104
5.445468 70 86 32 104
5.447468 70 86 32 104
5.449468 70 86 31 104
5.451468 70 86 31 104
5.453468 70 86 31 104
5.455468 70 86 31 104
5.457468 70 86 31 104
5.459468 70 86 31 104
5.461468 70 86 31 104
5.463468 70 86 31 104
5.465468 70 86 31 104
5.467468 70 86 31 104
5.469468 70 86 31 104
5.471468 70 86 31 104
5.473468 70 86 31 104
5.475468 70 86 31 104
5.477468 70 86 31 104
5.479468 70 86 31 104
5.481468 70 86 31 104
5.483468 70 86 31 104
5.485468 70 86 31 104
5.487468 70 86 31 104
5.489468 70 86 31 105
5.491468 70 86 31 105
5.493468 70 86 31 105
5.495468 70 86 31 105
5.497468 70 86 31 105
5.499468 70 86 31 105
5.501468 70 86 31 105
5.503468 70 86 31 105
5.505468 70 86 31 105
5.507468 70 86 31 105
5.509468 70 86 31 105
5.511468 70 86 31 105
5.513468 70 86 31 105
5.515468 70 86 31 105
5.517468 70 86 31 105
5.519468 70 86 31 105
5.521468 70 86 31 105
5.523468 70 86 31 105
5.525468 70 86 31 105
5.527468 70 86 31 105
5.529468 70 86 32 106
5.531468 70 86 32 106
5.533468 70 86 32 106
5.535468 70 86 32 106
5.537468 70 86 32 106
5.539468 70 86 32 106
5.541468 70 86 32 106
5.543468 70 86 32 106
5.545468 70 86 32 106
5.547468 70 86 32 106
5.549468 70 86 32 106
5.551468 70 86 32 106
5.553468 70 86 32 106
5.555468 70 86 32 106
5.557468 70 86 32 106
5.559468 70 86 32 106
5.561468 70 86 32 106
5.563468 70 86 32 106
5.565468 70 86 32 106
5.567468 71 85 32 106
5.569468 71 85 32 106
5.571468 71 85 32 106
5.573468 71 85 32 106
5.575468 71 85 32 106
5.577468 71 85 32 106
5.579468 71 85 32 106
5.581468 71 85 32 106
5.583468 71 85 32 106
5.585468 71 85 32 106
5.587468 71 85 32 106
5.589468 71 85 32 106
5.591468 71 85 32 106
5.593468 71 85 32 106
5.595468 71 85 32 106
5.597468 71 85 32 106
5.599468 71 85 32 106
5.601468 71 85 32 106
5.603468 71 85 32 106
5.605468 71 85 32 106
5.607468 71 85 32 106
5.609468 71 85 32 106
5.611468 71 85 32 106
5.613468 71 85 32 106
5.615468 71 85 32 106
5.617468 71 85 32 106
5.619468 71 85 32 106
5.621468 71 85 32 106
5.623468 71 85 32 106
5.625468 71 85 32 106
5.627468 71 85 32 106
5.629468 71 85 32 106
5.631468 71 85 32 106
5.633468 71 85 32 106
5.635468 71 85 32 106
5.637468 71 85 32 106
5.639468 71 85 32 106
5.641468 71 85 32 106
5.643468 71 85 32 106
5.645468 72 85 32 106
5.647468 72 85 32 106
5.649468 72 85 32 106
5.651468 72 85 32 106
5.653468 72 85 32 106
5.655468 72 85 32 106
5.657468 72 85 32 106
5.659468 72 85 32 106
5.661468 72 85 32 106
5.663468 72 85 32 106
5.665468 72 85 32 106
5.667468 72 85 32 106
5.669468 72 85 32 106
5.671468 73 85 32 106
5.673468 73 85 32 106
5.675468 73 85 32 106
5.677468 73 85 32 106
5.679468 73 85 32 106
5.681468 73 85 32 106
5.683468 73 85 32 106
5.685468 73 85 32 106
5.687468 73 85 32 106
5.689468 73 85 32 106
5.691468 73 85 32 106
5.693468 73 85 32 106
5.695468 73 85 32 106
5.697468 74 85 32 106
5.699468 74 85 32 106
5.701468 74 85 32 106
5.703468 74 85 32 106
5.705468 74 85 32 106
5.707468 74 85 32 106
5.709468 74 85 32 106
5.711468 74 85 32 106
5.713468 74 85 32 106
5.715468 74 85 32 106
5.717468 74 85 32 106
5.719468 74 85 32 106
5.721468 74 85 32 106
5.723468 75 85 33 105
5.725468 75 85 33 105
5.727468 75 85 33 105
5.729468 75 85 33 105
5.731468 75 85 33 105
5.733468 75 85 33 105
5.735468 75 85 33 105
5.737468 75 85 33 105
5.739468 75 85 33 105
5.741468 75 85 33 105
5.743468 75 85 33 105
5.745468 75 85 33 105
5.747468 75 85 33 105
5.749468 75 85 33 105
5.751468 75 85 33 105
5.753468 75 85 33 105
5.755468 75 85 33 105
5.757468 75 85 33 105
5.759468 75 85 33 105
5.761468 75 85 33 105
5.763468 76 85 33 104
5.765468 76 85 33 104
5.767468 76 85 33 104
5.769468 76 85 33 104
5.771468 76 85 33 104
5.773468 76 85 33 104
5.775468 76 85 33 104
5.777468 76 85 33 104
5.779468 76 85 33 104
5.781468 76 85 33 104
5.783468 76 85 33 104
5.785468 76 85 33 104
5.787468 76 85 33 104
5.789468 76 85 33 104
5.791468 76 85 33 104
5.793468 76 85 33 104
5.795468 76 85 33 104
5.797468 76 85 33 104
5.799468 76 85 33 104
5.801468 76 85 33 104
5.803468 77 84 33 104
5.805468 77 84 33 104
5.807468 77 84 33 104
5.809468 77 84 33 104
5.811468 77 84 33 104
5.813468 77 84 33 104
5.815468 77 84 33 104
5.817468 77 84 33 104
5.819468 77 84 33 104
5.821468 78 84 33 104
5.823468 78 84 33 104
5.825468 78 84 33 104
5.827468 78 84 33 104
5.829468 78 84 33 104
5.831468 78 84 33 104
5.833468 78 84 33 104
5.835468 78 84 33 104
5.837468 78 84 33 104
5.839468 78 84 33 104
5.841468 79 84 33 104
5.843468 79 84 33 104
5.845468 79 84 33 104
5.847468 79 84 33 104
5.849468 79 84 33 104
5.851468 79 84 33 104
5.853468 79 84 33 104
5.855468 79 84 33 104
5.857468 79 84 33 104
5.859468 79 84 33 104
5.861468 80 84 33 104
5.863468 80 84 33 104
5.865468 80 84 33 104
5.867468 80 84 33 104
5.869468 80 84 33 104
5.871468 80 84 33 104
5.873468 80 84 33 104
5.875468 80 84 33 104
5.877468 80 84 33 104
5.879468 80 84 33 104
5.881468 81 83 33 105
5.883468 81 83 33 105
5.885468 81 83 33 105
5.887468 81 83 33 105
5.889468 81 83 33 105
5.891468 81 83 33 105
5.893468 81 83 33 105
5.895468 81 83 33 105
5.897468 81 83 33 105
5.899468 81 83 33 105
5.901468 81 83 33 105
5.903468 81 83 33 105
5.905468 81 83 33 105
5.907468 81 83 33 106
5.909468 81 83 33 106
5.911468 81 83 33 106
5.913468 81 83 33 106
5.915468 81 83 33 106
5.917468 81 83 33 106
5.919468 81 83 33 106
5.921468 81 83 33 106
5.923468 81 83 33 106
5.925468 81 83 33 106
5.927468 81 83 33 106
5.929468 81 83 33 106
5.931468 81 83 33 106
5.933468 81 83 33 107
5.935468 81 83 33 107
5.937468 81 83 33 107
5.939468 81 83 33 107
5.941468 81 83 33 107
5.943468 81 83 33 107
5.945468 81 83 33 107
5.947468 81 83 33 107
5.949468 81 83 33 107
5.951468 81 83 33 107
5.953468 81 83 33 107
5.955468 81 83 33 107
5.957468 81 83 33 107
5.959468 82 82 34 108
5.961468 82 82 34 108
5.963468 82 82 34 108
5.965468 82 82 34 108
5.967468 82 82 34 108
5.969468 82 82 34 108
5.971468 82 82 34 108
5.973468 82 82 34 108
5.975468 82 82 34 108
5.977468 82 82 34 108
5.979468 82 82 34 108
5.981468 82 82 34 108
5.983468 82 82 34 108
5.985468 83 82 34 109
5.987468 83 82 34 109
5.989468 83 82 34 109
5.991468 83 82 34 109
5.993468 83 82 34 109
5.995468 83 82 34 109
5.997468 83 82 34 109
5.999468 83 82 34 109
6.001468 83 82 34 109
6.003468 83 82 34 109
6.005468 83 82 34 109
6.007468 83 82 34 109
6.009468 83 82 34 109
6.011468 84 82 34 110
6.013468 84 82 34 110
6.015468 84 82 34 110
6.017468 84 82 34 110
6.019468 84 82 34 110
6.021468 84 82 34 110
6.023468 84 82 34 110
6.025468 84 82 34 110
6.027468 84 82 34 110
6.029468 84 82 34 110
6.031468 84 82 34 110
6.033468 84 82 34 110
6.035468 84 82 34 110
6.037468 85 82 34 111
6.039468 85 82 34 111
6.041468 85 82 34 111
6.043468 85 82 34 111
6.045468 85 82 34 111
6.047468 85 82 34 111
6.049468 85 82 34 111
6.051468 85 82 34 111
6.053468 85 82 34 111
6.055468 85 82 34 111
6.057468 85 82 34 111
6.059468 85 82 34 111
6.061468 85 82 34 111
6.063468 86 82 34 111
6.065468 86 82 34 111
6.067468 86 82 34 111
6.069468 86 82 34 111
6.071468 86 82 34 111
6.073468 86 82 34 111
6.075468 86 82 34 111
6.077468 86 82 34 111
6.079468 86 82 34 111
6.081468 86 82 34 111
6.083468 86 82 34 111
6.085468 86 82 34 111
6.087468 86 82 34 111
6.089468 87 82 34 111
6.091468 87 82 34 111
6.093468 87 82 34 111
6.095468 87 82 34 111
6.097468 87 82 34 111
6.099468 87 82 34 111
6.101468 87 82 34 111
6.103468 87 82 34 111
6.105468 87 82 34 111
6.107468 87 82 34 111
6.109468 87 82 34 111
6.111468 87 82 34 111
6.113468 87 82 34 111
6.115468 88 81 34 112
6.117468 88 81 34 112
6.119468 88 81 34 112
6.121468 88 81 34 112
6.123468 88 81 34 112
6.125468 88 81 34 112
6.127468 88 81 34 112
6.129468 88 81 34 112
6.131468 88 81 34 112
6.133468 88 81 34 112
6.135468 88 81 34 113
6.137468 88 81 34 113
6.139468 88 81 34 113
6.141468 88 81 34 113
6.143468 88 81 34 113
6.145468 88 81 34 113
6.147468 88 81 34 113
6.149468 88 81 34 113
6.151468 88 81 34 113
6.153468 88 81 34 113
6.155468 88 80 34 114
6.157468 88 80 34 114
6.159468 88 80 34 114
6.161468 88 80 34 114
6.163468 88 80 34 114
6.165468 88 80 34 114
6.167468 88 80 34 114
6.169468 88 80 34 114
6.171468 88 80 34 114
6.173468 88 80 34 114
6.175468 88 80 34 115
6.177468 88 80 34 115
6.179468 88 80 34 115
6.181468 88 80 34 115
6.183468 88 80 34 115
6.185468 88 80 34 115
6.187468 88 80 34 115
6.189468 88 80 34 115
6.191468 88 80 34 115
6.193468 88 80 34 115
6.195468 89 80 35 116
6.197468 89 80 35 116
6.199468 89 80 35 116
6.201468 89 80 35 116
6.203468 89 80 35 116
6.205468 89 80 35 116
6.207468 89 80 35 116
6.209468 89 80 35 116
6.211468 89 80 35 116
6.213468 89 80 35 116
6.215468 89 80 35 116
6.217468 89 80 35 116
6.219468 89 80 35 116
6.221468 90 80 35 116
6.223468 90 80 35 116
6.225468 90 80 35 116
6.227468 90 80 35 116
6.229468 90 80 35 116
6.231468 90 80 35 116
6.233468 90 80 35 116
6.235468 90 80 35 116
6.237468 90 80 35 116
6.239468 90 80 35 116
6.241468 90 80 35 116
6.243468 90 80 35 116
6.245468 90 80 35 116
6.247468 91 80 35 116
6.249468 91 80 35 116
6.251468 91 80 35 116
6.253468 91 80 35 116
6.255468 91 80 35 116
6.257468 91 80 35 116
6.259468 91 80 35 116
6.261468 91 80 35 116
6.263468 91 80 35 116
6.265468 91 80 35 116
6.267468 91 80 35 116
6.269468 91 80 35 116
6.271468 91 80 35 116
6.273468 92 80 35 117
6.275468 92 80 35 117
6.277468 92 80 35 117
6.279468 92 80 35 117
6.281468 92 80 35 117
6.283468 92 80 35 117
6.285468 92 80 35 117
6.287468 92 80 35 117
6.289468 92 80 35 117
6.291468 92 80 35 117
6.293468 92 80 35 117
6.295468 92 80 35 117
6.297468 92 80 35 117
6.299468 93 80 35 117
6.301468 93 80 35 117
6.303468 93 80 35 117
6.305468 93 80 35 117
6.307468 93 80 35 117
6.309468 93 80 35 117
6.311468 93 80 35 117
6.313468 93 80 35 117
6.315468 93 80 35 117
6.317468 93 80 35 117
6.319468 93 80 35 117
6.321468 93 80 35 117
6.323468 93 80 35 117
6.325468 94 80 35 117
6.327468 94 80 35 117
6.329468 94 80 35 117
6.331468 94 80 35 117
6.333468 94 80 35 117
6.335468 94 80 35 117
6.337468 94 80 35 117
6.339468 94 80 35 117
6.341468 94 80 35 117
6.343468 94 80 35 117
6.345468 94 80 35 117
6.347468 94 80 35 117
6.349468 94 80 35 117
6.351468 95 80 35 116
6.353468 95 80 35 116
6.355468 95 80 35 116
6.357468 95 80 35 116
6.359468 95 80 35 116
6.361468 95 80 35 116
6.363468 95 80 35 116
6.365468 95 80 35 116
6.367468 95 80 35 116
6.369468 95 80 35 116
6.371468 95 80 35 116
6.373468 95 80 35 116
6.375468 95 80 35 116
6.377468 95 80 35 116
6.379468 95 80 35 116
6.381468 95 80 35 116
6.383468 95 80 35 116
6.385468 95 80 35 116
6.387468 95 80 35 116
6.389468 95 80 35 116
6.391468 96 80 35 115
6.393468 96 80 35 115
6.395468 96 80 35 115
6.397468 96 80 35 115
6.399468 96 80 35 115
6.401468 96 80 35 115
6.403468 96 80 35 115
6.405468 96 80 35 115
6.407468 96 80 35 115
6.409468 96 80 35 115
6.411468 96 80 35 115
6.413468 96 80 35 115
6.415468 96 80 35 115
6.417468 96 80 35 115
6.419468 96 80 35 115
6.421468 96 80 35 115
6.423468 96 80 35 115
6.425468 96 80 35 115
6.427468 96 80 35 115
6.429468 97 80 35 115
6.431468 97 80 35 115
6.433468 97 80 35 115
6.435468 97 80 35 115
6.437468 97 80 35 115
6.439468 97 80 35 115
6.441468 97 80 35 115
6.443468 97 80 35 115
6.445468 97 80 35 115
6.447468 97 80 35 115
6.449468 97 80 35 115
6.451468 97 80 35 115
6.453468 97 80 35 115
6.455468 97 80 35 116
6.457468 97 80 35 116
6.459468 97 80 35 116
6.461468 97 80 35 116
6.463468 97 80 35 116
6.465468 97 80 35 116
6.467468 97 80 35 116
6.469468 98 79 35 116
6.471468 98 79 35 116
6.473468 98 79 35 116
6.475468 98 79 35 116
6.477468 98 79 35 116
6.479468 98 79 35 116
6.481468 98 79 35 117
6.483468 98 79 35 117
6.485468 98 79 35 117
6.487468 98 79 35 117
6.489468 98 79 35 117
6.491468 98 79 35 117
6.493468 98 79 35 117
6.495468 98 79 35 117
6.497468 98 79 35 117
6.499468 98 79 35 117
6.501468 98 79 35 117
6.503468 98 79 35 117
6.505468 98 79 35 117
6.507468 99 79 36 118
6.509468 99 79 36 118
6.511468 99 79 36 118
6.513468 99 79 36 118
6.515468 99 79 36 118
6.517468 99 79 36 118
6.519468 99 79 36 118
6.521468 99 79 36 118
6.523468 99 79 36 118
6.525468 99 79 36 118
6.527468 99 79 36 118
6.529468 99 79 36 118
6.531468 99 79 36 118
6.533468 99 79 36 118
6.535468 99 79 36 118
6.537468 99 79 36 118
6.539468 99 79 36 118
6.541468 99 79 36 118
6.543468 99 79 36 118
6.545468 99 79 36 118
6.547468 100 79 36 118
6.549468 100 79 36 118
6.551468 100 79 36 118
6.553468 100 79 36 118
6.555468 100 79 36 118
6.557468 100 79 36 118
6.559468 100 79 36 118
6.561468 100 79 36 118
6.563468 100 79 36 118
6.565468 100 79 36 118
6.567468 100 79 36 118
6.569468 100 79 36 118
6.571468 100 79 36 118
6.573468 100 79 36 118
6.575468 100 79 36 118
6.577468 100 79 36 118
6.579468 100 79 36 118
6.581468 100 79 36 118
6.583468 100 79 36 118
6.585468 101 80 35 117
6.587468 101 80 35 117
6.589468 101 80 35 117
6.591468 101 80 35 117
6.593468 101 80 35 117
6.595468 101 80 35 117
6.597468 101 80 35 117
6.599468 101 80 35 117
6.601468 101 80 35 117
6.603468 101 80 35 117
6.605468 101 80 35 117
6.607468 101 80 35 117
6.609468 101 80 35 117
6.611468 101 80 35 117
6.613468 102 80 35 117
6.615468 102 80 35 117
6.617468 102 80 35 117
6.619468 102 80 35 117
6.621468 102 80 35 117
6.623468 102 80 35 117
6.625468 102 80 35 116
6.627468 102 80 35 116
6.629468 102 80 35 116
6.631468 102 80 35 116
6.633468 102 80 35 116
6.635468 102 80 35 116
6.637468 102 80 35 116
6.639468 103 80 35 116
6.641468 103 80 35 116
6.643468 103 80 35 116
6.645468 103 80 35 116
6.647468 103 80 35 116
6.649468 103 80 35 116
6.651468 103 80 35 116
6.653468 103 80 35 116
6.655468 103 80 35 116
6.657468 103 80 35 116
6.659468 103 80 35 116
6.661468 103 80 35 116
6.663468 103 80 35 116
6.665468 104 79 35 116
6.667468 104 79 35 116
6.669468 104 79 35 116
6.671468 104 79 35 116
6.673468 104 79 35 116
6.675468 104 79 35 116
6.677468 104 79 35 116
6.679468 104 79 35 116
6.681468 104 79 35 116
6.683468 104 79 35 116
6.685468 104 79 35 116
6.687468 104 79 35 116
6.689468 104 79 35 116
6.691468 104 78 35 117
6.693468 104 78 35 117
6.695468 104 78 35 117
6.697468 104 78 35 117
6.699468 104 78 35 117
6.701468 104 78 35 117
6.703468 105 78 35 117
6.705468 105 78 35 117
6.707468 105 78 35 117
6.709468 105 78 35 117
6.711468 105 78 35 117
6.713468 105 78 35 117
6.715468 105 78 35 117
6.717468 105 77 35 118
6.719468 105 77 35 118
6.721468 105 77 35 118
6.723468 105 77 35 118
6.725468 105 77 35 118
6.727468 105 77 35 118
6.729468 105 77 35 118
6.731468 105 77 35 118
6.733468 105 77 35 118
6.735468 105 77 35 118
6.737468 105 77 35 118
6.739468 105 77 35 118
6.741468 105 77 35 118
6.743468 106 76 36 119
6.745468 106 76 36 119
6.747468 106 76 36 119
6.749468 106 76 36 120
6.751468 106 76 36 120
6.753468 106 76 36 120
6.755468 106 76 36 120
6.757468 106 76 36 121
6.759468 106 76 36 121
6.761468 106 76 36 121
6.763468 106 76 37 122
6.765468 106 76 37 122
6.767468 106 76 37 122
6.769468 106 76 37 122
6.771468 106 76 37 123
6.773468 106 76 37 123
6.775468 106 76 37 123
6.777468 106 76 37 123
6.779468 106 76 37 124
6.781468 106 76 38 124
6.783468 106 76 38 124
6.785468 106 76 38 125
6.787468 106 76 38 125
6.789468 106 76 38 125
6.791468 106 76 38 125
6.793468 106 76 38 126
6.795468 106 76 38 126
6.797468 106 76 38 126
6.799468 106 76 38 127
6.801468 106 76 39 127
6.803468 106 76 39 127
6.805468 106 76 39 127
6.807468 106 76 39 128
6.809468 106 76 39 128
6.811468 106 76 39 128
6.813468 106 76 39 129
6.815468 106 76 39 129
6.817468 106 76 39 129
6.819468 106 76 39 129
6.821468 107 76 39 130
6.823468 107 76 39 130
6.825468 107 76 39 130
6.827468 107 76 39 130
6.829468 107 76 39 130
6.831468 107 76 39 130
6.833468 107 76 39 130
6.835468 107 76 39 130
6.837468 107 76 39 130
6.839468 107 76 39 130
6.841468 107 76 39 130
6.843468 107 76 39 130
6.845468 107 76 39 130
6.847468 108 76 39 130
6.849468 108 76 39 130
6.851468 108 76 39 130
6.853468 108 76 39 130
6.855468 108 76 39 130
6.857468 108 76 39 130
6.859468 108 76 39 130
6.861468 108 76 39 130
6.863468 108 76 39 130
6.865468 108 76 39 130
6.867468 108 76 39 130
6.869468 108 76 39 130
6.871468 108 76 39 130
6.873468 109 76 39 130
6.875468 109 76 39 130
6.877468 109 76 39 130
6.879468 109 76 39 130
6.881468 109 76 39 130
6.883468 109 76 39 130
6.885468 109 76 39 130
6.887468 109 76 39 130
6.889468 109 76 39 130
6.891468 109 76 39 130
6.893468 109 76 39 130
6.895468 109 76 39 130
6.897468 109 76 39 130
6.899468 110 76 39 130
6.901468 110 76 39 130
6.903468 110 76 39 130
6.905468 110 76 39 130
6.907468 110 76 39 130
6.909468 110 76 39 130
6.911468 110 76 39 130
6.913468 110 76 39 130
6.915468 110 76 39 130
6.917468 110 76 39 130
6.919468 110 76 39 130
6.921468 110 76 39 130
6.923468 110 76 39 130
6.925468 111 76 39 130
6.927468 111 76 39 130
6.929468 111 76 39 130
6.931468 111 76 39 130
6.933468 111 76 39 130
6.935468 111 76 39 130
6.937468 111 76 39 130
6.939468 111 76 39 130
6.941468 111 76 39 130
6.943468 111 76 39 130
6.945468 111 76 39 130
6.947468 111 76 39 130
6.949468 111 76 39 130
6.951468 112 76 39 130
6.953468 112 76 39 130
6.955468 112 76 39 130
6.957468 112 76 39 130
6.959468 112 76 39 130
6.961468 112 76 39 130
6.963468 112 76 39 130
6.965468 112 76 39 130
6.967468 112 76 39 130
6.969468 112 76 39 130
6.971468 112 76 39 130
6.973468 112 76 39 130
6.975468 112 76 39 130
6.977468 113 76 39 130
6.979468 113 76 39 130
6.981468 113 76 39 130
6.983468 113 76 39 130
6.985468 113 76 39 130
6.987468 113 76 39 130
6.989468 113 76 39 130
6.991468 113 76 39 130
6.993468 113 76 39 130
6.995468 113 76 39 130
6.997468 113 76 39 130
6.999468 113 76 39 130
7.001468 113 76 39 130
7.003468 114 76 39 130
7.005468 114 76 39 130
7.007468 114 76 39 130
7.009468 114 76 39 130
7.011468 114 76 39 130
7.013468 114 76 39 130
7.015468 114 76 39 130
7.017468 114 76 39 131
7.019468 114 76 39 131
7.021468 114 76 39 131
7.023468 114 76 39 131
7.025468 114 76 39 131
7.027468 114 76 39 131
7.029468 115 76 39 131
7.031468 115 76 39 131
7.033468 115 76 39 131
7.035468 115 76 39 131
7.037468 115 76 39 131
7.039468 115 76 39 131
7.041468 115 76 39 131
7.043468 115 76 39 131
7.045468 115 76 39 131
7.047468 115 76 39 131
7.049468 115 76 39 131
7.051468 115 76 39 131
7.053468 115 76 39 131
7.055468 115 76 39 131
7.057468 116 75 40 132
7.059468 116 75 40 132
7.061468 116 75 40 132
7.063468 116 75 40 133
7.065468 116 75 40 133
7.067468 116 75 40 133
7.069468 116 75 40 133
7.071468 116 75 40 134
7.073468 116 75 40 134
7.075468 116 75 40 134
7.077468 116 75 40 134
7.079468 116 75 40 135
7.081468 116 75 40 135
7.083468 116 74 40 135
7.085468 116 74 40 135
7.087468 116 74 40 136
7.089468 116 74 40 136
7.091468 116 74 40 136
7.093468 116 74 40 136
7.095468 117 74 40 137
7.097468 117 74 40 137
7.099468 117 74 40 137
7.101468 117 74 40 137
7.103468 117 74 40 138
7.105468 117 74 40 138
7.107468 117 74 40 138
7.109468 117 73 40 138
7.111468 117 73 40 139
7.113468 117 73 40 139
7.115468 117 73 40 139
7.117468 117 73 40 139
7.119468 117 73 40 140
7.121468 117 73 40 140
7.123468 117 73 40 140
7.125468 117 73 40 140
7.127468 117 73 40 141
7.129468 117 73 40 141
7.131468 117 73 40 141
7.133468 117 73 40 141
7.135468 118 73 40 141
7.137468 118 73 40 141
7.139468 118 73 40 141
7.141468 118 73 40 141
7.143468 118 73 40 141
7.145468 118 73 40 141
7.147468 118 73 40 141
7.149468 118 73 40 141
7.151468 118 73 40 141
7.153468 118 73 40 140
7.155468 118 73 40 140
7.157468 118 73 40 140
7.159468 118 73 40 140
7.161468 118 73 40 140
7.163468 118 73 40 140
7.165468 118 73 40 140
7.167468 118 73 40 140
7.169468 118 73 40 140
7.171468 118 73 40 140
7.173468 119 73 40 139
7.175468 119 73 40 139
7.177468 119 73 40 139
7.179468 119 73 40 139
7.181468 119 73 40 139
7.183468 119 73 40 139
7.185468 119 73 40 139
7.187468 119 73 40 139
7.189468 119 73 40 139
7.191468 119 73 40 139
7.193468 119 73 40 138
7.195468 119 73 40 138
7.197468 119 73 40 138
7.199468 119 73 40 138
7.201468 119 73 40 138
7.203468 119 73 40 138
7.205468 119 73 40 138
7.207468 119 73 40 138
7.209468 119 73 40 138
7.211468 119 73 40 138
7.213468 120 73 40 138
7.215468 120 73 40 138
7.217468 120 73 40 138
7.219468 120 73 40 138
7.221468 120 73 40 138
7.223468 120 73 40 138
7.225468 120 73 40 138
7.227468 120 73 40 138
7.229468 120 73 40 138
7.231468 120 73 40 138
7.233468 120 73 41 138
7.235468 120 73 41 138
7.237468 120 73 41 138
7.239468 121 73 41 138
7.241468 121 73 41 138
7.243468 121 73 41 138
7.245468 121 73 41 138
7.247468 121 73 41 138
7.249468 121 73 41 138
7.251468 121 72 42 138
7.253468 121 72 42 138
7.255468 121 72 42 138
7.257468 121 72 42 138
7.259468 121 72 42 138
7.261468 121 72 42 138
7.263468 121 72 42 138
7.265468 122 72 42 138
7.267468 122 72 42 138
7.269468 122 72 42 138
7.271468 122 72 43 138
7.273468 122 72 43 138
7.275468 122 72 43 138
7.277468 122 72 43 138
7.279468 122 72 43 138
7.281468 122 72 43 138
7.283468 122 72 43 138
7.285468 122 72 43 138
7.287468 122 72 43 138
7.289468 122 72 43 138
7.291468 123 71 43 138
7.293468 123 71 43 138
7.295468 123 71 43 138
7.297468 123 71 43 138
7.299468 123 71 43 138
7.301468 123 71 43 138
7.303468 123 71 43 139
7.305468 123 71 43 139
7.307468 124 71 43 139
7.309468 124 71 43 139
7.311468 124 71 43 139
7.313468 124 71 43 140
7.315468 124 71 43 140
7.317468 124 71 43 140
7.319468 124 71 43 140
7.321468 124 71 43 140
7.323468 125 71 43 140
7.325468 125 71 43 141
7.327468 125 71 43 141
7.329468 125 71 43 141
7.331468 125 71 42 141
7.333468 125 71 42 141
7.335468 125 71 42 142
7.337468 125 71 42 142
7.339468 126 71 42 142
7.341468 126 71 42 142
7.343468 126 71 42 142
7.345468 126 71 42 142
7.347468 126 71 42 143
7.349468 126 71 42 143
7.351468 126 71 42 143
7.353468 127 71 42 143
7.355468 127 71 42 143
7.357468 127 71 42 143
7.359468 127 71 42 144
7.361468 127 71 42 144
7.363468 127 71 42 144
7.365468 127 71 42 144
7.367468 127 71 42 144
7.369468 128 71 42 144
7.371468 128 71 42 144
7.373468 128 71 42 144
7.375468 128 71 42 144
7.377468 128 71 42 144
7.379468 128 71 42 144
7.381468 128 71 42 144
7.383468 128 71 42 144
7.385468 129 71 42 144
7.387468 129 71 42 144
7.389468 129 71 42 144
7.391468 129 71 42 144
7.393468 129 71 42 144
7.395468 129 71 42 144
7.397468 129 71 42 144
7.399468 129 71 42 144
7.401468 130 71 42 144
7.403468 130 71 42 144
7.405468 130 71 42 144
7.407468 130 71 42 144
7.409468 130 71 42 143
7.411468 130 71 42 143
7.413468 130 71 42 143
7.415468 130 71 42 143
7.417468 131 71 42 143
7.419468 131 71 42 143
7.421468 131 71 42 143
7.423468 131 71 42 143
7.425468 131 71 42 143
7.427468 131 71 42 143
7.429468 131 71 42 143
7.431468 131 71 42 143
7.433468 132 71 42 143
7.435468 132 71 42 143
7.437468 132 71 42 143
7.439468 132 71 42 143
7.441468 132 71 42 143
7.443468 132 71 42 143
7.445468 132 71 42 143
7.447468 133 70 42 143
7.449468 133 70 42 143
7.451468 133 70 42 143
7.453468 133 70 42 143
7.455468 133 70 42 143
7.457468 133 70 42 143
7.459468 133 70 42 144
7.461468 134 70 42 144
7.463468 134 70 42 144
7.465468 134 70 42 144
7.467468 134 70 42 144
7.469468 134 70 42 144
7.471468 134 70 42 145
7.473468 135 70 42 145
7.475468 135 70 42 145
7.477468 135 70 42 145
7.479468 135 70 42 145
7.481468 135 70 42 146
7.483468 135 70 42 146
7.485468 135 70 42 146
7.487468 136 69 42 146
7.489468 136 69 42 146
7.491468 136 69 42 146
7.493468 136 69 42 147
7.495468 136 69 42 147
7.497468 136 69 42 147
7.499468 136 69 42 147
7.501468 137 69 42 147
7.503468 137 69 42 148
7.505468 137 69 42 148
7.507468 137 69 42 148
7.509468 137 69 42 148
7.511468 137 69 42 148
7.513468 138 69 42 148
7.515468 138 69 42 149
7.517468 138 69 42 149
7.519468 138 69 42 149
7.521468 138 69 42 149
7.523468 138 69 42 149
7.525468 138 69 42 149
7.527468 139 69 42 150
7.529468 139 69 42 150
7.531468 139 69 42 150
7.533468 139 69 42 150
7.535468 139 69 42 150
7.537468 139 69 42 150
7.539468 139 69 42 150
7.541468 139 69 42 150
7.543468 139 69 42 150
7.545468 139 69 42 150
7.547468 139 69 42 150
7.549468 139 69 42 150
7.551468 139 69 42 150
7.553468 139 69 42 150
7.555468 139 69 42 150
7.557468 139 69 42 150
7.559468 139 69 42 150
7.561468 139 69 42 150
7.563468 139 69 42 150
7.565468 140 69 43 150
7.567468 140 69 43 150
7.569468 140 69 43 150
7.571468 140 69 43 150
7.573468 140 69 43 150
7.575468 140 69 43 150
7.577468 140 69 43 150
7.579468 140 69 43 150
7.581468 140 69 43 150
7.583468 140 69 43 150
7.585468 140 69 43 150
7.587468 140 69 43 150
7.589468 140 69 43 150
7.591468 140 69 43 150
7.593468 140 69 43 150
7.595468 140 69 43 150
7.597468 140 69 43 150
7.599468 140 69 43 150
7.601468 140 69 43 150
7.603468 140 69 43 150
7.605468 141 69 43 151
7.607468 141 69 43 151
7.609468 141 69 43 152
7.611468 141 69 43 152
7.613468 141 69 43 153
7.615468 141 69 43 153
7.617468 141 69 43 154
7.619468 141 69 43 154
7.621468 141 69 43 155
7.623468 141 69 43 155
7.625468 141 69 43 156
7.627468 141 69 43 156
7.629468 141 69 43 157
7.631468 142 69 43 158
7.633468 142 69 43 158
7.635468 142 69 43 159
7.637468 142 69 43 159
7.639468 142 69 43 160
7.641468 142 69 43 160
7.643468 142 69 43 161
7.645468 142 69 43 161
7.647468 142 69 43 162
7.649468 142 69 43 162
7.651468 142 69 43 163
7.653468 142 69 43 163
7.655468 142 69 43 164
7.657468 143 69 43 164
7.659468 143 69 43 165
7.661468 143 69 43 165
7.663468 143 69 43 166
7.665468 143 69 43 166
7.667468 143 69 43 167
7.669468 143 69 43 167
7.671468 143 69 43 168
7.673468 143 69 43 168
7.675468 143 69 43 169
7.677468 143 69 43 169
7.679468 143 69 43 170
7.681468 143 69 43 170
7.683468 144 68 42 171
7.685468 144 68 42 171
7.687468 144 68 42 171
7.689468 144 68 42 171
7.691468 144 68 42 171
7.693468 144 68 42 171
7.695468 145 68 42 171
7.697468 145 68 42 171
7.699468 145 68 42 171
7.701468 145 68 42 171
7.703468 145 68 42 172
7.705468 146 68 42 172
7.707468 146 68 42 172
7.709468 146 68 42 172
7.711468 146 68 42 172
7.713468 146 68 42 172
7.715468 146 68 42 172
7.717468 147 68 42 172
7.719468 147 68 42 172
7.721468 147 68 42 172
7.723468 147 68 41 173
7.725468 147 68 41 173
7.727468 148 68 41 173
7.729468 148 68 41 173
7.731468 148 68 41 173
7.733468 148 68 41 173
7.735468 148 68 41 173
7.737468 148 68 41 173
7.739468 149 68 41 173
7.741468 149 68 41 174
7.743468 149 68 41 174
7.745468 149 68 41 174
7.747468 149 68 41 174
7.749468 149 68 41 174
7.751468 150 68 41 174
7.753468 150 68 41 174
7.755468 150 68 41 174
7.757468 150 68 41 174
7.759468 150 68 41 174
7.761468 151 67 41 175
7.763468 151 67 41 175
7.765468 151 67 41 175
7.767468 151 67 41 175
7.769468 151 67 41 175
7.771468 151 67 41 175
7.773468 151 67 41 175
7.775468 151 67 41 175
7.777468 151 67 41 175
7.779468 151 67 41 175
7.781468 151 67 41 176
7.783468 151 67 41 176
7.785468 151 67 41 176
7.787468 152 67 41 176
7.789468 152 67 41 176
7.791468 152 67 41 176
7.793468 152 67 41 176
7.795468 152 67 41 176
7.797468 152 67 41 176
7.799468 152 67 41 176
7.801468 152 67 41 177
7.803468 152 67 41 177
7.805468 152 67 41 177
7.807468 152 67 41 177
7.809468 152 67 41 177
7.811468 152 67 41 177
7.813468 153 67 41 177
7.815468 153 67 41 177
7.817468 153 67 41 177
7.819468 153 67 41 177
7.821468 153 67 41 178
7.823468 153 67 41 178
7.825468 153 67 41 178
7.827468 153 67 41 178
7.829468 153 67 41 178
7.831468 153 67 41 178
7.833468 153 67 41 178
7.835468 153 67 41 178
7.837468 153 67 41 178
7.839468 154 67 41 179
7.841468 154 67 41 179
7.843468 154 67 41 179
7.845468 154 67 41 179
7.847468 154 67 41 179
7.849468 154 67 41 179
7.851468 154 67 41 179
7.853468 154 67 41 179
7.855468 154 67 41 179
7.857468 154 67 41 179
7.859468 154 67 41 179
7.861468 154 67 41 179
7.863468 154 67 41 179
7.865468 154 67 41 179
7.867468 154 67 41 179
7.869468 154 67 41 179
7.871468 154 67 41 179
7.873468 154 67 41 179
7.875468 154 67 41 179
7.877468 154 67 41 179
7.879468 154 67 41 179
7.881468 154 67 41 179
7.883468 154 67 41 179
7.885468 154 67 41 179
7.887468 154 67 41 179
7.889468 154 67 41 179
7.891468 154 67 41 179
7.893468 154 67 41 179
7.895468 154 67 41 179
7.897468 154 67 41 179
7.899468 154 67 41 179
7.901468 154 67 41 179
7.903468 154 67 41 179
7.905468 154 67 41 179
7.907468 154 67 41 179
7.909468 154 67 41 179
7.911468 154 67 41 179
7.913468 154 67 41 179
7.915468 154 67 41 179
7.917468 154 66 41 179
7.919468 154 66 41 179
7.921468 154 66 41 179
7.923468 154 66 41 179
7.925468 154 66 41 179
7.927468 154 66 42 179
7.929468 154 66 42 179
7.931468 154 66 42 179
7.933468 154 66 42 179
7.935468 154 66 43 179
7.937468 154 66 43 179
7.939468 154 66 43 179
7.941468 154 66 43 179
7.943468 154 66 43 179
7.945468 154 66 44 179
7.947468 154 66 44 179
7.949468 154 66 44 179
7.951468 154 66 44 179
7.953468 154 66 45 179
7.955468 154 66 45 179
7.957468 154 65 45 179
7.959468 154 65 45 179
7.961468 154 65 46 179
7.963468 154 65 46 179
7.965468 154 65 46 179
7.967468 154 65 46 179
7.969468 154 65 46 179
7.971468 154 65 47 179
7.973468 154 65 47 179
7.975468 154 65 47 179
7.977468 154 65 47 179
7.979468 154 65 48 179
7.981468 154 65 48 179
7.983468 154 65 48 179
7.985468 154 65 48 179
7.987468 154 65 49 179
7.989468 154 65 49 179
7.991468 154 65 49 179
7.993468 154 65 49 179
7.995468 154 65 49 179
7.997468 154 65 50 180
7.999468 154 65 50 180
8.001468 154 65 50 180
8.003468 154 65 50 180
8.005468 154 65 50 180
8.007468 154 65 50 180
8.009468 154 65 50 180
8.011468 154 65 50 180
8.013468 154 65 50 180
8.015468 155 65 50 180
8.017468 155 65 50 180
8.019468 155 65 50 180
8.021468 155 65 50 180
8.023468 155 65 50 180
8.025468 155 65 50 180
8.027468 155 65 50 180
8.029468 155 65 50 180
8.031468 155 65 50 180
8.033468 155 65 50 180
8.035468 156 65 50 181
8.037468 156 65 50 181
8.039468 156 65 50 181
8.041468 156 65 50 181
8.043468 156 65 50 181
8.045468 156 65 50 181
8.047468 156 65 50 181
8.049468 156 65 50 181
8.051468 156 65 50 181
8.053468 156 65 50 181
8.055468 157 65 50 181
8.057468 157 65 50 181
8.059468 157 65 50 181
8.061468 157 65 50 181
8.063468 157 65 50 181
8.065468 157 65 50 181
8.067468 157 65 50 181
8.069468 157 65 50 181
8.071468 157 65 50 181
8.073468 157 65 50 181
8.075468 158 65 51 182
8.077468 158 65 51 182
8.079468 158 65 51 182
8.081468 158 65 51 182
8.083468 158 65 51 182
8.085468 158 65 51 182
8.087468 158 65 51 182
8.089468 158 65 51 182
8.091468 159 65 51 182
8.093468 159 65 51 182
8.095468 159 65 51 182
8.097468 159 65 51 182
8.099468 159 65 51 182
8.101468 159 65 51 182
8.103468 159 65 51 182
8.105468 159 65 51 182
8.107468 160 65 51 182
8.109468 160 65 51 182
8.111468 160 65 51 182
8.113468 160 65 51 182
8.115468 160 65 51 182
8.117468 160 65 51 182
8.119468 160 65 51 182
8.121468 161 65 51 182
8.123468 161 65 51 182
8.125468 161 65 51 182
8.127468 161 65 51 182
8.129468 161 65 51 182
8.131468 161 65 51 182
8.133468 161 65 51 182
8.135468 161 65 51 182
8.137468 162 65 51 182
8.139468 162 65 51 182
8.141468 162 65 51 182
8.143468 162 65 51 182
8.145468 162 65 51 182
8.147468 162 65 51 182
8.149468 162 65 51 182
8.151468 162 65 51 182
8.153468 163 65 51 182
8.155468 163 65 51 182
8.157468 163 65 51 182
8.159468 163 65 51 182
8.161468 163 65 52 182
8.163468 163 65 52 182
8.165468 163 65 52 182
8.167468 163 65 53 182
8.169468 163 65 53 182
8.171468 163 65 53 182
8.173468 163 65 53 182
8.175468 163 65 54 182
8.177468 163 65 54 182
8.179468 163 65 54 182
8.181468 163 65 55 182
8.183468 163 65 55 182
8.185468 163 65 55 182
8.187468 163 65 55 182
8.189468 163 65 56 182
8.191468 163 65 56 182
8.193468 164 65 56 182
8.195468 164 65 57 182
8.197468 164 65 57 182
8.199468 164 65 57 182
8.201468 164 65 57 182
8.203468 164 65 58 182
8.205468 164 65 58 182
8.207468 164 65 58 182
8.209468 164 65 58 182
8.211468 164 65 59 182
8.213468 164 65 59 182
8.215468 164 65 59 182
8.217468 164 65 60 182
8.219468 164 65 60 182
8.221468 164 65 60 182
8.223468 164 65 60 182
8.225468 164 65 61 182
8.227468 164 65 61 182
8.229468 164 65 61 182
