0.010093 279 117 13 34
0.012093 278 116 13 34
0.014093 278 116 13 34
0.016093 278 116 13 34
0.018093 278 116 13 34
0.020093 278 116 13 34
0.022093 278 116 13 34
0.024093 278 116 13 34
0.026093 277 116 13 34
0.028093 277 116 13 34
0.030093 277 116 13 34
0.032093 277 116 13 34
0.034093 277 115 14 34
0.036093 277 115 14 34
0.038093 277 115 14 34
0.040093 277 115 14 34
0.042093 276 115 14 34
0.044093 276 115 14 34
0.046093 276 115 14 34
0.048093 276 115 14 34
0.050093 276 115 14 34
0.052093 276 115 14 34
0.054093 276 115 14 34
0.056093 276 115 14 34
0.058093 275 114 15 35
0.060093 275 114 15 35
0.062093 275 114 15 35
0.064093 275 114 15 35
0.066093 275 114 15 35
0.068093 275 114 15 35
0.070093 275 114 15 35
0.072093 275 114 15 35
0.074093 274 114 15 35
0.076093 274 114 15 35
0.078093 274 114 15 35
0.080093 274 114 15 35
0.082093 274 114 15 36
0.084093 274 114 15 36
0.086093 274 114 15 36
0.088093 274 114 15 36
0.090093 273 114 15 36
0.092093 273 114 15 36
0.094093 273 114 15 36
0.096093 273 114 15 36
0.098093 273 114 15 36
0.100093 273 114 15 36
0.102093 273 114 15 36
0.104093 273 114 15 36
0.106093 272 113 15 37
0.108093 272 113 15 37
0.110093 272 113 15 37
0.112093 272 113 15 37
0.114093 272 113 15 37
0.116093 272 113 15 37
0.118093 272 113 15 37
0.120093 272 113 15 37
0.122093 271 113 15 37
0.124093 271 113 15 37
0.126093 271 113 15 37
0.128093 271 113 15 37
0.130093 271 113 16 38
0.132093 271 113 16 38
0.134093 271 113 16 38
0.136093 270 113 16 38
0.138093 270 113 16 38
0.140093 270 113 16 38
0.142093 270 113 16 38
0.144093 270 113 16 38
0.146093 270 113 16 38
0.148093 270 113 16 38
0.150093 270 113 16 38
0.152093 269 113 17 38
0.154093 269 113 17 38
0.156093 269 113 17 38
0.158093 269 113 17 38
0.160093 269 113 17 38
0.162093 269 113 17 38
0.164093 269 113 17 38
0.166093 269 113 17 38
0.168093 268 113 17 38
0.170093 268 113 17 38
0.172093 268 113 17 38
0.174093 268 113 17 38
0.176093 268 113 17 38
0.178093 268 113 17 38
0.180093 268 113 17 38
0.182093 268 113 17 38
0.184093 267 113 17 38
0.186093 267 113 17 38
0.188093 267 113 17 38
0.190093 267 113 17 38
0.192093 267 113 17 38
0.194093 267 113 17 38
0.196093 267 113 17 38
0.198093 267 113 17 38
0.200093 266 113 18 38
0.202093 266 113 18 38
0.204093 266 113 18 38
0.206093 266 113 18 38
0.208093 266 113 18 38
0.210093 266 113 18 38
0.212093 266 113 19 38
0.214093 266 113 19 38
0.216093 265 113 19 38
0.218093 265 113 19 38
0.220093 265 113 19 38
0.222093 265 113 19 38
0.224093 265 113 20 38
0.226093 265 113 20 38
0.228093 265 113 20 38
0.230093 265 113 20 38
0.232093 264 113 20 38
0.234093 264 113 20 38
0.236093 264 113 21 38
0.238093 264 113 21 38
0.240093 264 113 21 38
0.242093 264 113 21 38
0.244093 264 113 21 38
0.246093 264 113 21 38
0.248093 263 113 21 38
0.250093 263 113 21 38
0.252093 263 113 21 38
0.254093 263 113 21 38
0.256093 263 113 20 38
0.258093 263 113 20 38
0.260093 263 113 20 38
0.262093 263 113 20 38
0.264093 263 113 20 38
0.266093 263 113 19 38
0.268093 263 113 19 38
0.270093 262 114 19 37
0.272093 262 114 19 37
0.274093 262 114 19 37
0.276093 262 114 18 37
0.278093 262 114 18 37
0.280093 262 114 18 37
0.282093 262 114 18 37
0.284093 262 114 17 37
0.286093 262 114 17 37
0.288093 262 114 17 37
0.290093 262 114 17 37
0.292093 262 114 17 37
0.294093 261 115 16 37
0.296093 261 115 16 37
0.298093 261 115 16 37
0.300093 261 115 16 37
0.302093 261 115 16 37
0.304093 261 115 16 37
0.306093 261 115 16 37
0.308093 261 115 16 37
0.310093 261 115 16 37
0.312093 261 115 16 37
0.314093 261 115 16 37
0.316093 261 115 16 37
0.318093 260 115 15 37
0.320093 260 115 15 37
0.322093 260 115 15 37
0.324093 260 115 15 37
0.326093 260 115 15 37
0.328093 260 115 15 37
0.330093 260 115 15 37
0.332093 260 115 15 37
0.334093 260 115 15 37
0.336093 260 115 15 37
0.338093 260 115 15 37
0.340093 260 115 15 37
0.342093 259 115 15 37
0.344093 259 115 15 37
0.346093 259 115 15 37
0.348093 259 115 15 37
0.350093 259 115 15 37
0.352093 259 115 15 37
0.354093 259 115 15 37
0.356093 259 115 15 37
0.358093 258 115 15 37
0.360093 258 115 15 37
0.362093 258 115 15 37
0.364093 258 115 15 37
0.366093 258 115 15 37
0.368093 258 115 15 37
0.370093 258 115 15 37
0.372093 257 115 15 37
0.374093 257 115 15 37
0.376093 257 115 15 37
0.378093 257 115 15 37
0.380093 257 115 15 37
0.382093 257 115 15 37
0.384093 257 115 15 37
0.386093 257 115 15 37
0.388093 256 116 16 36
0.390093 256 116 16 36
0.392093 256 116 16 36
0.394093 256 116 16 36
0.396093 256 116 16 36
0.398093 256 116 16 36
0.400093 255 116 16 36
0.402093 255 116 16 36
0.404093 255 116 16 36
0.406093 255 116 16 36
0.408093 255 116 16 36
0.410093 255 116 16 36
0.412093 254 116 16 36
0.414093 254 116 16 36
0.416093 254 116 16 36
0.418093 254 116 16 36
0.420093 254 116 16 36
0.422093 254 116 16 36
0.424093 253 116 16 36
0.426093 253 116 16 36
0.428093 253 116 16 36
0.430093 253 116 16 36
0.432093 253 116 16 36
0.434093 253 116 16 36
0.436093 252 116 17 35
0.438093 252 116 17 35
0.440093 252 116 17 35
0.442093 252 116 17 35
0.444093 252 116 17 35
0.446093 252 116 17 35
0.448093 252 116 17 35
0.450093 252 116 17 35
0.452093 251 116 17 35
0.454093 251 116 17 35
0.456093 251 116 17 35
0.458093 251 116 17 35
0.460093 251 116 17 35
0.462093 251 116 17 35
0.464093 251 116 17 35
0.466093 251 116 17 35
0.468093 250 116 17 35
0.470093 250 116 17 35
0.472093 250 116 17 35
0.474093 250 116 17 35
0.476093 250 116 17 35
0.478093 250 116 17 35
0.480093 250 116 17 35
0.482093 250 116 17 35
0.484093 249 116 18 35
0.486093 249 116 18 35
0.488093 249 116 18 35
0.490093 249 116 18 35
0.492093 249 116 18 35
0.494093 249 116 18 35
0.496093 249 116 18 35
0.498093 249 116 18 35
0.500093 249 116 18 35
0.502093 249 116 18 35
0.504093 249 116 18 35
0.506093 248 116 18 36
0.508093 248 116 18 36
0.510093 248 116 18 36
0.512093 248 116 18 36
0.514093 248 116 18 36
0.516093 248 116 18 36
0.518093 248 116 18 36
0.520093 248 116 18 36
0.522093 248 116 18 36
0.524093 248 116 18 36
0.526093 248 116 18 36
0.528093 248 116 18 36
0.530093 247 116 18 37
0.532093 247 116 18 37
0.534093 247 116 18 37
0.536093 247 116 18 37
0.538093 247 116 18 37
0.540093 247 116 18 37
0.542093 246 116 18 37
0.544093 246 116 18 37
0.546093 246 116 18 37
0.548093 246 116 18 37
0.550093 246 116 18 37
0.552093 246 116 18 37
0.554093 245 116 19 37
0.556093 245 116 19 37
0.558093 245 116 19 37
0.560093 245 116 19 37
0.562093 245 116 19 37
0.564093 245 116 19 37
0.566093 244 116 19 37
0.568093 244 116 19 37
0.570093 244 116 19 37
0.572093 244 116 19 37
0.574093 244 116 19 37
0.576093 244 116 19 37
0.578093 243 115 19 37
0.580093 243 115 19 37
0.582093 243 115 19 37
0.584093 243 115 19 37
0.586093 243 115 19 37
0.588093 243 115 19 37
0.590093 242 115 19 37
0.592093 242 115 19 37
0.594093 242 115 19 37
0.596093 242 115 19 37
0.598093 242 115 19 37
0.600093 242 115 19 37
0.602093 241 115 18 37
0.604093 241 115 18 37
0.606093 241 115 18 37
0.608093 241 115 18 37
0.610093 241 115 18 37
0.612093 240 115 18 37
0.614093 240 115 18 37
0.616093 240 115 18 37
0.618093 240 115 18 37
0.620093 240 115 18 37
0.622093 240 115 18 37
0.624093 240 115 17 37
0.626093 240 115 17 37
0.628093 240 115 17 37
0.630093 240 115 17 37
0.632093 240 115 17 37
0.634093 240 115 17 37
0.636093 240 115 17 37
0.638093 240 115 17 37
0.640093 240 115 17 37
0.642093 240 115 17 37
0.644093 240 115 17 37
0.646093 240 115 17 37
0.648093 240 115 16 37
0.650093 240 115 16 37
0.652093 240 115 16 37
0.654093 240 115 16 37
0.656093 240 115 16 37
0.658093 240 115 16 37
0.660093 240 115 16 37
0.662093 240 115 16 37
0.664093 240 115 16 37
0.666093 240 115 16 37
0.668093 240 115 16 37
0.670093 240 115 16 37
0.672093 239 116 15 36
0.674093 239 116 15 36
0.676093 239 116 15 36
0.678093 239 116 15 36
0.680093 239 116 15 36
0.682093 239 116 15 36
0.684093 239 116 15 36
0.686093 239 116 15 36
0.688093 238 116 15 36
0.690093 238 116 15 36
0.692093 238 116 15 36
0.694093 238 116 15 36
0.696093 238 116 15 35
0.698093 238 116 15 35
0.700093 238 116 15 35
0.702093 238 116 15 35
0.704093 237 116 15 35
0.706093 237 116 15 35
0.708093 237 116 15 35
0.710093 237 116 15 35
0.712093 237 116 15 35
0.714093 237 116 15 35
0.716093 237 116 15 35
0.718093 237 116 15 35
0.720093 236 116 15 35
0.722093 236 116 15 35
0.724093 236 116 15 35
0.726093 236 116 15 35
0.728093 236 116 15 35
0.730093 236 116 15 35
0.732093 236 116 15 35
0.734093 235 116 15 35
0.736093 235 116 15 35
0.738093 235 116 15 35
0.740093 235 116 15 35
0.742093 235 115 15 36
0.744093 235 115 15 36
0.746093 235 115 15 36
0.748093 235 115 15 36
0.750093 234 115 15 36
0.752093 234 115 15 36
0.754093 234 115 15 36
0.756093 234 115 15 36
0.758093 234 115 15 36
0.760093 234 115 15 36
0.762093 234 115 15 36
0.764093 234 115 15 36
0.766093 233 115 15 37
0.768093 233 115 15 37
0.770093 233 115 15 37
0.772093 233 115 15 37
0.774093 233 115 15 37
0.776093 233 115 15 37
0.778093 233 115 15 37
0.780093 233 115 15 37
0.782093 232 115 15 37
0.784093 232 115 15 37
0.786093 232 115 15 37
0.788093 232 115 15 37
0.790093 232 115 15 37
0.792093 232 115 15 37
0.794093 232 115 15 37
0.796093 232 115 15 37
0.798093 231 115 15 37
0.800093 231 115 15 37
0.802093 231 115 15 37
0.804093 231 115 15 37
0.806093 231 115 15 37
0.808093 231 115 15 37
0.810093 231 115 15 37
0.812093 231 115 15 37
0.814093 230 115 16 38
0.816093 230 115 16 38
0.818093 230 115 16 38
0.820093 230 115 16 38
0.822093 230 115 16 38
0.824093 230 115 16 38
0.826093 230 115 16 38
0.828093 230 115 16 38
0.830093 229 115 16 38
0.832093 229 115 16 38
0.834093 229 115 16 38
0.836093 229 115 16 38
0.838093 229 114 17 38
0.840093 229 114 17 38
0.842093 229 114 17 38
0.844093 229 114 17 38
0.846093 228 114 17 38
0.848093 228 114 17 38
0.850093 228 114 17 38
0.852093 228 114 17 38
0.854093 228 114 17 38
0.856093 228 114 17 38
0.858093 228 114 17 38
0.860093 227 114 18 38
0.862093 227 114 18 38
0.864093 227 114 18 38
0.866093 227 114 18 38
0.868093 227 114 18 38
0.870093 227 114 18 38
0.872093 227 114 18 38
0.874093 227 114 18 38
0.876093 227 114 18 38
0.878093 227 114 18 38
0.880093 227 114 18 38
0.882093 227 114 18 38
0.884093 226 114 18 38
0.886093 226 114 18 38
0.888093 226 114 18 38
0.890093 226 114 18 38
0.892093 226 114 18 38
0.894093 226 114 18 38
0.896093 226 114 18 38
0.898093 226 114 18 38
0.900093 226 114 18 38
0.902093 226 114 18 38
0.904093 226 114 18 38
0.906093 226 114 18 38
0.908093 225 114 18 37
0.910093 225 114 18 37
0.912093 225 114 18 37
0.914093 225 114 18 37
0.916093 225 114 18 37
0.918093 225 114 18 37
0.920093 224 114 18 37
0.922093 224 114 18 37
0.924093 224 114 19 37
0.926093 224 114 19 37
0.928093 224 114 19 37
0.930093 224 114 19 37
0.932093 223 114 19 37
0.934093 223 114 19 37
0.936093 223 114 19 37
0.938093 223 114 19 37
0.940093 223 114 20 37
0.942093 223 114 20 37
0.944093 222 114 20 37
0.946093 222 114 20 37
0.948093 222 114 20 37
0.950093 222 114 20 37
0.952093 222 114 20 37
0.954093 222 114 20 37
0.956093 221 115 20 36
0.958093 221 115 20 36
0.960093 221 115 20 36
0.962093 221 115 20 36
0.964093 221 115 20 36
0.966093 221 115 20 36
0.968093 221 115 20 36
0.970093 221 115 20 36
0.972093 221 115 20 36
0.974093 221 115 20 36
0.976093 221 115 20 36
0.978093 221 115 20 36
0.980093 221 115 20 36
0.982093 221 115 20 36
0.984093 221 115 20 36
0.986093 221 115 20 36
0.988093 221 115 20 36
0.990093 221 115 20 36
0.992093 221 115 20 36
0.994093 221 115 20 36
0.996093 221 115 20 36
0.998093 221 115 20 36
1.000093 221 115 20 36
1.002093 220 116 19 35
1.004093 220 116 19 35
1.006093 220 116 19 35
1.008093 220 116 19 35
1.010093 220 116 19 35
1.012093 220 116 19 35
1.014093 220 116 18 35
1.016093 220 116 18 35
1.018093 219 116 18 35
1.020093 219 116 18 35
1.022093 219 116 18 35
1.024093 219 116 18 35
1.026093 219 116 17 35
1.028093 219 116 17 35
1.030093 219 116 17 35
1.032093 219 116 17 35
1.034093 218 116 17 35
1.036093 218 116 17 35
1.038093 218 116 16 35
1.040093 218 116 16 35
1.042093 218 116 16 35
1.044093 218 116 16 35
1.046093 218 116 16 35
1.048093 218 116 16 35
1.050093 217 116 16 35
1.052093 217 116 16 35
1.054093 217 116 16 35
1.056093 217 116 16 35
1.058093 217 116 16 35
1.060093 217 116 16 35
1.062093 217 116 16 35
1.064093 217 116 16 35
1.066093 216 116 16 35
1.068093 216 116 16 35
1.070093 216 116 16 35
1.072093 216 116 16 35
1.074093 216 116 16 35
1.076093 216 116 16 35
1.078093 216 116 16 35
1.080093 216 116 16 35
1.082093 215 116 16 35
1.084093 215 116 16 35
1.086093 215 116 16 35
1.088093 215 116 16 35
1.090093 215 116 16 35
1.092093 215 116 16 35
1.094093 215 116 16 35
1.096093 214 116 16 34
1.098093 214 116 16 34
1.100093 214 116 16 34
1.102093 214 116 16 34
1.104093 214 116 16 34
1.106093 214 116 16 34
1.108093 213 116 16 34
1.110093 213 116 16 34
1.112093 213 117 16 33
1.114093 213 117 16 33
1.116093 213 117 16 33
1.118093 213 117 16 33
1.120093 212 117 17 33
1.122093 212 117 17 33
1.124093 212 117 17 33
1.126093 212 117 17 33
1.128093 212 118 17 32
1.130093 212 118 17 32
1.132093 211 118 17 32
1.134093 211 118 17 32
1.136093 211 118 17 32
1.138093 211 118 17 32
1.140093 211 118 17 32
1.142093 211 118 17 32
1.144093 210 118 17 32
1.146093 210 118 17 32
1.148093 210 118 17 32
1.150093 210 118 17 32
1.152093 210 118 17 32
1.154093 210 118 17 33
1.156093 210 118 17 33
1.158093 210 118 17 33
1.160093 209 117 17 33
1.162093 209 117 17 33
1.164093 209 117 17 34
1.166093 209 117 17 34
1.168093 209 117 17 34
1.170093 209 117 17 34
1.172093 209 117 17 35
1.174093 209 117 17 35
1.176093 208 116 17 35
1.178093 208 116 17 35
1.180093 208 116 17 35
1.182093 208 116 17 36
1.184093 208 116 17 36
1.186093 208 116 17 36
1.188093 208 116 17 36
1.190093 208 116 17 36
1.192093 207 115 17 37
1.194093 207 115 17 37
1.196093 207 115 17 37
1.198093 207 115 17 37
1.200093 207 115 17 37
1.202093 207 115 17 37
1.204093 207 115 17 37
1.206093 207 115 17 37
1.208093 206 115 17 37
1.210093 206 115 17 37
1.212093 206 115 17 37
1.214093 206 115 17 37
1.216093 206 115 17 37
1.218093 206 115 17 37
1.220093 206 115 17 37
1.222093 205 115 17 37
1.224093 205 115 17 37
1.226093 205 115 17 37
1.228093 205 115 17 37
1.230093 205 115 17 37
1.232093 205 115 17 37
1.234093 205 115 17 37
1.236093 205 115 17 37
1.238093 204 115 18 37
1.240093 204 115 18 37
1.242093 204 115 18 37
1.244093 204 115 18 37
1.246093 204 115 18 37
1.248093 204 115 18 37
1.250093 204 115 18 37
1.252093 204 115 18 37
1.254093 204 115 19 37
1.256093 204 115 19 37
1.258093 204 115 19 37
1.260093 204 115 19 37
1.262093 203 115 19 36
1.264093 203 115 19 36
1.266093 203 115 19 36
1.268093 203 115 19 36
1.270093 203 115 20 36
1.272093 203 115 20 36
1.274093 203 115 20 36
1.276093 203 115 20 36
1.278093 203 115 20 36
1.280093 203 115 20 36
1.282093 203 115 20 36
1.284093 203 115 20 36
1.286093 202 115 21 36
1.288093 202 115 21 36
1.290093 202 115 21 36
1.292093 202 115 21 36
1.294093 202 115 21 36
1.296093 202 115 21 36
1.298093 202 115 21 36
1.300093 202 115 21 36
1.302093 201 115 21 36
1.304093 201 115 21 36
1.306093 201 115 21 36
1.308093 201 115 21 36
1.310093 201 115 21 37
1.312093 201 115 21 37
1.314093 201 115 21 37
1.316093 201 115 21 37
1.318093 200 115 21 37
1.320093 200 115 21 37
1.322093 200 115 21 37
1.324093 200 115 21 37
1.326093 200 115 21 37
1.328093 200 115 21 37
1.330093 200 115 21 37
1.332093 200 115 21 37
1.334093 199 115 21 37
1.336093 199 115 21 37
1.338093 199 115 21 37
1.340093 199 115 21 37
1.342093 199 115 21 37
1.344093 199 115 20 37
1.346093 199 115 20 37
1.348093 198 115 20 37
1.350093 198 115 20 37
1.352093 198 115 20 37
1.354093 198 115 20 37
1.356093 198 115 19 36
1.358093 198 115 19 36
1.360093 198 115 19 36
1.362093 198 115 19 36
1.364093 197 115 19 36
1.366093 197 115 19 36
1.368093 197 115 18 36
1.370093 197 115 18 36
1.372093 197 115 18 36
1.374093 197 115 18 36
1.376093 197 115 18 36
1.378093 197 115 18 36
1.380093 196 115 18 35
1.382093 196 115 18 35
1.384093 196 115 18 35
1.386093 196 115 18 35
1.388093 196 115 18 35
1.390093 196 115 18 35
1.392093 196 115 18 35
1.394093 196 115 18 35
1.396093 196 115 18 35
1.398093 196 115 18 35
1.400093 196 115 18 35
1.402093 196 115 18 35
1.404093 196 116 19 35
1.406093 196 116 19 35
1.408093 196 116 19 35
1.410093 196 116 19 35
1.412093 196 116 19 35
1.414093 196 116 19 35
1.416093 196 116 19 35
1.418093 196 116 19 35
1.420093 196 116 19 35
1.422093 196 116 19 35
1.424093 196 116 19 35
1.426093 196 116 19 35
1.428093 195 116 20 34
1.430093 195 116 20 34
1.432093 195 116 20 34
1.434093 195 116 20 34
1.436093 195 116 20 34
1.438093 195 116 20 34
1.440093 194 116 20 34
1.442093 194 116 20 34
1.444093 194 116 20 34
1.446093 194 116 20 34
1.448093 194 116 20 34
1.450093 194 116 20 34
1.452093 193 116 20 34
1.454093 193 116 20 34
1.456093 193 116 20 34
1.458093 193 116 20 34
1.460093 193 116 20 34
1.462093 192 116 20 34
1.464093 192 116 20 34
1.466093 192 116 20 34
1.468093 192 116 20 34
1.470093 192 116 20 34
1.472093 192 116 20 34
1.474093 191 116 19 33
1.476093 191 116 19 33
1.478093 191 116 19 33
1.480093 191 116 19 33
1.482093 191 116 19 33
1.484093 191 116 19 33
1.486093 191 116 19 33
1.488093 191 116 19 33
1.490093 191 116 19 33
1.492093 191 116 19 33
1.494093 191 116 19 33
1.496093 191 116 19 33
1.498093 190 116 19 33
1.500093 190 116 19 33
1.502093 190 116 19 33
1.504093 190 116 19 33
1.506093 190 116 19 33
1.508093 190 116 19 33
1.510093 190 116 19 33
1.512093 190 116 19 33
1.514093 190 116 19 33
1.516093 190 116 19 33
1.518093 190 116 19 33
1.520093 190 116 19 33
1.522093 189 116 18 33
1.524093 189 116 18 33
1.526093 189 116 18 33
1.528093 189 116 18 33
1.530093 189 116 18 33
1.532093 189 116 18 33
1.534093 189 116 18 33
1.536093 189 116 18 33
1.538093 188 116 18 33
1.540093 188 116 18 33
1.542093 188 116 18 33
1.544093 188 116 18 33
1.546093 188 116 18 33
1.548093 188 116 18 33
1.550093 188 116 18 33
1.552093 188 116 18 33
1.554093 187 116 18 33
1.556093 187 116 18 33
1.558093 187 116 18 33
1.560093 187 116 18 33
1.562093 187 116 18 33
1.564093 187 116 18 33
1.566093 187 116 18 33
1.568093 187 116 18 33
1.570093 186 116 18 34
1.572093 186 116 18 34
1.574093 186 116 18 34
1.576093 186 116 18 34
1.578093 186 116 18 34
1.580093 186 116 18 34
1.582093 186 116 18 34
1.584093 186 116 18 35
1.586093 186 116 18 35
1.588093 186 116 18 35
1.590093 186 116 18 35
1.592093 185 116 18 35
1.594093 185 116 18 35
1.596093 185 116 18 35
1.598093 185 116 18 35
1.600093 185 116 18 36
1.602093 185 116 18 36
1.604093 185 116 18 36
1.606093 185 116 18 36
1.608093 185 116 18 36
1.610093 185 116 18 36
1.612093 185 116 18 36
1.614093 185 116 18 36
1.616093 184 115 19 37
1.618093 184 115 19 37
1.620093 184 115 19 37
1.622093 184 115 19 37
1.624093 184 115 19 37
1.626093 183 115 20 37
1.628093 183 115 20 37
1.630093 183 115 20 37
1.632093 183 115 20 37
1.634093 183 115 20 37
1.636093 182 115 21 37
1.638093 182 115 21 37
1.640093 182 115 21 37
1.642093 182 115 21 37
1.644093 181 115 22 37
1.646093 181 115 22 37
1.648093 181 115 22 37
1.650093 181 115 22 37
1.652093 181 115 22 37
1.654093 180 115 23 37
1.656093 180 115 23 37
1.658093 180 115 23 37
1.660093 180 115 23 37
1.662093 180 115 23 37
1.664093 179 114 24 37
1.666093 179 114 24 37
1.668093 179 114 24 37
1.670093 179 114 24 37
1.672093 179 114 24 37
1.674093 179 114 24 37
1.676093 179 114 24 37
1.678093 179 114 24 37
1.680093 178 113 24 37
1.682093 178 113 24 37
1.684093 178 113 24 37
1.686093 178 113 24 37
1.688093 178 113 24 38
1.690093 178 113 24 38
1.692093 178 113 24 38
1.694093 178 113 24 38
1.696093 177 112 24 38
1.698093 177 112 24 38
1.700093 177 112 24 38
1.702093 177 112 24 38
1.704093 177 112 24 38
1.706093 177 112 24 38
1.708093 177 112 24 38
1.710093 176 112 23 38
1.712093 176 112 23 38
1.714093 176 112 23 38
1.716093 176 112 23 38
1.718093 176 112 23 38
1.720093 176 112 23 38
1.722093 176 112 23 38
1.724093 176 112 23 38
1.726093 176 112 23 38
1.728093 176 112 23 38
1.730093 176 112 23 38
1.732093 176 112 23 38
1.734093 175 112 22 37
1.736093 175 112 22 37
1.738093 175 112 22 37
1.740093 175 112 22 37
1.742093 175 112 22 37
1.744093 175 112 22 37
1.746093 175 112 22 37
1.748093 175 112 22 37
1.750093 175 112 22 37
1.752093 175 112 22 37
1.754093 175 112 22 37
1.756093 175 112 22 37
1.758093 174 113 21 36
1.760093 174 113 21 36
1.762093 174 113 21 36
1.764093 174 113 21 36
1.766093 174 113 21 36
1.768093 174 113 21 36
1.770093 174 113 20 36
1.772093 174 113 20 36
1.774093 174 113 20 36
1.776093 174 113 20 36
1.778093 174 113 20 36
1.780093 174 113 20 36
1.782093 173 114 19 35
1.784093 173 114 19 35
1.786093 173 114 19 35
1.788093 173 114 19 35
1.790093 173 114 19 35
1.792093 173 114 19 35
1.794093 173 114 18 35
1.796093 173 114 18 35
1.798093 173 114 18 35
1.800093 173 114 18 35
1.802093 173 114 18 35
1.804093 173 114 18 35
1.806093 172 115 18 34
1.808093 172 115 18 34
1.810093 172 115 18 34
1.812093 172 115 18 34
1.814093 172 115 18 33
1.816093 171 115 18 33
1.818093 171 115 18 33
1.820093 171 115 18 33
1.822093 171 115 18 33
1.824093 171 115 18 32
1.826093 171 115 18 32
1.828093 170 116 18 32
1.830093 170 116 18 32
1.832093 170 116 18 32
1.834093 170 116 18 31
1.836093 170 116 18 31
1.838093 170 116 18 31
1.840093 169 116 18 31
1.842093 169 116 18 30
1.844093 169 116 18 30
1.846093 169 116 18 30
1.848093 169 116 18 30
1.850093 169 116 18 30
1.852093 168 116 18 30
1.854093 168 116 18 30
1.856093 168 116 18 30
1.858093 168 116 18 30
1.860093 168 116 18 30
1.862093 168 116 18 31
1.864093 168 116 18 31
1.866093 168 116 18 31
1.868093 167 116 18 31
1.870093 167 116 18 31
1.872093 167 116 18 32
1.874093 167 116 18 32
1.876093 167 116 18 32
1.878093 167 116 18 32
1.880093 167 116 18 33
1.882093 167 116 18 33
1.884093 166 116 18 33
1.886093 166 116 18 33
1.888093 166 116 18 33
1.890093 166 116 18 34
1.892093 166 116 18 34
1.894093 166 116 18 34
1.896093 166 116 18 34
1.898093 166 116 18 34
1.900093 165 116 19 35
1.902093 165 116 19 35
1.904093 165 116 19 35
1.906093 165 116 19 35
1.908093 165 116 19 35
1.910093 165 116 19 35
1.912093 165 116 19 35
1.914093 165 116 19 35
1.916093 164 116 19 35
1.918093 164 116 19 35
1.920093 164 116 19 35
1.922093 164 116 19 35
1.924093 164 116 19 35
1.926093 164 116 19 35
1.928093 164 116 19 35
1.930093 164 116 19 35
1.932093 163 116 19 35
1.934093 163 116 19 35
1.936093 163 116 19 35
1.938093 163 116 19 35
1.940093 163 116 19 35
1.942093 163 116 19 35
1.944093 163 116 19 35
1.946093 162 115 20 36
1.948093 162 115 20 36
1.950093 162 115 20 36
1.952093 162 115 20 36
1.954093 162 115 20 36
1.956093 162 115 20 36
1.958093 162 115 20 36
1.960093 162 115 20 36
1.962093 161 115 20 36
1.964093 161 115 20 36
1.966093 161 115 20 36
1.968093 161 115 20 36
1.970093 161 115 21 36
1.972093 161 115 21 36
1.974093 161 115 21 36
1.976093 161 115 21 36
1.978093 160 115 21 36
1.980093 160 115 21 36
1.982093 160 115 21 36
1.984093 160 115 21 36
1.986093 160 115 21 36
1.988093 160 115 21 36
1.990093 160 115 21 36
1.992093 160 115 21 36
1.994093 159 115 21 37
1.996093 159 115 21 37
1.998093 159 115 21 37
2.000093 159 115 21 37
2.002093 159 115 21 37
2.004093 159 115 21 37
2.006093 159 115 21 37
2.008093 159 115 21 37
2.010093 159 115 21 37
2.012093 159 115 21 37
2.014093 159 115 21 37
2.016093 159 115 21 37
2.018093 158 115 21 37
2.020093 158 115 21 37
2.022093 158 115 21 37
2.024093 158 115 21 37
2.026093 158 115 21 37
2.028093 158 115 21 37
2.030093 158 115 21 37
2.032093 158 115 21 37
2.034093 158 115 21 37
2.036093 158 115 21 37
2.038093 158 115 21 37
2.040093 158 115 21 37
2.042093 157 115 21 36
2.044093 157 115 21 36
2.046093 157 115 21 36
2.048093 157 115 21 36
2.050093 157 115 21 36
2.052093 157 115 21 36
2.054093 157 115 21 36
2.056093 156 115 21 36
2.058093 156 115 21 36
2.060093 156 115 21 36
2.062093 156 115 21 36
2.064093 156 115 21 36
2.066093 156 115 21 36
2.068093 156 115 21 36
2.070093 156 115 21 36
2.072093 155 115 21 36
2.074093 155 115 21 36
2.076093 155 115 21 36
2.078093 155 115 21 36
2.080093 155 115 21 36
2.082093 155 115 21 36
2.084093 155 115 21 36
2.086093 155 115 21 36
2.088093 154 115 21 36
2.090093 154 115 21 36
2.092093 154 115 21 36
2.094093 154 115 21 36
2.096093 154 115 21 36
2.098093 154 115 21 36
2.100093 154 115 21 36
2.102093 154 115 21 36
2.104093 154 115 21 36
2.106093 154 115 21 36
2.108093 154 115 21 36
2.110093 154 115 21 36
2.112093 153 115 21 36
2.114093 153 115 21 36
2.116093 153 115 21 36
2.118093 153 115 21 36
2.120093 153 115 21 36
2.122093 153 115 21 36
2.124093 153 115 21 36
2.126093 153 115 21 36
2.128093 153 115 21 36
2.130093 153 115 21 36
2.132093 153 115 21 36
2.134093 153 115 21 36
2.136093 152 115 20 35
2.138093 152 115 20 35
2.140093 152 115 20 35
2.142093 152 115 20 35
2.144093 152 115 20 35
2.146093 152 115 20 35
2.148093 152 115 20 35
2.150093 152 115 20 35
2.152093 152 115 20 35
2.154093 152 115 20 35
2.156093 152 115 20 35
2.158093 152 115 20 35
2.160093 152 115 20 35
2.162093 152 115 20 35
2.164093 152 115 20 35
2.166093 152 115 20 35
2.168093 152 115 20 35
2.170093 152 115 20 35
2.172093 152 115 20 35
2.174093 152 115 20 35
2.176093 152 115 20 35
2.178093 152 115 20 35
2.180093 152 115 20 35
2.182093 151 115 20 35
2.184093 151 115 20 35
2.186093 151 115 20 35
2.188093 151 115 20 35
2.190093 151 115 20 35
2.192093 151 115 20 35
2.194093 150 115 20 35
2.196093 150 115 20 35
2.198093 150 115 20 35
2.200093 150 115 20 35
2.202093 150 115 20 35
2.204093 150 115 20 35
2.206093 149 115 20 35
2.208093 149 115 20 35
2.210093 149 115 20 35
2.212093 149 115 20 35
2.214093 149 115 20 35
2.216093 149 115 20 35
2.218093 148 115 20 35
2.220093 148 115 20 35
2.222093 148 115 20 35
2.224093 148 115 20 35
2.226093 148 115 20 35
2.228093 148 115 20 35
2.230093 147 116 19 35
2.232093 147 116 19 35
2.234093 147 116 19 35
2.236093 147 116 19 35
2.238093 147 116 19 35
2.240093 147 116 19 35
2.242093 146 116 19 35
2.244093 146 116 19 35
2.246093 146 116 19 35
2.248093 146 116 19 35
2.250093 146 116 19 35
2.252093 146 116 19 35
2.254093 145 116 19 34
2.256093 145 116 19 34
2.258093 145 116 19 34
2.260093 145 116 19 34
2.262093 145 116 19 34
2.264093 145 116 19 34
2.266093 144 116 19 34
2.268093 144 116 19 34
2.270093 144 116 19 34
2.272093 144 116 19 34
2.274093 144 116 19 34
2.276093 144 116 19 34
2.278093 143 116 19 34
2.280093 143 116 19 34
2.282093 143 116 19 34
2.284093 143 116 19 34
2.286093 143 116 19 34
2.288093 143 116 19 34
2.290093 143 116 19 34
2.292093 143 116 19 34
2.294093 142 116 19 35
2.296093 142 116 19 35
2.298093 142 116 19 35
2.300093 142 116 19 35
2.302093 142 116 19 35
2.304093 142 116 19 35
2.306093 142 116 19 35
2.308093 141 116 19 36
2.310093 141 116 19 36
2.312093 141 116 19 36
2.314093 141 116 19 36
2.316093 141 116 19 36
2.318093 141 116 19 36
2.320093 141 116 19 36
2.322093 141 116 19 36
2.324093 140 116 20 36
2.326093 140 116 20 36
2.328093 140 116 20 36
2.330093 140 116 20 36
2.332093 140 116 20 36
2.334093 140 116 20 36
2.336093 139 116 20 36
2.338093 139 116 20 36
2.340093 139 116 21 36
2.342093 139 116 21 36
2.344093 139 116 21 36
2.346093 139 116 21 36
2.348093 138 116 21 36
2.350093 138 116 21 36
2.352093 138 116 21 36
2.354093 138 116 21 36
2.356093 138 116 22 36
2.358093 138 116 22 36
2.360093 137 116 22 36
2.362093 137 116 22 36
2.364093 137 116 22 36
2.366093 137 116 22 36
2.368093 137 116 22 36
2.370093 137 116 22 36
2.372093 136 116 23 36
2.374093 136 116 23 36
2.376093 136 116 23 36
2.378093 136 116 23 36
2.380093 136 116 23 36
2.382093 136 116 23 36
2.384093 136 116 23 36
2.386093 136 116 23 36
2.388093 136 116 23 37
2.390093 136 116 23 37
2.392093 136 116 23 37
2.394093 136 116 23 37
2.396093 135 116 23 37
2.398093 135 116 23 37
2.400093 135 116 23 37
2.402093 135 116 23 37
2.404093 135 116 23 38
2.406093 135 116 23 38
2.408093 135 116 23 38
2.410093 135 116 23 38
2.412093 135 116 23 38
2.414093 135 116 23 38
2.416093 135 116 23 38
2.418093 134 116 24 38
2.420093 134 116 24 38
2.422093 134 116 24 38
2.424093 134 116 24 38
2.426093 134 116 24 38
2.428093 134 116 24 37
2.430093 134 116 24 37
2.432093 134 116 24 37
2.434093 134 116 24 37
2.436093 134 116 24 37
2.438093 134 116 24 36
2.440093 134 116 24 36
2.442093 134 116 24 36
2.444093 134 116 24 36
2.446093 134 116 24 36
2.448093 134 116 24 35
2.450093 134 116 24 35
2.452093 134 116 24 35
2.454093 134 116 24 35
2.456093 134 116 24 34
2.458093 134 116 24 34
2.460093 134 116 24 34
2.462093 134 116 24 34
2.464093 134 116 24 34
2.466093 133 116 23 33
2.468093 133 116 23 33
2.470093 133 116 23 33
2.472093 133 116 23 33
2.474093 133 116 23 33
2.476093 133 116 23 33
2.478093 133 116 23 33
2.480093 133 116 23 33
2.482093 132 117 22 33
2.484093 132 117 22 33
2.486093 132 117 22 33
2.488093 132 117 22 33
2.490093 132 117 22 33
2.492093 132 117 22 33
2.494093 132 117 22 33
2.496093 132 117 22 33
2.498093 131 118 21 33
2.500093 131 118 21 33
2.502093 131 118 21 33
2.504093 131 118 21 33
2.506093 131 118 21 33
2.508093 131 118 21 33
2.510093 131 118 21 33
2.512093 131 118 21 33
2.514093 130 119 20 33
2.516093 130 119 20 33
2.518093 130 119 20 33
2.520093 130 119 20 33
2.522093 130 119 20 33
2.524093 130 119 20 33
2.526093 130 119 19 33
2.528093 130 119 19 33
2.530093 129 119 19 33
2.532093 129 119 19 33
2.534093 129 119 19 33
2.536093 129 119 19 33
2.538093 129 119 18 33
2.540093 129 119 18 33
2.542093 129 119 18 33
2.544093 128 119 18 33
2.546093 128 119 18 33
2.548093 128 119 17 33
2.550093 128 119 17 33
2.552093 128 119 17 33
2.554093 128 119 17 33
2.556093 128 119 17 33
2.558093 128 119 17 33
2.560093 127 118 17 34
2.562093 127 118 17 34
2.564093 127 118 17 34
2.566093 127 118 17 34
2.568093 127 118 17 34
2.570093 127 118 17 34
2.572093 126 118 17 34
2.574093 126 118 17 34
2.576093 126 118 18 34
2.578093 126 118 18 34
2.580093 126 118 18 34
2.582093 126 118 18 34
2.584093 125 117 18 35
2.586093 125 117 18 35
2.588093 125 117 18 35
2.590093 125 117 18 35
2.592093 125 117 19 35
2.594093 125 117 19 35
2.596093 124 117 19 35
2.598093 124 117 19 35
2.600093 124 117 19 35
2.602093 124 117 19 35
2.604093 124 117 19 35
2.606093 124 117 19 35
2.608093 123 117 20 35
2.610093 123 117 20 35
2.612093 123 117 20 35
2.614093 123 117 20 35
2.616093 123 117 20 35
2.618093 123 117 20 35
2.620093 123 117 20 35
2.622093 123 117 20 35
2.624093 122 117 20 35
2.626093 122 117 20 35
2.628093 122 117 20 35
2.630093 122 117 20 35
2.632093 122 117 20 35
2.634093 122 117 20 35
2.636093 122 117 20 35
2.638093 122 117 20 35
2.640093 121 117 20 35
2.642093 121 117 20 35
2.644093 121 117 20 35
2.646093 121 117 20 35
2.648093 121 117 20 35
2.650093 121 117 20 35
2.652093 121 117 20 35
2.654093 121 117 20 35
2.656093 120 117 20 35
2.658093 120 117 20 35
2.660093 120 117 20 35
2.662093 120 117 20 35
2.664093 120 117 20 35
2.666093 120 117 20 35
2.668093 120 117 20 35
2.670093 119 116 20 36
2.672093 119 116 20 36
2.674093 119 116 20 36
2.676093 119 116 20 36
2.678093 119 116 19 36
2.680093 119 116 19 36
2.682093 119 116 19 36
2.684093 119 116 19 36
2.686093 118 115 19 37
2.688093 118 115 19 37
2.690093 118 115 19 37
2.692093 118 115 19 37
2.694093 118 115 19 37
2.696093 118 115 19 37
2.698093 118 115 19 37
2.700093 118 115 19 37
2.702093 117 115 19 37
2.704093 117 115 19 37
2.706093 117 115 19 37
2.708093 117 115 19 37
2.710093 117 115 19 37
2.712093 117 115 19 37
2.714093 117 115 20 37
2.716093 117 115 20 37
2.718093 116 116 20 36
2.720093 116 116 20 36
2.722093 116 116 20 36
2.724093 116 116 20 36
2.726093 116 116 21 36
2.728093 116 116 21 36
2.730093 116 116 21 36
2.732093 116 116 21 36
2.734093 115 117 21 35
2.736093 115 117 21 35
2.738093 115 117 22 35
2.740093 115 117 22 35
2.742093 115 117 22 35
2.744093 115 117 22 35
2.746093 115 117 22 35
2.748093 115 117 22 35
2.750093 114 117 23 35
2.752093 114 117 23 35
2.754093 114 117 23 35
2.756093 114 117 23 35
2.758093 114 117 23 35
2.760093 114 117 23 35
2.762093 114 117 23 35
2.764093 114 117 23 35
2.766093 113 116 23 35
2.768093 113 116 23 35
2.770093 113 116 23 35
2.772093 113 116 23 35
2.774093 113 116 23 36
2.776093 113 116 23 36
2.778093 113 116 23 36
2.780093 112 115 23 36
2.782093 112 115 23 36
2.784093 112 115 23 36
2.786093 112 115 23 36
2.788093 112 115 23 36
2.790093 112 115 23 36
2.792093 112 115 23 36
2.794093 112 115 23 36
2.796093 111 115 22 36
2.798093 111 115 22 36
2.800093 111 115 22 36
2.802093 111 115 22 36
2.804093 111 115 22 36
2.806093 111 115 22 36
2.808093 111 115 22 36
2.810093 111 115 22 36
2.812093 111 115 22 35
2.814093 111 115 22 35
2.816093 111 115 22 35
2.818093 111 115 22 35
2.820093 111 116 21 35
2.822093 111 116 21 35
2.824093 111 116 21 35
2.826093 111 116 21 35
2.828093 111 116 21 34
2.830093 111 116 21 34
2.832093 111 116 21 34
2.834093 111 116 21 34
2.836093 111 116 21 34
2.838093 111 116 21 34
2.840093 111 116 21 34
2.842093 111 116 21 34
2.844093 110 117 21 34
2.846093 110 117 21 34
2.848093 110 117 21 34
2.850093 110 117 21 34
2.852093 110 117 21 34
2.854093 110 117 21 34
2.856093 109 117 21 34
2.858093 109 117 21 34
2.860093 109 117 21 34
2.862093 109 117 21 34
2.864093 109 117 21 34
2.866093 109 117 21 34
2.868093 108 117 21 34
2.870093 108 117 21 34
2.872093 108 117 21 34
2.874093 108 117 21 34
2.876093 108 117 21 34
2.878093 108 117 21 34
2.880093 107 117 21 34
2.882093 107 117 21 34
2.884093 107 117 21 34
2.886093 107 117 21 34
2.888093 107 117 21 34
2.890093 107 117 21 34
2.892093 106 117 20 34
2.894093 106 117 20 34
2.896093 106 117 20 34
2.898093 106 117 20 34
2.900093 106 117 20 34
2.902093 106 117 20 34
2.904093 106 117 20 34
2.906093 105 117 20 34
2.908093 105 117 20 34
2.910093 105 117 20 34
2.912093 105 117 20 34
2.914093 105 117 20 33
2.916093 105 117 20 33
2.918093 105 117 20 33
2.920093 105 117 20 33
2.922093 104 117 20 33
2.924093 104 117 20 33
2.926093 104 117 20 33
2.928093 104 117 20 33
2.930093 104 117 20 33
2.932093 104 117 20 33
2.934093 104 117 20 33
2.936093 104 117 20 33
2.938093 103 118 19 33
2.940093 103 118 19 33
2.942093 103 118 19 33
2.944093 103 118 19 33
2.946093 103 118 19 33
2.948093 103 118 19 33
2.950093 103 118 19 33
2.952093 103 118 19 33
2.954093 102 118 19 33
2.956093 102 118 19 33
2.958093 102 118 19 33
2.960093 102 118 19 33
2.962093 102 118 19 34
2.964093 102 118 19 34
2.966093 102 118 19 34
2.968093 102 118 19 34
2.970093 101 118 19 34
2.972093 101 118 19 34
2.974093 101 118 19 34
2.976093 101 118 19 34
2.978093 101 118 19 34
2.980093 101 118 19 34
2.982093 101 118 19 34
2.984093 101 118 19 34
2.986093 100 118 18 35
2.988093 100 118 18 35
2.990093 100 118 18 35
2.992093 100 118 18 35
2.994093 100 118 18 35
2.996093 100 118 18 35
2.998093 100 118 18 35
3.000093 100 118 18 35
3.002093 100 118 18 35
3.004093 100 118 18 35
3.006093 100 118 18 35
3.008093 100 118 18 35
3.010093 100 118 17 36
3.012093 100 118 17 36
3.014093 100 118 17 36
3.016093 100 118 17 36
3.018093 100 118 17 36
3.020093 100 118 17 36
3.022093 100 118 17 36
3.024093 100 118 17 36
3.026093 100 118 17 36
3.028093 100 118 17 36
3.030093 100 118 17 36
3.032093 99 117 17 37
3.034093 99 117 17 37
3.036093 99 117 17 37
3.038093 99 117 17 37
3.040093 99 117 17 37
3.042093 99 117 17 37
3.044093 98 117 18 37
3.046093 98 117 18 37
3.048093 98 117 18 37
3.050093 98 117 18 37
3.052093 98 117 18 37
3.054093 98 117 18 37
3.056093 97 117 19 37
3.058093 97 117 19 37
3.060093 97 117 19 37
3.062093 97 117 19 37
3.064093 97 117 19 37
3.066093 97 117 19 37
3.068093 96 117 20 37
3.070093 96 117 20 37
3.072093 96 117 20 37
3.074093 96 117 20 37
3.076093 96 117 20 37
3.078093 96 117 20 37
3.080093 95 117 21 37
3.082093 95 117 21 37
3.084093 95 117 21 37
3.086093 95 117 21 37
3.088093 95 117 21 37
3.090093 95 117 21 37
3.092093 94 117 21 37
3.094093 94 117 21 37
3.096093 94 117 21 37
3.098093 94 117 21 37
3.100093 94 117 21 37
3.102093 94 117 21 37
3.104093 93 117 21 36
3.106093 93 117 21 36
3.108093 93 117 21 36
3.110093 93 117 21 36
3.112093 93 117 21 36
3.114093 93 117 21 36
3.116093 92 117 21 36
3.118093 92 117 21 36
3.120093 92 117 21 36
3.122093 92 117 21 36
3.124093 92 117 21 36
3.126093 92 117 21 36
3.128093 91 116 22 36
3.130093 91 116 22 36
3.132093 91 116 22 36
3.134093 91 116 22 36
3.136093 91 116 22 36
3.138093 91 116 22 36
3.140093 91 116 22 36
3.142093 91 116 22 36
3.144093 91 116 22 36
3.146093 91 116 22 36
3.148093 91 116 22 36
3.150093 91 116 23 36
3.152093 91 116 23 36
3.154093 91 116 23 36
3.156093 91 116 23 36
3.158093 91 116 23 36
3.160093 91 116 23 36
3.162093 91 116 23 36
3.164093 91 116 23 36
3.166093 91 116 23 36
3.168093 91 116 23 36
3.170093 91 116 23 36
3.172093 91 116 23 36
3.174093 90 116 23 36
3.176093 90 116 23 36
3.178093 90 116 23 36
3.180093 90 116 23 36
3.182093 90 116 23 36
3.184093 90 116 23 36
3.186093 90 116 22 36
3.188093 90 116 22 36
3.190093 90 116 22 36
3.192093 90 116 22 36
3.194093 90 116 22 36
3.196093 90 116 22 36
3.198093 89 116 21 36
3.200093 89 116 21 36
3.202093 89 116 21 36
3.204093 89 116 21 36
3.206093 89 116 21 36
3.208093 89 116 21 36
3.210093 89 116 20 36
3.212093 89 116 20 36
3.214093 89 116 20 36
3.216093 89 116 20 36
3.218093 89 116 20 36
3.220093 89 116 20 36
3.222093 88 117 20 35
3.224093 88 117 20 35
3.226093 88 117 20 35
3.228093 88 117 20 35
3.230093 88 117 20 35
3.232093 88 117 20 35
3.234093 88 117 20 35
3.236093 88 117 20 35
3.238093 87 117 20 34
3.240093 87 117 20 34
3.242093 87 117 20 34
3.244093 87 117 20 34
3.246093 87 117 20 34
3.248093 87 117 20 34
3.250093 87 117 20 34
3.252093 87 117 20 34
3.254093 86 117 20 33
3.256093 86 117 20 33
3.258093 86 117 20 33
3.260093 86 117 20 33
3.262093 86 117 20 33
3.264093 86 117 20 33
3.266093 86 117 20 33
3.268093 85 117 20 33
3.270093 85 117 20 33
3.272093 85 117 20 33
3.274093 85 117 20 33
3.276093 85 117 20 33
3.278093 85 117 20 33
3.280093 85 117 20 33
3.282093 85 117 20 33
3.284093 84 117 20 33
3.286093 84 117 20 33
3.288093 84 117 20 33
3.290093 84 117 20 33
3.292093 84 117 20 34
3.294093 84 117 20 34
3.296093 84 117 20 34
3.298093 84 117 20 34
3.300093 83 117 20 34
3.302093 83 117 20 34
3.304093 83 117 20 34
3.306093 83 117 20 34
3.308093 83 117 20 34
3.310093 83 117 20 34
3.312093 83 117 20 34
3.314093 83 117 20 34
3.316093 82 117 20 34
3.318093 82 117 20 34
3.320093 82 117 20 34
3.322093 82 117 20 34
3.324093 82 117 20 34
3.326093 82 117 20 34
3.328093 82 117 19 34
3.330093 82 117 19 34
3.332093 82 117 19 34
3.334093 82 117 19 34
3.336093 82 117 19 34
3.338093 82 117 19 34
3.340093 81 117 18 34
3.342093 81 117 18 34
3.344093 81 117 18 34
3.346093 81 117 18 34
3.348093 81 117 18 34
3.350093 81 117 18 34
3.352093 81 117 17 34
3.354093 81 117 17 34
3.356093 81 117 17 34
3.358093 81 117 17 34
3.360093 81 117 17 34
3.362093 81 117 17 34
3.364093 80 117 17 34
3.366093 80 117 17 34
3.368093 80 117 17 34
3.370093 80 117 17 34
3.372093 80 117 17 34
3.374093 80 117 17 34
3.376093 79 117 17 34
3.378093 79 117 17 34
3.380093 79 116 17 35
3.382093 79 116 17 35
3.384093 79 116 17 35
3.386093 78 116 18 35
3.388093 78 116 18 35
3.390093 78 116 18 35
3.392093 78 116 18 35
3.394093 78 115 18 36
3.396093 78 115 18 36
3.398093 77 115 18 36
3.400093 77 115 18 36
3.402093 77 115 18 36
3.404093 77 115 18 36
3.406093 77 115 18 36
3.408093 77 115 18 36
3.410093 76 114 19 37
3.412093 76 114 19 37
3.414093 76 114 19 37
3.416093 76 114 19 37
3.418093 76 114 19 37
3.420093 76 114 19 37
3.422093 76 114 19 37
3.424093 76 114 19 37
3.426093 75 114 19 37
3.428093 75 114 19 37
3.430093 75 114 19 37
3.432093 75 114 19 37
3.434093 75 114 19 38
3.436093 75 114 19 38
3.438093 75 114 19 38
3.440093 75 114 19 38
3.442093 74 114 19 38
3.444093 74 114 19 38
3.446093 74 114 19 38
3.448093 74 114 19 38
3.450093 74 114 19 38
3.452093 74 114 19 38
3.454093 74 114 19 38
3.456093 74 114 19 38
3.458093 73 114 20 38
3.460093 73 114 20 38
3.462093 73 114 20 38
3.464093 73 114 20 38
3.466093 73 114 20 38
3.468093 73 114 20 38
3.470093 73 114 20 38
3.472093 73 114 20 38
3.474093 73 115 21 37
3.476093 73 115 21 37
3.478093 73 115 21 37
3.480093 73 115 21 37
3.482093 72 115 21 37
3.484093 72 115 21 37
3.486093 72 115 21 37
3.488093 72 115 21 37
3.490093 72 116 22 36
3.492093 72 116 22 36
3.494093 72 116 22 36
3.496093 72 116 22 36
3.498093 72 116 22 36
3.500093 72 116 22 36
3.502093 72 116 22 36
3.504093 71 117 22 35
3.506093 71 117 22 35
3.508093 71 117 22 35
3.510093 71 117 22 35
3.512093 71 117 22 35
3.514093 71 117 22 35
3.516093 71 117 22 35
3.518093 71 117 22 35
3.520093 71 117 22 34
3.522093 71 117 22 34
3.524093 71 117 22 34
3.526093 71 117 22 34
3.528093 70 117 22 34
3.530093 70 117 22 34
3.532093 70 117 22 34
3.534093 70 117 22 34
3.536093 70 117 22 33
3.538093 70 117 22 33
3.540093 70 117 22 33
3.542093 70 117 22 33
3.544093 70 117 22 33
3.546093 70 117 22 33
3.548093 70 117 22 33
3.550093 70 117 22 33
3.552093 69 116 21 33
3.554093 69 116 21 33
3.556093 69 116 21 33
3.558093 69 116 21 33
3.560093 69 116 21 34
3.562093 69 116 21 34
3.564093 69 116 21 34
3.566093 69 116 21 34
3.568093 68 116 21 35
3.570093 68 116 21 35
3.572093 68 116 21 35
3.574093 68 116 21 35
3.576093 68 116 20 36
3.578093 68 116 20 36
3.580093 68 116 20 36
3.582093 68 116 20 36
3.584093 67 116 20 37
3.586093 67 116 20 37
3.588093 67 116 20 37
3.590093 67 116 20 37
3.592093 67 116 20 38
3.594093 67 116 20 38
3.596093 67 116 20 38
3.598093 67 116 20 38
