0.018113 160 52 7 7
0.020113 160 51 7 7
0.022113 160 51 7 7
0.024113 160 51 7 7
0.026113 160 51 7 7
0.028113 160 51 7 7
0.030113 160 51 8 8
0.032113 160 51 8 8
0.034113 160 51 8 8
0.036113 161 50 8 8
0.038113 161 50 8 8
0.040113 161 50 8 8
0.042113 161 50 9 9
0.044113 161 50 9 9
0.046113 161 50 9 9
0.048113 161 50 9 9
0.050113 161 50 9 9
0.052113 162 50 10 10
0.054113 162 50 10 10
0.056113 162 50 10 10
0.058113 163 50 10 10
0.060113 163 50 10 10
0.062113 163 50 10 10
0.064113 163 50 10 10
0.066113 164 50 10 10
0.068113 164 50 10 10
0.070113 164 50 10 10
0.072113 165 50 10 10
0.074113 165 50 10 10
0.076113 165 50 10 10
0.078113 166 50 10 10
0.080113 166 50 10 10
0.082113 166 50 10 10
0.084113 166 50 10 10
0.086113 167 51 10 10
0.088113 167 51 10 10
0.090113 167 51 10 10
0.092113 167 51 10 10
0.094113 167 51 10 10
0.096113 168 51 10 10
0.098113 168 51 10 10
0.100113 168 51 10 10
0.102113 168 51 10 10
0.104113 168 51 10 10
0.106113 168 51 10 10
0.108113 169 51 10 10
0.110113 169 51 10 10
0.112113 169 51 10 10
0.114113 169 51 10 10
0.116113 169 51 10 10
0.118113 170 51 10 10
0.120113 170 51 10 10
0.122113 170 51 10 10
0.124113 170 51 10 10
0.126113 170 51 10 10
0.128113 171 51 10 10
0.130113 171 51 10 10
0.132113 171 51 10 10
0.134113 171 51 10 10
0.136113 172 51 10 10
0.138113 172 51 10 10
0.140113 172 51 10 10
0.142113 172 51 10 10
0.144113 173 51 10 10
0.146113 173 51 10 10
0.148113 173 51 10 10
0.150113 173 51 10 10
0.152113 174 52 10 10
0.154113 174 52 10 10
0.156113 174 52 10 10
0.158113 174 52 10 10
0.160113 175 52 10 10
0.162113 175 52 10 10
0.164113 175 52 10 10
0.166113 175 52 10 10
0.168113 176 52 10 10
0.170113 176 52 10 10
0.172113 176 52 10 10
0.174113 176 52 10 10
0.176113 176 52 10 10
0.178113 177 52 10 10
0.180113 177 52 10 10
0.182113 177 52 10 10
0.184113 177 52 10 10
0.186113 178 53 10 10
0.188113 178 53 10 10
0.190113 178 53 10 10
0.192113 178 53 10 10
0.194113 178 53 10 10
0.196113 179 53 10 10
0.198113 179 53 10 10
0.200113 179 53 10 10
0.202113 179 53 10 10
0.204113 179 53 10 10
0.206113 179 53 10 10
0.208113 180 53 10 10
0.210113 180 53 10 10
0.212113 180 53 10 10
0.214113 180 53 10 10
0.216113 180 53 10 10
0.218113 181 54 10 10
0.220113 181 54 10 10
0.222113 181 54 10 10
0.224113 181 54 10 10
0.226113 181 54 10 10
0.228113 181 54 10 10
0.230113 182 54 10 10
0.232113 182 54 10 10
0.234113 182 54 10 10
0.236113 182 54 10 10
0.238113 182 54 10 10
0.240113 182 54 10 10
0.242113 183 54 10 10
0.244113 183 54 10 10
0.246113 183 54 10 10
0.248113 183 54 10 10
0.250113 183 54 10 10
0.252113 184 55 10 10
0.254113 184 55 10 10
0.256113 184 55 10 10
0.258113 184 55 10 10
0.260113 184 55 10 10
0.262113 184 55 10 10
0.264113 185 56 10 10
0.266113 185 56 10 10
0.268113 185 56 10 10
0.270113 185 56 10 10
0.272113 185 56 10 10
0.274113 186 57 10 10
0.276113 186 57 10 10
0.278113 186 57 10 10
0.280113 186 57 10 10
0.282113 186 57 10 10
0.284113 186 57 10 10
0.286113 187 58 9 9
0.288113 187 58 9 9
0.290113 187 58 9 9
0.292113 188 58 9 9
0.294113 188 59 8 8
0.296113 188 59 8 8
0.298113 189 59 8 8
0.300113 189 59 8 8
0.302113 189 60 7 7
0.304113 189 60 7 7
0.306113 190 60 7 7
0.308113 190 60 7 7
0.310113 190 61 6 6
0.312113 191 61 6 6
0.314113 191 61 6 6
0.316113 191 61 6 6
0.318113 192 62 6 6
0.320113 192 62 6 6
0.322113 192 62 6 6
0.324113 192 62 6 6
0.326113 192 62 6 6
0.328113 192 62 7 7
0.330113 192 62 7 7
0.332113 192 62 7 7
0.334113 192 62 7 7
0.336113 193 62 8 8
0.338113 193 62 8 8
0.340113 193 62 8 8
0.342113 193 62 8 8
0.344113 193 62 9 9
0.346113 193 62 9 9
0.348113 193 62 9 9
0.350113 193 62 9 9
0.352113 194 62 10 10
0.354113 194 62 10 10
0.356113 194 62 10 10
0.358113 194 62 10 10
0.360113 194 62 10 10
0.362113 194 62 10 10
0.364113 194 63 10 10
0.366113 194 63 10 10
0.368113 195 63 10 10
0.370113 195 63 10 10
0.372113 195 63 10 10
0.374113 195 64 10 10
0.376113 195 64 10 10
0.378113 195 64 10 10
0.380113 195 64 10 10
0.382113 195 64 10 10
0.384113 195 64 10 10
0.386113 196 65 10 10
0.388113 196 65 10 10
0.390113 196 65 10 10
0.392113 196 66 10 10
0.394113 196 66 10 10
0.396113 197 66 10 10
0.398113 197 67 10 10
0.400113 197 67 10 10
0.402113 197 67 10 10
0.404113 197 67 10 10
0.406113 197 68 10 10
0.408113 198 68 10 10
0.410113 198 68 10 10
0.412113 198 69 10 10
0.414113 198 69 10 10
0.416113 198 69 10 10
0.418113 199 70 10 10
0.420113 199 70 10 10
0.422113 199 70 10 10
0.424113 199 70 10 10
0.426113 199 70 10 10
0.428113 200 70 10 10
0.430113 200 70 10 10
0.432113 200 70 10 10
0.434113 200 70 10 10
0.436113 201 71 10 10
0.438113 201 71 10 10
0.440113 201 71 10 10
0.442113 201 71 10 10
0.444113 202 71 10 10
0.446113 202 71 10 10
0.448113 202 71 10 10
0.450113 202 71 10 10
0.452113 203 72 10 10
0.454113 203 72 10 10
0.456113 203 72 10 10
0.458113 203 72 10 10
0.460113 203 72 10 10
0.462113 203 72 10 10
0.464113 203 72 10 10
0.466113 203 72 10 10
0.468113 203 72 10 10
0.470113 203 72 10 10
0.472113 203 72 10 10
0.474113 203 72 10 10
0.476113 203 72 10 10
0.478113 203 72 10 10
0.480113 203 72 10 10
0.482113 203 72 10 10
0.484113 203 72 10 10
0.486113 203 73 10 10
0.488113 203 73 10 10
0.490113 203 73 10 10
0.492113 204 74 10 10
0.494113 204 74 10 10
0.496113 204 75 10 10
0.498113 205 75 10 10
0.500113 205 75 10 10
0.502113 205 76 10 10
0.504113 205 76 10 10
0.506113 206 76 10 10
0.508113 206 77 10 10
0.510113 206 77 10 10
0.512113 207 77 10 10
0.514113 207 78 10 10
0.516113 207 78 10 10
0.518113 208 79 10 10
0.520113 208 79 10 10
0.522113 208 79 10 10
0.524113 208 79 10 10
0.526113 208 79 10 10
0.528113 208 79 10 10
0.530113 209 80 10 10
0.532113 209 80 10 10
0.534113 209 80 10 10
0.536113 209 80 10 10
0.538113 209 80 10 10
0.540113 209 80 10 10
0.542113 210 81 10 10
0.544113 210 81 10 10
0.546113 210 81 10 10
0.548113 210 81 10 10
0.550113 210 81 10 10
0.552113 211 82 9 9
0.554113 211 82 9 9
0.556113 211 82 9 9
0.558113 211 83 9 8
0.560113 212 83 8 8
0.562113 212 84 8 8
0.564113 212 84 8 8
0.566113 212 85 8 7
0.568113 213 85 7 7
0.570113 213 85 7 7
0.572113 213 86 7 6
0.574113 213 86 7 6
0.576113 213 87 7 6
0.578113 214 87 6 5
0.580113 214 88 6 5
0.582113 214 88 6 5
0.584113 214 88 6 5
0.586113 215 89 6 5
0.588113 215 89 6 5
0.590113 215 89 6 5
0.592113 215 89 6 6
0.594113 215 89 7 6
0.596113 215 89 7 6
0.598113 215 89 7 7
0.600113 215 89 7 7
0.602113 215 90 8 7
0.604113 215 90 8 7
0.606113 215 90 8 8
0.608113 215 90 8 8
0.610113 215 90 9 8
0.612113 215 90 9 9
0.614113 215 90 9 9
0.616113 215 90 9 9
0.618113 216 91 10 10
0.620113 216 91 10 10
0.622113 216 91 10 10
0.624113 216 91 10 10
0.626113 216 92 10 10
0.628113 216 92 10 10
0.630113 217 92 10 10
0.632113 217 93 10 10
0.634113 217 93 10 10
0.636113 217 93 10 10
0.638113 217 94 10 10
0.640113 217 94 10 10
0.642113 218 94 10 10
0.644113 218 94 10 10
0.646113 218 95 10 10
0.648113 218 95 10 10
0.650113 218 95 10 10
0.652113 219 96 10 10
0.654113 219 96 10 10
0.656113 219 96 10 10
0.658113 219 96 10 10
0.660113 219 97 10 10
0.662113 219 97 10 10
0.664113 219 97 10 10
0.666113 219 97 10 10
0.668113 219 98 10 10
0.670113 219 98 10 10
0.672113 219 98 10 10
0.674113 219 98 10 10
0.676113 219 98 10 10
0.678113 219 99 10 10
0.680113 219 99 10 10
0.682113 219 99 10 10
0.684113 219 99 10 10
0.686113 220 100 10 10
0.688113 220 100 10 10
0.690113 220 100 10 10
0.692113 220 100 10 10
0.694113 220 101 10 10
0.696113 221 101 10 10
0.698113 221 101 10 10
0.700113 221 101 10 10
0.702113 221 102 10 10
0.704113 221 102 10 10
0.706113 221 102 10 10
0.708113 222 102 10 10
0.710113 222 103 10 10
0.712113 222 103 10 10
0.714113 222 103 10 10
0.716113 222 103 10 10
0.718113 223 104 10 10
0.720113 223 104 10 10
0.722113 223 104 10 10
0.724113 223 105 10 10
0.726113 223 105 10 10
0.728113 223 105 10 10
0.730113 224 106 10 10
0.732113 224 106 10 10
0.734113 224 106 10 10
0.736113 224 107 10 10
0.738113 224 107 10 10
0.740113 224 107 10 10
0.742113 225 108 10 10
0.744113 225 108 10 10
0.746113 225 109 10 10
0.748113 225 109 10 10
0.750113 225 109 10 10
0.752113 226 110 10 10
0.754113 226 110 10 10
0.756113 226 110 10 10
0.758113 226 110 10 10
0.760113 226 110 10 10
0.762113 226 110 10 10
0.764113 226 111 10 10
0.766113 226 111 10 10
0.768113 227 111 10 10
0.770113 227 111 10 10
0.772113 227 111 10 10
0.774113 227 112 10 10
0.776113 227 112 10 10
0.778113 227 112 10 10
0.780113 227 112 10 10
0.782113 227 112 10 10
0.784113 227 112 10 10
0.786113 228 113 10 10
0.788113 228 113 10 10
0.790113 228 114 10 10
0.792113 228 114 10 10
0.794113 228 115 10 10
0.796113 229 115 10 10
0.798113 229 116 10 10
0.800113 229 116 10 10
0.802113 229 117 10 10
0.804113 229 117 10 10
0.806113 229 118 10 10
0.808113 230 118 10 10
0.810113 230 119 10 10
0.812113 230 119 10 10
0.814113 230 120 10 10
0.816113 230 120 10 10
0.818113 231 121 10 10
0.820113 231 121 10 10
0.822113 231 121 10 10
0.824113 231 121 10 10
0.826113 231 122 10 10
0.828113 231 122 10 10
0.830113 231 122 10 11
0.832113 231 123 10 11
0.834113 231 123 10 11
0.836113 232 123 10 11
0.838113 232 124 10 11
0.840113 232 124 10 11
0.842113 232 124 10 12
0.844113 232 124 10 12
0.846113 232 125 10 12
0.848113 232 125 10 12
0.850113 232 125 10 12
0.852113 233 126 10 13
0.854113 233 126 10 13
0.856113 233 126 10 13
0.858113 233 127 10 13
0.860113 233 127 10 13
0.862113 233 128 10 13
0.864113 233 128 10 13
0.866113 233 129 10 13
0.868113 233 129 10 13
0.870113 233 129 10 13
0.872113 233 130 10 13
0.874113 233 130 10 13
0.876113 233 131 10 13
0.878113 233 131 10 13
0.880113 233 132 10 13
0.882113 233 132 10 13
0.884113 233 132 10 13
0.886113 233 133 10 12
0.888113 233 133 10 12
0.890113 233 134 10 12
0.892113 233 134 10 12
0.894113 233 134 10 12
0.896113 234 135 10 11
0.898113 234 135 10 11
0.900113 234 136 10 11
0.902113 234 136 10 11
0.904113 234 137 10 11
0.906113 234 137 10 11
0.908113 235 137 10 10
0.910113 235 138 10 10
0.912113 235 138 10 10
0.914113 235 139 10 10
0.916113 235 139 10 10
0.918113 236 140 10 10
0.920113 237 140 10 10
0.922113 238 141 10 10
0.924113 239 142 10 10
0.926113 240 143 10 10
0.928113 241 143 10 10
0.930113 242 144 10 10
0.932113 243 145 10 10
0.934113 244 146 10 10
0.936113 245 147 10 10
0.938113 246 147 10 10
0.940113 247 148 10 10
0.942113 248 149 10 10
0.944113 250 150 10 10
0.946113 251 150 10 10
0.948113 252 151 10 10
0.950113 253 152 10 10
0.952113 253 153 10 10
0.954113 253 153 10 10
0.956113 253 153 10 10
0.958113 252 153 10 10
0.960113 252 153 10 10
0.962113 252 153 10 10
0.964113 252 153 10 10
0.966113 251 153 10 10
0.968113 251 153 11 10
0.970113 251 153 11 10
0.972113 250 153 11 10
0.974113 250 153 11 10
0.976113 250 153 11 10
0.978113 249 153 11 10
0.980113 249 153 11 10
0.982113 249 153 11 10
0.984113 249 153 11 10
0.986113 248 153 11 9
0.988113 248 153 11 9
0.990113 248 153 10 9
0.992113 247 153 10 8
0.994113 247 153 9 8
0.996113 247 154 9 8
0.998113 246 154 8 7
1.000113 246 154 8 7
1.002113 246 154 7 7
1.004113 246 154 7 7
1.006113 245 154 6 6
1.008113 245 155 6 6
1.010113 245 155 5 6
1.012113 244 155 5 5
1.014113 244 155 4 5
1.016113 244 155 4 5
1.018113 244 155 4 5
1.020113 244 155 4 5
1.022113 244 155 4 5
1.024113 244 155 5 5
1.026113 244 154 5 6
1.028113 244 154 5 6
1.030113 244 154 6 6
1.032113 244 153 6 7
1.034113 244 153 6 7
1.036113 244 153 7 7
1.038113 244 152 7 8
1.040113 244 152 7 8
1.042113 244 152 8 8
1.044113 244 152 8 8
1.046113 244 151 9 9
1.048113 244 151 9 9
1.050113 244 151 9 9
1.052113 243 150 9 9
1.054113 243 150 9 9
1.056113 243 150 9 9
1.058113 243 149 8 8
1.060113 243 149 8 8
1.062113 243 148 8 8
1.064113 243 148 8 8
1.066113 243 147 7 7
1.068113 242 147 7 7
1.070113 242 147 7 7
1.072113 242 146 6 6
1.074113 242 146 6 6
1.076113 242 145 6 6
1.078113 242 145 5 5
1.080113 242 144 5 5
1.082113 242 144 5 5
1.084113 242 144 5 5
1.086113 242 143 5 5
1.088113 242 143 5 5
1.090113 242 143 5 5
1.092113 242 142 6 6
1.094113 242 142 6 6
1.096113 242 142 6 6
1.098113 242 141 7 7
1.100113 242 141 7 7
1.102113 242 141 7 7
1.104113 242 141 7 7
1.106113 242 140 8 8
1.108113 242 140 8 8
1.110113 242 140 8 8
1.112113 242 139 9 9
1.114113 242 139 9 9
1.116113 242 139 9 9
1.118113 241 138 10 10
1.120113 241 138 10 10
1.122113 241 138 10 10
1.124113 241 137 10 10
1.126113 241 137 10 10
1.128113 241 137 10 10
1.130113 240 136 10 10
1.132113 240 136 10 10
1.134113 240 136 10 10
1.136113 240 135 10 10
1.138113 240 135 10 10
1.140113 240 135 10 10
1.142113 239 134 10 10
1.144113 239 134 10 10
1.146113 239 133 10 10
1.148113 239 133 10 10
1.150113 239 133 10 10
1.152113 238 132 10 10
1.154113 238 132 10 10
1.156113 238 132 10 10
1.158113 238 131 10 10
1.160113 238 131 10 10
1.162113 238 131 10 10
1.164113 238 131 10 10
1.166113 238 130 10 10
1.168113 238 130 10 10
1.170113 238 130 10 10
1.172113 238 129 10 10
1.174113 238 129 10 10
1.176113 238 129 10 10
1.178113 238 128 10 10
1.180113 238 128 10 10
1.182113 238 128 10 10
1.184113 238 128 10 10
1.186113 238 127 9 9
1.188113 238 127 9 9
1.190113 238 127 9 9
1.192113 238 127 8 8
1.194113 238 127 8 8
1.196113 238 126 7 8
1.198113 238 126 7 7
1.200113 238 126 7 7
1.202113 239 126 6 7
1.204113 239 126 6 7
1.206113 239 126 6 6
1.208113 239 125 5 6
1.210113 239 125 5 6
1.212113 239 125 5 5
1.214113 239 125 4 5
1.216113 239 125 4 5
1.218113 239 124 4 5
1.220113 239 124 4 5
1.222113 239 124 4 5
1.224113 239 123 5 5
1.226113 239 123 5 6
1.228113 239 122 5 6
1.230113 238 122 6 6
1.232113 238 122 6 7
1.234113 238 121 6 7
1.236113 238 121 7 7
1.238113 238 120 7 8
1.240113 238 120 7 8
1.242113 237 119 8 8
1.244113 237 119 8 8
1.246113 237 119 9 9
1.248113 237 118 9 9
1.250113 237 118 9 9
1.252113 237 117 10 10
1.254113 237 117 10 10
1.256113 237 117 10 10
1.258113 237 116 10 10
1.260113 237 116 10 10
1.262113 237 116 10 10
1.264113 237 116 10 10
1.266113 237 115 10 10
1.268113 237 115 10 10
1.270113 237 115 10 10
1.272113 237 114 10 10
1.274113 237 114 10 10
1.276113 237 114 10 10
1.278113 237 113 10 10
1.280113 237 113 10 10
1.282113 237 113 10 10
1.284113 237 113 10 10
1.286113 236 112 10 10
1.288113 236 112 10 10
1.290113 236 112 10 10
1.292113 236 111 10 10
1.294113 236 111 10 10
1.296113 236 110 10 10
1.298113 236 110 10 10
1.300113 236 110 10 10
1.302113 236 109 10 10
1.304113 236 109 10 10
1.306113 236 109 10 10
1.308113 236 108 10 10
1.310113 236 108 10 10
1.312113 236 108 10 10
1.314113 236 107 10 10
1.316113 236 107 10 10
1.318113 236 106 10 10
1.320113 236 106 10 10
1.322113 236 106 10 10
1.324113 236 106 10 10
1.326113 236 106 10 10
1.328113 236 106 10 10
1.330113 236 106 10 10
1.332113 236 106 10 10
1.334113 236 106 10 10
1.336113 236 105 10 10
1.338113 236 105 10 10
1.340113 236 105 10 10
1.342113 236 105 10 10
1.344113 236 105 10 10
1.346113 236 105 10 10
1.348113 236 105 10 10
1.350113 236 105 10 10
1.352113 235 104 10 10
1.354113 235 104 10 10
1.356113 235 104 10 10
1.358113 235 104 10 10
1.360113 235 103 10 10
1.362113 235 103 10 10
1.364113 235 103 10 10
1.366113 235 103 10 10
1.368113 234 102 10 10
1.370113 234 102 10 10
1.372113 234 102 10 10
1.374113 234 102 10 10
1.376113 234 102 10 10
1.378113 234 101 10 10
1.380113 234 101 10 10
1.382113 234 101 10 10
1.384113 234 101 10 10
1.386113 234 100 10 10
1.388113 234 100 10 10
1.390113 234 100 10 10
1.392113 234 100 10 10
1.394113 234 100 10 10
1.396113 234 99 10 10
1.398113 234 99 10 10
1.400113 234 99 10 10
1.402113 234 99 10 10
1.404113 234 99 10 10
1.406113 234 99 10 10
1.408113 234 98 10 10
1.410113 234 98 10 10
1.412113 234 98 10 10
1.414113 234 98 10 10
1.416113 234 98 10 10
1.418113 235 98 9 9
1.420113 235 98 9 9
1.422113 235 98 9 9
1.424113 235 98 9 9
1.426113 235 98 8 8
1.428113 235 98 8 8
1.430113 235 98 8 8
1.432113 235 98 7 7
1.434113 235 98 7 7
1.436113 235 98 7 7
1.438113 235 98 6 6
1.440113 235 98 6 6
1.442113 235 98 6 6
1.444113 235 98 6 6
1.446113 235 98 5 5
1.448113 235 98 5 5
1.450113 235 98 5 5
1.452113 235 97 5 5
1.454113 235 97 5 5
1.456113 235 97 5 5
1.458113 235 97 6 6
1.460113 235 96 6 6
1.462113 235 96 6 6
1.464113 235 96 6 6
1.466113 235 96 7 7
1.468113 235 95 7 7
1.470113 235 95 7 7
1.472113 235 95 8 8
1.474113 235 95 8 8
1.476113 235 95 8 8
1.478113 235 94 9 9
1.480113 235 94 9 9
1.482113 235 94 9 9
1.484113 235 94 9 9
1.486113 234 93 10 10
1.488113 234 93 10 10
1.490113 234 93 10 10
1.492113 234 93 10 10
1.494113 234 93 10 10
1.496113 234 93 10 10
1.498113 234 93 10 10
1.500113 234 93 10 10
1.502113 234 93 10 10
1.504113 234 93 10 10
1.506113 234 93 10 10
1.508113 234 93 10 10
1.510113 234 93 10 10
1.512113 234 93 10 10
1.514113 234 93 10 10
1.516113 234 93 10 10
1.518113 233 92 10 10
1.520113 233 92 10 10
1.522113 233 92 10 10
1.524113 233 92 10 10
1.526113 233 92 10 10
1.528113 233 91 10 10
1.530113 233 91 10 10
1.532113 233 91 10 10
1.534113 233 91 10 10
1.536113 233 90 10 10
1.538113 233 90 10 10
1.540113 233 90 10 10
1.542113 233 90 10 10
1.544113 233 89 10 10
1.546113 233 89 10 10
1.548113 233 89 10 10
1.550113 233 89 10 10
1.552113 232 88 10 10
1.554113 232 88 10 10
1.556113 232 88 10 10
1.558113 232 88 10 10
1.560113 232 88 10 10
1.562113 232 88 10 10
1.564113 232 87 10 10
1.566113 232 87 10 10
1.568113 232 87 10 10
1.570113 232 87 10 10
1.572113 232 87 10 10
1.574113 232 86 10 10
1.576113 232 86 10 10
1.578113 232 86 10 10
1.580113 232 86 10 10
1.582113 232 86 10 10
1.584113 232 86 10 10
1.586113 231 85 10 10
1.588113 231 85 10 10
1.590113 231 85 10 10
1.592113 231 85 10 10
1.594113 231 85 10 10
1.596113 231 85 10 10
1.598113 231 85 10 10
1.600113 231 85 10 10
1.602113 230 85 10 10
1.604113 230 85 10 10
1.606113 230 85 10 10
1.608113 230 85 10 10
1.610113 230 85 10 10
1.612113 230 85 10 10
1.614113 230 85 10 10
1.616113 230 85 10 10
1.618113 230 84 9 9
1.620113 230 84 9 9
1.622113 230 84 9 9
1.624113 230 84 9 9
1.626113 230 84 9 9
1.628113 230 84 8 8
1.630113 230 84 8 8
1.632113 230 84 8 8
1.634113 230 84 8 8
1.636113 230 84 7 7
1.638113 230 84 7 7
1.640113 230 84 7 7
1.642113 230 84 7 7
1.644113 230 84 6 6
1.646113 230 84 6 6
1.648113 230 84 6 6
1.650113 230 84 6 6
1.652113 230 83 6 6
1.654113 230 83 6 6
1.656113 230 83 6 6
1.658113 230 83 6 6
1.660113 230 83 7 7
1.662113 230 83 7 7
1.664113 230 83 7 7
1.666113 230 83 7 7
1.668113 230 83 8 8
1.670113 230 83 8 8
1.672113 230 83 8 8
1.674113 230 83 8 8
1.676113 230 83 8 8
1.678113 230 83 9 9
1.680113 230 83 9 9
1.682113 230 83 9 9
1.684113 230 83 9 9
1.686113 230 83 10 10
1.688113 230 83 10 10
1.690113 230 83 10 10
1.692113 230 83 10 10
1.694113 230 83 10 10
1.696113 230 83 10 10
1.698113 230 83 10 10
1.700113 230 83 10 10
1.702113 230 83 10 10
1.704113 230 83 10 10
1.706113 230 83 10 10
1.708113 230 83 10 10
1.710113 230 83 10 10
1.712113 230 83 10 10
1.714113 230 83 10 10
1.716113 230 83 10 10
1.718113 230 82 10 10
1.720113 230 82 10 10
1.722113 230 82 10 10
1.724113 230 82 10 10
1.726113 230 82 10 10
1.728113 230 82 10 10
1.730113 230 82 10 10
1.732113 230 82 10 10
1.734113 230 82 10 10
1.736113 230 81 10 10
1.738113 230 81 10 10
1.740113 230 81 10 10
1.742113 230 81 10 10
1.744113 230 81 10 10
1.746113 230 81 10 10
1.748113 230 81 10 10
1.750113 230 81 10 10
1.752113 230 81 10 10
1.754113 230 81 10 10
1.756113 230 81 10 10
1.758113 230 81 10 10
1.760113 230 81 10 10
1.762113 230 81 10 10
1.764113 230 81 10 10
1.766113 230 81 10 10
1.768113 230 81 10 10
1.770113 230 81 10 10
1.772113 230 81 10 10
1.774113 230 81 10 10
1.776113 230 81 10 10
1.778113 230 81 10 10
1.780113 230 81 10 10
1.782113 230 81 10 10
1.784113 230 81 10 10
1.786113 229 81 10 10
1.788113 229 81 10 10
1.790113 229 81 10 10
1.792113 229 81 10 10
1.794113 229 81 10 10
1.796113 229 81 10 10
1.798113 229 81 10 10
1.800113 229 81 10 10
1.802113 228 81 10 10
1.804113 228 81 10 10
1.806113 228 81 10 10
1.808113 228 81 10 10
1.810113 228 81 10 10
1.812113 228 81 10 10
1.814113 228 81 10 10
1.816113 228 81 10 10
1.818113 227 80 10 10
1.820113 227 80 10 10
1.822113 227 80 10 10
1.824113 227 80 10 10
1.826113 227 80 10 10
1.828113 227 80 10 10
1.830113 227 80 10 10
1.832113 227 80 10 10
1.834113 227 80 10 10
1.836113 226 80 10 10
1.838113 226 80 10 10
1.840113 226 80 10 10
1.842113 226 80 10 10
1.844113 226 80 10 10
1.846113 226 80 10 10
1.848113 226 80 10 10
1.850113 226 80 10 10
1.852113 226 80 10 10
1.854113 226 80 10 10
1.856113 226 80 10 10
1.858113 226 80 10 10
1.860113 226 80 10 10
1.862113 226 80 10 10
1.864113 226 80 10 10
1.866113 226 80 10 10
1.868113 226 80 10 10
1.870113 226 80 10 10
1.872113 226 80 10 10
1.874113 226 80 10 10
1.876113 226 80 10 10
1.878113 226 80 10 10
1.880113 226 80 10 10
1.882113 226 80 10 10
1.884113 226 80 10 10
1.886113 225 81 10 10
1.888113 225 81 10 10
1.890113 225 81 10 10
1.892113 225 81 10 10
1.894113 225 81 10 10
1.896113 225 81 10 10
1.898113 225 81 10 10
1.900113 225 81 10 10
1.902113 225 81 10 10
1.904113 225 81 10 10
1.906113 225 81 10 10
1.908113 225 81 10 10
1.910113 225 81 10 10
1.912113 225 81 10 10
1.914113 225 81 10 10
1.916113 225 81 10 10
1.918113 224 81 10 10
1.920113 224 81 10 10
1.922113 224 81 10 10
1.924113 224 81 10 10
1.926113 224 81 10 10
1.928113 224 81 10 10
1.930113 224 81 10 10
1.932113 224 81 10 10
1.934113 224 81 10 10
1.936113 223 81 10 10
1.938113 223 81 10 10
1.940113 223 81 10 10
1.942113 223 81 10 10
1.944113 223 81 10 10
1.946113 223 81 10 10
1.948113 223 81 10 10
1.950113 223 81 10 10
1.952113 223 82 10 10
1.954113 223 82 10 10
1.956113 223 82 10 10
1.958113 223 82 10 10
1.960113 223 82 10 10
1.962113 223 82 10 10
1.964113 223 83 10 10
1.966113 223 83 10 10
1.968113 223 83 10 10
1.970113 223 83 10 10
1.972113 223 83 10 10
1.974113 223 84 10 10
1.976113 223 84 10 10
1.978113 223 84 10 10
1.980113 223 84 10 10
1.982113 223 84 10 10
1.984113 223 84 10 10
1.986113 223 85 10 10
1.988113 223 85 10 10
1.990113 223 85 10 10
1.992113 223 85 10 10
1.994113 223 85 10 10
1.996113 223 85 10 10
1.998113 223 85 10 10
2.000113 223 85 10 10
2.002113 224 85 10 10
2.004113 224 85 10 10
2.006113 224 85 10 10
2.008113 224 85 10 10
2.010113 224 85 10 10
2.012113 224 85 10 10
2.014113 224 85 10 10
2.016113 224 85 10 10
2.018113 224 86 10 10
2.020113 224 86 10 10
2.022113 224 86 10 10
2.024113 224 86 10 10
2.026113 224 86 10 10
2.028113 224 86 10 10
2.030113 224 86 10 10
2.032113 224 86 10 10
2.034113 224 86 10 10
2.036113 223 86 10 10
2.038113 223 86 10 10
2.040113 223 86 10 10
2.042113 223 86 10 10
2.044113 223 86 10 10
2.046113 223 86 10 10
2.048113 223 86 10 10
2.050113 223 86 10 10
2.052113 223 87 10 10
2.054113 223 87 10 10
2.056113 223 87 10 10
2.058113 223 87 10 10
2.060113 223 87 10 10
2.062113 223 87 10 10
2.064113 223 87 10 10
2.066113 223 87 10 10
2.068113 223 88 10 10
2.070113 223 88 10 10
2.072113 223 88 10 10
2.074113 223 88 10 10
2.076113 223 88 10 10
2.078113 223 88 10 10
2.080113 223 88 10 10
2.082113 223 88 10 10
2.084113 223 88 10 10
2.086113 222 89 10 10
2.088113 222 89 10 10
2.090113 222 89 10 10
2.092113 222 89 10 10
2.094113 222 89 10 10
2.096113 222 90 10 10
2.098113 222 90 10 10
2.100113 222 90 10 10
2.102113 222 90 10 10
2.104113 222 90 10 10
2.106113 222 90 10 10
2.108113 222 91 10 10
2.110113 222 91 10 10
2.112113 222 91 10 10
2.114113 222 91 10 10
2.116113 222 91 10 10
2.118113 222 92 9 9
2.120113 222 92 9 9
2.122113 222 92 9 9
2.124113 222 92 9 9
2.126113 222 93 8 8
2.128113 222 93 8 8
2.130113 222 93 8 8
2.132113 222 94 7 7
2.134113 222 94 7 7
2.136113 223 94 7 7
2.138113 223 95 6 6
2.140113 223 95 6 6
2.142113 223 95 6 6
2.144113 223 95 6 6
2.146113 223 96 5 5
2.148113 223 96 5 5
2.150113 223 96 5 5
2.152113 223 97 5 5
2.154113 223 97 5 5
2.156113 223 97 5 5
2.158113 222 97 6 6
2.160113 222 97 6 6
2.162113 222 97 6 6
2.164113 222 97 6 6
2.166113 221 97 7 7
2.168113 221 97 7 7
2.170113 221 97 7 7
2.172113 220 97 8 8
2.174113 220 97 8 8
2.176113 220 97 8 8
2.178113 219 97 9 9
2.180113 219 97 9 9
2.182113 219 97 9 9
2.184113 219 97 9 9
2.186113 219 97 10 10
2.188113 219 97 10 10
2.190113 219 97 10 10
2.192113 219 97 10 10
2.194113 219 97 10 10
2.196113 219 98 10 10
2.198113 219 98 10 10
2.200113 219 98 10 10
2.202113 219 98 10 10
2.204113 219 98 10 10
2.206113 219 98 10 10
2.208113 219 99 10 10
2.210113 219 99 10 10
2.212113 219 99 10 10
2.214113 219 99 10 10
2.216113 219 99 10 10
2.218113 219 100 10 10
2.220113 219 100 10 10
2.222113 219 100 10 10
2.224113 219 100 10 10
2.226113 219 100 10 10
2.228113 219 101 10 10
2.230113 219 101 10 10
2.232113 219 101 10 10
2.234113 219 101 10 10
2.236113 219 102 10 10
2.238113 219 102 10 10
2.240113 219 102 10 10
2.242113 219 102 10 10
2.244113 219 103 10 10
2.246113 219 103 10 10
2.248113 219 103 10 10
2.250113 219 103 10 10
2.252113 219 104 10 10
2.254113 219 104 10 10
2.256113 219 104 10 10
2.258113 219 105 10 10
2.260113 219 105 10 10
2.262113 219 105 10 10
2.264113 219 105 10 10
2.266113 219 106 10 10
2.268113 219 106 10 10
2.270113 219 106 10 10
2.272113 219 107 10 10
2.274113 219 107 10 10
2.276113 219 107 10 10
2.278113 219 108 10 10
2.280113 219 108 10 10
2.282113 219 108 10 10
2.284113 219 108 10 10
2.286113 220 109 9 9
2.288113 220 109 9 9
2.290113 220 109 9 9
2.292113 220 110 9 9
2.294113 220 110 8 8
2.296113 220 111 8 8
2.298113 220 111 8 8
2.300113 220 111 8 8
2.302113 220 112 7 7
2.304113 220 112 7 7
2.306113 220 112 7 7
2.308113 220 113 7 7
2.310113 220 113 6 6
2.312113 220 113 6 6
2.314113 220 114 6 6
2.316113 220 114 6 6
2.318113 219 115 6 6
2.320113 219 115 6 6
2.322113 219 115 6 6
2.324113 219 115 6 6
2.326113 219 115 6 6
2.328113 219 115 7 7
2.330113 219 116 7 7
2.332113 219 116 7 7
2.334113 219 116 7 7
2.336113 218 116 8 8
2.338113 218 116 8 8
2.340113 218 116 8 8
2.342113 218 117 8 8
2.344113 218 117 9 9
2.346113 218 117 9 9
2.348113 218 117 9 9
2.350113 218 117 9 9
2.352113 217 118 10 10
2.354113 217 118 10 10
2.356113 217 118 10 10
2.358113 217 119 10 10
2.360113 217 119 10 10
2.362113 217 119 10 10
2.364113 217 120 10 10
2.366113 217 120 10 10
2.368113 217 121 10 10
2.370113 217 121 10 10
2.372113 217 121 10 10
2.374113 217 122 10 10
2.376113 217 122 10 10
2.378113 217 122 10 10
2.380113 217 123 10 10
2.382113 217 123 10 10
2.384113 217 123 10 10
2.386113 217 124 9 10
2.388113 217 124 9 10
2.390113 217 124 9 10
2.392113 217 124 9 10
2.394113 217 124 9 10
2.396113 217 124 8 11
2.398113 217 124 8 11
2.400113 217 124 8 11
2.402113 217 124 8 11
2.404113 217 124 8 11
2.406113 217 124 8 11
2.408113 217 124 7 12
2.410113 217 124 7 12
2.412113 217 124 7 12
2.414113 217 124 7 12
2.416113 217 124 7 12
2.418113 216 124 7 12
2.420113 216 124 7 12
2.422113 216 124 7 12
2.424113 216 125 7 12
2.426113 216 125 7 12
2.428113 216 126 7 12
2.430113 216 126 8 11
2.432113 216 127 8 11
2.434113 216 127 8 11
2.436113 215 128 8 11
2.438113 215 128 8 11
2.440113 215 129 8 11
2.442113 215 129 9 10
2.444113 215 130 9 10
2.446113 215 130 9 10
2.448113 215 131 9 10
2.450113 215 131 9 10
2.452113 215 132 9 9
2.454113 215 132 9 9
2.456113 215 133 9 9
2.458113 215 133 8 8
2.460113 215 134 8 8
2.462113 215 134 8 8
2.464113 215 135 8 8
2.466113 215 135 7 7
2.468113 216 136 7 7
2.470113 216 137 7 7
2.472113 216 137 6 6
2.474113 216 138 6 6
2.476113 216 138 6 6
2.478113 216 139 5 5
2.480113 216 139 5 5
2.482113 216 140 5 5
2.484113 216 140 5 5
2.486113 216 141 5 5
2.488113 216 141 5 5
2.490113 216 141 5 5
2.492113 216 141 5 5
2.494113 216 142 5 5
2.496113 216 142 5 5
2.498113 216 142 5 5
2.500113 216 142 5 5
2.502113 216 143 5 5
2.504113 216 143 5 5
2.506113 216 143 5 5
2.508113 216 143 5 5
2.510113 216 144 5 5
2.512113 216 144 5 5
2.514113 216 144 5 5
2.516113 216 144 5 5
2.518113 215 144 5 5
2.520113 215 144 5 5
2.522113 215 143 5 5
2.524113 215 143 5 5
2.526113 215 142 6 6
2.528113 215 141 6 6
2.530113 215 141 6 6
2.532113 215 140 7 7
2.534113 215 139 7 7
2.536113 215 139 7 7
2.538113 215 138 8 8
2.540113 215 137 8 8
2.542113 215 137 8 8
2.544113 215 136 8 8
2.546113 215 135 9 9
2.548113 215 135 9 9
2.550113 215 134 9 9
2.552113 214 133 10 10
2.554113 214 133 10 10
2.556113 214 133 10 10
2.558113 214 132 10 10
2.560113 214 132 10 10
2.562113 214 132 10 10
2.564113 214 132 10 10
2.566113 214 131 10 10
2.568113 214 131 10 10
2.570113 214 131 10 10
2.572113 214 130 10 10
2.574113 214 130 10 10
2.576113 214 130 10 10
2.578113 214 129 10 10
2.580113 214 129 10 10
2.582113 214 129 10 10
2.584113 214 129 10 10
2.586113 214 128 10 10
2.588113 214 128 10 10
2.590113 214 127 10 10
2.592113 214 127 10 10
2.594113 214 127 10 10
2.596113 214 126 10 10
2.598113 214 126 10 10
2.600113 214 125 10 10
2.602113 214 125 10 10
2.604113 214 124 10 10
2.606113 214 124 10 10
2.608113 214 124 10 10
2.610113 214 123 10 10
2.612113 214 123 10 10
2.614113 214 122 10 10
2.616113 214 122 10 10
2.618113 214 121 9 9
2.620113 214 121 9 9
2.622113 214 121 9 9
2.624113 214 121 9 9
2.626113 214 120 9 8
2.628113 214 120 8 8
2.630113 214 120 8 8
2.632113 214 119 8 7
2.634113 214 119 8 7
2.636113 215 119 7 7
2.638113 215 118 7 6
2.640113 215 118 7 6
2.642113 215 118 7 6
2.644113 215 118 6 6
2.646113 215 117 6 5
2.648113 215 117 6 5
2.650113 215 117 6 5
2.652113 215 116 6 5
2.654113 215 116 6 5
2.656113 215 115 6 5
2.658113 215 115 6 6
2.660113 215 114 7 6
2.662113 215 114 7 6
2.664113 215 113 7 6
2.666113 215 113 7 7
2.668113 215 112 8 7
2.670113 215 112 8 7
2.672113 215 112 8 8
2.674113 215 111 8 8
2.676113 215 111 8 8
2.678113 215 110 9 9
2.680113 215 110 9 9
2.682113 215 109 9 9
2.684113 215 109 9 9
2.686113 215 108 10 10
2.688113 215 108 10 10
2.690113 215 108 10 10
2.692113 215 107 10 10
2.694113 215 107 10 10
2.696113 215 106 10 10
2.698113 215 106 10 10
2.700113 215 106 10 10
2.702113 215 105 10 10
2.704113 215 105 10 10
2.706113 215 105 10 10
2.708113 215 104 10 10
2.710113 215 104 10 10
2.712113 215 104 10 10
2.714113 215 103 10 10
2.716113 215 103 10 10
2.718113 215 102 10 10
2.720113 215 102 10 10
2.722113 215 102 10 10
2.724113 215 102 10 10
2.726113 215 101 10 10
2.728113 215 101 10 10
2.730113 215 101 10 10
2.732113 215 100 10 10
2.734113 215 100 10 10
2.736113 215 100 10 10
2.738113 215 99 10 10
2.740113 215 99 10 10
2.742113 215 99 10 10
2.744113 215 99 10 10
2.746113 215 98 10 10
2.748113 215 98 10 10
2.750113 215 98 10 10
2.752113 215 97 10 10
2.754113 215 97 10 10
2.756113 215 97 10 10
2.758113 215 96 10 10
2.760113 215 96 10 10
2.762113 215 96 10 10
2.764113 215 96 10 10
2.766113 215 95 10 10
2.768113 215 95 10 10
2.770113 215 95 10 10
2.772113 215 94 10 10
2.774113 215 94 10 10
2.776113 215 94 10 10
2.778113 215 93 10 10
2.780113 215 93 10 10
2.782113 215 93 10 10
2.784113 215 93 10 10
2.786113 215 92 9 9
2.788113 215 92 9 9
2.790113 215 92 9 9
2.792113 215 92 8 8
2.794113 215 92 8 8
2.796113 215 92 8 7
2.798113 215 92 7 7
2.800113 215 92 7 7
2.802113 216 91 7 6
2.804113 216 91 7 6
2.806113 216 91 6 6
2.808113 216 91 6 5
2.810113 216 91 6 5
2.812113 216 91 5 5
2.814113 216 91 5 4
2.816113 216 91 5 4
2.818113 216 90 5 4
2.820113 216 90 5 4
2.822113 216 90 5 4
2.824113 216 89 5 5
2.826113 216 89 6 5
2.828113 216 88 6 5
2.830113 216 88 6 6
2.832113 216 87 7 6
2.834113 216 87 7 6
2.836113 215 86 7 7
2.838113 215 86 8 7
2.840113 215 85 8 7
2.842113 215 85 8 8
2.844113 215 84 8 8
2.846113 215 84 9 9
2.848113 215 83 9 9
2.850113 215 83 9 9
2.852113 215 82 10 10
2.854113 215 82 10 10
2.856113 215 82 10 10
2.858113 215 82 10 10
2.860113 215 82 10 10
2.862113 215 82 10 10
2.864113 215 81 10 10
2.866113 215 81 10 10
2.868113 215 81 10 10
2.870113 215 81 10 10
2.872113 215 81 10 10
2.874113 215 80 10 10
2.876113 215 80 10 10
2.878113 215 80 10 10
2.880113 215 80 10 10
2.882113 215 80 10 10
2.884113 215 80 10 10
2.886113 215 79 10 10
2.888113 215 79 10 10
2.890113 215 79 10 10
2.892113 215 78 10 10
2.894113 215 78 10 10
2.896113 215 78 10 10
2.898113 215 77 10 10
2.900113 215 77 10 10
2.902113 215 77 10 10
2.904113 215 77 10 10
2.906113 215 76 10 10
2.908113 215 76 10 10
2.910113 215 76 10 10
2.912113 215 75 10 10
2.914113 215 75 10 10
2.916113 215 75 10 10
2.918113 216 74 10 10
2.920113 216 74 10 10
2.922113 216 74 10 10
2.924113 216 74 10 10
2.926113 216 74 10 10
2.928113 216 74 10 10
2.930113 216 73 10 10
2.932113 216 73 10 10
2.934113 216 73 10 10
2.936113 216 73 10 10
2.938113 216 73 10 10
2.940113 216 73 10 10
2.942113 216 72 10 10
2.944113 216 72 10 10
2.946113 216 72 10 10
2.948113 216 72 10 10
2.950113 216 72 10 10
2.952113 215 71 10 10
2.954113 215 71 10 10
2.956113 215 71 10 10
2.958113 215 71 10 10
2.960113 215 71 10 10
2.962113 215 71 10 10
2.964113 215 71 10 10
2.966113 215 71 10 10
2.968113 215 71 10 10
2.970113 215 71 10 10
2.972113 215 71 10 10
2.974113 215 71 10 10
2.976113 215 71 10 10
2.978113 215 71 10 10
2.980113 215 71 10 10
2.982113 215 71 10 10
2.984113 215 71 10 10
2.986113 215 70 10 10
2.988113 215 70 10 10
2.990113 215 70 10 10
2.992113 215 70 10 10
2.994113 215 69 10 10
2.996113 215 69 10 10
2.998113 215 69 10 10
3.000113 215 69 10 10
3.002113 215 68 10 10
3.004113 215 68 10 10
3.006113 215 68 10 10
3.008113 215 68 10 10
3.010113 215 67 10 10
3.012113 215 67 10 10
3.014113 215 67 10 10
3.016113 215 67 10 10
3.018113 215 66 10 10
3.020113 215 66 10 10
3.022113 215 66 10 10
3.024113 215 66 10 10
3.026113 215 66 10 10
3.028113 215 66 10 10
3.030113 215 66 10 10
3.032113 215 66 10 10
3.034113 215 66 10 10
3.036113 215 66 10 10
3.038113 215 66 10 10
3.040113 215 66 10 10
3.042113 215 66 10 10
3.044113 215 66 10 10
3.046113 215 66 10 10
3.048113 215 66 10 10
3.050113 215 66 10 10
3.052113 215 65 10 10
3.054113 215 65 10 10
3.056113 215 65 10 10
3.058113 215 65 10 10
3.060113 215 65 10 10
3.062113 215 65 10 10
3.064113 215 65 10 10
3.066113 215 65 10 10
3.068113 215 64 10 10
3.070113 215 64 10 10
3.072113 215 64 10 10
3.074113 215 64 10 10
3.076113 215 64 10 10
3.078113 215 64 10 10
3.080113 215 64 10 10
3.082113 215 64 10 10
3.084113 215 64 10 10
3.086113 216 63 10 10
3.088113 216 63 10 10
3.090113 216 63 10 10
3.092113 216 63 10 10
3.094113 216 63 10 10
3.096113 216 63 10 10
3.098113 216 63 10 10
3.100113 216 63 10 10
3.102113 216 62 10 10
3.104113 216 62 10 10
3.106113 216 62 10 10
3.108113 216 62 10 10
3.110113 216 62 10 10
3.112113 216 62 10 10
3.114113 216 62 10 10
3.116113 216 62 10 10
3.118113 216 61 10 10
3.120113 216 61 10 10
3.122113 216 61 10 10
3.124113 216 61 10 10
3.126113 216 61 10 10
3.128113 216 61 10 10
3.130113 216 61 10 10
3.132113 216 61 10 10
3.134113 216 61 10 10
3.136113 216 60 10 10
3.138113 216 60 10 10
3.140113 216 60 10 10
3.142113 216 60 10 10
3.144113 216 60 10 10
3.146113 216 60 10 10
3.148113 216 60 10 10
3.150113 216 60 10 10
3.152113 216 59 10 10
3.154113 216 59 10 10
3.156113 216 59 10 10
3.158113 216 59 10 10
3.160113 216 59 10 10
3.162113 216 59 10 10
3.164113 216 59 10 10
3.166113 216 59 10 10
3.168113 216 59 10 10
3.170113 216 59 10 10
3.172113 216 59 10 10
3.174113 216 59 10 10
3.176113 216 59 10 10
3.178113 216 59 10 10
3.180113 216 59 10 10
3.182113 216 59 10 10
3.184113 216 59 10 10
3.186113 216 58 10 10
3.188113 216 58 10 10
3.190113 216 58 10 10
3.192113 216 58 10 10
3.194113 216 58 10 10
3.196113 216 58 10 10
3.198113 216 58 10 10
3.200113 216 58 10 10
3.202113 216 58 10 10
3.204113 216 58 10 10
3.206113 216 58 10 10
3.208113 216 58 10 10
3.210113 216 58 10 10
3.212113 216 58 10 10
3.214113 216 58 10 10
3.216113 216 58 10 10
3.218113 216 57 10 10
3.220113 216 57 10 10
3.222113 216 57 10 10
3.224113 216 57 10 10
3.226113 216 57 10 10
3.228113 216 57 10 10
3.230113 216 57 10 10
3.232113 216 57 10 10
3.234113 216 57 10 10
3.236113 216 57 10 10
3.238113 216 57 10 10
3.240113 216 57 10 10
3.242113 216 57 10 10
3.244113 216 57 10 10
3.246113 216 57 10 10
3.248113 216 57 10 10
3.250113 216 57 10 10
3.252113 216 57 10 10
3.254113 216 57 10 10
3.256113 216 57 10 10
3.258113 216 57 10 10
3.260113 216 57 10 10
3.262113 216 57 10 10
3.264113 216 57 10 10
3.266113 216 57 10 10
3.268113 216 57 10 10
3.270113 216 57 10 10
3.272113 216 57 10 10
3.274113 216 57 10 10
3.276113 216 57 10 10
3.278113 216 57 10 10
3.280113 216 57 10 10
3.282113 216 57 10 10
3.284113 216 57 10 10
3.286113 216 57 10 10
3.288113 216 57 10 10
3.290113 216 57 10 10
3.292113 216 57 10 10
3.294113 216 57 10 10
3.296113 216 57 10 10
3.298113 216 57 10 10
3.300113 216 57 10 10
3.302113 216 57 10 10
3.304113 216 57 10 10
3.306113 216 57 10 10
3.308113 216 57 10 10
3.310113 216 57 10 10
3.312113 216 57 10 10
3.314113 216 57 10 10
3.316113 216 57 10 10
3.318113 216 57 10 10
3.320113 216 57 10 10
3.322113 216 57 10 10
3.324113 216 57 10 10
3.326113 216 57 10 10
3.328113 216 57 10 10
3.330113 216 57 10 10
3.332113 216 57 10 10
3.334113 216 57 10 10
3.336113 216 57 10 10
3.338113 216 57 10 10
3.340113 216 57 10 10
3.342113 216 57 10 10
3.344113 216 57 10 10
3.346113 216 57 10 10
3.348113 216 57 10 10
3.350113 216 57 10 10
3.352113 216 57 10 10
3.354113 216 57 10 10
3.356113 216 57 10 10
3.358113 216 57 10 10
3.360113 216 57 10 10
3.362113 216 57 10 10
3.364113 216 57 10 10
3.366113 216 57 10 10
3.368113 216 57 10 10
3.370113 216 57 10 10
3.372113 216 57 10 10
3.374113 216 57 10 10
3.376113 216 57 10 10
3.378113 216 57 10 10
3.380113 216 57 10 10
3.382113 216 57 10 10
3.384113 216 57 10 10
3.386113 216 57 10 10
3.388113 216 57 10 10
3.390113 216 57 10 10
3.392113 216 57 10 10
3.394113 216 57 10 10
3.396113 216 57 10 10
3.398113 216 57 10 10
3.400113 216 57 10 10
3.402113 216 57 10 10
3.404113 216 57 10 10
3.406113 216 57 10 10
3.408113 216 57 10 10
3.410113 216 57 10 10
3.412113 216 57 10 10
3.414113 216 57 10 10
3.416113 216 57 10 10
3.418113 216 57 10 10
3.420113 216 57 10 10
3.422113 216 57 10 10
3.424113 216 57 10 10
3.426113 216 57 10 10
3.428113 216 57 10 10
3.430113 216 57 10 10
3.432113 216 57 10 10
3.434113 216 57 10 10
3.436113 216 58 10 10
3.438113 216 58 10 10
3.440113 216 58 10 10
3.442113 216 58 10 10
3.444113 216 58 10 10
3.446113 216 58 10 10
3.448113 216 58 10 10
3.450113 216 58 10 10
3.452113 216 59 10 10
3.454113 216 59 10 10
3.456113 216 59 10 10
3.458113 216 59 10 10
3.460113 216 59 10 10
3.462113 216 59 10 10
3.464113 216 59 10 10
3.466113 216 59 10 10
3.468113 216 59 10 10
3.470113 216 59 10 10
3.472113 216 59 10 10
3.474113 216 59 10 10
3.476113 216 59 10 10
3.478113 216 59 10 10
3.480113 216 59 10 10
3.482113 216 59 10 10
3.484113 216 59 10 10
3.486113 217 60 10 10
3.488113 217 60 10 10
3.490113 217 60 10 10
3.492113 217 60 10 10
3.494113 217 60 10 10
3.496113 217 60 10 10
3.498113 217 60 10 10
3.500113 217 60 10 10
3.502113 217 60 10 10
3.504113 217 60 10 10
3.506113 217 60 10 10
3.508113 217 60 10 10
3.510113 217 60 10 10
3.512113 217 60 10 10
3.514113 217 60 10 10
3.516113 217 60 10 10
3.518113 217 61 10 10
3.520113 217 61 10 10
3.522113 217 61 10 10
3.524113 217 61 10 10
3.526113 217 61 10 10
3.528113 217 61 10 10
3.530113 217 61 10 10
3.532113 217 61 10 10
3.534113 217 61 10 10
3.536113 217 61 10 10
3.538113 217 61 10 10
3.540113 217 61 10 10
3.542113 217 61 10 10
3.544113 217 61 10 10
3.546113 217 61 10 10
3.548113 217 61 10 10
3.550113 217 61 10 10
3.552113 217 62 10 10
3.554113 217 62 10 10
3.556113 217 62 10 10
3.558113 217 62 10 10
3.560113 217 62 10 10
3.562113 217 62 10 10
3.564113 217 62 10 10
3.566113 217 62 10 10
3.568113 217 63 10 10
3.570113 217 63 10 10
3.572113 217 63 10 10
3.574113 217 63 10 10
3.576113 217 63 10 10
3.578113 217 63 10 10
3.580113 217 63 10 10
3.582113 217 63 10 10
3.584113 217 63 10 10
3.586113 218 64 10 10
3.588113 218 64 10 10
3.590113 218 64 10 10
3.592113 218 64 10 10
3.594113 218 64 10 10
3.596113 218 64 10 10
3.598113 218 64 10 10
3.600113 218 64 10 10
3.602113 218 65 10 10
3.604113 218 65 10 10
3.606113 218 65 10 10
3.608113 218 65 10 10
3.610113 218 65 10 10
3.612113 218 65 10 10
3.614113 218 65 10 10
3.616113 218 65 10 10
3.618113 217 66 10 10
3.620113 217 66 10 10
3.622113 217 66 10 10
3.624113 217 66 10 10
3.626113 217 66 10 10
3.628113 217 66 10 10
3.630113 217 66 10 10
3.632113 217 66 10 10
3.634113 217 66 10 10
3.636113 217 67 10 10
3.638113 217 67 10 10
3.640113 217 67 10 10
3.642113 217 67 10 10
3.644113 217 67 10 10
3.646113 217 67 10 10
3.648113 217 67 10 10
3.650113 217 67 10 10
3.652113 217 68 10 10
3.654113 217 68 10 10
3.656113 217 68 10 10
3.658113 217 68 10 10
3.660113 217 68 10 10
3.662113 217 68 10 10
3.664113 217 69 10 10
3.666113 217 69 10 10
3.668113 217 69 10 10
3.670113 217 69 10 10
3.672113 217 69 10 10
3.674113 217 70 10 10
3.676113 217 70 10 10
3.678113 217 70 10 10
3.680113 217 70 10 10
3.682113 217 70 10 10
3.684113 217 70 10 10
3.686113 217 71 10 10
3.688113 217 71 10 10
3.690113 217 71 10 10
3.692113 217 71 10 10
3.694113 217 71 10 10
3.696113 217 71 10 10
3.698113 217 71 10 10
3.700113 217 71 10 10
3.702113 217 71 10 10
3.704113 217 71 10 10
3.706113 217 71 10 10
3.708113 217 71 10 10
3.710113 217 71 10 10
3.712113 217 71 10 10
3.714113 217 71 10 10
3.716113 217 71 10 10
3.718113 217 71 10 10
3.720113 217 71 10 10
3.722113 217 71 10 10
3.724113 217 71 10 10
3.726113 217 71 10 10
3.728113 217 71 10 10
3.730113 217 71 10 10
3.732113 217 71 10 10
3.734113 217 71 10 10
3.736113 217 72 10 10
3.738113 217 72 10 10
3.740113 217 72 10 10
3.742113 217 72 10 10
3.744113 217 72 10 10
3.746113 217 72 10 10
3.748113 217 72 10 10
3.750113 217 72 10 10
3.752113 217 73 10 10
3.754113 217 73 10 10
3.756113 217 73 10 10
3.758113 217 74 10 10
3.760113 217 74 10 10
3.762113 217 74 10 10
3.764113 217 74 10 10
3.766113 217 75 10 10
3.768113 217 75 10 10
3.770113 217 75 10 10
3.772113 217 76 10 10
3.774113 217 76 10 10
3.776113 217 76 10 10
3.778113 217 77 10 10
3.780113 217 77 10 10
3.782113 217 77 10 10
3.784113 217 77 10 10
3.786113 217 78 10 10
3.788113 217 78 10 10
3.790113 217 78 10 10
3.792113 217 78 10 10
3.794113 217 79 10 10
3.796113 217 79 10 10
3.798113 217 79 10 10
3.800113 217 79 10 10
3.802113 217 80 10 10
3.804113 217 80 10 10
3.806113 217 80 10 10
3.808113 217 80 10 10
3.810113 217 81 10 10
3.812113 217 81 10 10
3.814113 217 81 10 10
3.816113 217 81 10 10
3.818113 217 82 10 10
3.820113 217 82 10 10
3.822113 217 82 10 10
3.824113 217 82 10 10
3.826113 217 82 10 10
3.828113 217 83 10 10
3.830113 217 83 10 10
3.832113 217 83 10 10
3.834113 217 83 10 10
3.836113 217 84 10 10
3.838113 217 84 10 10
3.840113 217 84 10 10
3.842113 217 84 10 10
3.844113 217 85 10 10
3.846113 217 85 10 10
3.848113 217 85 10 10
3.850113 217 85 10 10
3.852113 218 86 10 10
3.854113 218 86 10 10
3.856113 218 86 10 10
3.858113 218 87 10 10
3.860113 218 87 10 10
3.862113 218 87 10 10
3.864113 218 88 10 10
3.866113 218 88 10 10
3.868113 218 89 10 10
3.870113 218 89 10 10
3.872113 218 89 10 10
3.874113 218 90 10 10
3.876113 218 90 10 10
3.878113 218 90 10 10
3.880113 218 91 10 10
3.882113 218 91 10 10
3.884113 218 91 10 10
3.886113 218 92 10 10
3.888113 218 92 10 10
3.890113 218 92 10 10
3.892113 218 92 10 10
3.894113 218 92 10 10
3.896113 218 93 10 10
3.898113 218 93 10 10
3.900113 218 93 10 10
3.902113 218 93 10 10
3.904113 218 93 10 10
3.906113 218 93 10 10
3.908113 218 94 10 10
3.910113 218 94 10 10
3.912113 218 94 10 10
3.914113 218 94 10 10
3.916113 218 94 10 10
3.918113 217 95 10 10
3.920113 217 95 10 10
3.922113 217 95 10 10
3.924113 217 95 10 10
3.926113 217 95 10 10
3.928113 217 96 10 10
3.930113 217 96 10 10
3.932113 217 96 10 10
3.934113 217 96 10 10
3.936113 217 97 10 10
3.938113 217 97 10 10
3.940113 217 97 10 10
3.942113 217 97 10 10
3.944113 217 98 10 10
3.946113 217 98 10 10
3.948113 217 98 10 10
3.950113 217 98 10 10
3.952113 217 99 10 10
3.954113 217 99 10 10
3.956113 217 99 10 10
3.958113 217 99 10 10
3.960113 217 99 10 10
3.962113 217 99 10 10
3.964113 217 99 10 10
3.966113 217 99 10 10
3.968113 217 100 10 10
3.970113 217 100 10 10
3.972113 217 100 10 10
3.974113 217 100 10 10
3.976113 217 100 10 10
3.978113 217 100 10 10
3.980113 217 100 10 10
3.982113 217 100 10 10
3.984113 217 100 10 10
3.986113 217 101 10 10
3.988113 217 101 10 10
3.990113 217 102 10 10
3.992113 217 102 10 10
3.994113 217 103 10 10
3.996113 217 103 10 10
3.998113 217 104 10 10
4.000113 217 104 10 10
4.002113 217 105 10 10
4.004113 217 105 10 10
4.006113 217 106 10 10
4.008113 217 106 10 10
4.010113 217 107 10 10
4.012113 217 107 10 10
4.014113 217 108 10 10
4.016113 217 108 10 10
4.018113 218 109 10 10
4.020113 218 109 10 10
4.022113 218 109 10 10
4.024113 218 109 10 10
4.026113 218 109 10 10
4.028113 218 110 10 10
4.030113 218 110 10 10
4.032113 218 110 10 10
4.034113 218 110 10 10
4.036113 218 111 10 10
4.038113 218 111 10 10
4.040113 218 111 10 10
4.042113 218 111 10 10
4.044113 218 112 10 10
4.046113 218 112 10 10
4.048113 218 112 10 10
4.050113 218 112 10 10
4.052113 218 113 10 10
4.054113 218 113 10 10
4.056113 218 113 10 10
4.058113 218 114 10 10
4.060113 218 114 10 10
4.062113 218 114 10 10
4.064113 218 114 10 10
4.066113 218 115 10 10
4.068113 218 115 10 10
4.070113 218 115 10 10
4.072113 218 116 10 10
4.074113 218 116 10 10
4.076113 218 116 10 10
4.078113 218 117 10 10
4.080113 218 117 10 10
4.082113 218 117 10 10
4.084113 218 117 10 10
4.086113 218 118 10 10
4.088113 218 118 10 10
4.090113 218 118 10 10
4.092113 218 118 10 10
4.094113 218 119 10 10
4.096113 218 119 10 10
4.098113 218 119 10 10
4.100113 218 119 10 10
4.102113 218 120 10 10
4.104113 218 120 10 10
4.106113 218 120 10 10
4.108113 218 120 10 10
4.110113 218 121 10 10
4.112113 218 121 10 10
4.114113 218 121 10 10
4.116113 218 121 10 10
4.118113 217 122 9 9
4.120113 217 122 9 9
4.122113 217 122 9 9
4.124113 216 122 9 9
4.126113 216 122 8 8
4.128113 215 122 8 8
4.130113 215 122 8 8
4.132113 214 122 7 7
4.134113 214 122 7 7
4.136113 213 122 7 7
4.138113 213 122 6 6
4.140113 212 122 6 6
4.142113 212 122 6 6
4.144113 211 122 6 6
4.146113 211 122 5 5
4.148113 210 122 5 5
4.150113 210 122 5 5
4.152113 209 122 5 5
4.154113 209 122 5 5
4.156113 208 122 5 5
4.158113 208 122 5 5
4.160113 207 122 5 5
4.162113 207 122 5 5
4.164113 206 122 5 5
4.166113 206 122 5 5
4.168113 205 122 5 5
4.170113 205 122 5 5
4.172113 205 122 5 5
4.174113 204 122 5 5
4.176113 204 122 5 5
4.178113 203 122 5 5
4.180113 203 122 5 5
4.182113 202 122 5 5
4.184113 202 122 5 5
4.186113 201 121 5 5
4.188113 200 121 5 5
4.190113 200 121 5 5
4.192113 199 121 5 5
4.194113 199 121 5 5
4.196113 198 121 5 5
4.198113 197 121 5 5
4.200113 197 121 5 5
4.202113 196 120 5 5
4.204113 196 120 5 5
4.206113 195 120 5 5
4.208113 194 120 5 5
4.210113 194 120 5 5
4.212113 193 120 5 5
4.214113 193 120 5 5
4.216113 192 120 5 5
4.218113 191 119 5 5
4.220113 191 119 5 5
4.222113 191 119 5 5
4.224113 190 119 5 5
4.226113 190 119 6 6
4.228113 189 119 6 6
4.230113 189 118 6 6
4.232113 188 118 7 7
4.234113 188 118 7 7
4.236113 187 118 7 7
4.238113 187 118 8 8
4.240113 186 118 8 8
4.242113 186 117 8 8
4.244113 185 117 8 8
4.246113 185 117 9 9
4.248113 184 117 9 9
4.250113 184 117 9 9
4.252113 183 117 9 9
4.254113 183 117 9 9
4.256113 182 117 9 9
4.258113 181 117 8 8
4.260113 181 117 8 8
4.262113 180 117 8 8
4.264113 179 117 8 8
4.266113 179 117 7 7
4.268113 178 118 7 7
4.270113 177 118 7 7
4.272113 177 118 6 6
4.274113 176 118 6 6
4.276113 175 118 6 6
4.278113 175 118 5 5
4.280113 174 118 5 5
4.282113 173 118 5 5
4.284113 173 118 5 5
4.286113 172 118 5 5
4.288113 171 118 5 5
4.290113 171 118 5 5
4.292113 170 118 5 5
4.294113 170 118 5 5
4.296113 169 118 5 5
4.298113 168 118 5 5
4.300113 168 118 5 5
4.302113 167 118 5 5
4.304113 167 118 5 5
4.306113 166 118 5 5
4.308113 165 118 5 5
4.310113 165 118 5 5
4.312113 164 118 5 5
4.314113 164 118 5 5
4.316113 163 118 5 5
4.318113 162 118 5 4
4.320113 162 118 5 4
4.322113 161 118 5 4
4.324113 161 118 5 4
4.326113 160 118 5 4
4.328113 159 118 5 4
4.330113 159 118 5 4
4.332113 158 118 5 4
4.334113 158 118 5 4
4.336113 157 118 5 4
4.338113 156 118 5 4
4.340113 156 118 5 4
4.342113 155 118 5 4
4.344113 155 118 5 4
4.346113 154 118 5 4
4.348113 153 118 5 4
4.350113 153 118 5 4
4.352113 152 118 5 4
4.354113 152 118 5 4
4.356113 151 118 5 4
4.358113 150 118 5 4
4.360113 150 118 5 4
4.362113 149 118 5 4
4.364113 148 118 5 4
4.366113 148 118 5 4
4.368113 147 118 5 4
4.370113 146 118 5 4
4.372113 146 118 5 4
4.374113 145 118 5 4
4.376113 144 118 5 4
4.378113 144 118 5 4
4.380113 143 118 5 4
4.382113 142 118 5 4
4.384113 142 118 5 4
4.386113 141 118 5 4
4.388113 140 118 5 4
4.390113 140 118 6 4
4.392113 139 118 6 4
4.394113 138 118 7 4
4.396113 137 118 7 5
4.398113 137 118 8 5
4.400113 136 118 8 5
4.402113 135 118 9 5
4.404113 135 118 9 5
4.406113 134 118 10 5
4.408113 133 118 10 6
4.410113 132 118 11 6
4.412113 132 118 11 6
4.414113 131 118 12 6
4.416113 130 118 12 6
4.418113 129 119 12 6
4.420113 129 119 12 6
4.422113 128 119 12 6
4.424113 128 119 11 6
4.426113 127 119 11 6
4.428113 126 119 10 6
4.430113 126 119 10 6
4.432113 125 119 9 6
4.434113 125 119 9 6
4.436113 124 119 8 5
4.438113 123 119 8 5
4.440113 123 119 7 5
4.442113 122 119 7 5
4.444113 122 119 6 5
4.446113 121 119 6 5
4.448113 120 119 5 5
4.450113 120 119 5 5
4.452113 119 120 5 5
4.454113 119 120 5 5
4.456113 118 120 5 5
4.458113 117 120 6 5
4.460113 116 120 6 5
4.462113 116 120 7 5
4.464113 115 120 7 5
4.466113 114 120 8 5
4.468113 113 120 8 6
4.470113 113 120 8 6
4.472113 112 120 9 6
4.474113 111 120 9 6
4.476113 111 120 10 6
4.478113 110 120 10 6
4.480113 109 120 11 6
4.482113 108 120 11 6
4.484113 108 120 11 6
4.486113 107 121 12 7
4.488113 106 121 12 7
4.490113 106 121 12 7
4.492113 105 121 12 7
4.494113 104 121 12 7
4.496113 103 121 12 7
4.498113 103 121 12 7
4.500113 102 121 12 7
4.502113 101 121 12 7
4.504113 101 121 12 7
4.506113 100 121 12 7
4.508113 99 121 12 7
4.510113 98 121 12 7
4.512113 98 121 12 7
4.514113 97 121 12 7
4.516113 96 121 12 7
4.518113 95 122 12 7
4.520113 95 122 12 7
4.522113 94 122 12 7
4.524113 93 122 12 7
4.526113 93 122 12 7
4.528113 92 122 12 7
4.530113 91 122 12 7
4.532113 90 122 12 7
4.534113 90 122 12 7
4.536113 89 123 12 7
4.538113 88 123 12 7
4.540113 88 123 12 7
4.542113 87 123 12 7
4.544113 86 123 12 7
4.546113 85 123 12 7
4.548113 85 123 12 7
4.550113 84 123 12 7
4.552113 83 124 12 7
4.554113 82 124 12 7
4.556113 82 124 12 7
4.558113 81 124 12 7
4.560113 80 124 12 7
4.562113 79 124 12 7
4.564113 79 125 12 7
4.566113 78 125 12 7
4.568113 77 125 12 7
4.570113 76 125 12 7
4.572113 75 125 12 7
4.574113 75 126 12 7
4.576113 74 126 12 7
4.578113 73 126 12 7
4.580113 72 126 12 7
4.582113 72 126 12 7
4.584113 71 126 12 7
4.586113 70 127 11 7
4.588113 70 127 11 7
4.590113 69 127 11 7
4.592113 69 127 11 7
4.594113 68 127 11 7
4.596113 68 127 11 8
4.598113 67 127 11 8
4.600113 67 127 11 8
4.602113 66 127 10 8
4.604113 66 127 10 8
4.606113 65 127 10 8
4.608113 65 127 10 9
4.610113 64 127 10 9
4.612113 64 127 10 9
4.614113 63 127 10 9
4.616113 63 127 10 9
4.618113 62 128 10 10
4.620113 61 128 10 10
4.622113 60 128 10 10
4.624113 59 129 10 10
4.626113 58 129 10 10
4.628113 57 129 10 10
4.630113 56 130 10 10
4.632113 55 130 10 10
4.634113 54 130 10 10
4.636113 53 131 10 10
4.638113 52 131 10 10
4.640113 51 131 10 10
4.642113 50 132 10 10
4.644113 48 132 10 10
4.646113 47 133 10 10
4.648113 46 133 10 10
4.650113 45 133 10 10
4.652113 44 134 9 9
4.654113 44 134 9 9
4.656113 43 134 9 9
4.658113 42 134 8 8
4.660113 41 135 8 8
4.662113 41 135 8 8
4.664113 40 135 8 8
4.666113 39 135 7 7
4.668113 38 136 7 7
4.670113 38 136 7 7
4.672113 37 136 6 6
4.674113 36 136 6 6
4.676113 36 136 6 6
4.678113 35 137 5 5
4.680113 34 137 5 5
4.682113 33 137 5 5
4.684113 33 137 5 5
4.686113 32 138 5 5
4.688113 31 138 5 5
4.690113 30 138 5 5
4.692113 29 139 5 5
4.694113 28 139 5 5
4.696113 27 140 5 5
4.698113 26 140 5 5
4.700113 26 140 5 5
4.702113 25 141 6 5
4.704113 24 141 6 5
4.706113 23 141 6 5
4.708113 22 142 6 5
4.710113 21 142 6 5
4.712113 20 142 6 5
4.714113 19 143 6 5
4.716113 18 143 6 5
