0.019876 295 86 7 6
0.021876 294 85 7 6
0.023876 294 85 7 6
0.025876 294 85 7 6
0.027876 294 85 7 6
0.029876 294 84 7 6
0.031876 293 84 7 6
0.033876 293 84 7 6
0.035876 293 84 7 6
0.037876 293 83 8 7
0.039876 293 83 8 7
0.041876 293 83 8 7
0.043876 292 83 8 7
0.045876 292 82 8 7
0.047876 292 82 8 7
0.049876 292 82 8 7
0.051876 292 82 8 7
0.053876 291 81 9 8
0.055876 291 81 9 8
0.057876 291 81 9 8
0.059876 291 81 9 8
0.061876 290 81 9 8
0.063876 290 81 9 8
0.065876 290 81 9 8
0.067876 290 81 9 8
0.069876 289 80 9 9
0.071876 289 80 9 9
0.073876 289 80 9 9
0.075876 289 80 9 9
0.077876 289 80 9 9
0.079876 288 80 9 9
0.081876 288 80 9 9
0.083876 288 80 9 9
0.085876 288 80 9 9
0.087876 287 79 10 10
0.089876 287 79 10 10
0.091876 287 79 10 10
0.093876 287 79 10 10
0.095876 287 79 10 10
0.097876 286 79 10 10
0.099876 286 79 10 10
0.101876 286 79 10 10
0.103876 286 79 10 10
0.105876 286 79 10 10
0.107876 286 79 10 10
0.109876 285 79 10 10
0.111876 285 79 10 10
0.113876 285 79 10 10
0.115876 285 79 10 10
0.117876 285 79 10 10
0.119876 284 79 10 10
0.121876 284 79 10 10
0.123876 284 79 10 10
0.125876 284 79 10 10
0.127876 284 79 10 10
0.129876 283 79 10 10
0.131876 283 79 10 10
0.133876 283 79 10 10
0.135876 283 79 10 10
0.137876 282 79 10 10
0.139876 282 79 10 10
0.141876 282 79 10 10
0.143876 282 79 10 10
0.145876 281 79 10 10
0.147876 281 79 10 10
0.149876 281 79 10 10
0.151876 281 79 10 10
0.153876 280 78 10 10
0.155876 280 78 10 10
0.157876 280 78 10 10
0.159876 280 78 10 10
0.161876 279 78 10 10
0.163876 279 78 10 10
0.165876 279 78 10 10
0.167876 279 78 10 10
0.169876 278 78 10 10
0.171876 278 78 10 10
0.173876 278 78 10 10
0.175876 278 78 10 10
0.177876 278 78 10 10
0.179876 277 78 10 10
0.181876 277 78 10 10
0.183876 277 78 10 10
0.185876 277 78 10 10
0.187876 276 78 10 10
0.189876 276 78 10 10
0.191876 276 78 10 10
0.193876 276 78 10 10
0.195876 276 78 10 10
0.197876 275 78 10 10
0.199876 275 78 10 10
0.201876 275 78 10 10
0.203876 275 78 10 10
0.205876 275 78 10 10
0.207876 275 78 10 10
0.209876 274 78 10 10
0.211876 274 78 10 10
0.213876 274 78 10 10
0.215876 274 78 10 10
0.217876 274 78 10 10
0.219876 273 78 10 10
0.221876 273 78 10 10
0.223876 273 78 10 10
0.225876 273 78 10 10
0.227876 272 78 10 10
0.229876 272 78 10 10
0.231876 272 78 10 10
0.233876 271 78 10 10
0.235876 271 78 10 10
0.237876 271 78 10 10
0.239876 270 78 10 10
0.241876 270 78 10 10
0.243876 270 78 10 10
0.245876 270 78 10 10
0.247876 269 78 10 10
0.249876 269 78 10 10
0.251876 269 78 10 10
0.253876 268 79 10 10
0.255876 268 79 10 10
0.257876 268 79 10 10
0.259876 268 79 10 10
0.261876 268 79 10 10
0.263876 268 79 10 10
0.265876 268 79 10 10
0.267876 268 79 10 10
0.269876 268 79 10 10
0.271876 268 79 10 10
0.273876 268 79 10 10
0.275876 268 79 10 10
0.277876 268 79 10 10
0.279876 268 79 10 10
0.281876 268 79 10 10
0.283876 268 79 10 10
0.285876 268 79 10 10
0.287876 267 78 10 10
0.289876 267 78 10 10
0.291876 267 78 10 10
0.293876 267 78 10 10
0.295876 266 78 10 10
0.297876 266 78 10 10
0.299876 266 78 10 10
0.301876 266 78 10 10
0.303876 265 78 10 10
0.305876 265 78 10 10
0.307876 265 78 10 10
0.309876 265 78 10 10
0.311876 264 78 10 10
0.313876 264 78 10 10
0.315876 264 78 10 10
0.317876 264 78 10 10
0.319876 263 78 10 10
0.321876 263 78 10 10
0.323876 263 78 10 10
0.325876 263 78 10 10
0.327876 263 78 10 10
0.329876 263 78 10 10
0.331876 262 78 10 10
0.333876 262 78 10 10
0.335876 262 78 10 10
0.337876 262 78 10 10
0.339876 262 78 10 10
0.341876 262 78 10 10
0.343876 261 78 10 10
0.345876 261 78 10 10
0.347876 261 78 10 10
0.349876 261 78 10 10
0.351876 261 78 10 10
0.353876 261 79 10 10
0.355876 261 79 10 10
0.357876 261 79 10 10
0.359876 261 79 10 10
0.361876 261 79 10 10
0.363876 261 79 10 10
0.365876 261 79 10 10
0.367876 261 79 10 10
0.369876 261 79 10 10
0.371876 261 79 10 10
0.373876 261 79 10 10
0.375876 261 79 10 10
0.377876 261 79 10 10
0.379876 261 79 10 10
0.381876 261 79 10 10
0.383876 261 79 10 10
0.385876 261 79 10 10
0.387876 260 80 9 9
0.389876 260 80 9 9
0.391876 260 80 9 9
0.393876 260 80 9 9
0.395876 260 80 9 8
0.397876 259 80 8 8
0.399876 259 80 8 8
0.401876 259 80 8 8
0.403876 259 81 8 7
0.405876 259 81 8 7
0.407876 259 81 8 7
0.409876 258 81 7 7
0.411876 258 81 7 6
0.413876 258 81 7 6
0.415876 258 81 7 6
0.417876 258 81 7 6
0.419876 257 82 7 6
0.421876 257 82 7 6
0.423876 257 82 7 6
0.425876 257 82 7 6
0.427876 257 82 7 6
0.429876 257 82 7 7
0.431876 256 82 8 7
0.433876 256 82 8 7
0.435876 256 82 8 7
0.437876 256 82 8 8
0.439876 256 82 8 8
0.441876 256 82 8 8
0.443876 255 82 9 8
0.445876 255 82 9 9
0.447876 255 82 9 9
0.449876 255 82 9 9
0.451876 255 82 9 9
0.453876 254 82 10 10
0.455876 254 82 10 10
0.457876 254 82 10 10
0.459876 254 82 10 10
0.461876 254 82 10 10
0.463876 254 82 10 10
0.465876 253 82 10 10
0.467876 253 82 10 10
0.469876 253 83 10 10
0.471876 253 83 10 10
0.473876 253 83 10 10
0.475876 252 83 10 10
0.477876 252 83 10 10
0.479876 252 83 10 10
0.481876 252 83 10 10
0.483876 252 83 10 10
0.485876 252 83 10 10
0.487876 251 84 10 10
0.489876 251 84 10 10
0.491876 251 84 10 10
0.493876 251 84 10 10
0.495876 250 84 10 10
0.497876 250 85 10 10
0.499876 250 85 10 10
0.501876 250 85 10 10
0.503876 249 85 10 10
0.505876 249 85 10 10
0.507876 249 85 10 10
0.509876 249 86 10 10
0.511876 248 86 10 10
0.513876 248 86 10 10
0.515876 248 86 10 10
0.517876 248 86 10 10
0.519876 247 87 10 10
0.521876 247 87 10 10
0.523876 247 87 10 10
0.525876 247 87 10 10
0.527876 247 87 10 10
0.529876 247 87 10 10
0.531876 247 87 10 10
0.533876 247 87 10 10
0.535876 247 87 10 10
0.537876 246 88 10 10
0.539876 246 88 10 10
0.541876 246 88 10 10
0.543876 246 88 10 10
0.545876 246 88 10 10
0.547876 246 88 10 10
0.549876 246 88 10 10
0.551876 246 88 10 10
0.553876 245 89 10 10
0.555876 245 89 10 10
0.557876 245 89 10 10
0.559876 245 89 10 10
0.561876 244 89 10 10
0.563876 244 89 10 10
0.565876 244 89 10 10
0.567876 244 89 10 10
0.569876 243 90 10 10
0.571876 243 90 10 10
0.573876 243 90 10 10
0.575876 243 90 10 10
0.577876 243 90 10 10
0.579876 242 90 10 10
0.581876 242 90 10 10
0.583876 242 90 10 10
0.585876 242 90 10 10
0.587876 241 91 10 10
0.589876 241 91 10 10
0.591876 241 91 10 10
0.593876 241 91 10 10
0.595876 241 92 10 10
0.597876 240 92 10 10
0.599876 240 92 10 10
0.601876 240 92 10 10
0.603876 240 93 10 10
0.605876 240 93 10 10
0.607876 240 93 10 10
0.609876 239 93 10 10
0.611876 239 94 10 10
0.613876 239 94 10 10
0.615876 239 94 10 10
0.617876 239 94 10 10
0.619876 238 95 10 10
0.621876 238 95 10 10
0.623876 238 95 10 10
0.625876 238 95 10 10
0.627876 238 95 10 10
0.629876 238 95 10 10
0.631876 237 95 10 10
0.633876 237 95 10 10
0.635876 237 95 10 10
0.637876 237 95 10 10
0.639876 237 95 10 10
0.641876 237 95 10 10
0.643876 236 95 10 10
0.645876 236 95 10 10
0.647876 236 95 10 10
0.649876 236 95 10 10
0.651876 236 95 10 10
0.653876 236 96 9 9
0.655876 236 96 9 9
0.657876 236 96 9 9
0.659876 236 97 9 9
0.661876 236 97 8 8
0.663876 236 97 8 8
0.665876 236 97 8 8
0.667876 236 98 8 8
0.669876 236 98 7 7
0.671876 236 98 7 7
0.673876 236 99 7 7
0.675876 236 99 7 7
0.677876 236 99 7 7
0.679876 236 100 6 6
0.681876 236 100 6 6
0.683876 236 100 6 6
0.685876 236 100 6 6
0.687876 235 101 6 6
0.689876 235 101 6 6
0.691876 235 101 6 6
0.693876 235 101 6 6
0.695876 235 102 6 6
0.697876 235 102 6 6
0.699876 235 102 6 6
0.701876 235 102 6 6
0.703876 234 103 6 6
0.705876 234 103 6 6
0.707876 234 103 6 6
0.709876 234 103 6 6
0.711876 234 104 6 6
0.713876 234 104 6 6
0.715876 234 104 6 6
0.717876 234 104 6 6
0.719876 233 105 6 6
0.721876 233 105 6 6
0.723876 233 105 6 6
0.725876 233 105 6 6
0.727876 232 105 6 6
0.729876 232 105 7 7
0.731876 232 105 7 7
0.733876 231 105 7 7
0.735876 231 105 7 7
0.737876 231 106 8 8
0.739876 230 106 8 8
0.741876 230 106 8 8
0.743876 230 106 8 8
0.745876 230 106 9 9
0.747876 229 106 9 9
0.749876 229 106 9 9
0.751876 229 106 9 9
0.753876 229 107 9 9
0.755876 229 107 9 9
0.757876 229 107 9 9
0.759876 229 108 9 9
0.761876 229 108 8 8
0.763876 229 108 8 8
0.765876 229 108 8 8
0.767876 229 109 8 8
0.769876 229 109 7 7
0.771876 229 109 7 7
0.773876 229 110 7 7
0.775876 229 110 7 7
0.777876 229 110 7 7
0.779876 229 111 6 6
0.781876 229 111 6 6
0.783876 229 111 6 6
0.785876 229 111 6 6
0.787876 228 112 6 6
0.789876 228 112 6 6
0.791876 228 112 6 6
0.793876 228 112 6 7
0.795876 228 112 6 7
0.797876 227 113 6 7
0.799876 227 113 6 8
0.801876 227 113 6 8
0.803876 227 113 7 8
0.805876 227 113 7 8
0.807876 227 113 7 9
0.809876 226 114 7 9
0.811876 226 114 7 9
0.813876 226 114 7 10
0.815876 226 114 7 10
0.817876 226 114 7 10
0.819876 225 115 8 10
0.821876 225 115 8 10
0.823876 225 115 8 10
0.825876 225 116 8 10
0.827876 225 116 8 10
0.829876 225 116 8 10
0.831876 224 117 8 10
0.833876 224 117 8 10
0.835876 224 117 8 10
0.837876 224 118 9 10
0.839876 224 118 9 10
0.841876 224 118 9 10
0.843876 223 119 9 10
0.845876 223 119 9 10
0.847876 223 120 9 10
0.849876 223 120 9 10
0.851876 223 120 9 10
0.853876 222 121 10 10
0.855876 222 121 10 10
0.857876 222 121 10 10
0.859876 222 121 10 10
0.861876 222 122 10 10
0.863876 222 122 10 10
0.865876 221 122 10 10
0.867876 221 122 10 10
0.869876 221 123 10 10
0.871876 221 123 10 10
0.873876 221 123 10 10
0.875876 220 123 10 10
0.877876 220 123 10 10
0.879876 220 124 10 10
0.881876 220 124 10 10
0.883876 220 124 10 10
0.885876 220 124 10 10
0.887876 219 125 10 10
0.889876 219 125 10 10
0.891876 219 125 10 10
0.893876 219 125 10 10
0.895876 219 125 10 10
0.897876 219 126 10 10
0.899876 219 126 10 10
0.901876 219 126 10 10
0.903876 218 126 10 10
0.905876 218 126 10 10
0.907876 218 126 10 10
0.909876 218 127 10 10
0.911876 218 127 10 10
0.913876 218 127 10 10
0.915876 218 127 10 10
0.917876 218 127 10 10
0.919876 217 128 9 9
0.921876 217 128 9 9
0.923876 217 128 9 9
0.925876 217 128 9 9
0.927876 217 129 9 9
0.929876 217 129 9 9
0.931876 216 129 9 9
0.933876 216 130 9 9
0.935876 216 130 9 9
0.937876 216 130 8 9
0.939876 216 131 8 9
0.941876 216 131 8 9
0.943876 215 131 8 9
0.945876 215 131 8 9
0.947876 215 132 8 9
0.949876 215 132 8 9
0.951876 215 132 8 9
0.953876 214 133 7 8
0.955876 214 133 7 8
0.957876 214 134 7 8
0.959876 214 134 7 8
0.961876 214 135 7 7
0.963876 214 135 7 7
0.965876 214 136 6 7
0.967876 214 136 6 7
0.969876 214 137 6 6
0.971876 214 138 6 6
0.973876 214 138 6 6
0.975876 214 139 5 6
0.977876 214 139 5 6
0.979876 214 140 5 5
0.981876 214 140 5 5
0.983876 214 141 5 5
0.985876 214 141 5 5
0.987876 213 142 5 5
0.989876 213 142 5 5
0.991876 213 142 5 5
0.993876 212 142 6 6
0.995876 212 142 6 6
0.997876 212 143 6 6
0.999876 211 143 7 7
1.001876 211 143 7 7
1.003876 211 143 7 7
1.005876 211 143 7 7
1.007876 210 143 8 8
1.009876 210 144 8 8
1.011876 210 144 8 8
1.013876 209 144 9 9
1.015876 209 144 9 9
1.017876 209 144 9 9
1.019876 209 144 9 9
1.021876 209 144 9 9
1.023876 209 144 9 9
1.025876 209 144 9 8
1.027876 209 143 8 8
1.029876 209 143 8 8
1.031876 210 143 8 7
1.033876 210 142 7 7
1.035876 210 142 7 7
1.037876 210 142 7 6
1.039876 210 141 6 6
1.041876 210 141 6 6
1.043876 211 141 6 5
1.045876 211 141 6 5
1.047876 211 140 5 4
1.049876 211 140 5 4
1.051876 211 140 5 4
1.053876 211 139 5 4
1.055876 211 139 5 4
1.057876 211 138 5 4
1.059876 211 138 5 5
1.061876 211 137 5 5
1.063876 211 137 5 5
1.065876 211 136 6 6
1.067876 211 136 6 6
1.069876 211 135 6 7
1.071876 211 134 6 7
1.073876 211 134 6 7
1.075876 211 133 7 8
1.077876 211 133 7 8
1.079876 211 132 7 8
1.081876 211 132 7 9
1.083876 211 131 7 9
1.085876 211 131 7 9
1.087876 211 130 8 10
1.089876 211 130 8 10
1.091876 211 129 8 10
1.093876 211 129 8 10
1.095876 211 129 8 10
1.097876 211 128 8 10
1.099876 211 128 8 10
1.101876 211 127 8 10
1.103876 211 127 8 10
1.105876 211 126 8 10
1.107876 211 126 8 10
1.109876 211 126 8 10
1.111876 211 125 8 10
1.113876 211 125 8 10
1.115876 211 124 8 10
1.117876 211 124 8 10
1.119876 212 123 7 9
1.121876 212 123 7 9
1.123876 212 123 7 9
1.125876 212 122 7 9
1.127876 212 122 7 9
1.129876 212 122 7 8
1.131876 212 121 7 8
1.133876 212 121 7 8
1.135876 212 121 7 8
1.137876 212 120 7 7
1.139876 212 120 7 7
1.141876 212 120 7 7
1.143876 212 119 7 7
1.145876 212 119 7 6
1.147876 212 118 7 6
1.149876 212 118 7 6
1.151876 212 118 7 6
1.153876 213 117 7 6
1.155876 213 117 7 6
1.157876 213 117 7 6
1.159876 213 116 7 6
1.161876 213 116 7 6
1.163876 213 116 7 6
1.165876 213 115 7 6
1.167876 213 115 7 6
1.169876 213 114 7 6
1.171876 213 114 7 6
1.173876 213 114 7 6
1.175876 213 113 7 6
1.177876 213 113 7 6
1.179876 213 113 7 6
1.181876 213 112 7 6
1.183876 213 112 7 6
1.185876 213 112 7 6
1.187876 213 111 7 7
1.189876 213 111 7 7
1.191876 213 110 7 7
1.193876 213 110 7 7
1.195876 213 109 7 7
1.197876 213 108 8 8
1.199876 213 108 8 8
1.201876 213 107 8 8
1.203876 213 107 8 8
1.205876 213 106 8 8
1.207876 213 106 8 8
1.209876 213 105 9 9
1.211876 213 105 9 9
1.213876 213 104 9 9
1.215876 213 104 9 9
1.217876 213 103 9 9
1.219876 213 102 10 10
1.221876 213 102 10 10
1.223876 213 102 10 10
1.225876 213 101 10 10
1.227876 213 101 10 10
1.229876 213 101 10 10
1.231876 213 100 10 10
1.233876 213 100 10 10
1.235876 213 100 10 10
1.237876 213 99 10 10
1.239876 213 99 10 10
1.241876 213 99 10 10
1.243876 213 98 10 10
1.245876 213 98 10 10
1.247876 213 97 10 10
1.249876 213 97 10 10
1.251876 213 97 10 10
1.253876 214 96 9 9
1.255876 214 96 9 9
1.257876 214 96 9 9
1.259876 214 96 9 9
1.261876 214 96 9 9
1.263876 214 96 9 9
1.265876 214 95 8 9
1.267876 214 95 8 9
1.269876 215 95 8 8
1.271876 215 95 8 8
1.273876 215 95 8 8
1.275876 215 94 7 8
1.277876 215 94 7 8
1.279876 215 94 7 8
1.281876 215 94 7 8
1.283876 215 94 7 8
1.285876 215 94 7 8
1.287876 216 93 7 7
1.289876 216 93 7 7
1.291876 216 93 7 7
1.293876 216 92 7 7
1.295876 216 92 7 7
1.297876 216 92 7 7
1.299876 216 91 7 7
1.301876 216 91 7 7
1.303876 216 91 7 7
1.305876 216 91 7 7
1.307876 216 90 7 7
1.309876 216 90 7 7
1.311876 216 90 7 7
1.313876 216 89 7 7
1.315876 216 89 7 7
1.317876 216 89 7 7
1.319876 217 88 7 7
1.321876 217 88 7 7
1.323876 217 88 7 7
1.325876 217 87 7 7
1.327876 217 87 7 7
1.329876 217 86 7 7
1.331876 217 86 7 7
1.333876 217 86 7 7
1.335876 217 85 7 7
1.337876 217 85 8 8
1.339876 217 84 8 8
1.341876 217 84 8 8
1.343876 217 83 8 8
1.345876 217 83 8 8
1.347876 217 83 8 8
1.349876 217 82 8 8
1.351876 217 82 8 8
1.353876 217 81 8 8
1.355876 217 81 8 8
1.357876 217 81 8 8
1.359876 217 80 8 8
1.361876 217 80 8 8
1.363876 217 79 8 8
1.365876 218 79 8 8
1.367876 218 78 8 8
1.369876 218 78 8 8
1.371876 218 78 8 8
1.373876 218 77 8 8
1.375876 219 77 8 8
1.377876 219 76 8 8
1.379876 219 76 8 8
1.381876 219 75 8 8
1.383876 219 75 8 8
1.385876 219 75 8 8
1.387876 219 75 8 8
1.389876 219 75 8 8
1.391876 219 75 8 8
1.393876 219 75 8 8
1.395876 219 75 8 8
1.397876 219 75 8 8
1.399876 219 75 8 8
1.401876 219 75 8 8
1.403876 218 75 9 9
1.405876 218 75 9 9
1.407876 218 75 9 9
1.409876 218 75 9 9
1.411876 218 75 9 9
1.413876 218 75 9 9
1.415876 218 75 9 9
1.417876 218 75 9 9
1.419876 218 74 10 10
1.421876 218 74 10 10
1.423876 218 74 10 10
1.425876 218 73 10 10
1.427876 218 73 10 10
1.429876 218 73 10 10
1.431876 218 72 10 10
1.433876 218 72 10 10
1.435876 218 72 10 10
1.437876 218 71 10 10
1.439876 218 71 10 10
1.441876 218 71 10 10
1.443876 218 70 10 10
1.445876 218 70 10 10
1.447876 218 69 10 10
1.449876 218 69 10 10
1.451876 218 69 10 10
1.453876 219 68 10 10
1.455876 219 68 10 10
1.457876 219 68 10 10
1.459876 219 68 10 10
1.461876 219 68 10 10
1.463876 219 68 10 10
1.465876 219 67 10 10
1.467876 219 67 10 10
1.469876 219 67 10 10
1.471876 219 67 10 10
1.473876 219 67 10 10
1.475876 219 66 10 10
1.477876 219 66 10 10
1.479876 219 66 10 10
1.481876 219 66 10 10
1.483876 219 66 10 10
1.485876 219 66 10 10
1.487876 220 65 10 10
1.489876 220 65 10 10
1.491876 220 65 10 10
1.493876 220 65 10 10
1.495876 220 64 10 10
1.497876 220 64 10 10
1.499876 220 64 10 10
1.501876 220 64 10 10
1.503876 220 63 10 10
1.505876 220 63 10 10
1.507876 220 63 10 10
1.509876 220 63 10 10
1.511876 220 62 10 10
1.513876 220 62 10 10
1.515876 220 62 10 10
1.517876 220 62 10 10
1.519876 221 61 10 10
1.521876 221 61 10 10
1.523876 221 61 10 10
1.525876 221 61 10 10
1.527876 221 61 10 10
1.529876 221 61 10 10
1.531876 221 60 10 10
1.533876 221 60 10 10
1.535876 221 60 10 10
1.537876 221 60 10 10
1.539876 221 60 10 10
1.541876 221 60 10 10
1.543876 221 59 10 10
1.545876 221 59 10 10
1.547876 221 59 10 10
1.549876 221 59 10 10
1.551876 221 59 10 10
1.553876 222 58 10 10
1.555876 222 58 10 10
1.557876 222 58 10 10
1.559876 222 58 10 10
1.561876 222 58 10 10
1.563876 222 58 10 10
1.565876 222 57 10 10
1.567876 222 57 10 10
1.569876 222 57 10 10
1.571876 222 57 10 10
1.573876 222 57 10 10
1.575876 222 56 10 10
1.577876 222 56 10 10
1.579876 222 56 10 10
1.581876 222 56 10 10
1.583876 222 56 10 10
1.585876 222 56 10 10
1.587876 222 55 10 10
1.589876 222 55 10 10
1.591876 222 55 10 10
1.593876 222 55 10 10
1.595876 222 55 10 10
1.597876 222 54 10 10
1.599876 222 54 10 10
1.601876 222 54 10 10
1.603876 222 54 10 10
1.605876 222 54 10 10
1.607876 222 54 10 10
1.609876 222 53 10 10
1.611876 222 53 10 10
1.613876 222 53 10 10
1.615876 222 53 10 10
1.617876 222 53 10 10
1.619876 223 52 10 10
1.621876 223 52 10 10
1.623876 223 52 10 10
1.625876 223 51 10 10
1.627876 223 51 10 10
1.629876 223 50 10 10
1.631876 223 50 10 10
1.633876 223 50 10 10
1.635876 223 49 10 10
1.637876 223 49 11 11
1.639876 223 48 11 11
1.641876 223 48 11 11
1.643876 223 47 11 11
1.645876 223 47 11 11
1.647876 223 47 11 11
1.649876 223 46 11 11
1.651876 223 46 11 11
1.653876 223 46 11 11
1.655876 223 46 11 11
1.657876 223 46 11 11
1.659876 223 46 11 11
1.661876 223 46 11 11
1.663876 223 46 11 11
1.665876 223 46 11 11
1.667876 223 46 11 11
1.669876 223 46 10 10
1.671876 223 46 10 10
1.673876 223 46 10 10
1.675876 223 46 10 10
1.677876 223 46 10 10
1.679876 223 46 10 10
1.681876 223 46 10 10
1.683876 223 46 10 10
1.685876 223 46 10 10
1.687876 224 47 10 10
1.689876 224 47 10 10
1.691876 224 47 10 10
1.693876 224 47 10 10
1.695876 224 47 10 10
1.697876 224 47 10 10
1.699876 224 47 10 10
1.701876 224 47 10 10
1.703876 224 47 10 10
1.705876 224 47 10 10
1.707876 224 47 10 10
1.709876 224 47 10 10
1.711876 224 47 10 10
1.713876 224 47 10 10
1.715876 224 47 10 10
1.717876 224 47 10 10
1.719876 224 46 10 10
1.721876 224 46 10 10
1.723876 224 46 10 10
1.725876 224 46 10 10
1.727876 224 46 10 10
1.729876 224 46 10 10
1.731876 224 45 10 10
1.733876 224 45 10 10
1.735876 224 45 10 10
1.737876 224 45 10 10
1.739876 224 45 10 10
1.741876 224 45 10 10
1.743876 224 44 10 10
1.745876 224 44 10 10
1.747876 224 44 10 10
1.749876 224 44 10 10
1.751876 224 44 10 10
1.753876 224 43 10 10
1.755876 224 43 10 10
1.757876 224 43 10 10
1.759876 224 43 10 10
1.761876 224 43 10 10
1.763876 224 43 10 10
1.765876 224 43 10 10
1.767876 224 43 10 10
1.769876 224 43 10 10
1.771876 224 43 10 10
1.773876 224 43 10 10
1.775876 224 43 10 10
1.777876 224 43 10 10
1.779876 224 43 10 10
1.781876 224 43 10 10
1.783876 224 43 10 10
1.785876 224 43 10 10
1.787876 225 42 10 10
1.789876 225 42 10 10
1.791876 225 42 10 10
1.793876 225 42 10 10
1.795876 225 42 10 10
1.797876 225 42 10 10
1.799876 225 42 10 10
1.801876 225 42 10 10
1.803876 225 41 10 10
1.805876 225 41 10 10
1.807876 225 41 10 10
1.809876 225 41 10 10
1.811876 225 41 10 10
1.813876 225 41 10 10
1.815876 225 41 10 10
1.817876 225 41 10 10
1.819876 226 41 10 10
1.821876 226 41 10 10
1.823876 226 41 10 10
1.825876 226 41 10 10
1.827876 226 41 10 10
1.829876 226 41 10 10
1.831876 226 41 10 10
1.833876 226 41 10 10
1.835876 226 41 10 10
1.837876 227 41 10 10
1.839876 227 41 10 10
1.841876 227 41 10 10
1.843876 227 41 10 10
1.845876 227 41 10 10
1.847876 227 41 10 10
1.849876 227 41 10 10
1.851876 227 41 10 10
1.853876 228 40 10 10
1.855876 228 40 10 10
1.857876 228 40 10 10
1.859876 228 40 10 10
1.861876 228 40 10 10
1.863876 228 40 10 10
1.865876 228 40 10 10
1.867876 228 40 10 10
1.869876 228 40 10 10
1.871876 228 40 10 10
1.873876 228 40 10 10
1.875876 228 40 10 10
1.877876 228 40 10 10
1.879876 228 40 10 10
1.881876 228 40 10 10
1.883876 228 40 10 10
1.885876 228 40 10 10
1.887876 228 39 10 11
1.889876 228 39 10 11
1.891876 228 39 10 11
1.893876 228 39 10 11
1.895876 228 39 10 11
1.897876 228 39 10 11
1.899876 228 39 10 11
1.901876 228 39 10 11
1.903876 228 38 10 11
1.905876 228 38 10 11
1.907876 228 38 10 11
1.909876 228 38 10 11
1.911876 228 38 10 11
1.913876 228 38 10 11
1.915876 228 38 10 11
1.917876 228 38 10 11
1.919876 228 38 9 10
1.921876 228 38 9 10
1.923876 228 38 9 10
1.925876 228 38 9 10
1.927876 228 38 9 10
1.929876 228 38 9 9
1.931876 228 38 9 9
1.933876 228 38 9 9
1.935876 228 38 9 9
1.937876 228 38 8 8
1.939876 228 38 8 8
1.941876 228 38 8 8
1.943876 228 38 8 8
1.945876 228 38 8 7
1.947876 228 38 8 7
1.949876 228 38 8 7
1.951876 228 38 8 7
1.953876 229 38 8 7
1.955876 229 38 8 7
1.957876 229 38 8 7
1.959876 229 38 8 7
1.961876 229 38 8 7
1.963876 229 38 8 7
1.965876 229 38 8 8
1.967876 229 38 8 8
1.969876 229 38 9 8
1.971876 229 38 9 8
1.973876 229 38 9 8
1.975876 229 38 9 9
1.977876 229 38 9 9
1.979876 229 38 9 9
1.981876 229 38 9 9
1.983876 229 38 9 9
1.985876 229 38 9 9
1.987876 229 38 10 10
1.989876 229 38 10 10
1.991876 229 38 10 10
1.993876 229 38 10 10
1.995876 229 38 10 10
1.997876 229 38 10 10
1.999876 229 38 10 10
2.001876 229 38 10 10
2.003876 230 38 10 10
2.005876 230 38 10 10
2.007876 230 38 10 10
2.009876 230 38 10 10
2.011876 230 38 10 10
2.013876 230 38 10 10
2.015876 230 38 10 10
2.017876 230 38 10 10
2.019876 231 39 10 10
2.021876 231 39 10 10
2.023876 231 39 10 10
2.025876 231 39 10 10
2.027876 231 39 10 10
2.029876 231 39 10 10
2.031876 231 39 10 10
2.033876 231 39 10 10
2.035876 231 39 10 10
2.037876 231 40 10 10
2.039876 231 40 10 10
2.041876 231 40 10 10
2.043876 231 40 10 10
2.045876 231 40 10 10
2.047876 231 40 10 10
2.049876 231 40 10 10
2.051876 231 40 10 10
2.053876 232 41 10 10
2.055876 232 41 10 10
2.057876 232 41 10 10
2.059876 232 41 10 10
2.061876 232 41 10 10
2.063876 232 41 10 10
2.065876 232 41 10 10
2.067876 232 41 10 10
2.069876 232 41 10 10
2.071876 232 41 10 10
2.073876 232 41 10 10
2.075876 232 41 10 10
2.077876 232 41 10 10
2.079876 232 41 10 10
2.081876 232 41 10 10
2.083876 232 41 10 10
2.085876 232 41 10 10
2.087876 233 41 10 10
2.089876 233 41 10 10
2.091876 233 41 10 10
2.093876 233 41 10 10
2.095876 233 41 10 10
2.097876 233 41 10 10
2.099876 233 41 10 10
2.101876 233 41 10 10
2.103876 233 42 10 10
2.105876 233 42 10 10
2.107876 233 42 10 10
2.109876 233 42 10 10
2.111876 233 42 10 10
2.113876 233 42 10 10
2.115876 233 42 10 10
2.117876 233 42 10 10
2.119876 234 43 10 10
2.121876 234 43 10 10
2.123876 234 43 10 10
2.125876 234 43 10 10
2.127876 234 43 10 10
2.129876 234 43 10 10
2.131876 234 43 10 10
2.133876 234 43 10 10
2.135876 234 43 10 10
2.137876 234 43 10 10
2.139876 234 43 10 10
2.141876 234 43 10 10
2.143876 234 43 10 10
2.145876 234 43 10 10
2.147876 234 43 10 10
2.149876 234 43 10 10
2.151876 234 43 10 10
2.153876 234 43 10 10
2.155876 234 43 10 10
2.157876 234 43 10 10
2.159876 234 43 10 10
2.161876 234 43 10 10
2.163876 234 43 10 10
2.165876 234 44 10 10
2.167876 234 44 10 10
2.169876 235 44 10 10
2.171876 235 44 10 10
2.173876 235 44 10 10
2.175876 235 45 10 10
2.177876 235 45 10 10
2.179876 235 45 10 10
2.181876 235 45 10 10
2.183876 235 45 10 10
2.185876 235 45 10 10
2.187876 236 46 10 10
2.189876 236 46 10 10
2.191876 236 46 10 10
2.193876 236 46 10 10
2.195876 236 46 10 10
2.197876 236 47 10 10
2.199876 236 47 10 10
2.201876 236 47 10 10
2.203876 236 47 10 10
2.205876 236 47 10 10
2.207876 236 47 10 10
2.209876 236 48 10 10
2.211876 236 48 10 10
2.213876 236 48 10 10
2.215876 236 48 10 10
2.217876 236 48 10 10
2.219876 236 49 10 10
2.221876 236 49 10 10
2.223876 236 49 10 10
2.225876 236 49 10 10
2.227876 236 49 10 10
2.229876 236 49 10 10
2.231876 236 49 10 10
2.233876 236 49 10 10
2.235876 236 49 10 10
2.237876 236 50 10 10
2.239876 236 50 10 10
2.241876 236 50 10 10
2.243876 236 50 10 10
2.245876 236 50 10 10
2.247876 236 50 10 10
2.249876 236 50 10 10
2.251876 236 50 10 10
2.253876 237 51 9 9
2.255876 237 51 9 9
2.257876 237 51 9 9
2.259876 237 52 9 9
2.261876 237 52 8 8
2.263876 237 52 8 8
2.265876 237 52 8 8
2.267876 237 53 8 8
2.269876 237 53 7 7
2.271876 237 53 7 7
2.273876 237 54 7 7
2.275876 237 54 7 7
2.277876 237 54 7 7
2.279876 237 55 6 6
2.281876 237 55 6 6
2.283876 237 55 6 6
2.285876 237 55 6 6
2.287876 238 56 6 6
2.289876 238 56 6 6
2.291876 238 56 6 6
2.293876 238 56 6 6
2.295876 238 56 7 7
2.297876 238 56 7 7
2.299876 238 56 7 7
2.301876 238 56 7 7
2.303876 238 56 8 8
2.305876 238 56 8 8
2.307876 238 56 8 8
2.309876 238 56 8 8
2.311876 238 56 9 9
2.313876 238 56 9 9
2.315876 238 56 9 9
2.317876 238 56 9 9
2.319876 239 57 10 10
2.321876 239 57 10 10
2.323876 239 57 10 10
2.325876 239 57 10 10
2.327876 239 58 10 10
2.329876 239 58 10 10
2.331876 239 58 10 10
2.333876 239 59 10 10
2.335876 239 59 10 10
2.337876 239 59 10 10
2.339876 239 60 10 10
2.341876 239 60 10 10
2.343876 239 60 10 10
2.345876 239 60 10 10
2.347876 239 61 10 10
2.349876 239 61 10 10
2.351876 239 61 10 10
2.353876 240 62 10 10
2.355876 240 62 10 10
2.357876 240 62 10 10
2.359876 240 62 10 10
2.361876 240 62 10 10
2.363876 240 62 10 10
2.365876 240 62 10 10
2.367876 240 62 10 10
2.369876 240 63 10 10
2.371876 240 63 10 10
2.373876 240 63 10 10
2.375876 240 63 10 10
2.377876 240 63 10 10
2.379876 240 63 10 10
2.381876 240 63 10 10
2.383876 240 63 10 10
2.385876 240 63 10 10
2.387876 240 64 10 10
2.389876 240 64 10 10
2.391876 240 64 10 10
2.393876 240 64 10 10
2.395876 240 65 10 10
2.397876 240 65 10 10
2.399876 240 65 10 10
2.401876 240 65 10 10
2.403876 241 66 10 10
2.405876 241 66 10 10
2.407876 241 66 10 10
2.409876 241 66 10 10
2.411876 241 67 10 10
2.413876 241 67 10 10
2.415876 241 67 10 10
2.417876 241 67 10 10
2.419876 242 68 10 10
2.421876 242 68 10 10
2.423876 242 68 10 10
2.425876 242 68 10 10
2.427876 242 69 10 10
2.429876 242 69 10 10
2.431876 242 69 10 10
2.433876 242 70 10 10
2.435876 242 70 10 10
2.437876 242 70 10 10
2.439876 242 71 10 10
2.441876 242 71 10 10
2.443876 242 71 10 10
2.445876 242 71 10 10
2.447876 242 72 10 10
2.449876 242 72 10 10
2.451876 242 72 10 10
2.453876 242 73 10 10
2.455876 242 73 10 10
2.457876 242 73 10 10
2.459876 242 73 10 10
2.461876 242 74 10 10
2.463876 242 74 10 10
2.465876 242 74 10 10
2.467876 242 74 10 10
2.469876 242 75 10 10
2.471876 242 75 10 10
2.473876 242 75 10 10
2.475876 242 75 10 10
2.477876 242 75 10 10
2.479876 242 76 10 10
2.481876 242 76 10 10
2.483876 242 76 10 10
2.485876 242 76 10 10
2.487876 243 77 10 10
2.489876 243 77 10 10
2.491876 243 77 10 10
2.493876 243 78 10 10
2.495876 243 78 10 10
2.497876 243 78 10 10
2.499876 243 79 10 10
2.501876 243 79 10 10
2.503876 243 79 10 10
2.505876 243 79 10 10
2.507876 243 80 10 10
2.509876 243 80 10 10
2.511876 243 80 10 10
2.513876 243 81 10 10
2.515876 243 81 10 10
2.517876 243 81 10 10
2.519876 244 82 9 9
2.521876 244 82 9 9
2.523876 244 82 9 9
2.525876 244 83 9 9
2.527876 244 83 9 9
2.529876 244 84 8 8
2.531876 244 84 8 8
2.533876 244 84 8 8
2.535876 244 85 8 8
2.537876 245 85 7 7
2.539876 245 86 7 7
2.541876 245 86 7 7
2.543876 245 87 7 7
2.545876 245 87 6 6
2.547876 245 87 6 6
2.549876 245 88 6 6
2.551876 245 88 6 6
2.553876 246 89 6 6
2.555876 246 89 6 6
2.557876 246 89 6 6
2.559876 246 89 6 6
2.561876 246 90 6 6
2.563876 246 90 6 6
2.565876 246 90 6 7
2.567876 246 90 6 7
2.569876 246 91 7 7
2.571876 246 91 7 7
2.573876 246 91 7 7
2.575876 246 91 7 8
2.577876 246 91 7 8
2.579876 246 92 7 8
2.581876 246 92 7 8
2.583876 246 92 7 8
2.585876 246 92 7 8
2.587876 246 93 8 9
2.589876 246 93 8 9
2.591876 246 93 8 9
2.593876 246 94 8 9
2.595876 246 94 8 9
2.597876 246 95 8 9
2.599876 246 95 8 9
2.601876 246 95 8 9
2.603876 246 96 9 9
2.605876 246 96 9 9
2.607876 246 96 9 9
2.609876 246 97 9 9
2.611876 246 97 9 9
2.613876 246 97 9 9
2.615876 246 98 9 9
2.617876 246 98 9 9
2.619876 247 99 10 10
2.621876 247 99 10 10
2.623876 247 99 10 10
2.625876 247 100 10 10
2.627876 247 100 10 10
2.629876 247 100 10 10
2.631876 247 101 10 10
2.633876 247 101 10 10
2.635876 247 101 10 10
2.637876 247 102 10 10
2.639876 247 102 10 10
2.641876 247 102 10 10
2.643876 247 103 10 10
2.645876 247 103 10 10
2.647876 247 104 10 10
2.649876 247 104 10 10
2.651876 247 104 10 10
2.653876 247 105 10 10
2.655876 247 105 10 10
2.657876 247 106 10 10
2.659876 247 106 10 10
2.661876 247 107 10 10
2.663876 247 107 10 10
2.665876 247 108 10 10
2.667876 247 108 10 10
2.669876 247 109 10 10
2.671876 247 109 10 10
2.673876 247 109 10 10
2.675876 247 110 10 10
2.677876 247 110 10 10
2.679876 247 111 10 10
2.681876 247 111 10 10
2.683876 247 112 10 10
2.685876 247 112 10 10
2.687876 248 113 9 9
2.689876 248 113 9 9
2.691876 248 114 9 9
2.693876 248 114 9 9
2.695876 248 115 8 8
2.697876 248 116 8 8
2.699876 248 116 8 8
2.701876 248 117 8 8
2.703876 249 117 7 7
2.705876 249 118 7 7
2.707876 249 118 7 7
2.709876 249 119 7 7
2.711876 249 119 6 6
2.713876 249 120 6 6
2.715876 249 120 6 6
2.717876 249 121 6 6
2.719876 249 121 6 6
2.721876 249 121 6 6
2.723876 249 121 6 6
2.725876 248 121 6 6
2.727876 248 121 6 6
2.729876 247 120 7 7
2.731876 247 120 7 7
2.733876 247 120 7 7
2.735876 246 120 7 7
2.737876 246 119 8 8
2.739876 245 119 8 8
2.741876 245 119 8 8
2.743876 244 119 8 8
2.745876 244 118 9 9
2.747876 244 118 9 9
2.749876 243 118 9 9
2.751876 243 118 9 9
2.753876 242 117 10 10
2.755876 242 117 10 10
2.757876 242 117 10 10
2.759876 241 116 10 10
2.761876 241 116 10 10
2.763876 241 116 10 10
2.765876 240 115 10 10
2.767876 240 115 10 10
2.769876 239 114 10 10
2.771876 239 114 10 10
2.773876 239 114 10 10
2.775876 238 113 10 10
2.777876 238 113 10 10
2.779876 238 113 10 10
2.781876 237 112 10 10
2.783876 237 112 10 10
2.785876 237 112 10 10
2.787876 236 111 9 9
2.789876 236 111 9 9
2.791876 235 111 9 9
2.793876 235 111 9 9
2.795876 235 111 9 9
2.797876 234 110 9 9
2.799876 234 110 9 9
2.801876 233 110 9 9
2.803876 233 110 8 8
2.805876 232 110 8 8
2.807876 232 110 8 8
2.809876 232 109 8 8
2.811876 231 109 8 8
2.813876 231 109 8 8
2.815876 230 109 8 8
2.817876 230 109 8 8
2.819876 229 108 7 8
2.821876 229 108 7 8
2.823876 229 108 7 8
2.825876 228 107 7 8
2.827876 228 107 7 8
2.829876 227 107 7 8
2.831876 227 106 7 8
2.833876 227 106 7 8
2.835876 226 106 7 8
2.837876 226 105 7 8
2.839876 225 105 7 8
2.841876 225 105 7 8
2.843876 224 104 7 8
2.845876 224 104 7 8
2.847876 224 103 7 8
2.849876 223 103 7 8
2.851876 223 103 7 8
2.853876 222 102 7 8
2.855876 222 102 7 8
2.857876 222 102 7 8
2.859876 221 102 7 8
2.861876 221 102 7 8
2.863876 220 102 7 8
2.865876 220 101 8 8
2.867876 219 101 8 8
2.869876 219 101 8 9
2.871876 219 101 8 9
2.873876 218 101 8 9
2.875876 218 100 9 9
2.877876 217 100 9 9
2.879876 217 100 9 9
2.881876 216 100 9 9
2.883876 216 100 9 9
2.885876 216 100 9 9
2.887876 215 99 10 10
2.889876 215 99 10 10
2.891876 214 99 10 10
2.893876 214 98 10 10
2.895876 213 98 10 10
2.897876 213 98 10 10
2.899876 212 97 10 10
2.901876 212 97 10 10
2.903876 211 97 10 10
2.905876 211 97 10 10
2.907876 210 96 10 10
2.909876 210 96 10 10
2.911876 209 96 10 10
2.913876 209 95 10 10
2.915876 208 95 10 10
2.917876 208 95 10 10
2.919876 207 94 10 10
2.921876 207 94 10 10
2.923876 207 94 10 10
2.925876 206 94 10 10
2.927876 206 94 10 10
2.929876 205 94 10 10
2.931876 205 93 10 10
2.933876 204 93 10 10
2.935876 204 93 10 10
2.937876 203 93 10 10
2.939876 203 93 10 10
2.941876 202 93 10 10
2.943876 202 92 10 10
2.945876 201 92 10 10
2.947876 201 92 10 10
2.949876 200 92 10 10
2.951876 200 92 10 10
2.953876 199 91 10 10
2.955876 199 91 10 10
2.957876 199 91 10 10
2.959876 198 90 10 10
2.961876 198 90 10 10
2.963876 198 90 10 10
2.965876 198 90 10 10
2.967876 197 89 10 10
2.969876 197 89 10 10
2.971876 197 89 10 10
2.973876 196 88 10 10
2.975876 196 88 10 10
2.977876 196 88 10 10
2.979876 195 87 10 10
2.981876 195 87 10 10
2.983876 195 87 10 10
2.985876 195 87 10 10
2.987876 194 86 10 10
2.989876 194 86 10 10
2.991876 193 86 10 10
2.993876 193 86 10 10
2.995876 192 86 10 10
2.997876 192 86 10 10
2.999876 191 86 10 10
3.001876 191 86 10 10
3.003876 190 86 10 10
3.005876 190 86 10 10
3.007876 189 86 10 10
3.009876 189 86 10 10
3.011876 188 86 10 10
3.013876 188 86 10 10
3.015876 187 86 10 10
3.017876 187 86 10 10
3.019876 186 85 10 10
3.021876 186 85 10 10
3.023876 186 85 10 10
3.025876 185 85 10 10
3.027876 185 85 10 10
3.029876 185 85 10 10
3.031876 184 84 10 10
3.033876 184 84 10 10
3.035876 184 84 10 10
3.037876 183 84 10 10
3.039876 183 84 10 10
3.041876 183 84 10 10
3.043876 182 83 10 10
3.045876 182 83 10 10
3.047876 181 83 10 10
3.049876 181 83 10 10
3.051876 181 83 10 10
3.053876 180 82 10 10
3.055876 180 82 10 10
3.057876 180 82 10 10
3.059876 179 82 10 10
3.061876 179 82 10 10
3.063876 179 82 10 10
3.065876 179 82 10 10
3.067876 178 82 10 10
3.069876 178 81 10 10
3.071876 178 81 10 10
3.073876 177 81 10 10
3.075876 177 81 10 10
3.077876 177 81 10 10
3.079876 176 81 10 10
3.081876 176 81 10 10
3.083876 176 81 10 10
3.085876 176 81 10 10
3.087876 175 80 10 10
3.089876 175 80 10 10
3.091876 174 80 10 10
3.093876 174 80 10 10
3.095876 174 80 10 10
3.097876 173 80 10 10
3.099876 173 80 10 10
3.101876 172 80 10 10
3.103876 172 79 10 10
3.105876 171 79 10 10
3.107876 171 79 10 10
3.109876 171 79 10 10
3.111876 170 79 10 10
3.113876 170 79 10 10
3.115876 169 79 10 10
3.117876 169 79 10 10
3.119876 168 79 9 9
3.121876 168 79 9 9
3.123876 168 79 9 9
3.125876 167 79 9 9
3.127876 167 79 8 9
3.129876 167 79 8 8
3.131876 166 79 8 8
3.133876 166 79 7 8
3.135876 166 79 7 8
3.137876 165 79 7 7
3.139876 165 79 6 7
3.141876 165 79 6 7
3.143876 164 79 6 7
3.145876 164 79 6 6
3.147876 163 79 5 6
3.149876 163 79 5 6
3.151876 163 79 5 6
3.153876 162 79 5 6
3.155876 162 79 5 6
3.157876 162 79 5 6
3.159876 161 79 6 6
3.161876 161 79 6 7
3.163876 160 79 6 7
3.165876 160 79 6 7
3.167876 159 79 7 7
3.169876 159 79 7 8
3.171876 159 79 7 8
3.173876 158 79 8 8
3.175876 158 79 8 8
3.177876 157 79 8 8
3.179876 157 79 9 9
3.181876 156 79 9 9
3.183876 156 79 9 9
3.185876 156 79 9 9
3.187876 155 78 10 10
3.189876 155 78 10 10
3.191876 155 78 10 10
3.193876 155 78 10 10
3.195876 154 78 10 10
3.197876 154 78 10 10
3.199876 154 78 10 10
3.201876 154 78 10 10
3.203876 153 77 10 10
3.205876 153 77 10 10
3.207876 153 77 10 10
3.209876 153 77 10 10
3.211876 152 77 10 10
3.213876 152 77 10 10
3.215876 152 77 10 10
3.217876 152 77 10 10
3.219876 151 77 10 10
3.221876 151 77 10 10
3.223876 150 77 10 10
3.225876 150 77 10 10
3.227876 149 77 10 10
3.229876 149 77 10 10
3.231876 148 77 10 10
3.233876 148 77 10 10
3.235876 147 77 10 10
3.237876 147 77 10 10
3.239876 146 77 10 10
3.241876 146 77 10 10
3.243876 145 77 10 10
3.245876 144 77 10 10
3.247876 144 77 10 10
3.249876 143 77 10 10
3.251876 143 77 10 10
3.253876 142 77 10 10
3.255876 142 77 10 10
3.257876 141 77 10 10
3.259876 141 77 10 10
3.261876 140 77 10 10
3.263876 140 77 10 10
3.265876 139 77 10 10
3.267876 139 77 10 10
3.269876 138 78 10 10
3.271876 138 78 10 10
3.273876 138 78 10 10
3.275876 137 78 10 10
3.277876 137 78 10 10
3.279876 136 78 10 10
3.281876 136 78 10 10
3.283876 135 78 10 10
3.285876 135 78 10 10
3.287876 134 79 10 10
3.289876 134 79 10 10
3.291876 134 79 10 10
3.293876 134 79 10 10
3.295876 134 79 10 10
3.297876 133 79 10 10
3.299876 133 79 10 10
3.301876 133 79 10 10
3.303876 133 79 10 10
3.305876 133 79 10 10
3.307876 133 79 10 10
3.309876 132 79 10 10
3.311876 132 79 10 10
3.313876 132 79 10 10
3.315876 132 79 10 10
3.317876 132 79 10 10
3.319876 131 78 10 10
3.321876 131 78 10 10
3.323876 131 78 10 10
3.325876 131 78 10 10
3.327876 130 78 10 10
3.329876 130 78 10 10
3.331876 130 78 10 10
3.333876 129 78 10 10
3.335876 129 78 10 10
3.337876 129 78 10 10
3.339876 128 78 10 10
3.341876 128 78 10 10
3.343876 128 78 10 10
3.345876 128 78 10 10
3.347876 127 78 10 10
3.349876 127 78 10 10
3.351876 127 78 10 10
3.353876 126 78 10 10
3.355876 126 78 10 10
3.357876 126 78 10 10
3.359876 125 78 10 10
3.361876 125 78 10 10
3.363876 125 78 10 10
3.365876 125 78 10 10
3.367876 124 78 10 10
3.369876 124 78 10 10
3.371876 124 78 10 10
3.373876 123 78 10 10
3.375876 123 78 10 10
3.377876 123 78 10 10
3.379876 122 78 10 10
3.381876 122 78 10 10
3.383876 122 78 10 10
3.385876 122 78 10 10
3.387876 121 79 10 10
3.389876 121 79 10 10
3.391876 121 79 10 10
3.393876 120 79 10 10
3.395876 120 79 10 10
3.397876 119 79 10 10
3.399876 119 79 10 10
3.401876 119 79 10 10
3.403876 118 79 10 10
3.405876 118 79 10 10
3.407876 118 79 10 10
3.409876 117 79 10 10
3.411876 117 79 10 10
3.413876 117 79 10 10
3.415876 116 79 10 10
3.417876 116 79 10 10
3.419876 115 80 9 9
3.421876 115 80 9 9
3.423876 115 80 9 9
3.425876 115 80 9 9
3.427876 115 80 8 8
3.429876 115 81 8 8
3.431876 114 81 8 8
3.433876 114 81 7 7
3.435876 114 81 7 7
3.437876 114 82 7 7
3.439876 114 82 6 6
3.441876 114 82 6 6
3.443876 113 82 6 6
3.445876 113 83 6 6
3.447876 113 83 5 5
3.449876 113 83 5 5
3.451876 113 83 5 5
3.453876 112 84 5 5
3.455876 112 84 5 5
3.457876 111 84 5 5
3.459876 111 84 6 6
3.461876 110 84 6 6
3.463876 110 84 6 6
3.465876 109 84 6 6
3.467876 109 84 7 7
3.469876 108 84 7 7
3.471876 108 84 7 7
3.473876 108 84 8 8
3.475876 107 84 8 8
3.477876 107 84 8 8
3.479876 106 84 9 9
3.481876 106 84 9 9
3.483876 105 84 9 9
3.485876 105 84 9 9
3.487876 104 84 10 10
3.489876 104 84 10 10
3.491876 104 84 10 10
3.493876 103 84 10 10
3.495876 103 84 10 10
3.497876 103 85 10 10
3.499876 102 85 10 10
3.501876 102 85 10 10
3.503876 102 85 10 10
3.505876 102 85 10 10
3.507876 101 85 10 10
3.509876 101 86 10 10
3.511876 101 86 10 10
3.513876 100 86 10 10
3.515876 100 86 10 10
3.517876 100 86 10 10
3.519876 99 87 10 10
3.521876 99 87 10 10
3.523876 99 87 10 10
3.525876 99 87 10 10
3.527876 98 87 10 10
3.529876 98 87 10 10
3.531876 98 87 10 10
3.533876 97 87 10 10
3.535876 97 87 10 10
3.537876 97 88 10 10
3.539876 96 88 10 10
3.541876 96 88 10 10
3.543876 96 88 10 10
3.545876 96 88 10 10
3.547876 95 88 10 10
3.549876 95 88 10 10
3.551876 95 88 10 10
3.553876 94 89 10 10
3.555876 94 89 10 10
3.557876 94 89 10 10
3.559876 94 89 10 10
3.561876 93 89 10 10
3.563876 93 89 10 10
3.565876 93 89 10 10
3.567876 93 89 10 10
3.569876 92 90 10 10
3.571876 92 90 10 10
3.573876 92 90 10 10
3.575876 92 90 10 10
3.577876 92 90 10 10
3.579876 91 90 10 10
3.581876 91 90 10 10
3.583876 91 90 10 10
3.585876 91 90 10 10
3.587876 90 91 10 10
3.589876 90 91 10 10
3.591876 90 91 10 10
3.593876 89 91 10 10
3.595876 89 91 10 10
3.597876 88 92 10 10
3.599876 88 92 10 10
3.601876 88 92 10 10
3.603876 87 92 10 10
3.605876 87 92 10 10
3.607876 87 92 10 10
3.609876 86 93 10 10
3.611876 86 93 10 10
3.613876 86 93 10 10
3.615876 85 93 10 10
3.617876 85 93 10 10
3.619876 84 94 10 10
3.621876 84 94 10 10
3.623876 84 94 10 10
3.625876 84 94 10 10
3.627876 83 94 10 10
3.629876 83 94 10 10
3.631876 83 95 10 10
3.633876 82 95 10 10
3.635876 82 95 10 10
3.637876 82 95 10 10
3.639876 81 95 10 10
3.641876 81 95 10 10
3.643876 81 96 10 10
3.645876 81 96 10 10
3.647876 80 96 10 10
3.649876 80 96 10 10
3.651876 80 96 10 10
3.653876 79 97 9 9
3.655876 79 97 9 9
3.657876 79 97 9 9
3.659876 79 97 8 8
3.661876 79 98 8 8
3.663876 79 98 8 8
3.665876 78 98 8 8
3.667876 78 98 7 7
3.669876 78 99 7 7
3.671876 78 99 7 7
3.673876 78 99 6 6
3.675876 77 99 6 6
3.677876 77 99 6 6
3.679876 77 100 5 5
3.681876 77 100 5 5
3.683876 77 100 5 5
3.685876 77 100 5 5
3.687876 76 101 5 5
3.689876 76 101 5 5
3.691876 76 101 5 5
3.693876 75 101 6 6
3.695876 75 101 6 6
3.697876 75 101 6 6
3.699876 74 101 7 7
3.701876 74 101 7 7
3.703876 74 101 7 7
3.705876 74 101 7 7
3.707876 73 101 8 8
3.709876 73 101 8 8
3.711876 73 101 8 8
3.713876 72 101 9 9
3.715876 72 101 9 9
3.717876 72 101 9 9
3.719876 71 101 10 10
3.721876 71 101 10 10
3.723876 71 101 10 10
3.725876 70 102 10 10
3.727876 70 102 10 10
3.729876 70 102 10 10
3.731876 69 103 10 10
3.733876 69 103 10 10
3.735876 69 103 10 10
3.737876 68 104 10 10
3.739876 68 104 10 10
3.741876 68 104 10 10
3.743876 67 105 10 10
3.745876 67 105 10 10
3.747876 66 106 10 10
3.749876 66 106 10 10
3.751876 66 106 10 10
3.753876 65 107 9 9
3.755876 65 107 9 9
3.757876 65 107 9 9
3.759876 65 108 8 8
3.761876 65 108 8 8
3.763876 65 108 8 8
3.765876 64 109 7 8
3.767876 64 109 7 7
3.769876 64 110 6 7
3.771876 64 110 6 7
3.773876 64 110 6 6
3.775876 63 111 5 6
3.777876 63 111 5 6
3.779876 63 111 5 5
3.781876 63 112 4 5
3.783876 63 112 4 5
3.785876 63 112 4 5
3.787876 62 113 4 5
3.789876 62 113 4 5
3.791876 62 113 4 5
3.793876 61 113 5 6
3.795876 61 113 5 6
3.797876 60 114 6 6
3.799876 60 114 6 7
3.801876 60 114 6 7
3.803876 59 114 7 7
3.805876 59 114 7 7
3.807876 59 114 7 8
3.809876 58 115 8 8
3.811876 58 115 8 8
3.813876 58 115 8 9
3.815876 57 115 9 9
3.817876 57 115 9 9
3.819876 56 116 10 10
3.821876 56 116 10 10
3.823876 56 116 10 10
3.825876 56 116 10 10
3.827876 56 116 10 10
3.829876 56 116 10 10
3.831876 55 116 10 10
3.833876 55 116 10 10
3.835876 55 116 10 10
3.837876 55 117 10 10
3.839876 55 117 10 10
3.841876 55 117 10 10
3.843876 54 117 10 10
3.845876 54 117 10 10
3.847876 54 117 10 10
3.849876 54 117 10 10
3.851876 54 117 10 10
3.853876 53 118 10 10
3.855876 53 118 10 10
3.857876 53 119 10 10
3.859876 52 119 10 10
3.861876 52 120 10 10
3.863876 52 120 10 10
3.865876 52 121 10 10
3.867876 51 121 10 10
3.869876 51 122 10 10
3.871876 51 122 10 10
3.873876 50 122 10 10
3.875876 50 123 10 10
3.877876 50 123 10 10
3.879876 49 124 10 10
3.881876 49 124 10 10
3.883876 49 125 10 10
3.885876 49 125 10 10
3.887876 48 126 10 10
3.889876 48 126 10 10
3.891876 48 126 10 10
3.893876 47 126 10 10
3.895876 47 126 10 10
3.897876 47 126 10 10
3.899876 46 126 10 10
3.901876 46 126 10 10
3.903876 46 126 10 10
3.905876 46 126 10 10
3.907876 45 126 10 10
3.909876 45 126 10 10
3.911876 45 126 10 10
3.913876 44 126 10 10
3.915876 44 126 10 10
3.917876 44 126 10 10
3.919876 43 127 10 10
3.921876 43 127 10 10
3.923876 43 127 10 10
3.925876 43 128 10 10
3.927876 43 128 10 10
3.929876 42 128 10 10
3.931876 42 129 10 10
3.933876 42 129 10 10
3.935876 42 129 10 10
3.937876 41 130 10 10
3.939876 41 130 10 10
3.941876 41 130 10 10
3.943876 41 131 10 10
3.945876 40 131 10 10
3.947876 40 132 10 10
3.949876 40 132 10 10
3.951876 40 132 10 10
