0.020510 97 124 4 4
0.022510 97 123 4 4
0.024510 97 123 4 4
0.026510 97 122 5 5
0.028510 97 122 5 5
0.030510 97 121 5 5
0.032510 97 121 6 6
0.034510 97 121 6 6
0.036510 97 120 6 6
0.038510 97 120 7 7
0.040510 97 119 7 7
0.042510 97 119 7 7
0.044510 97 118 8 8
0.046510 97 118 8 8
0.048510 97 118 9 9
0.050510 97 117 9 9
0.052510 97 117 9 9
0.054510 97 116 9 9
0.056510 97 116 9 9
0.058510 97 116 9 9
0.060510 97 115 9 8
0.062510 97 115 8 8
0.064510 97 115 8 8
0.066510 97 114 8 7
0.068510 97 114 8 7
0.070510 98 113 7 6
0.072510 98 113 7 6
0.074510 98 113 7 6
0.076510 98 112 7 5
0.078510 98 112 7 5
0.080510 98 112 6 5
0.082510 98 111 6 4
0.084510 98 111 6 4
0.086510 98 111 6 4
0.088510 99 110 6 4
0.090510 99 110 6 4
0.092510 99 109 6 4
0.094510 99 109 6 5
0.096510 99 108 7 5
0.098510 99 107 7 6
0.100510 99 107 7 6
0.102510 99 106 7 6
0.104510 99 106 8 7
0.106510 99 105 8 7
0.108510 99 105 8 7
0.110510 99 104 8 8
0.112510 99 104 9 8
0.114510 99 103 9 8
0.116510 99 103 9 9
0.118510 99 102 9 9
0.120510 100 101 10 10
0.122510 100 101 10 10
0.124510 100 101 10 10
0.126510 100 100 10 10
0.128510 100 100 10 10
0.130510 100 100 10 10
0.132510 100 99 10 10
0.134510 100 99 10 10
0.136510 100 99 10 10
0.138510 100 98 10 10
0.140510 100 98 10 10
0.142510 100 98 10 10
0.144510 100 97 10 10
0.146510 100 97 10 10
0.148510 100 96 10 10
0.150510 100 96 10 10
0.152510 100 96 10 10
0.154510 101 95 10 10
0.156510 101 95 10 10
0.158510 101 95 10 10
0.160510 101 94 10 10
0.162510 101 94 10 10
0.164510 101 94 10 10
0.166510 101 94 10 10
0.168510 101 93 10 10
0.170510 102 93 10 10
0.172510 102 93 10 10
0.174510 102 92 10 10
0.176510 102 92 10 10
0.178510 102 92 10 10
0.180510 102 91 10 10
0.182510 102 91 10 10
0.184510 102 91 10 10
0.186510 102 91 10 10
0.188510 103 90 9 9
0.190510 103 90 9 9
0.192510 103 90 9 9
0.194510 103 90 9 8
0.196510 103 89 8 8
0.198510 103 89 8 8
0.200510 103 89 8 7
0.202510 103 89 8 7
0.204510 104 88 7 7
0.206510 104 88 7 7
0.208510 104 88 7 6
0.210510 104 88 7 6
0.212510 104 87 6 6
0.214510 104 87 6 5
0.216510 104 87 6 5
0.218510 104 87 6 5
0.220510 105 86 6 5
0.222510 105 86 6 5
0.224510 105 86 6 5
0.226510 105 85 6 5
0.228510 105 85 6 6
0.230510 105 84 7 6
0.232510 105 84 7 6
0.234510 105 83 7 7
0.236510 105 83 7 7
0.238510 105 82 8 7
0.240510 105 82 8 8
0.242510 105 81 8 8
0.244510 105 81 8 8
0.246510 105 80 9 8
0.248510 105 80 9 9
0.250510 105 79 9 9
0.252510 105 79 9 9
0.254510 105 78 10 10
0.256510 105 78 10 10
0.258510 105 78 10 10
0.260510 105 78 10 10
0.262510 105 77 10 10
0.264510 105 77 10 10
0.266510 105 77 10 10
0.268510 105 77 10 10
0.270510 106 76 10 10
0.272510 106 76 10 10
0.274510 106 76 10 10
0.276510 106 76 10 10
0.278510 106 76 10 10
0.280510 106 75 10 10
0.282510 106 75 10 10
0.284510 106 75 10 10
0.286510 106 75 10 10
0.288510 107 74 10 10
0.290510 107 74 10 10
0.292510 107 74 10 10
0.294510 107 73 10 10
0.296510 107 73 10 10
0.298510 107 73 10 10
0.300510 107 72 10 10
0.302510 107 72 10 10
0.304510 107 72 10 10
0.306510 107 72 10 10
0.308510 107 71 10 10
0.310510 107 71 10 10
0.312510 107 71 10 10
0.314510 107 70 10 10
0.316510 107 70 10 10
0.318510 107 70 10 10
0.320510 108 69 10 10
0.322510 108 69 10 10
0.324510 108 69 10 10
0.326510 108 69 10 10
0.328510 108 69 10 10
0.330510 108 68 10 10
0.332510 108 68 10 10
0.334510 108 68 10 10
0.336510 108 68 10 10
0.338510 108 67 10 10
0.340510 108 67 10 10
0.342510 108 67 10 10
0.344510 108 67 10 10
0.346510 108 66 10 10
0.348510 108 66 10 10
0.350510 108 66 10 10
0.352510 108 66 10 10
0.354510 109 65 10 10
0.356510 109 65 10 10
0.358510 109 65 10 10
0.360510 109 65 10 10
0.362510 109 65 10 10
0.364510 109 65 10 10
0.366510 109 65 10 10
0.368510 109 65 10 10
0.370510 109 64 10 10
0.372510 109 64 10 10
0.374510 109 64 10 10
0.376510 109 64 10 10
0.378510 109 64 10 10
0.380510 109 64 10 10
0.382510 109 64 10 10
0.384510 109 64 10 10
0.386510 109 64 10 10
0.388510 110 63 10 10
0.390510 110 63 10 10
0.392510 110 63 10 10
0.394510 110 62 10 10
0.396510 110 62 10 10
0.398510 110 62 10 10
0.400510 110 61 10 10
0.402510 110 61 10 10
0.404510 110 61 10 10
0.406510 110 61 10 10
0.408510 110 60 10 10
0.410510 110 60 10 10
0.412510 110 60 10 10
0.414510 110 59 10 10
0.416510 110 59 10 10
0.418510 110 59 10 10
0.420510 111 58 9 9
0.422510 111 58 9 9
0.424510 111 58 9 9
0.426510 111 58 9 9
0.428510 111 58 9 9
0.430510 111 58 8 8
0.432510 112 58 8 8
0.434510 112 58 8 8
0.436510 112 58 8 8
0.438510 112 57 7 7
0.440510 112 57 7 7
0.442510 112 57 7 7
0.444510 113 57 7 7
0.446510 113 57 6 6
0.448510 113 57 6 6
0.450510 113 57 6 6
0.452510 113 57 6 6
0.454510 114 56 6 6
0.456510 114 56 6 6
0.458510 114 56 6 6
0.460510 114 55 6 6
0.462510 114 55 7 7
0.464510 114 55 7 7
0.466510 114 55 7 7
0.468510 114 54 7 7
0.470510 114 54 8 8
0.472510 114 54 8 8
0.474510 114 53 8 8
0.476510 114 53 8 8
0.478510 114 53 8 8
0.480510 114 52 9 9
0.482510 114 52 9 9
0.484510 114 52 9 9
0.486510 114 52 9 9
0.488510 114 51 10 10
0.490510 114 51 10 10
0.492510 114 51 10 10
0.494510 114 51 10 10
0.496510 114 51 10 10
0.498510 114 50 10 10
0.500510 114 50 10 10
0.502510 114 50 10 10
0.504510 114 50 10 10
0.506510 114 50 10 10
0.508510 114 50 10 10
0.510510 114 49 10 10
0.512510 114 49 10 10
0.514510 114 49 10 10
0.516510 114 49 10 10
0.518510 114 49 10 10
0.520510 115 48 10 10
0.522510 115 48 10 10
0.524510 115 48 10 10
0.526510 115 48 10 10
0.528510 115 48 10 10
0.530510 115 48 10 10
0.532510 115 48 10 10
0.534510 115 48 10 10
0.536510 115 48 10 10
0.538510 115 47 10 10
0.540510 115 47 10 10
0.542510 115 47 10 10
0.544510 115 47 10 10
0.546510 115 47 10 10
0.548510 115 47 10 10
0.550510 115 47 10 10
0.552510 115 47 10 10
0.554510 116 46 10 10
0.556510 116 46 10 10
0.558510 116 46 10 10
0.560510 116 46 10 10
0.562510 116 46 10 10
0.564510 116 46 10 10
0.566510 116 46 10 10
0.568510 116 46 10 10
0.570510 116 46 10 10
0.572510 116 46 10 10
0.574510 116 46 10 10
0.576510 116 46 10 10
0.578510 116 46 10 10
0.580510 116 46 10 10
0.582510 116 46 10 10
0.584510 116 46 10 10
0.586510 116 46 10 10
0.588510 117 45 10 10
0.590510 117 45 10 10
0.592510 117 45 10 10
0.594510 117 45 10 10
0.596510 117 45 10 10
0.598510 117 45 10 10
0.600510 117 45 10 10
0.602510 117 45 10 10
0.604510 118 44 10 10
0.606510 118 44 10 10
0.608510 118 44 10 10
0.610510 118 44 10 10
0.612510 118 44 10 10
0.614510 118 44 10 10
0.616510 118 44 10 10
0.618510 118 44 10 10
0.620510 119 44 10 10
0.622510 119 44 10 10
0.624510 119 44 10 10
0.626510 119 44 10 10
0.628510 119 44 10 10
0.630510 119 44 10 10
0.632510 119 44 10 10
0.634510 119 44 10 10
0.636510 119 44 10 10
0.638510 120 44 10 10
0.640510 120 44 10 10
0.642510 120 44 10 10
0.644510 120 44 10 10
0.646510 120 44 10 10
0.648510 120 44 10 10
0.650510 120 44 10 10
0.652510 120 44 10 10
0.654510 121 43 10 10
0.656510 121 43 10 10
0.658510 121 43 10 10
0.660510 121 43 10 10
0.662510 121 43 10 10
0.664510 121 43 10 10
0.666510 121 43 10 10
0.668510 121 43 10 10
0.670510 121 42 10 10
0.672510 121 42 10 10
0.674510 121 42 10 10
0.676510 121 42 10 10
0.678510 121 42 10 10
0.680510 121 42 10 10
0.682510 121 42 10 10
0.684510 121 42 10 10
0.686510 121 42 10 10
0.688510 121 42 10 10
0.690510 121 42 10 10
0.692510 121 42 10 10
0.694510 121 42 10 10
0.696510 121 42 10 10
0.698510 121 42 10 10
0.700510 121 42 10 10
0.702510 121 42 10 10
0.704510 122 42 10 10
0.706510 122 42 10 10
0.708510 122 42 10 10
0.710510 122 42 10 10
0.712510 122 42 10 10
0.714510 122 42 10 10
0.716510 122 42 10 10
0.718510 122 42 10 10
0.720510 123 41 10 10
0.722510 123 41 10 10
0.724510 123 41 10 10
0.726510 123 41 10 10
0.728510 123 41 10 10
0.730510 123 41 10 10
0.732510 123 41 10 10
0.734510 123 41 10 10
0.736510 123 41 10 10
0.738510 123 40 10 10
0.740510 123 40 10 10
0.742510 123 40 10 10
0.744510 123 40 10 10
0.746510 123 40 10 10
0.748510 123 40 10 10
0.750510 123 40 10 10
0.752510 123 40 10 10
0.754510 124 40 10 10
0.756510 124 40 10 10
0.758510 124 40 10 10
0.760510 124 40 10 10
0.762510 124 40 10 10
0.764510 124 40 10 10
0.766510 124 40 10 10
0.768510 124 40 10 10
0.770510 125 40 10 10
0.772510 125 40 10 10
0.774510 125 40 10 10
0.776510 125 40 10 10
0.778510 125 40 10 10
0.780510 125 40 10 10
0.782510 125 40 10 10
0.784510 125 40 10 10
0.786510 125 40 10 10
0.788510 126 41 10 10
0.790510 126 41 10 10
0.792510 126 41 10 10
0.794510 126 41 10 10
0.796510 126 41 10 10
0.798510 126 41 10 10
0.800510 126 41 10 10
0.802510 126 41 10 10
0.804510 126 41 10 10
0.806510 126 41 10 10
0.808510 126 41 10 10
0.810510 126 41 10 10
0.812510 126 41 10 10
0.814510 126 41 10 10
0.816510 126 41 10 10
0.818510 126 41 10 10
0.820510 126 41 10 10
0.822510 126 41 10 10
0.824510 126 41 10 10
0.826510 126 41 10 10
0.828510 126 41 10 10
0.830510 126 41 10 10
0.832510 126 41 10 10
0.834510 126 41 10 10
0.836510 126 41 10 10
0.838510 126 41 10 10
0.840510 126 41 10 10
0.842510 126 41 10 10
0.844510 126 41 10 10
0.846510 126 41 10 10
0.848510 126 41 10 10
0.850510 126 41 10 10
0.852510 126 41 10 10
0.854510 127 41 10 10
0.856510 127 41 10 10
0.858510 127 41 10 10
0.860510 127 41 10 10
0.862510 127 41 10 10
0.864510 127 41 10 10
0.866510 127 41 10 10
0.868510 127 41 10 10
0.870510 128 42 10 10
0.872510 128 42 10 10
0.874510 128 42 10 10
0.876510 128 42 10 10
0.878510 128 42 10 10
0.880510 128 42 10 10
0.882510 128 42 10 10
0.884510 128 42 10 10
0.886510 128 42 10 10
0.888510 128 43 10 10
0.890510 128 43 10 10
0.892510 128 43 10 10
0.894510 128 43 10 10
0.896510 128 43 10 10
0.898510 128 43 10 10
0.900510 128 43 10 10
0.902510 128 43 10 10
0.904510 128 43 10 10
0.906510 128 43 10 10
0.908510 128 43 10 10
0.910510 128 43 10 10
0.912510 128 43 10 10
0.914510 128 43 10 10
0.916510 128 43 10 10
0.918510 128 43 10 10
0.920510 128 43 10 10
0.922510 128 43 10 10
0.924510 128 43 10 10
0.926510 128 43 10 10
0.928510 128 43 10 10
0.930510 128 43 10 10
0.932510 128 43 10 10
0.934510 128 43 10 10
0.936510 128 43 10 10
0.938510 129 44 10 10
0.940510 129 44 10 10
0.942510 129 44 10 10
0.944510 129 44 10 10
0.946510 129 44 10 10
0.948510 129 44 10 10
0.950510 129 44 10 10
0.952510 129 44 10 10
0.954510 130 45 10 10
0.956510 130 45 10 10
0.958510 130 45 10 10
0.960510 130 45 10 10
0.962510 130 45 10 10
0.964510 130 45 10 10
0.966510 130 45 10 10
0.968510 130 45 10 10
0.970510 130 46 10 10
0.972510 130 46 10 10
0.974510 130 46 10 10
0.976510 130 46 10 10
0.978510 130 46 10 10
0.980510 130 46 10 10
0.982510 130 46 10 10
0.984510 130 46 10 10
0.986510 130 46 10 10
0.988510 131 47 10 10
0.990510 131 47 10 10
0.992510 131 47 10 10
0.994510 131 47 10 10
0.996510 131 47 10 10
0.998510 131 47 10 10
1.000510 131 47 10 10
1.002510 131 47 10 10
1.004510 131 48 10 10
1.006510 131 48 10 10
1.008510 131 48 10 10
1.010510 131 48 10 10
1.012510 131 48 10 10
1.014510 131 48 10 10
1.016510 131 48 10 10
1.018510 131 48 10 10
1.020510 132 49 10 10
1.022510 132 49 10 10
1.024510 132 49 10 10
1.026510 132 49 10 10
1.028510 132 49 10 10
1.030510 132 50 10 10
1.032510 132 50 10 10
1.034510 132 50 10 10
1.036510 132 50 10 10
1.038510 133 51 10 10
1.040510 133 51 10 10
1.042510 133 51 10 10
1.044510 133 51 10 10
1.046510 133 52 10 10
1.048510 133 52 10 10
1.050510 133 52 10 10
1.052510 133 52 10 10
1.054510 134 53 10 10
1.056510 134 53 10 10
1.058510 134 53 10 10
1.060510 134 53 10 10
1.062510 134 53 10 10
1.064510 134 53 10 10
1.066510 134 54 10 10
1.068510 134 54 10 10
1.070510 134 54 10 10
1.072510 134 54 10 10
1.074510 134 54 10 10
1.076510 134 55 10 10
1.078510 134 55 10 10
1.080510 134 55 10 10
1.082510 134 55 10 10
1.084510 134 55 10 10
1.086510 134 55 10 10
1.088510 135 56 10 10
1.090510 135 56 10 10
1.092510 135 56 10 10
1.094510 135 56 10 10
1.096510 135 57 10 10
1.098510 135 57 10 10
1.100510 135 57 10 10
1.102510 135 57 10 10
1.104510 136 58 10 10
1.106510 136 58 10 10
1.108510 136 58 10 10
1.110510 136 58 10 10
1.112510 136 59 10 10
1.114510 136 59 10 10
1.116510 136 59 10 10
1.118510 136 59 10 10
1.120510 136 60 10 10
1.122510 136 60 10 10
1.124510 136 60 10 10
1.126510 136 60 10 10
1.128510 136 60 10 10
1.130510 136 61 10 10
1.132510 136 61 10 10
1.134510 136 61 10 10
1.136510 136 61 10 10
1.138510 136 62 10 10
1.140510 136 62 10 10
1.142510 136 62 10 10
1.144510 136 62 10 10
1.146510 136 63 10 10
1.148510 136 63 10 10
1.150510 136 63 10 10
1.152510 136 63 10 10
1.154510 136 64 10 10
1.156510 136 64 10 10
1.158510 136 64 10 10
1.160510 136 65 10 10
1.162510 136 65 10 10
1.164510 136 65 10 10
1.166510 136 65 10 10
1.168510 136 66 10 10
1.170510 136 66 10 10
1.172510 136 66 10 10
1.174510 136 67 10 10
1.176510 136 67 10 10
1.178510 136 67 10 10
1.180510 136 68 10 10
1.182510 136 68 10 10
1.184510 136 68 10 10
1.186510 136 68 10 10
1.188510 137 69 9 9
1.190510 137 69 9 9
1.192510 137 69 9 9
1.194510 137 70 9 9
1.196510 137 70 9 9
1.198510 138 71 8 8
1.200510 138 71 8 8
1.202510 138 71 8 8
1.204510 138 72 8 8
1.206510 138 72 8 8
1.208510 138 72 8 8
1.210510 139 73 7 7
1.212510 139 73 7 7
1.214510 139 73 7 7
1.216510 139 74 7 7
1.218510 139 74 7 7
1.220510 140 75 7 7
1.222510 140 75 7 7
1.224510 140 75 7 7
1.226510 140 75 7 7
1.228510 140 75 7 7
1.230510 140 76 7 7
1.232510 140 76 8 8
1.234510 140 76 8 8
1.236510 140 76 8 8
1.238510 140 77 8 8
1.240510 140 77 8 8
1.242510 140 77 8 8
1.244510 140 77 9 9
1.246510 140 78 9 9
1.248510 140 78 9 9
1.250510 140 78 9 9
1.252510 140 78 9 9
1.254510 140 79 10 10
1.256510 140 79 10 10
1.258510 140 80 10 10
1.260510 140 80 10 10
1.262510 140 81 10 10
1.264510 140 81 10 10
1.266510 140 82 10 10
1.268510 140 82 10 10
1.270510 140 83 10 10
1.272510 140 83 10 10
1.274510 140 83 10 10
1.276510 140 84 10 10
1.278510 140 84 10 10
1.280510 140 85 10 10
1.282510 140 85 10 10
1.284510 140 86 10 10
1.286510 140 86 10 10
1.288510 141 87 10 10
1.290510 141 87 10 10
1.292510 141 88 10 10
1.294510 141 88 10 10
1.296510 141 88 10 10
1.298510 141 89 10 10
1.300510 141 89 10 10
1.302510 141 90 10 10
1.304510 142 90 10 10
1.306510 142 91 10 10
1.308510 142 91 10 10
1.310510 142 91 10 10
1.312510 142 92 10 10
1.314510 142 92 10 10
1.316510 142 93 10 10
1.318510 142 93 10 10
1.320510 143 94 9 9
1.322510 143 94 9 9
1.324510 143 94 9 9
1.326510 143 94 9 9
1.328510 143 95 9 9
1.330510 143 95 9 9
1.332510 143 95 9 9
1.334510 143 96 9 9
1.336510 143 96 9 9
1.338510 143 96 9 8
1.340510 143 97 9 8
1.342510 143 97 9 8
1.344510 143 97 9 8
1.346510 143 97 9 8
1.348510 143 98 9 8
1.350510 143 98 9 8
1.352510 143 98 9 8
1.354510 143 99 9 8
1.356510 143 99 9 8
1.358510 143 99 9 8
1.360510 143 100 9 8
1.362510 143 100 9 8
1.364510 143 101 9 8
1.366510 143 101 9 8
1.368510 143 102 9 8
1.370510 144 102 9 9
1.372510 144 102 9 9
1.374510 144 103 9 9
1.376510 144 103 9 9
1.378510 144 104 9 9
1.380510 144 104 9 9
1.382510 144 105 9 9
1.384510 144 105 9 9
1.386510 144 105 9 9
1.388510 145 106 10 10
1.390510 145 106 10 10
1.392510 145 106 10 10
1.394510 145 106 10 10
1.396510 145 106 10 10
1.398510 145 106 10 10
1.400510 145 106 10 10
1.402510 145 106 10 10
1.404510 145 107 10 10
1.406510 145 107 10 10
1.408510 145 107 10 10
1.410510 145 107 10 10
1.412510 145 107 10 10
1.414510 145 107 10 10
1.416510 145 107 10 10
1.418510 145 107 10 10
1.420510 145 107 10 10
1.422510 145 107 10 10
1.424510 145 106 10 10
1.426510 145 106 10 10
1.428510 145 105 10 10
1.430510 145 104 10 10
1.432510 145 104 10 10
1.434510 145 103 10 10
1.436510 145 103 10 10
1.438510 145 102 10 10
1.440510 145 101 10 10
1.442510 145 101 10 10
1.444510 145 100 10 10
1.446510 145 100 10 10
1.448510 145 99 10 10
1.450510 145 98 10 10
1.452510 145 98 10 10
1.454510 145 97 10 10
1.456510 145 97 10 10
1.458510 145 96 10 10
1.460510 145 95 10 10
1.462510 145 94 10 10
1.464510 145 94 10 10
1.466510 145 93 10 10
1.468510 145 92 10 10
1.470510 145 91 10 10
1.472510 145 91 10 10
1.474510 145 90 10 10
1.476510 145 89 10 10
1.478510 145 89 10 10
1.480510 145 88 10 10
1.482510 145 87 10 10
1.484510 145 86 10 10
1.486510 145 86 10 10
1.488510 145 85 10 10
1.490510 145 84 10 10
1.492510 145 84 10 10
1.494510 145 83 10 10
1.496510 145 82 10 10
1.498510 145 82 10 10
1.500510 145 81 10 10
1.502510 145 80 10 10
1.504510 145 80 10 10
1.506510 145 79 10 10
1.508510 145 78 10 10
1.510510 145 78 10 10
1.512510 145 77 10 10
1.514510 145 76 10 10
1.516510 145 76 10 10
1.518510 145 75 10 10
1.520510 145 74 10 10
1.522510 145 74 10 10
1.524510 145 73 10 10
1.526510 145 73 10 10
1.528510 145 72 10 10
1.530510 145 72 10 10
1.532510 145 71 10 10
1.534510 145 71 10 10
1.536510 145 70 10 10
1.538510 145 70 10 10
1.540510 145 69 10 10
1.542510 145 69 10 10
1.544510 145 68 10 10
1.546510 145 67 10 10
1.548510 145 67 10 10
1.550510 145 66 10 10
1.552510 145 66 10 10
1.554510 145 65 9 9
1.556510 145 65 9 9
1.558510 145 64 9 9
1.560510 145 64 9 9
1.562510 145 63 9 8
1.564510 145 63 9 8
1.566510 145 62 8 8
1.568510 145 62 8 8
1.570510 145 61 8 7
1.572510 145 61 8 7
1.574510 145 61 8 7
1.576510 145 60 7 7
1.578510 145 60 7 7
1.580510 145 59 7 6
1.582510 145 59 7 6
1.584510 145 58 7 6
1.586510 145 58 7 6
1.588510 145 57 7 6
1.590510 145 57 7 6
1.592510 145 56 7 6
1.594510 145 56 7 6
1.596510 145 55 7 7
1.598510 145 54 8 7
1.600510 145 54 8 7
1.602510 145 53 8 7
1.604510 145 53 8 8
1.606510 145 52 8 8
1.608510 145 52 8 8
1.610510 145 51 9 8
1.612510 145 51 9 9
1.614510 145 50 9 9
1.616510 145 50 9 9
1.618510 145 49 9 9
1.620510 145 48 10 10
1.622510 145 48 10 10
1.624510 145 48 10 10
1.626510 145 47 10 10
1.628510 145 47 10 10
1.630510 145 46 10 10
1.632510 145 46 10 10
1.634510 145 46 10 10
1.636510 145 45 10 10
1.638510 145 45 10 10
1.640510 145 44 10 10
1.642510 145 44 10 10
1.644510 145 43 10 10
1.646510 145 43 10 10
1.648510 145 43 10 10
1.650510 145 42 10 10
1.652510 145 42 10 10
1.654510 145 41 10 10
1.656510 145 41 10 10
1.658510 145 40 10 10
1.660510 145 40 10 10
1.662510 145 39 10 10
1.664510 145 39 10 10
1.666510 145 38 10 10
1.668510 145 38 10 10
1.670510 145 37 10 10
1.672510 145 37 10 10
1.674510 145 37 10 10
1.676510 145 36 10 10
1.678510 145 36 10 10
1.680510 145 35 10 10
1.682510 145 35 10 10
1.684510 145 34 10 10
1.686510 145 34 10 10
1.688510 144 33 10 10
1.690510 144 33 10 10
1.692510 144 33 10 10
1.694510 144 32 10 10
1.696510 144 32 10 10
1.698510 144 32 10 10
1.700510 144 31 10 10
1.702510 144 31 10 10
1.704510 144 31 10 10
1.706510 144 31 10 10
1.708510 144 30 10 10
1.710510 144 30 10 10
1.712510 144 30 10 10
1.714510 144 29 10 10
1.716510 144 29 10 10
1.718510 144 29 10 10
1.720510 144 28 10 10
1.722510 144 28 10 10
1.724510 144 28 10 10
1.726510 144 27 10 10
1.728510 144 27 10 10
1.730510 144 26 10 10
1.732510 144 26 10 10
1.734510 144 26 10 10
1.736510 144 25 10 10
1.738510 144 25 10 10
1.740510 144 24 10 10
1.742510 144 24 10 10
1.744510 144 23 10 10
1.746510 144 23 10 10
1.748510 144 23 10 10
1.750510 144 22 10 10
1.752510 144 22 10 10
1.754510 144 21 10 10
1.756510 144 21 10 10
1.758510 144 21 10 10
1.760510 144 21 10 10
1.762510 144 20 10 10
1.764510 144 20 10 10
1.766510 144 20 10 10
1.768510 144 20 10 10
1.770510 144 19 10 10
1.772510 144 19 10 10
1.774510 144 19 10 10
1.776510 144 19 10 10
1.778510 144 19 10 10
1.780510 144 18 10 10
1.782510 144 18 10 10
1.784510 144 18 10 10
1.786510 144 18 10 10
1.788510 143 17 10 10
1.790510 143 17 10 10
1.792510 143 17 10 10
1.794510 143 16 10 10
1.796510 143 16 10 10
1.798510 143 16 10 10
1.800510 143 15 10 10
1.802510 143 15 10 10
1.804510 143 15 10 10
1.806510 143 15 10 10
1.808510 143 14 10 10
1.810510 143 14 10 10
1.812510 143 14 10 10
1.814510 143 13 10 10
1.816510 143 13 10 10
1.818510 143 13 10 10
1.820510 143 12 9 9
1.822510 143 12 9 9
1.824510 143 12 9 9
1.826510 143 12 9 9
1.828510 143 12 9 9
1.830510 143 12 9 8
1.832510 143 11 9 8
1.834510 143 11 9 8
1.836510 143 11 9 8
1.838510 143 11 8 7
1.840510 143 11 8 7
1.842510 143 11 8 7
1.844510 143 10 8 7
1.846510 143 10 8 6
1.848510 143 10 8 6
1.850510 143 10 8 6
1.852510 143 10 8 6
1.854510 143 9 8 6
1.856510 143 9 8 6
1.858510 143 9 8 6
1.860510 143 8 8 6
1.862510 143 8 8 7
1.864510 143 8 8 7
1.866510 143 8 8 7
1.868510 143 7 8 7
1.870510 143 7 9 8
1.872510 143 7 9 8
1.874510 143 6 9 8
1.876510 143 6 9 8
1.878510 143 6 9 8
1.880510 143 5 9 9
1.882510 143 5 9 9
1.884510 143 5 9 9
1.886510 143 5 9 9
1.888510 143 4 10 10
1.890510 143 4 10 10
1.892510 143 4 10 10
1.894510 143 4 10 10
1.896510 143 4 10 10
1.898510 143 4 10 10
1.900510 143 4 10 10
1.902510 143 4 10 10
1.904510 143 3 10 10
1.906510 143 3 10 10
1.908510 143 3 10 10
1.910510 143 3 10 10
1.912510 143 3 10 10
1.914510 143 3 10 10
1.916510 143 3 10 10
1.918510 143 3 10 10
1.920510 143 2 9 9
1.922510 143 2 9 9
1.924510 143 2 9 9
1.926510 143 2 9 9
1.928510 143 2 9 9
1.930510 143 2 9 8
1.932510 143 2 8 8
1.934510 143 2 8 8
1.936510 143 2 8 8
1.938510 143 1 8 7
1.940510 143 1 8 7
1.942510 143 1 8 7
1.944510 143 1 7 7
1.946510 143 1 7 6
1.948510 143 1 7 6
1.950510 143 1 7 6
1.952510 143 1 7 6
1.954510 144 1 6 5
1.956510 144 1 6 5
1.958510 144 1 6 5
1.960510 144 1 6 5
1.962510 144 1 6 5
1.964510 144 1 6 5
1.966510 144 1 6 5
1.968510 144 1 6 5
1.970510 144 1 6 5
1.972510 144 1 6 5
1.974510 144 1 6 5
1.976510 144 1 6 5
1.978510 144 1 6 5
1.980510 144 1 6 5
1.982510 144 1 6 5
1.984510 144 1 6 5
1.986510 144 1 6 5
1.988510 138 0 5 4
1.990510 129 0 5 4
1.992510 120 0 5 4
1.994510 112 0 4 3
1.996510 103 0 4 3
1.998510 94 0 3 3
2.000510 86 0 3 2
2.002510 77 0 3 2
2.004510 69 0 2 2
2.006510 60 0 2 2
2.008510 51 0 2 1
2.010510 43 0 1 1
2.012510 34 0 1 1
2.014510 25 0 1 0
2.016510 17 0 0 0
2.018510 8 0 0 0
2.020510 0 0 0 0
2.022510 0 0 0 0
2.024510 0 0 0 0
2.026510 0 0 0 0
2.028510 0 0 0 0
2.030510 0 0 0 0
2.032510 0 0 0 0
2.034510 0 0 0 0
2.036510 0 0 0 0
2.038510 0 0 0 0
2.040510 0 0 0 0
2.042510 0 0 0 0
2.044510 0 0 0 0
2.046510 0 0 0 0
2.048510 0 0 0 0
2.050510 0 0 0 0
2.052510 0 0 0 0
2.054510 0 0 0 0
2.056510 0 0 0 0
2.058510 0 0 0 0
2.060510 0 0 0 0
2.062510 0 0 0 0
2.064510 0 0 0 0
2.066510 0 0 0 0
2.068510 0 0 0 0
2.070510 0 0 0 0
2.072510 0 0 0 0
2.074510 0 0 0 0
2.076510 0 0 0 0
2.078510 0 0 0 0
2.080510 0 0 0 0
2.082510 0 0 0 0
2.084510 0 0 0 0
2.086510 0 0 0 0
2.088510 0 0 0 0
2.090510 0 0 0 0
2.092510 0 0 0 0
2.094510 0 0 0 0
2.096510 0 0 0 0
2.098510 0 0 0 0
2.100510 0 0 0 0
2.102510 0 0 0 0
2.104510 0 0 0 0
2.106510 0 0 0 0
2.108510 0 0 0 0
2.110510 0 0 0 0
2.112510 0 0 0 0
2.114510 0 0 0 0
2.116510 0 0 0 0
2.118510 0 0 0 0
2.120510 0 0 0 0
2.122510 0 0 0 0
2.124510 0 0 0 0
2.126510 0 0 0 0
2.128510 0 0 0 0
2.130510 0 0 0 0
2.132510 0 0 0 0
2.134510 0 0 0 0
2.136510 0 0 0 0
2.138510 0 0 0 0
2.140510 0 0 0 0
2.142510 0 0 0 0
2.144510 0 0 0 0
2.146510 0 0 0 0
2.148510 0 0 0 0
2.150510 0 0 0 0
2.152510 0 0 0 0
2.154510 0 0 0 0
2.156510 0 0 0 0
2.158510 0 0 0 0
2.160510 0 0 0 0
2.162510 0 0 0 0
2.164510 0 0 0 0
2.166510 0 0 0 0
2.168510 0 0 0 0
2.170510 0 0 0 0
2.172510 0 0 0 0
2.174510 0 0 0 0
2.176510 0 0 0 0
2.178510 0 0 0 0
2.180510 0 0 0 0
2.182510 0 0 0 0
2.184510 0 0 0 0
2.186510 0 0 0 0
2.188510 0 0 0 0
2.190510 0 0 0 0
2.192510 0 0 0 0
2.194510 0 0 0 0
2.196510 0 0 0 0
2.198510 0 0 0 0
2.200510 0 0 0 0
2.202510 0 0 0 0
2.204510 0 0 0 0
2.206510 0 0 0 0
2.208510 0 0 0 0
2.210510 0 0 0 0
2.212510 0 0 0 0
2.214510 0 0 0 0
2.216510 0 0 0 0
2.218510 0 0 0 0
2.220510 0 0 0 0
2.222510 0 0 0 0
2.224510 0 0 0 0
2.226510 0 0 0 0
2.228510 0 0 0 0
2.230510 0 0 0 0
2.232510 0 0 0 0
2.234510 0 0 0 0
2.236510 0 0 0 0
2.238510 0 0 0 0
2.240510 0 0 0 0
2.242510 0 0 0 0
2.244510 0 0 0 0
2.246510 0 0 0 0
2.248510 0 0 0 0
2.250510 0 0 0 0
2.252510 0 0 0 0
2.254510 0 0 0 0
2.256510 0 0 0 0
2.258510 0 0 0 0
2.260510 0 0 0 0
2.262510 0 0 0 0
2.264510 0 0 0 0
2.266510 0 0 0 0
2.268510 0 0 0 0
2.270510 0 0 0 0
2.272510 0 0 0 0
2.274510 0 0 0 0
2.276510 0 0 0 0
2.278510 0 0 0 0
2.280510 0 0 0 0
2.282510 0 0 0 0
2.284510 0 0 0 0
2.286510 0 0 0 0
2.288510 0 0 0 0
2.290510 0 0 0 0
2.292510 0 0 0 0
2.294510 0 0 0 0
2.296510 0 0 0 0
2.298510 0 0 0 0
2.300510 0 0 0 0
2.302510 0 0 0 0
2.304510 0 0 0 0
2.306510 0 0 0 0
2.308510 0 0 0 0
2.310510 0 0 0 0
2.312510 0 0 0 0
2.314510 0 0 0 0
2.316510 0 0 0 0
2.318510 0 0 0 0
2.320510 0 0 0 0
2.322510 0 0 0 0
2.324510 0 0 0 0
2.326510 0 0 0 0
2.328510 0 0 0 0
2.330510 0 0 0 0
2.332510 0 0 0 0
2.334510 0 0 0 0
2.336510 0 0 0 0
2.338510 0 0 0 0
2.340510 0 0 0 0
2.342510 0 0 0 0
2.344510 0 0 0 0
2.346510 0 0 0 0
2.348510 0 0 0 0
2.350510 0 0 0 0
2.352510 0 0 0 0
2.354510 0 0 0 0
2.356510 0 0 0 0
2.358510 0 0 0 0
2.360510 0 0 0 0
2.362510 0 0 0 0
2.364510 0 0 0 0
2.366510 0 0 0 0
2.368510 0 0 0 0
2.370510 0 0 0 0
2.372510 0 0 0 0
2.374510 0 0 0 0
2.376510 0 0 0 0
2.378510 0 0 0 0
2.380510 0 0 0 0
2.382510 0 0 0 0
2.384510 0 0 0 0
2.386510 0 0 0 0
2.388510 0 0 0 0
2.390510 0 0 0 0
2.392510 0 0 0 0
2.394510 0 0 0 0
2.396510 0 0 0 0
2.398510 0 0 0 0
2.400510 0 0 0 0
2.402510 0 0 0 0
2.404510 0 0 0 0
2.406510 0 0 0 0
2.408510 0 0 0 0
2.410510 0 0 0 0
2.412510 0 0 0 0
2.414510 0 0 0 0
2.416510 0 0 0 0
2.418510 0 0 0 0
2.420510 0 0 0 0
2.422510 0 0 0 0
2.424510 0 0 0 0
2.426510 0 0 0 0
2.428510 0 0 0 0
2.430510 0 0 0 0
2.432510 0 0 0 0
2.434510 0 0 0 0
2.436510 0 0 0 0
2.438510 0 0 0 0
2.440510 0 0 0 0
2.442510 0 0 0 0
2.444510 0 0 0 0
2.446510 0 0 0 0
2.448510 0 0 0 0
2.450510 0 0 0 0
2.452510 0 0 0 0
2.454510 2 0 0 0
2.456510 11 0 0 0
2.458510 19 0 0 0
2.460510 27 0 1 1
2.462510 35 0 1 1
2.464510 43 0 2 1
2.466510 52 0 2 1
2.468510 60 0 3 2
2.470510 68 0 3 2
2.472510 76 0 3 2
2.474510 85 0 4 3
2.476510 93 0 4 3
2.478510 101 0 5 3
2.480510 109 0 5 4
2.482510 117 0 6 4
2.484510 126 0 6 4
2.486510 134 0 6 4
2.488510 136 1 7 5
2.490510 136 1 7 5
2.492510 136 1 7 5
2.494510 136 1 7 5
2.496510 136 1 7 5
2.498510 136 1 7 5
2.500510 136 1 7 5
2.502510 136 1 7 5
2.504510 136 1 7 5
2.506510 136 1 7 5
2.508510 136 1 7 5
2.510510 136 1 7 5
2.512510 136 1 7 5
2.514510 136 1 7 5
2.516510 136 1 7 5
2.518510 136 1 7 5
2.520510 136 2 7 6
2.522510 136 2 7 6
2.524510 136 2 7 6
2.526510 136 2 7 6
2.528510 136 2 7 6
2.530510 136 2 7 6
2.532510 136 2 7 6
2.534510 136 2 7 6
2.536510 136 2 7 6
2.538510 136 2 7 6
2.540510 136 2 7 6
2.542510 136 2 7 6
2.544510 136 2 7 6
2.546510 136 2 7 6
2.548510 136 2 7 6
2.550510 136 2 7 6
2.552510 136 2 7 6
2.554510 136 3 7 6
2.556510 136 3 7 6
2.558510 136 3 7 6
2.560510 136 3 7 6
2.562510 136 3 7 6
2.564510 136 3 7 6
2.566510 136 4 7 6
2.568510 136 4 7 6
2.570510 136 4 7 6
2.572510 136 4 7 6
2.574510 136 4 7 6
2.576510 136 5 7 6
2.578510 136 5 7 6
2.580510 136 5 7 6
2.582510 136 5 7 6
2.584510 136 5 7 6
2.586510 136 5 7 6
2.588510 135 6 7 6
2.590510 135 6 7 6
2.592510 135 6 7 6
2.594510 135 6 7 6
2.596510 135 6 7 7
2.598510 135 6 8 7
2.600510 135 6 8 7
2.602510 135 6 8 7
2.604510 135 7 8 8
2.606510 135 7 8 8
2.608510 135 7 8 8
2.610510 135 7 9 8
2.612510 135 7 9 9
2.614510 135 7 9 9
2.616510 135 7 9 9
2.618510 135 7 9 9
2.620510 134 8 10 10
2.622510 134 8 10 10
2.624510 134 8 10 10
2.626510 134 8 10 10
2.628510 134 8 10 10
2.630510 134 8 10 10
2.632510 134 9 10 10
2.634510 134 9 10 10
2.636510 134 9 10 10
2.638510 134 9 10 10
2.640510 134 9 10 10
2.642510 134 9 10 10
2.644510 134 10 10 10
2.646510 134 10 10 10
2.648510 134 10 10 10
2.650510 134 10 10 10
2.652510 134 10 10 10
2.654510 133 11 9 9
2.656510 133 11 9 9
2.658510 133 11 9 9
2.660510 133 12 9 9
2.662510 133 12 9 9
2.664510 133 12 9 9
2.666510 133 13 9 8
2.668510 133 13 9 8
2.670510 133 14 9 8
2.672510 133 14 9 8
2.674510 133 14 9 8
2.676510 133 15 9 7
2.678510 133 15 9 7
2.680510 133 15 9 7
2.682510 133 16 9 7
2.684510 133 16 9 7
2.686510 133 16 9 7
2.688510 132 17 8 7
2.690510 132 17 8 7
2.692510 132 17 8 7
2.694510 132 17 8 7
2.696510 132 17 8 7
2.698510 132 17 8 7
2.700510 132 17 8 7
2.702510 132 17 8 7
2.704510 132 18 7 7
2.706510 132 18 7 7
2.708510 132 18 7 7
2.710510 132 18 7 7
2.712510 132 18 7 7
2.714510 132 18 7 7
2.716510 132 18 7 7
2.718510 132 18 7 7
2.720510 132 19 7 8
2.722510 132 19 7 8
2.724510 132 19 7 8
2.726510 132 19 7 8
2.728510 132 19 7 8
2.730510 132 19 7 8
2.732510 132 20 7 8
2.734510 132 20 7 8
2.736510 132 20 7 8
2.738510 132 20 7 8
2.740510 132 20 7 8
2.742510 132 20 7 8
2.744510 132 21 7 8
2.746510 132 21 7 8
2.748510 132 21 7 8
2.750510 132 21 7 8
2.752510 132 21 7 8
2.754510 132 22 8 9
2.756510 132 22 8 9
2.758510 132 22 8 9
2.760510 132 22 8 9
2.762510 132 23 8 9
2.764510 132 23 8 9
2.766510 132 23 8 9
2.768510 132 23 8 9
2.770510 132 24 8 9
2.772510 132 24 8 9
2.774510 132 24 8 9
2.776510 132 24 8 9
2.778510 132 24 8 9
2.780510 132 25 8 9
2.782510 132 25 8 9
2.784510 132 25 8 9
2.786510 132 25 8 9
2.788510 132 26 9 9
2.790510 132 26 9 9
2.792510 132 26 9 9
2.794510 132 27 9 9
2.796510 132 27 9 9
2.798510 132 27 9 9
2.800510 132 28 9 9
2.802510 132 28 9 9
2.804510 132 28 9 9
2.806510 132 28 9 9
2.808510 132 29 9 9
2.810510 132 29 9 9
2.812510 132 29 9 9
2.814510 132 30 9 9
2.816510 132 30 9 9
2.818510 132 30 9 9
2.820510 133 31 9 9
2.822510 133 31 9 9
2.824510 133 31 9 9
2.826510 133 32 9 9
2.828510 133 32 9 8
2.830510 133 33 8 8
2.832510 133 33 8 8
2.834510 133 33 8 7
2.836510 133 34 8 7
2.838510 133 34 7 7
2.840510 133 35 7 6
2.842510 133 35 7 6
2.844510 133 36 7 6
2.846510 133 36 6 6
2.848510 133 36 6 5
2.850510 133 37 6 5
2.852510 133 37 6 5
2.854510 132 38 6 5
2.856510 132 38 6 5
2.858510 132 38 6 5
2.860510 132 38 6 5
2.862510 132 38 6 5
2.864510 132 38 6 5
2.866510 132 39 6 6
2.868510 132 39 6 6
2.870510 132 39 7 6
2.872510 132 39 7 6
2.874510 132 39 7 6
2.876510 132 40 7 7
2.878510 132 40 7 7
2.880510 132 40 7 7
2.882510 132 40 7 7
2.884510 132 40 7 7
2.886510 132 40 7 7
2.888510 131 41 8 8
2.890510 131 41 8 8
2.892510 131 41 8 8
2.894510 131 42 8 8
2.896510 131 42 8 8
2.898510 131 43 8 8
2.900510 131 43 8 8
2.902510 131 43 8 8
2.904510 131 44 9 9
2.906510 131 44 9 9
2.908510 131 44 9 9
2.910510 131 45 9 9
2.912510 131 45 9 9
2.914510 131 45 9 9
2.916510 131 46 9 9
2.918510 131 46 9 9
2.920510 130 47 10 9
2.922510 130 47 10 9
2.924510 130 47 10 9
2.926510 130 47 10 9
2.928510 130 47 10 9
2.930510 130 48 10 9
2.932510 130 48 10 8
2.934510 130 48 10 8
2.936510 130 48 10 8
2.938510 130 49 10 8
2.940510 130 49 10 8
2.942510 130 49 10 8
2.944510 130 49 10 7
2.946510 130 50 10 7
2.948510 130 50 10 7
2.950510 130 50 10 7
2.952510 130 50 10 7
2.954510 130 51 10 7
2.956510 130 51 10 7
2.958510 130 51 10 7
2.960510 130 52 10 7
2.962510 130 52 10 7
2.964510 130 52 10 7
2.966510 130 52 9 8
2.968510 130 53 9 8
2.970510 130 53 9 8
2.972510 130 53 9 8
2.974510 130 54 9 8
2.976510 130 54 8 9
2.978510 130 54 8 9
2.980510 130 55 8 9
2.982510 130 55 8 9
2.984510 130 55 8 9
2.986510 130 55 8 9
2.988510 131 56 7 9
2.990510 131 56 7 9
2.992510 131 57 7 9
2.994510 131 57 7 9
2.996510 131 57 7 9
2.998510 131 58 7 8
3.000510 131 58 7 8
3.002510 131 59 7 8
3.004510 131 59 6 8
3.006510 131 60 6 8
3.008510 131 60 6 8
3.010510 131 60 6 7
3.012510 131 61 6 7
3.014510 131 61 6 7
3.016510 131 62 6 7
3.018510 131 62 6 7
3.020510 130 63 6 7
3.022510 130 63 6 7
3.024510 130 63 6 7
3.026510 130 64 6 7
3.028510 130 64 6 7
3.030510 130 64 6 7
3.032510 130 65 6 7
3.034510 130 65 6 7
3.036510 130 65 6 7
3.038510 130 66 6 7
3.040510 130 66 6 7
3.042510 130 66 6 7
3.044510 130 67 6 7
3.046510 130 67 6 7
3.048510 130 68 6 7
3.050510 130 68 6 7
3.052510 130 68 6 7
3.054510 130 69 7 6
3.056510 130 69 7 6
3.058510 130 69 7 6
3.060510 130 70 7 6
3.062510 130 70 7 6
3.064510 130 71 7 6
3.066510 130 71 7 6
3.068510 130 72 7 6
3.070510 130 72 7 6
3.072510 130 72 7 6
3.074510 130 73 7 6
3.076510 130 73 7 6
3.078510 130 74 7 6
3.080510 130 74 7 6
3.082510 130 75 7 6
3.084510 130 75 7 6
3.086510 130 75 7 6
3.088510 129 76 7 5
3.090510 129 76 7 5
3.092510 129 76 7 5
3.094510 129 77 7 5
3.096510 129 77 7 5
3.098510 129 78 7 5
3.100510 129 78 7 5
3.102510 129 78 7 5
3.104510 129 79 7 5
3.106510 129 79 7 5
3.108510 129 79 7 5
3.110510 129 80 7 5
3.112510 129 80 7 5
3.114510 129 80 7 5
3.116510 129 81 7 5
3.118510 129 81 7 5
3.120510 129 82 6 5
3.122510 129 82 6 5
3.124510 129 82 6 5
3.126510 129 83 6 5
3.128510 129 83 6 5
3.130510 129 84 6 5
3.132510 129 84 6 5
3.134510 129 84 6 5
3.136510 129 85 6 5
3.138510 129 85 6 5
3.140510 129 86 6 5
3.142510 129 86 6 5
3.144510 129 87 6 5
3.146510 129 87 6 5
3.148510 129 87 6 5
3.150510 129 88 6 5
3.152510 129 88 6 5
3.154510 129 89 6 6
3.156510 129 89 6 6
3.158510 129 89 6 6
3.160510 129 90 6 6
3.162510 129 90 6 6
3.164510 129 90 6 6
3.166510 129 90 6 6
3.168510 129 91 6 6
3.170510 129 91 6 6
3.172510 129 91 6 6
3.174510 129 92 6 6
3.176510 129 92 6 6
3.178510 129 92 6 6
3.180510 129 93 6 6
3.182510 129 93 6 6
3.184510 129 93 6 6
3.186510 129 93 6 6
3.188510 129 94 5 5
3.190510 129 94 5 5
3.192510 129 95 5 5
3.194510 129 95 5 5
3.196510 129 96 5 5
3.198510 129 96 5 5
3.200510 129 97 5 5
3.202510 129 97 5 5
3.204510 129 98 5 5
3.206510 129 98 5 5
3.208510 129 99 5 5
3.210510 129 99 5 5
3.212510 129 100 5 5
3.214510 129 100 5 5
3.216510 129 101 5 5
3.218510 129 101 5 5
3.220510 128 102 5 5
3.222510 128 102 5 5
3.224510 128 102 5 5
3.226510 128 103 5 5
3.228510 128 103 5 5
3.230510 128 103 5 5
3.232510 128 104 5 6
3.234510 128 104 5 6
3.236510 128 104 5 6
3.238510 128 105 5 6
3.240510 128 105 5 6
3.242510 128 105 5 6
3.244510 128 106 5 7
3.246510 128 106 5 7
3.248510 128 107 5 7
3.250510 128 107 5 7
3.252510 128 107 5 7
3.254510 128 108 6 7
3.256510 128 108 6 7
3.258510 128 109 6 7
3.260510 128 109 6 7
3.262510 128 110 6 7
3.264510 128 110 6 7
3.266510 128 111 6 7
3.268510 128 111 6 7
3.270510 128 112 7 6
3.272510 128 112 7 6
3.274510 128 112 7 6
3.276510 128 113 7 6
3.278510 128 113 7 6
3.280510 128 114 7 6
3.282510 128 114 7 6
3.284510 128 115 7 6
3.286510 128 115 7 6
3.288510 127 116 8 6
3.290510 127 116 8 6
3.292510 127 116 8 6
3.294510 127 117 8 6
3.296510 127 117 8 7
3.298510 127 118 8 7
3.300510 127 118 8 7
3.302510 127 118 8 7
3.304510 126 119 9 8
3.306510 126 119 9 8
3.308510 126 119 9 8
3.310510 126 120 9 8
3.312510 126 120 9 9
3.314510 126 120 9 9
3.316510 126 121 9 9
3.318510 126 121 9 9
3.320510 126 122 9 9
3.322510 126 122 9 9
3.324510 126 123 9 9
3.326510 126 123 9 9
3.328510 126 124 8 8
3.330510 126 124 8 8
3.332510 126 125 8 8
3.334510 126 125 7 7
3.336510 126 126 7 7
3.338510 126 126 7 7
3.340510 126 127 6 6
3.342510 126 127 6 6
3.344510 126 128 6 6
3.346510 126 129 6 6
3.348510 126 129 5 5
3.350510 126 130 5 5
3.352510 126 130 5 5
3.354510 127 130 5 5
3.356510 127 130 5 5
3.358510 127 130 5 5
3.360510 128 130 6 6
3.362510 128 130 6 6
3.364510 128 130 6 6
3.366510 129 130 6 6
3.368510 129 130 7 7
3.370510 130 130 7 7
3.372510 130 130 7 7
3.374510 130 130 8 8
3.376510 131 130 8 8
3.378510 131 130 8 8
3.380510 131 130 9 9
3.382510 132 130 9 9
3.384510 132 130 9 9
3.386510 132 130 9 9
3.388510 133 129 10 10
3.390510 133 129 10 10
3.392510 134 129 10 10
3.394510 134 129 10 10
3.396510 135 128 10 10
3.398510 136 128 10 10
3.400510 136 128 10 10
3.402510 137 128 10 10
3.404510 137 127 10 10
3.406510 138 127 10 10
3.408510 138 127 10 10
3.410510 139 127 10 10
3.412510 139 126 10 10
3.414510 140 126 10 10
3.416510 140 126 10 10
3.418510 141 126 10 10
3.420510 142 125 10 10
3.422510 142 125 10 10
3.424510 142 125 10 10
3.426510 143 125 10 10
3.428510 143 125 10 10
3.430510 144 125 10 10
3.432510 144 125 10 10
3.434510 145 125 10 10
3.436510 145 125 10 10
3.438510 146 124 10 10
3.440510 146 124 10 10
3.442510 147 124 10 10
3.444510 147 124 10 10
3.446510 148 124 10 10
3.448510 148 124 10 10
3.450510 149 124 10 10
3.452510 149 124 10 10
3.454510 150 124 9 9
3.456510 150 124 9 9
3.458510 151 124 9 9
3.460510 152 124 8 8
3.462510 152 124 8 8
3.464510 153 124 8 8
3.466510 154 124 8 8
3.468510 154 124 7 7
3.470510 155 124 7 7
3.472510 156 124 7 7
3.474510 156 124 6 6
3.476510 157 124 6 6
3.478510 158 124 6 6
3.480510 158 124 5 5
3.482510 159 124 5 5
3.484510 160 124 5 5
3.486510 160 124 5 5
3.488510 161 123 5 5
3.490510 161 123 5 5
3.492510 162 123 5 5
3.494510 162 123 6 6
3.496510 162 122 6 6
3.498510 163 122 6 6
3.500510 163 122 7 7
3.502510 164 122 7 7
3.504510 164 121 7 7
3.506510 165 121 7 7
3.508510 165 121 8 8
3.510510 165 121 8 8
3.512510 166 120 8 8
3.514510 166 120 9 9
3.516510 167 120 9 9
3.518510 167 120 9 9
3.520510 168 119 10 10
3.522510 168 119 10 10
3.524510 169 119 10 10
3.526510 169 119 10 10
3.528510 170 119 10 10
3.530510 170 119 10 10
3.532510 171 119 10 10
3.534510 171 119 10 10
3.536510 172 119 10 10
3.538510 172 118 10 10
3.540510 173 118 10 10
3.542510 173 118 10 10
3.544510 174 118 10 10
3.546510 175 118 10 10
3.548510 175 118 10 10
3.550510 176 118 10 10
3.552510 176 118 10 10
3.554510 177 118 9 9
3.556510 177 118 9 9
3.558510 178 118 9 9
3.560510 179 118 9 8
3.562510 179 118 8 8
3.564510 180 118 8 8
3.566510 181 118 8 8
3.568510 181 118 8 7
3.570510 182 118 7 7
3.572510 183 118 7 7
3.574510 183 118 7 6
3.576510 184 118 7 6
3.578510 185 118 7 6
3.580510 185 118 6 5
3.582510 186 118 6 5
3.584510 187 118 6 5
3.586510 187 118 6 5
3.588510 188 118 6 5
3.590510 188 118 6 5
3.592510 189 118 6 5
3.594510 189 118 6 6
3.596510 190 118 7 6
3.598510 190 118 7 6
3.600510 191 118 7 7
3.602510 191 118 7 7
3.604510 192 117 8 7
3.606510 192 117 8 7
3.608510 193 117 8 8
3.610510 193 117 8 8
3.612510 194 117 9 8
3.614510 194 117 9 9
3.616510 195 117 9 9
3.618510 195 117 9 9
3.620510 196 116 10 10
3.622510 196 116 10 10
3.624510 197 116 10 10
3.626510 197 116 10 10
3.628510 198 116 10 10
3.630510 198 116 10 10
3.632510 199 116 10 10
3.634510 199 116 10 10
3.636510 200 116 10 10
3.638510 200 116 10 10
3.640510 201 116 10 10
3.642510 201 116 10 10
3.644510 202 116 10 10
3.646510 203 116 10 10
3.648510 203 116 10 10
3.650510 204 116 10 10
3.652510 204 116 10 10
3.654510 205 116 9 9
3.656510 205 116 9 9
3.658510 206 116 9 9
3.660510 207 116 9 9
3.662510 207 116 9 8
3.664510 208 116 9 8
3.666510 208 116 9 8
3.668510 209 116 9 8
3.670510 210 116 8 7
3.672510 210 116 8 7
3.674510 211 116 8 7
3.676510 211 116 8 7
3.678510 212 116 8 7
3.680510 213 116 8 6
3.682510 213 116 8 6
3.684510 214 116 8 6
3.686510 214 116 8 6
3.688510 215 117 8 6
3.690510 216 117 8 6
3.692510 216 117 8 6
3.694510 217 117 8 6
3.696510 217 117 8 6
3.698510 218 117 8 6
3.700510 219 117 8 6
3.702510 219 117 8 6
3.704510 220 117 8 6
3.706510 220 117 8 6
3.708510 221 117 8 6
3.710510 222 117 8 6
3.712510 222 117 8 6
3.714510 223 117 8 6
3.716510 223 117 8 6
3.718510 224 117 8 6
3.720510 225 117 8 6
3.722510 225 117 8 6
3.724510 226 117 8 6
3.726510 226 117 8 6
3.728510 227 117 8 6
3.730510 228 117 8 6
3.732510 228 117 8 6
3.734510 229 117 8 6
3.736510 229 117 8 6
3.738510 230 117 8 6
3.740510 231 117 8 6
3.742510 231 117 8 6
3.744510 232 117 8 6
3.746510 232 117 8 6
3.748510 233 117 8 6
3.750510 234 117 8 6
3.752510 234 117 8 6
3.754510 235 117 8 6
3.756510 235 117 8 6
3.758510 235 117 8 6
3.760510 236 117 8 6
3.762510 236 117 8 6
3.764510 236 117 8 6
3.766510 237 117 8 6
3.768510 237 117 8 6
3.770510 238 117 8 6
3.772510 238 117 8 6
3.774510 238 117 8 6
3.776510 239 117 8 6
3.778510 239 117 8 6
3.780510 239 117 8 6
3.782510 240 117 8 6
3.784510 240 117 8 6
3.786510 240 117 8 6
3.788510 241 118 7 5
3.790510 242 118 7 5
3.792510 242 118 7 5
3.794510 243 118 7 5
3.796510 244 118 7 5
3.798510 245 118 6 5
3.800510 245 118 6 5
3.802510 246 118 6 5
3.804510 247 118 6 5
3.806510 247 118 6 5
3.808510 248 118 6 5
3.810510 249 118 5 5
3.812510 250 118 5 5
3.814510 250 118 5 5
3.816510 251 118 5 5
3.818510 252 118 5 5
3.820510 253 119 5 4
3.822510 253 119 5 4
3.824510 254 119 5 4
3.826510 254 119 5 4
3.828510 255 119 5 4
3.830510 255 119 5 4
3.832510 256 119 5 4
3.834510 256 119 5 4
3.836510 257 119 5 4
3.838510 257 120 5 4
3.840510 258 120 5 4
3.842510 258 120 5 4
3.844510 259 120 5 4
3.846510 260 120 5 4
3.848510 260 120 5 4
3.850510 261 120 5 4
3.852510 261 120 5 4
