0.019914 111 110 6 6
0.021914 111 110 6 6
0.023914 111 110 6 6
0.025914 111 110 6 6
0.027914 111 110 6 6
0.029914 111 110 7 7
0.031914 111 110 7 7
0.033914 111 110 7 7
0.035914 111 110 7 7
0.037914 111 111 8 8
0.039914 111 111 8 8
0.041914 111 111 8 8
0.043914 111 111 8 8
0.045914 111 111 9 9
0.047914 111 111 9 9
0.049914 111 111 9 9
0.051914 111 111 9 9
0.053914 112 112 10 10
0.055914 112 112 10 10
0.057914 112 112 10 10
0.059914 112 113 10 10
0.061914 112 113 10 10
0.063914 112 113 10 10
0.065914 112 113 10 10
0.067914 112 114 10 10
0.069914 113 114 10 10
0.071914 113 114 10 10
0.073914 113 115 10 10
0.075914 113 115 10 10
0.077914 113 115 10 10
0.079914 113 116 10 10
0.081914 113 116 10 10
0.083914 113 116 10 10
0.085914 113 116 10 10
0.087914 114 117 9 9
0.089914 114 117 9 9
0.091914 114 118 9 9
0.093914 115 118 8 8
0.095914 115 119 8 8
0.097914 115 119 8 8
0.099914 116 120 7 7
0.101914 116 120 7 7
0.103914 116 121 7 7
0.105914 116 121 7 7
0.107914 117 122 6 6
0.109914 117 122 6 6
0.111914 117 123 6 6
0.113914 118 123 5 5
0.115914 118 124 5 5
0.117914 118 124 5 5
0.119914 118 125 5 5
0.121914 118 125 5 5
0.123914 118 125 5 5
0.125914 118 125 5 5
0.127914 118 125 6 6
0.129914 118 125 6 6
0.131914 118 125 6 6
0.133914 118 125 7 7
0.135914 118 125 7 7
0.137914 118 126 7 7
0.139914 118 126 8 8
0.141914 118 126 8 8
0.143914 118 126 8 8
0.145914 118 126 8 8
0.147914 118 126 9 9
0.149914 118 126 9 9
0.151914 118 126 9 9
0.153914 117 127 10 10
0.155914 117 127 10 10
0.157914 117 127 10 10
0.159914 117 127 10 10
0.161914 117 127 10 10
0.163914 117 127 10 10
0.165914 117 128 10 10
0.167914 117 128 10 10
0.169914 117 128 10 10
0.171914 117 128 10 10
0.173914 117 128 10 10
0.175914 117 129 10 10
0.177914 117 129 10 10
0.179914 117 129 10 10
0.181914 117 129 10 10
0.183914 117 129 10 10
0.185914 117 129 10 10
0.187914 117 129 10 10
0.189914 117 129 10 10
0.191914 117 129 10 10
0.193914 117 129 10 10
0.195914 117 129 10 10
0.197914 117 129 10 10
0.199914 117 129 10 10
0.201914 117 129 10 10
0.203914 117 128 10 10
0.205914 117 128 10 10
0.207914 117 128 10 10
0.209914 117 128 10 10
0.211914 117 128 10 10
0.213914 117 128 10 10
0.215914 117 128 10 10
0.217914 117 128 10 10
0.219914 118 127 11 10
0.221914 118 127 11 10
0.223914 118 127 11 10
0.225914 118 126 11 10
0.227914 118 126 11 10
0.229914 118 125 11 10
0.231914 118 125 11 10
0.233914 118 124 11 10
0.235914 118 124 11 10
0.237914 119 123 11 10
0.239914 119 123 11 10
0.241914 119 122 11 10
0.243914 119 122 11 10
0.245914 119 121 11 10
0.247914 119 121 11 10
0.249914 119 120 11 10
0.251914 119 120 11 10
0.253914 120 119 10 9
0.255914 120 119 10 9
0.257914 120 119 10 9
0.259914 120 118 9 8
0.261914 121 118 9 8
0.263914 121 118 8 8
0.265914 121 118 8 7
0.267914 121 117 7 7
0.269914 122 117 7 6
0.271914 122 117 7 6
0.273914 122 116 6 6
0.275914 122 116 6 5
0.277914 122 116 5 5
0.279914 123 115 5 5
0.281914 123 115 4 4
0.283914 123 115 4 4
0.285914 123 115 4 4
0.287914 123 114 4 4
0.289914 123 113 4 4
0.291914 123 113 4 4
0.293914 123 112 5 5
0.295914 123 112 5 5
0.297914 122 111 6 6
0.299914 122 110 6 6
0.301914 122 110 6 6
0.303914 122 109 7 7
0.305914 122 109 7 7
0.307914 122 108 7 7
0.309914 121 107 8 8
0.311914 121 107 8 8
0.313914 121 106 8 8
0.315914 121 106 9 9
0.317914 121 105 9 9
0.319914 120 104 10 10
0.321914 120 104 10 10
0.323914 120 104 10 10
0.325914 120 104 10 10
0.327914 120 103 10 10
0.329914 120 103 10 10
0.331914 120 103 10 10
0.333914 120 102 10 10
0.335914 120 102 10 10
0.337914 120 102 10 10
0.339914 120 101 10 10
0.341914 120 101 10 10
0.343914 120 101 10 10
0.345914 120 101 10 10
0.347914 120 100 10 10
0.349914 120 100 10 10
0.351914 120 100 10 10
0.353914 120 99 10 10
0.355914 120 99 10 10
0.357914 120 99 10 10
0.359914 120 98 10 10
0.361914 120 98 10 10
0.363914 120 98 10 10
0.365914 120 98 10 10
0.367914 120 97 10 10
0.369914 120 97 10 10
0.371914 120 97 10 10
0.373914 120 96 10 10
0.375914 120 96 10 10
0.377914 120 96 10 10
0.379914 120 95 10 10
0.381914 120 95 10 10
0.383914 120 95 10 10
0.385914 120 95 10 10
0.387914 121 94 10 10
0.389914 121 94 10 10
0.391914 121 94 10 10
0.393914 121 94 10 10
0.395914 121 93 10 10
0.397914 121 93 10 10
0.399914 121 93 10 10
0.401914 121 93 10 10
0.403914 121 92 10 10
0.405914 121 92 10 10
0.407914 121 92 10 10
0.409914 121 92 10 10
0.411914 121 91 10 10
0.413914 121 91 10 10
0.415914 121 91 10 10
0.417914 121 91 10 10
0.419914 122 90 10 10
0.421914 122 90 10 10
0.423914 122 90 10 10
0.425914 122 90 10 10
0.427914 122 89 10 10
0.429914 122 89 10 10
0.431914 122 89 10 10
0.433914 122 88 10 10
0.435914 122 88 10 10
0.437914 122 88 10 10
0.439914 122 87 10 10
0.441914 122 87 10 10
0.443914 122 87 10 10
0.445914 122 87 10 10
0.447914 122 86 10 10
0.449914 122 86 10 10
0.451914 122 86 10 10
0.453914 121 85 10 10
0.455914 121 85 10 10
0.457914 121 85 10 10
0.459914 121 84 10 10
0.461914 121 84 10 10
0.463914 121 84 10 10
0.465914 121 83 10 10
0.467914 121 83 10 10
0.469914 121 82 10 10
0.471914 121 82 10 10
0.473914 121 82 10 10
0.475914 121 81 10 10
0.477914 121 81 10 10
0.479914 121 81 10 10
0.481914 121 80 10 10
0.483914 121 80 10 10
0.485914 121 80 10 10
0.487914 121 79 10 10
0.489914 121 79 10 10
0.491914 121 79 10 10
0.493914 121 78 10 10
0.495914 121 78 10 10
0.497914 121 77 10 10
0.499914 121 77 10 10
0.501914 121 77 10 10
0.503914 121 76 10 10
0.505914 121 76 10 10
0.507914 121 76 10 10
0.509914 121 75 10 10
0.511914 121 75 10 10
0.513914 121 75 10 10
0.515914 121 74 10 10
0.517914 121 74 10 10
0.519914 122 74 10 10
0.521914 122 74 10 10
0.523914 122 74 10 10
0.525914 122 74 10 10
0.527914 122 74 10 10
0.529914 122 74 10 10
0.531914 122 74 10 10
0.533914 122 74 10 10
0.535914 122 74 10 10
0.537914 122 74 10 10
0.539914 122 74 10 10
0.541914 122 74 10 10
0.543914 122 74 10 10
0.545914 122 74 10 10
0.547914 122 74 10 10
0.549914 122 74 10 10
0.551914 122 74 10 10
0.553914 122 74 10 10
0.555914 122 74 10 10
0.557914 122 74 10 10
0.559914 122 74 10 10
0.561914 122 73 10 10
0.563914 122 73 10 10
0.565914 122 73 10 10
0.567914 122 73 10 10
0.569914 122 72 10 10
0.571914 122 72 10 10
0.573914 122 72 10 10
0.575914 122 72 10 10
0.577914 122 72 10 10
0.579914 122 71 10 10
0.581914 122 71 10 10
0.583914 122 71 10 10
0.585914 122 71 10 10
0.587914 122 70 10 10
0.589914 122 70 10 10
0.591914 122 70 10 10
0.593914 122 70 10 10
0.595914 122 70 10 10
0.597914 122 70 10 10
0.599914 122 70 10 10
0.601914 122 70 10 10
0.603914 122 69 10 10
0.605914 122 69 10 10
0.607914 122 69 10 10
0.609914 122 69 10 10
0.611914 122 69 10 10
0.613914 122 69 10 10
0.615914 122 69 10 10
0.617914 122 69 10 10
0.619914 123 68 10 10
0.621914 123 68 10 10
0.623914 123 68 10 10
0.625914 123 68 10 10
0.627914 123 68 10 10
0.629914 123 68 10 10
0.631914 123 68 10 10
0.633914 123 68 10 10
0.635914 123 68 10 10
0.637914 123 67 10 10
0.639914 123 67 10 10
0.641914 123 67 10 10
0.643914 123 67 10 10
0.645914 123 67 10 10
0.647914 123 67 10 10
0.649914 123 67 10 10
0.651914 123 67 10 10
0.653914 123 66 10 10
0.655914 123 66 10 10
0.657914 123 66 10 10
0.659914 123 66 10 10
0.661914 123 66 10 10
0.663914 123 66 10 10
0.665914 123 65 10 10
0.667914 123 65 10 10
0.669914 123 65 10 10
0.671914 123 65 10 10
0.673914 123 65 10 10
0.675914 123 64 10 10
0.677914 123 64 10 10
0.679914 123 64 10 10
0.681914 123 64 10 10
0.683914 123 64 10 10
0.685914 123 64 10 10
0.687914 123 63 10 10
0.689914 123 63 10 10
0.691914 123 63 10 10
0.693914 123 63 10 10
0.695914 123 63 10 10
0.697914 123 63 10 10
0.699914 123 63 10 10
0.701914 123 63 10 10
0.703914 123 62 10 10
0.705914 123 62 10 10
0.707914 123 62 10 10
0.709914 123 62 10 10
0.711914 123 62 10 10
0.713914 123 62 10 10
0.715914 123 62 10 10
0.717914 123 62 10 10
0.719914 123 61 10 10
0.721914 123 61 10 10
0.723914 123 61 10 10
0.725914 123 61 10 10
0.727914 123 61 10 10
0.729914 123 61 10 10
0.731914 123 61 10 10
0.733914 123 61 10 10
0.735914 123 61 10 10
0.737914 123 60 10 10
0.739914 123 60 10 10
0.741914 123 60 10 10
0.743914 123 60 10 10
0.745914 123 60 10 10
0.747914 123 60 10 10
0.749914 123 60 10 10
0.751914 123 60 10 10
0.753914 122 59 10 10
0.755914 122 59 10 10
0.757914 122 59 10 10
0.759914 122 59 10 10
0.761914 122 59 10 10
0.763914 122 59 10 10
0.765914 122 59 10 10
0.767914 122 59 10 10
0.769914 122 59 10 10
0.771914 122 59 10 10
0.773914 122 59 10 10
0.775914 122 59 10 10
0.777914 122 59 10 10
0.779914 122 59 10 10
0.781914 122 59 10 10
0.783914 122 59 10 10
0.785914 122 59 10 10
0.787914 122 59 10 10
0.789914 122 59 10 10
0.791914 122 59 10 10
0.793914 122 59 10 10
0.795914 122 59 10 10
0.797914 122 59 10 10
0.799914 122 59 10 10
0.801914 122 59 10 10
0.803914 122 59 10 10
0.805914 122 59 10 10
0.807914 122 59 10 10
0.809914 122 59 10 10
0.811914 122 59 10 10
0.813914 122 59 10 10
0.815914 122 59 10 10
0.817914 122 59 10 10
0.819914 123 58 10 10
0.821914 123 58 10 10
0.823914 123 58 10 10
0.825914 123 58 10 10
0.827914 123 58 10 10
0.829914 123 58 10 10
0.831914 123 58 10 10
0.833914 123 58 10 10
0.835914 123 58 10 10
0.837914 123 58 10 10
0.839914 123 58 10 10
0.841914 123 58 10 10
0.843914 123 58 10 10
0.845914 123 58 10 10
0.847914 123 58 10 10
0.849914 123 58 10 10
0.851914 123 58 10 10
0.853914 122 57 10 10
0.855914 122 57 10 10
0.857914 122 57 10 10
0.859914 122 57 10 10
0.861914 122 57 10 10
0.863914 122 57 10 10
0.865914 122 57 10 10
0.867914 122 57 10 10
0.869914 122 57 10 10
0.871914 122 57 10 10
0.873914 122 57 10 10
0.875914 122 57 10 10
0.877914 122 57 10 10
0.879914 122 57 10 10
0.881914 122 57 10 10
0.883914 122 57 10 10
0.885914 122 57 10 10
0.887914 122 57 10 10
0.889914 122 57 10 10
0.891914 122 57 10 10
0.893914 122 57 10 10
0.895914 122 57 10 10
0.897914 122 57 10 10
0.899914 122 57 10 10
0.901914 122 57 10 10
0.903914 122 57 10 10
0.905914 122 57 10 10
0.907914 122 57 10 10
0.909914 122 57 10 10
0.911914 122 57 10 10
0.913914 122 57 10 10
0.915914 122 57 10 10
0.917914 122 57 10 10
0.919914 123 57 10 10
0.921914 123 57 10 10
0.923914 123 57 10 10
0.925914 123 57 10 10
0.927914 123 57 10 10
0.929914 123 57 10 10
0.931914 123 57 10 10
0.933914 123 57 10 10
0.935914 123 57 10 10
0.937914 123 57 10 10
0.939914 123 57 10 10
0.941914 123 57 10 10
0.943914 123 57 10 10
0.945914 123 57 10 10
0.947914 123 57 10 10
0.949914 123 57 10 10
0.951914 123 57 10 10
0.953914 123 57 10 10
0.955914 123 57 10 10
0.957914 123 57 10 10
0.959914 123 57 10 10
0.961914 123 57 10 10
0.963914 123 57 10 10
0.965914 123 57 10 10
0.967914 123 57 10 10
0.969914 123 57 10 10
0.971914 123 57 10 10
0.973914 123 57 10 10
0.975914 123 57 10 10
0.977914 123 57 10 10
0.979914 123 57 10 10
0.981914 123 57 10 10
0.983914 123 57 10 10
0.985914 123 57 10 10
0.987914 124 58 10 10
0.989914 124 58 10 10
0.991914 124 58 10 10
0.993914 124 58 10 10
0.995914 124 58 10 10
0.997914 124 58 10 10
0.999914 124 58 10 10
1.001914 124 58 10 10
1.003914 124 58 10 10
1.005914 124 58 10 10
1.007914 124 58 10 10
1.009914 124 58 10 10
1.011914 124 58 10 10
1.013914 124 58 10 10
1.015914 124 58 10 10
1.017914 124 58 10 10
1.019914 123 59 10 10
1.021914 123 59 10 10
1.023914 123 59 10 10
1.025914 123 59 10 10
1.027914 123 59 10 10
1.029914 123 59 10 10
1.031914 123 59 10 10
1.033914 123 59 10 10
1.035914 123 59 10 10
1.037914 123 59 10 10
1.039914 123 59 10 10
1.041914 123 59 10 10
1.043914 123 59 10 10
1.045914 123 59 10 10
1.047914 123 59 10 10
1.049914 123 59 10 10
1.051914 123 59 10 10
1.053914 123 59 10 10
1.055914 123 59 10 10
1.057914 123 59 10 10
1.059914 123 59 10 10
1.061914 123 59 10 10
1.063914 123 59 10 10
1.065914 123 59 10 10
1.067914 123 59 10 10
1.069914 123 60 10 10
1.071914 123 60 10 10
1.073914 123 60 10 10
1.075914 123 60 10 10
1.077914 123 60 10 10
1.079914 123 60 10 10
1.081914 123 60 10 10
1.083914 123 60 10 10
1.085914 123 60 10 10
1.087914 123 61 9 9
1.089914 123 61 9 9
1.091914 123 61 9 9
1.093914 123 61 8 9
1.095914 123 61 8 8
1.097914 123 61 8 8
1.099914 123 61 7 8
1.101914 123 61 7 8
1.103914 123 62 7 7
1.105914 123 62 7 7
1.107914 123 62 6 7
1.109914 123 62 6 7
1.111914 123 62 6 6
1.113914 123 62 5 6
1.115914 123 62 5 6
1.117914 123 62 5 6
1.119914 123 63 5 6
1.121914 123 63 5 6
1.123914 123 63 5 6
1.125914 123 63 5 6
1.127914 123 63 6 6
1.129914 123 63 6 7
1.131914 123 63 6 7
1.133914 123 63 7 7
1.135914 123 63 7 7
1.137914 123 63 7 8
1.139914 123 63 8 8
1.141914 123 63 8 8
1.143914 123 63 8 8
1.145914 123 63 8 9
1.147914 123 63 9 9
1.149914 123 63 9 9
1.151914 123 63 9 9
1.153914 123 64 10 10
1.155914 123 64 10 10
1.157914 123 64 10 10
1.159914 123 64 10 10
1.161914 123 64 10 10
1.163914 123 64 10 10
1.165914 123 65 10 10
1.167914 123 65 10 10
1.169914 123 65 10 10
1.171914 123 65 10 10
1.173914 123 65 10 10
1.175914 123 66 10 10
1.177914 123 66 10 10
1.179914 123 66 10 10
1.181914 123 66 10 10
1.183914 123 66 10 10
1.185914 123 66 10 10
1.187914 124 67 10 10
1.189914 124 67 10 10
1.191914 124 67 10 10
1.193914 124 67 10 10
1.195914 124 67 10 10
1.197914 124 67 10 10
1.199914 124 67 10 10
1.201914 124 67 10 10
1.203914 124 68 10 10
1.205914 124 68 10 10
1.207914 124 68 10 10
1.209914 124 68 10 10
1.211914 124 68 10 10
1.213914 124 68 10 10
1.215914 124 68 10 10
1.217914 124 68 10 10
1.219914 124 69 10 10
1.221914 124 69 10 10
1.223914 124 69 10 10
1.225914 124 69 10 10
1.227914 124 69 10 10
1.229914 124 69 10 10
1.231914 124 69 10 10
1.233914 124 69 10 10
1.235914 124 69 10 10
1.237914 124 70 10 10
1.239914 124 70 10 10
1.241914 124 70 10 10
1.243914 124 70 10 10
1.245914 124 70 10 10
1.247914 124 70 10 10
1.249914 124 70 10 10
1.251914 124 70 10 10
1.253914 124 71 10 10
1.255914 124 71 10 10
1.257914 124 71 10 10
1.259914 124 71 10 10
1.261914 124 71 10 10
1.263914 124 71 10 10
1.265914 124 71 10 10
1.267914 124 71 10 10
1.269914 124 72 10 10
1.271914 124 72 10 10
1.273914 124 72 10 10
1.275914 124 72 10 10
1.277914 124 72 10 10
1.279914 124 72 10 10
1.281914 124 72 10 10
1.283914 124 72 10 10
1.285914 124 72 10 10
1.287914 124 73 10 10
1.289914 124 73 10 10
1.291914 124 73 10 10
1.293914 124 73 10 10
1.295914 124 73 10 10
1.297914 124 73 10 10
1.299914 124 73 10 10
1.301914 124 73 10 10
1.303914 124 74 10 10
1.305914 124 74 10 10
1.307914 124 74 10 10
1.309914 124 74 10 10
1.311914 124 74 10 10
1.313914 124 74 10 10
1.315914 124 74 10 10
1.317914 124 74 10 10
1.319914 123 75 10 10
1.321914 123 75 10 10
1.323914 123 75 10 10
1.325914 123 75 10 10
1.327914 123 75 10 10
1.329914 123 76 10 10
1.331914 123 76 10 10
1.333914 123 76 10 10
1.335914 123 76 10 10
1.337914 123 77 10 10
1.339914 123 77 10 10
1.341914 123 77 10 10
1.343914 123 77 10 10
1.345914 123 78 10 10
1.347914 123 78 10 10
1.349914 123 78 10 10
1.351914 123 78 10 10
1.353914 123 79 9 9
1.355914 123 79 9 9
1.357914 123 79 9 9
1.359914 123 80 8 8
1.361914 123 80 8 8
1.363914 123 80 8 8
1.365914 123 81 8 7
1.367914 123 81 7 7
1.369914 124 82 7 6
1.371914 124 82 7 6
1.373914 124 82 6 6
1.375914 124 83 6 5
1.377914 124 83 6 5
1.379914 124 83 5 5
1.381914 124 84 5 4
1.383914 124 84 5 4
1.385914 124 84 5 4
1.387914 124 85 5 4
1.389914 124 85 5 4
1.391914 124 85 5 4
1.393914 124 85 6 5
1.395914 124 85 6 5
1.397914 124 85 6 6
1.399914 124 85 7 6
1.401914 124 85 7 6
1.403914 123 85 7 7
1.405914 123 85 7 7
1.407914 123 85 8 7
1.409914 123 85 8 8
1.411914 123 85 8 8
1.413914 123 85 9 8
1.415914 123 85 9 9
1.417914 123 85 9 9
1.419914 123 86 10 10
1.421914 123 86 10 10
1.423914 123 86 10 10
1.425914 123 86 10 10
1.427914 123 86 10 10
1.429914 123 87 10 10
1.431914 123 87 10 10
1.433914 123 87 10 10
1.435914 123 87 10 10
1.437914 123 88 10 10
1.439914 123 88 10 10
1.441914 123 88 10 10
1.443914 123 88 10 10
1.445914 123 89 10 10
1.447914 123 89 10 10
1.449914 123 89 10 10
1.451914 123 89 10 10
1.453914 123 90 10 10
1.455914 123 90 10 10
1.457914 123 90 10 10
1.459914 123 90 10 10
1.461914 123 90 10 10
1.463914 123 90 10 10
1.465914 123 91 10 10
1.467914 123 91 10 10
1.469914 123 91 10 10
1.471914 123 91 10 10
1.473914 123 91 10 10
1.475914 123 92 10 10
1.477914 123 92 10 10
1.479914 123 92 10 10
1.481914 123 92 10 10
1.483914 123 92 10 10
1.485914 123 92 10 10
1.487914 123 93 10 10
1.489914 123 93 10 10
1.491914 123 93 10 10
1.493914 123 94 10 10
1.495914 123 94 10 10
1.497914 123 94 10 10
1.499914 123 95 10 10
1.501914 123 95 10 10
1.503914 123 95 10 10
1.505914 123 95 10 10
1.507914 123 96 10 10
1.509914 123 96 10 10
1.511914 123 96 10 10
1.513914 123 97 10 10
1.515914 123 97 10 10
1.517914 123 97 10 10
1.519914 123 98 10 10
1.521914 123 98 10 10
1.523914 123 98 10 10
1.525914 123 98 10 10
1.527914 123 98 10 10
1.529914 123 99 10 10
1.531914 123 99 10 10
1.533914 123 99 10 10
1.535914 123 99 10 10
1.537914 123 100 10 10
1.539914 123 100 10 10
1.541914 123 100 10 10
1.543914 123 100 10 10
1.545914 123 101 10 10
1.547914 123 101 10 10
1.549914 123 101 10 10
1.551914 123 101 10 10
1.553914 123 102 10 10
1.555914 123 102 10 10
1.557914 123 102 10 10
1.559914 123 102 10 10
1.561914 123 103 10 10
1.563914 123 103 10 10
1.565914 123 103 10 10
1.567914 123 103 10 10
1.569914 123 104 10 10
1.571914 123 104 10 10
1.573914 123 104 10 10
1.575914 123 104 10 10
1.577914 123 104 10 10
1.579914 123 105 10 10
1.581914 123 105 10 10
1.583914 123 105 10 10
1.585914 123 105 10 10
1.587914 123 106 10 10
1.589914 123 106 10 10
1.591914 123 106 10 10
1.593914 123 107 10 10
1.595914 123 107 10 10
1.597914 123 108 10 10
1.599914 123 108 10 10
1.601914 123 108 10 10
1.603914 123 109 10 10
1.605914 123 109 10 10
1.607914 123 109 10 10
1.609914 123 110 10 10
1.611914 123 110 10 10
1.613914 123 110 10 10
1.615914 123 111 10 10
1.617914 123 111 10 10
1.619914 123 112 9 9
1.621914 123 112 9 9
1.623914 123 113 9 9
1.625914 123 113 9 8
1.627914 123 114 8 8
1.629914 123 114 8 7
1.631914 123 115 8 7
1.633914 123 115 7 7
1.635914 123 116 7 6
1.637914 124 116 7 6
1.639914 124 117 6 5
1.641914 124 117 6 5
1.643914 124 118 6 4
1.645914 124 119 6 4
1.647914 124 119 5 4
1.649914 124 120 5 3
1.651914 124 120 5 3
1.653914 124 121 5 3
1.655914 124 121 5 3
1.657914 124 121 5 3
1.659914 124 121 6 4
1.661914 124 121 6 4
1.663914 124 121 6 5
1.665914 124 121 6 5
1.667914 124 121 7 6
1.669914 123 121 7 6
1.671914 123 121 7 6
1.673914 123 121 8 7
1.675914 123 121 8 7
1.677914 123 121 8 8
1.679914 123 121 9 8
1.681914 123 121 9 9
1.683914 123 121 9 9
1.685914 123 121 9 9
1.687914 122 122 10 10
1.689914 122 122 10 10
1.691914 122 123 10 10
1.693914 122 123 10 10
1.695914 122 123 10 10
1.697914 122 124 10 10
1.699914 122 124 10 10
1.701914 122 125 10 10
1.703914 122 125 10 10
1.705914 122 126 10 10
1.707914 122 126 10 10
1.709914 122 126 10 10
1.711914 122 127 10 10
1.713914 122 127 10 10
1.715914 122 128 10 10
1.717914 122 128 10 10
1.719914 121 129 10 10
1.721914 121 129 10 10
1.723914 121 129 10 10
1.725914 121 129 10 10
1.727914 121 129 10 10
1.729914 121 129 10 10
1.731914 121 130 10 10
1.733914 121 130 10 10
1.735914 121 130 10 10
1.737914 121 130 10 10
1.739914 121 130 10 10
1.741914 121 130 10 10
1.743914 121 131 10 10
1.745914 121 131 10 10
1.747914 121 131 10 10
1.749914 121 131 10 10
1.751914 121 131 10 10
1.753914 121 132 11 11
1.755914 121 132 11 11
1.757914 121 132 11 11
1.759914 121 132 11 11
1.761914 121 132 11 11
1.763914 121 132 11 11
1.765914 121 132 11 11
1.767914 121 132 11 11
1.769914 121 132 11 11
1.771914 121 132 11 11
1.773914 121 132 11 11
1.775914 121 132 11 11
1.777914 121 132 11 11
1.779914 121 132 11 11
1.781914 121 132 11 11
1.783914 121 132 11 11
1.785914 121 132 11 11
1.787914 121 131 11 11
1.789914 122 131 11 11
1.791914 123 131 11 11
1.793914 123 131 11 11
1.795914 124 131 11 11
1.797914 125 130 11 11
1.799914 126 130 11 11
1.801914 126 130 11 11
1.803914 127 130 11 11
1.805914 128 130 11 11
1.807914 129 130 11 11
1.809914 130 129 11 11
1.811914 130 129 11 11
1.813914 131 129 11 11
1.815914 132 129 11 11
1.817914 133 129 11 11
1.819914 134 128 10 10
1.821914 134 128 10 10
1.823914 134 128 10 10
1.825914 135 128 10 10
1.827914 135 128 10 10
1.829914 136 128 10 10
1.831914 136 127 10 10
1.833914 137 127 10 10
1.835914 137 127 10 10
1.837914 138 127 10 10
1.839914 138 127 10 10
1.841914 139 127 10 10
1.843914 139 126 10 10
1.845914 140 126 10 10
1.847914 140 126 10 10
1.849914 141 126 10 10
1.851914 141 126 10 10
1.853914 142 125 10 10
1.855914 142 125 10 10
1.857914 143 125 10 10
1.859914 143 125 10 10
1.861914 144 125 10 10
1.863914 144 125 10 10
1.865914 145 125 10 10
1.867914 145 125 10 10
1.869914 146 124 10 10
1.871914 146 124 10 10
1.873914 146 124 10 10
1.875914 147 124 10 10
1.877914 147 124 10 10
1.879914 148 124 10 10
1.881914 148 124 10 10
1.883914 149 124 10 10
1.885914 149 124 10 10
1.887914 150 123 10 10
1.889914 150 123 10 10
1.891914 151 123 10 10
1.893914 151 123 10 10
1.895914 151 123 10 10
1.897914 152 123 10 10
1.899914 152 123 10 10
1.901914 153 123 10 10
1.903914 153 122 10 10
1.905914 154 122 10 10
1.907914 154 122 10 10
1.909914 154 122 10 10
1.911914 155 122 10 10
1.913914 155 122 10 10
1.915914 156 122 10 10
1.917914 156 122 10 10
1.919914 157 121 9 9
1.921914 157 121 9 9
1.923914 158 121 9 9
1.925914 158 121 9 9
1.927914 159 121 8 8
1.929914 159 121 8 8
1.931914 160 121 8 8
1.933914 160 121 7 7
1.935914 161 121 7 7
1.937914 161 121 7 7
1.939914 162 121 6 6
1.941914 162 121 6 6
1.943914 163 121 6 6
1.945914 164 121 6 6
1.947914 164 121 5 5
1.949914 165 121 5 5
1.951914 165 121 5 5
1.953914 166 120 5 5
1.955914 166 120 5 5
1.957914 166 120 5 5
1.959914 167 120 6 6
1.961914 167 119 6 6
1.963914 168 119 6 6
1.965914 168 119 6 6
1.967914 169 119 7 7
1.969914 169 118 7 7
1.971914 169 118 7 7
1.973914 170 118 8 8
1.975914 170 118 8 8
1.977914 171 118 8 8
1.979914 171 117 9 9
1.981914 172 117 9 9
1.983914 172 117 9 9
1.985914 172 117 9 9
1.987914 173 116 10 10
1.989914 173 116 10 10
1.991914 173 116 10 10
1.993914 174 116 10 10
1.995914 174 116 10 10
1.997914 175 116 10 10
1.999914 175 116 10 10
2.001914 175 116 10 10
2.003914 176 116 10 10
2.005914 176 116 10 10
2.007914 176 116 10 10
2.009914 177 116 10 10
2.011914 177 116 10 10
2.013914 177 116 10 10
2.015914 178 116 10 10
2.017914 178 116 10 10
2.019914 179 115 10 10
2.021914 179 115 10 10
2.023914 179 115 10 10
2.025914 180 115 10 10
2.027914 180 115 10 10
2.029914 181 115 10 10
2.031914 181 114 10 10
2.033914 182 114 10 10
2.035914 182 114 10 10
2.037914 183 114 10 10
2.039914 183 114 10 10
2.041914 184 114 10 10
2.043914 184 113 10 10
2.045914 185 113 10 10
2.047914 185 113 10 10
2.049914 186 113 10 10
2.051914 186 113 10 10
2.053914 187 113 10 10
2.055914 187 113 10 10
2.057914 188 113 10 10
2.059914 188 113 10 10
2.061914 189 113 10 10
2.063914 189 113 10 10
2.065914 190 113 10 10
2.067914 190 113 10 10
2.069914 191 113 10 10
2.071914 191 113 10 10
2.073914 191 113 10 10
2.075914 192 113 10 10
2.077914 192 113 10 10
2.079914 193 113 10 10
2.081914 193 113 10 10
2.083914 194 113 10 10
2.085914 194 113 10 10
2.087914 195 112 10 10
2.089914 195 112 10 10
2.091914 195 112 10 10
2.093914 196 112 10 10
2.095914 196 112 10 10
2.097914 197 112 10 10
2.099914 197 112 10 10
2.101914 197 112 10 10
2.103914 198 112 10 10
2.105914 198 112 10 10
2.107914 198 112 10 10
2.109914 199 112 10 10
2.111914 199 112 10 10
2.113914 199 112 10 10
2.115914 200 112 10 10
2.117914 200 112 10 10
2.119914 201 111 10 10
2.121914 201 111 10 10
2.123914 202 111 10 10
2.125914 202 111 10 10
2.127914 203 111 10 10
2.129914 203 111 10 10
2.131914 204 111 10 10
2.133914 204 111 10 10
2.135914 205 111 10 10
2.137914 205 111 10 10
2.139914 206 111 10 10
2.141914 206 111 10 10
2.143914 207 111 10 10
2.145914 208 111 10 10
2.147914 208 111 10 10
2.149914 209 111 10 10
2.151914 209 111 10 10
2.153914 210 110 10 10
2.155914 210 110 10 10
2.157914 210 110 10 10
2.159914 211 110 10 10
2.161914 211 110 10 10
2.163914 212 110 10 10
2.165914 212 110 10 10
2.167914 213 110 10 10
2.169914 213 110 10 10
2.171914 213 110 10 10
2.173914 214 110 10 10
2.175914 214 110 10 10
2.177914 215 110 10 10
2.179914 215 110 10 10
2.181914 216 110 10 10
2.183914 216 110 10 10
2.185914 216 110 10 10
2.187914 217 110 10 10
2.189914 217 110 10 10
2.191914 218 110 10 10
2.193914 218 110 10 10
2.195914 218 110 10 10
2.197914 219 110 10 10
2.199914 219 110 10 10
2.201914 220 110 10 10
2.203914 220 110 10 10
2.205914 221 110 10 10
2.207914 221 110 10 10
2.209914 221 110 10 10
2.211914 222 110 10 10
2.213914 222 110 10 10
2.215914 223 110 10 10
2.217914 223 110 10 10
2.219914 224 111 9 9
2.221914 224 111 9 9
2.223914 225 111 9 9
2.225914 225 111 9 9
2.227914 226 111 8 8
2.229914 227 111 8 8
2.231914 227 111 8 8
2.233914 228 111 7 7
2.235914 228 111 7 7
2.237914 229 112 7 7
2.239914 230 112 6 6
2.241914 230 112 6 6
2.243914 231 112 6 6
2.245914 231 112 6 6
2.247914 232 112 5 5
2.249914 233 112 5 5
2.251914 233 112 5 5
2.253914 234 112 5 5
2.255914 234 112 5 5
2.257914 234 112 5 5
2.259914 235 112 6 6
2.261914 235 112 6 6
2.263914 235 112 6 6
2.265914 235 112 6 6
2.267914 236 112 7 7
2.269914 236 112 7 7
2.271914 236 112 7 7
2.273914 237 112 8 8
2.275914 237 112 8 8
2.277914 237 112 8 8
2.279914 238 112 9 9
2.281914 238 112 9 9
2.283914 238 112 9 9
2.285914 238 112 9 9
2.287914 239 112 10 10
2.289914 239 112 10 10
2.291914 240 112 10 10
2.293914 240 112 10 10
2.295914 241 112 10 10
2.297914 242 112 10 10
2.299914 242 112 10 10
2.301914 243 112 10 10
2.303914 243 112 10 10
2.305914 244 112 10 10
2.307914 244 112 10 10
2.309914 245 112 10 10
2.311914 245 112 10 10
2.313914 246 112 10 10
2.315914 246 112 10 10
2.317914 247 112 10 10
2.319914 248 113 10 10
2.321914 248 113 10 10
2.323914 248 113 10 10
2.325914 249 113 10 10
2.327914 249 113 10 10
2.329914 250 113 10 10
2.331914 250 113 10 10
2.333914 250 113 10 10
2.335914 251 113 10 10
2.337914 251 114 10 10
2.339914 252 114 10 10
2.341914 252 114 10 10
2.343914 253 114 10 10
2.345914 253 114 10 10
2.347914 253 114 10 10
2.349914 254 114 10 10
2.351914 254 114 10 10
2.353914 255 115 9 9
2.355914 255 115 9 9
2.357914 256 115 9 9
2.359914 257 115 8 8
2.361914 257 116 8 8
2.363914 258 116 8 8
2.365914 258 116 7 7
2.367914 259 116 7 7
2.369914 260 117 6 6
2.371914 260 117 6 6
2.373914 261 117 6 6
2.375914 261 117 5 5
2.377914 262 117 5 5
2.379914 263 118 5 5
2.381914 263 118 4 4
2.383914 264 118 4 4
2.385914 264 118 4 4
