0.020608 101 106 8 7
0.022608 100 106 8 7
0.024608 99 106 8 7
0.026608 99 107 8 7
0.028608 98 107 8 7
0.030608 97 107 8 7
0.032608 97 108 8 8
0.034608 96 108 8 8
0.036608 95 108 8 8
0.038608 95 109 9 8
0.040608 94 109 9 8
0.042608 93 109 9 8
0.044608 93 110 9 9
0.046608 92 110 9 9
0.048608 91 111 9 9
0.050608 91 111 9 9
0.052608 90 111 9 9
0.054608 89 112 10 10
0.056608 89 112 10 10
0.058608 88 112 10 10
0.060608 87 113 10 10
0.062608 87 113 10 10
0.064608 86 113 10 10
0.066608 86 114 10 10
0.068608 85 114 10 10
0.070608 84 115 10 10
0.072608 84 115 10 10
0.074608 83 115 10 10
0.076608 83 116 10 10
0.078608 82 116 10 10
0.080608 81 116 10 10
0.082608 81 117 10 10
0.084608 80 117 10 10
0.086608 80 117 10 10
0.088608 79 118 10 10
0.090608 79 118 10 10
0.092608 78 119 10 10
0.094608 78 119 10 10
0.096608 77 120 10 10
0.098608 76 120 10 10
0.100608 76 121 10 10
0.102608 75 121 10 10
0.104608 75 122 10 10
0.106608 74 122 10 10
0.108608 74 123 10 10
0.110608 73 123 10 10
0.112608 73 124 10 10
0.114608 72 124 10 10
0.116608 72 125 10 10
0.118608 71 125 10 10
0.120608 70 126 10 10
0.122608 70 126 10 10
0.124608 69 126 10 10
0.126608 69 127 10 10
0.128608 68 127 10 10
0.130608 68 128 10 10
0.132608 67 128 10 10
0.134608 67 128 10 10
0.136608 66 129 10 10
0.138608 66 129 10 10
0.140608 65 130 10 10
0.142608 65 130 10 10
0.144608 64 131 10 10
0.146608 63 131 10 10
0.148608 63 131 10 10
0.150608 62 132 10 10
0.152608 62 132 10 10
0.154608 61 133 10 10
0.156608 61 133 10 10
0.158608 60 134 10 10
0.160608 59 134 10 10
0.162608 59 135 10 10
0.164608 58 135 10 10
0.166608 58 136 10 10
0.168608 57 136 10 10
0.170608 56 137 10 10
0.172608 56 138 10 10
0.174608 55 138 10 10
0.176608 55 139 10 10
0.178608 54 139 10 10
0.180608 53 140 10 10
0.182608 53 140 10 10
0.184608 52 141 10 10
0.186608 52 141 10 10
0.188608 52 141 10 10
0.190608 52 141 10 10
0.192608 52 140 10 10
0.194608 52 140 10 10
0.196608 52 140 10 10
0.198608 52 139 10 10
0.200608 52 139 10 10
0.202608 52 138 10 10
0.204608 52 138 10 10
0.206608 52 137 10 10
0.208608 52 137 10 10
0.210608 52 137 10 10
0.212608 52 136 10 10
0.214608 52 136 10 10
0.216608 52 135 10 10
0.218608 52 135 10 10
0.220608 53 134 9 9
0.222608 53 134 9 9
0.224608 53 134 9 9
0.226608 53 133 9 9
0.228608 53 133 9 9
0.230608 54 132 9 9
0.232608 54 132 8 8
0.234608 54 132 8 8
0.236608 54 131 8 8
0.238608 55 131 8 8
0.240608 55 130 8 8
0.242608 55 130 8 8
0.244608 55 129 7 7
0.246608 56 129 7 7
0.248608 56 129 7 7
0.250608 56 128 7 7
0.252608 56 128 7 7
0.254608 57 127 7 7
0.256608 57 127 7 7
0.258608 57 126 7 7
0.260608 57 126 7 7
0.262608 57 125 7 7
0.264608 57 125 7 7
0.266608 57 124 8 8
0.268608 57 124 8 8
0.270608 57 123 8 8
0.272608 57 123 8 8
0.274608 57 123 8 8
0.276608 57 122 9 9
0.278608 57 122 9 9
0.280608 57 121 9 9
0.282608 57 121 9 9
0.284608 57 120 9 9
0.286608 57 120 9 9
0.288608 57 119 10 10
0.290608 57 119 10 10
0.292608 57 119 10 10
0.294608 58 118 10 10
0.296608 58 118 10 10
0.298608 58 117 10 10
0.300608 59 117 10 10
0.302608 59 117 10 10
0.304608 59 116 10 10
0.306608 59 116 10 10
0.308608 60 116 10 10
0.310608 60 115 10 10
0.312608 60 115 10 10
0.314608 61 115 10 10
0.316608 61 114 10 10
0.318608 61 114 10 10
0.320608 62 113 10 10
0.322608 62 113 10 10
0.324608 62 113 10 10
0.326608 62 112 10 10
0.328608 62 112 10 10
0.330608 62 111 10 10
0.332608 63 111 10 10
0.334608 63 110 10 10
0.336608 63 110 10 10
0.338608 63 109 10 10
0.340608 63 109 10 10
0.342608 63 108 10 10
0.344608 64 108 10 10
0.346608 64 107 10 10
0.348608 64 107 10 10
0.350608 64 106 10 10
0.352608 64 106 10 10
0.354608 65 105 10 10
0.356608 65 105 10 10
0.358608 65 105 10 10
0.360608 65 105 10 10
0.362608 65 104 10 10
0.364608 65 104 10 10
0.366608 66 104 10 10
0.368608 66 104 10 10
0.370608 66 103 10 10
0.372608 66 103 10 10
0.374608 66 103 10 10
0.376608 67 103 10 10
0.378608 67 103 10 10
0.380608 67 102 10 10
0.382608 67 102 10 10
0.384608 67 102 10 10
0.386608 67 102 10 10
0.388608 68 101 10 10
0.390608 68 101 10 10
0.392608 68 100 10 10
0.394608 68 100 10 10
0.396608 68 100 10 10
0.398608 69 99 10 10
0.400608 69 99 10 10
0.402608 69 98 10 10
0.404608 69 98 10 10
0.406608 69 97 10 10
0.408608 69 97 10 10
0.410608 70 97 10 10
0.412608 70 96 10 10
0.414608 70 96 10 10
0.416608 70 95 10 10
0.418608 70 95 10 10
0.420608 71 94 10 10
0.422608 71 94 10 10
0.424608 71 94 10 10
0.426608 71 94 10 10
0.428608 71 94 10 10
0.430608 71 93 10 10
0.432608 72 93 10 10
0.434608 72 93 10 10
0.436608 72 93 10 10
0.438608 72 92 10 10
0.440608 72 92 10 10
0.442608 72 92 10 10
0.444608 73 92 10 10
0.446608 73 91 10 10
0.448608 73 91 10 10
0.450608 73 91 10 10
0.452608 73 91 10 10
0.454608 74 90 10 10
0.456608 74 90 10 10
0.458608 74 90 10 10
0.460608 74 89 10 10
0.462608 74 89 10 10
0.464608 74 88 10 10
0.466608 74 88 10 10
0.468608 74 87 10 10
0.470608 74 87 10 10
0.472608 74 87 10 10
0.474608 74 86 10 10
0.476608 74 86 10 10
0.478608 74 85 10 10
0.480608 74 85 10 10
0.482608 74 84 10 10
0.484608 74 84 10 10
0.486608 74 84 10 10
0.488608 75 83 10 10
0.490608 75 83 10 10
0.492608 75 83 10 10
0.494608 75 82 10 10
0.496608 76 82 10 10
0.498608 76 82 10 10
0.500608 76 81 10 10
0.502608 76 81 10 10
0.504608 77 81 10 10
0.506608 77 81 10 10
0.508608 77 80 10 10
0.510608 77 80 10 10
0.512608 78 80 10 10
0.514608 78 79 10 10
0.516608 78 79 10 10
0.518608 78 79 10 10
0.520608 79 78 9 9
0.522608 79 78 9 9
0.524608 79 78 9 9
0.526608 79 78 9 9
0.528608 79 78 9 9
0.530608 79 78 9 9
0.532608 80 77 8 9
0.534608 80 77 8 9
0.536608 80 77 8 9
0.538608 80 77 8 8
0.540608 80 77 8 8
0.542608 80 77 8 8
0.544608 81 76 7 8
0.546608 81 76 7 8
0.548608 81 76 7 8
0.550608 81 76 7 8
0.552608 81 76 7 8
0.554608 82 75 7 8
0.556608 82 75 7 8
0.558608 82 75 7 8
0.560608 82 74 7 8
0.562608 82 74 7 8
0.564608 82 74 7 8
0.566608 82 74 8 8
0.568608 82 73 8 8
0.570608 82 73 8 9
0.572608 82 73 8 9
0.574608 82 72 8 9
0.576608 82 72 9 9
0.578608 82 72 9 9
0.580608 82 71 9 9
0.582608 82 71 9 9
0.584608 82 71 9 9
0.586608 82 71 9 9
0.588608 82 70 10 10
0.590608 82 70 10 10
0.592608 82 70 10 10
0.594608 82 70 10 10
0.596608 83 70 10 10
0.598608 83 69 10 10
0.600608 83 69 10 10
0.602608 83 69 10 10
0.604608 84 69 10 10
0.606608 84 69 10 10
0.608608 84 69 10 10
0.610608 84 68 10 10
0.612608 85 68 10 10
0.614608 85 68 10 10
0.616608 85 68 10 10
0.618608 85 68 10 10
0.620608 86 67 10 10
0.622608 86 67 10 10
0.624608 86 67 10 10
0.626608 86 67 10 10
0.628608 86 67 10 10
0.630608 86 67 10 10
0.632608 86 66 10 10
0.634608 86 66 10 10
0.636608 86 66 10 10
0.638608 87 66 10 10
0.640608 87 66 10 10
0.642608 87 66 10 10
0.644608 87 65 10 10
0.646608 87 65 10 10
0.648608 87 65 10 10
0.650608 87 65 10 10
0.652608 87 65 10 10
0.654608 88 64 10 10
0.656608 88 64 10 10
0.658608 88 64 10 10
0.660608 88 64 10 10
0.662608 89 64 10 10
0.664608 89 64 10 10
0.666608 89 64 10 10
0.668608 89 64 10 10
0.670608 90 63 10 10
0.672608 90 63 10 10
0.674608 90 63 10 10
0.676608 90 63 10 10
0.678608 90 63 10 10
0.680608 91 63 10 10
0.682608 91 63 10 10
0.684608 91 63 10 10
0.686608 91 63 10 10
0.688608 92 62 10 10
0.690608 92 62 10 10
0.692608 92 62 10 10
0.694608 92 62 10 10
0.696608 92 62 10 10
0.698608 92 61 10 10
0.700608 92 61 10 10
0.702608 92 61 10 10
0.704608 93 61 10 10
0.706608 93 61 10 10
0.708608 93 61 10 10
0.710608 93 60 10 10
0.712608 93 60 10 10
0.714608 93 60 10 10
0.716608 93 60 10 10
0.718608 93 60 10 10
0.720608 94 59 10 10
0.722608 94 59 10 10
0.724608 94 59 10 10
0.726608 94 59 10 10
0.728608 94 59 10 10
0.730608 94 59 10 10
0.732608 94 59 10 10
0.734608 94 59 10 10
0.736608 94 59 10 10
0.738608 95 59 10 10
0.740608 95 59 10 10
0.742608 95 59 10 10
0.744608 95 59 10 10
0.746608 95 59 10 10
0.748608 95 59 10 10
0.750608 95 59 10 10
0.752608 95 59 10 10
0.754608 96 58 10 10
0.756608 96 58 10 10
0.758608 96 58 10 10
0.760608 96 58 10 10
0.762608 96 58 10 10
0.764608 96 58 10 10
0.766608 96 58 10 10
0.768608 96 58 10 10
0.770608 97 57 10 10
0.772608 97 57 10 10
0.774608 97 57 10 10
0.776608 97 57 10 10
0.778608 97 57 10 10
0.780608 97 57 10 10
0.782608 97 57 10 10
0.784608 97 57 10 10
0.786608 97 57 10 10
0.788608 98 56 10 10
0.790608 98 56 10 10
0.792608 98 56 10 10
0.794608 98 56 10 10
0.796608 98 56 10 10
0.798608 98 56 10 10
0.800608 98 56 10 10
0.802608 98 56 10 10
0.804608 99 56 10 10
0.806608 99 56 10 10
0.808608 99 56 10 10
0.810608 99 56 10 10
0.812608 99 56 10 10
0.814608 99 56 10 10
0.816608 99 56 10 10
0.818608 99 56 10 10
0.820608 100 56 10 10
0.822608 100 56 10 10
0.824608 100 56 10 10
0.826608 100 56 10 10
0.828608 100 56 10 10
0.830608 100 56 10 10
0.832608 101 56 10 10
0.834608 101 56 10 10
0.836608 101 56 10 10
0.838608 101 56 10 10
0.840608 101 56 10 10
0.842608 101 56 10 10
0.844608 102 56 10 10
0.846608 102 56 10 10
0.848608 102 56 10 10
0.850608 102 56 10 10
0.852608 102 56 10 10
0.854608 103 55 10 10
0.856608 103 55 10 10
0.858608 103 55 10 10
0.860608 103 55 10 10
0.862608 103 55 10 10
0.864608 103 55 10 10
0.866608 104 55 10 10
0.868608 104 55 10 10
0.870608 104 55 10 10
0.872608 104 55 10 10
0.874608 104 55 10 10
0.876608 105 55 10 10
0.878608 105 55 10 10
0.880608 105 55 10 10
0.882608 105 55 10 10
0.884608 105 55 10 10
0.886608 105 55 10 10
0.888608 106 55 10 10
0.890608 106 55 10 10
0.892608 106 55 10 10
0.894608 106 55 10 10
0.896608 106 55 10 10
0.898608 106 55 10 10
0.900608 106 55 10 10
0.902608 106 55 10 10
0.904608 107 55 10 10
0.906608 107 55 10 10
0.908608 107 55 10 10
0.910608 107 55 10 10
0.912608 107 55 10 10
0.914608 107 55 10 10
0.916608 107 55 10 10
0.918608 107 55 10 10
0.920608 108 55 10 10
0.922608 108 55 10 10
0.924608 108 55 10 10
0.926608 108 55 10 10
0.928608 108 55 10 10
0.930608 108 55 10 10
0.932608 108 55 10 10
0.934608 108 55 10 10
0.936608 108 55 10 10
0.938608 109 55 10 10
0.940608 109 55 10 10
0.942608 109 55 10 10
0.944608 109 55 10 10
0.946608 109 55 10 10
0.948608 109 55 10 10
0.950608 109 55 10 10
0.952608 109 55 10 10
0.954608 110 55 10 10
0.956608 110 55 10 10
0.958608 110 55 10 10
0.960608 110 55 10 10
0.962608 110 55 10 10
0.964608 110 55 10 10
0.966608 111 55 10 10
0.968608 111 55 10 10
0.970608 111 55 10 10
0.972608 111 55 10 10
0.974608 111 55 10 10
0.976608 112 55 10 10
0.978608 112 55 10 10
0.980608 112 55 10 10
0.982608 112 55 10 10
0.984608 112 55 10 10
0.986608 112 55 10 10
0.988608 113 56 10 10
0.990608 113 56 10 10
0.992608 113 56 10 10
0.994608 113 56 10 10
0.996608 113 56 10 10
0.998608 113 56 10 10
1.000608 113 56 10 10
1.002608 113 56 10 10
1.004608 114 57 10 10
1.006608 114 57 10 10
1.008608 114 57 10 10
1.010608 114 57 10 10
1.012608 114 57 10 10
1.014608 114 57 10 10
1.016608 114 57 10 10
1.018608 114 57 10 10
1.020608 115 58 10 10
1.022608 115 58 10 10
1.024608 115 58 10 10
1.026608 115 58 10 10
1.028608 115 58 10 10
1.030608 115 58 10 10
1.032608 115 58 10 10
1.034608 115 58 10 10
1.036608 115 58 10 10
1.038608 115 58 10 10
1.040608 115 58 10 10
1.042608 115 58 10 10
1.044608 115 58 10 10
1.046608 115 58 10 10
1.048608 115 58 10 10
1.050608 115 58 10 10
1.052608 115 58 10 10
1.054608 116 58 10 10
1.056608 116 58 10 10
1.058608 116 58 10 10
1.060608 116 58 10 10
1.062608 116 58 10 10
1.064608 116 58 10 10
1.066608 117 58 10 10
1.068608 117 58 10 10
1.070608 117 59 10 10
1.072608 117 59 10 10
1.074608 117 59 10 10
1.076608 118 59 10 10
1.078608 118 59 10 10
1.080608 118 59 10 10
1.082608 118 59 10 10
1.084608 118 59 10 10
1.086608 118 59 10 10
1.088608 119 60 10 10
1.090608 119 60 10 10
1.092608 119 60 10 10
1.094608 119 60 10 10
1.096608 119 60 10 10
1.098608 119 61 10 10
1.100608 119 61 10 10
1.102608 119 61 10 10
1.104608 120 61 10 10
1.106608 120 61 10 10
1.108608 120 61 10 10
1.110608 120 62 10 10
1.112608 120 62 10 10
1.114608 120 62 10 10
1.116608 120 62 10 10
1.118608 120 62 10 10
1.120608 121 63 10 10
1.122608 121 63 10 10
1.124608 121 63 10 10
1.126608 121 63 10 10
1.128608 121 63 10 10
1.130608 121 63 10 10
1.132608 121 64 10 10
1.134608 121 64 10 10
1.136608 121 64 10 10
1.138608 122 64 10 10
1.140608 122 64 10 10
1.142608 122 64 10 10
1.144608 122 65 10 10
1.146608 122 65 10 10
1.148608 122 65 10 10
1.150608 122 65 10 10
1.152608 122 65 10 10
1.154608 123 66 10 10
1.156608 123 66 10 10
1.158608 123 66 10 10
1.160608 123 66 10 10
1.162608 124 66 10 10
1.164608 124 66 10 10
1.166608 124 66 10 10
1.168608 124 66 10 10
1.170608 125 67 10 10
1.172608 125 67 10 10
1.174608 125 67 10 10
1.176608 125 67 10 10
1.178608 125 67 10 10
1.180608 126 67 10 10
1.182608 126 67 10 10
1.184608 126 67 10 10
1.186608 126 67 10 10
1.188608 127 68 10 10
1.190608 127 68 10 10
1.192608 127 68 10 10
1.194608 127 68 10 10
1.196608 127 68 10 10
1.198608 127 69 10 10
1.200608 127 69 10 10
1.202608 127 69 10 10
1.204608 127 69 10 10
1.206608 127 69 10 10
1.208608 127 69 10 10
1.210608 127 70 10 10
1.212608 127 70 10 10
1.214608 127 70 10 10
1.216608 127 70 10 10
1.218608 127 70 10 10
1.220608 128 71 10 10
1.222608 128 71 10 10
1.224608 128 71 10 10
1.226608 128 71 10 10
1.228608 128 71 10 10
1.230608 128 72 10 10
1.232608 128 72 10 10
1.234608 128 72 10 10
1.236608 128 72 10 10
1.238608 129 73 10 10
1.240608 129 73 10 10
1.242608 129 73 10 10
1.244608 129 73 10 10
1.246608 129 74 10 10
1.248608 129 74 10 10
1.250608 129 74 10 10
1.252608 129 74 10 10
1.254608 130 75 10 10
1.256608 130 75 10 10
1.258608 130 75 10 10
1.260608 130 75 10 10
1.262608 130 76 10 10
1.264608 130 76 10 10
1.266608 131 76 10 10
1.268608 131 76 10 10
1.270608 131 77 10 10
1.272608 131 77 10 10
1.274608 131 77 10 10
1.276608 132 77 10 10
1.278608 132 77 10 10
1.280608 132 78 10 10
1.282608 132 78 10 10
1.284608 132 78 10 10
1.286608 132 78 10 10
1.288608 133 79 10 10
1.290608 133 79 10 10
1.292608 133 79 10 10
1.294608 133 80 10 10
1.296608 133 80 10 10
1.298608 133 80 10 10
1.300608 133 81 10 10
1.302608 133 81 10 10
1.304608 134 81 10 10
1.306608 134 81 10 10
1.308608 134 82 10 10
1.310608 134 82 10 10
1.312608 134 82 10 10
1.314608 134 83 10 10
1.316608 134 83 10 10
1.318608 134 83 10 10
1.320608 135 84 10 10
1.322608 135 84 10 10
1.324608 135 84 10 10
1.326608 135 84 10 10
1.328608 135 84 10 10
1.330608 135 85 10 10
1.332608 136 85 10 10
1.334608 136 85 10 10
1.336608 136 85 10 10
1.338608 136 86 10 10
1.340608 136 86 10 10
1.342608 136 86 10 10
1.344608 137 86 10 10
1.346608 137 87 10 10
1.348608 137 87 10 10
1.350608 137 87 10 10
1.352608 137 87 10 10
1.354608 138 88 10 10
1.356608 138 88 10 10
1.358608 138 88 10 10
1.360608 138 89 10 10
1.362608 138 89 10 10
1.364608 138 89 10 10
1.366608 138 90 10 10
1.368608 138 90 10 10
1.370608 139 91 10 10
1.372608 139 91 10 10
1.374608 139 91 10 10
1.376608 139 92 10 10
1.378608 139 92 10 10
1.380608 139 92 10 10
1.382608 139 93 10 10
1.384608 139 93 10 10
1.386608 139 93 10 10
1.388608 140 94 9 9
1.390608 140 94 9 9
1.392608 140 95 9 9
1.394608 140 95 9 9
1.396608 140 95 9 9
1.398608 140 96 9 8
1.400608 140 96 9 8
1.402608 140 97 9 8
1.404608 141 97 8 8
1.406608 141 98 8 8
1.408608 141 98 8 8
1.410608 141 98 8 7
1.412608 141 99 8 7
1.414608 141 99 8 7
1.416608 141 100 8 7
1.418608 141 100 8 7
1.420608 142 101 8 7
1.422608 142 101 8 7
1.424608 142 101 8 7
1.426608 142 101 8 7
1.428608 142 102 8 7
1.430608 142 102 8 7
1.432608 143 102 8 8
1.434608 143 103 8 8
1.436608 143 103 8 8
1.438608 143 103 9 8
1.440608 143 104 9 8
1.442608 143 104 9 8
1.444608 144 104 9 9
1.446608 144 104 9 9
1.448608 144 105 9 9
1.450608 144 105 9 9
1.452608 144 105 9 9
1.454608 145 106 10 10
1.456608 145 106 10 10
1.458608 145 106 10 10
1.460608 145 106 10 10
1.462608 145 107 10 10
1.464608 145 107 10 10
1.466608 145 107 10 10
1.468608 145 107 10 10
1.470608 145 108 10 10
1.472608 145 108 10 10
1.474608 145 108 10 10
1.476608 145 108 10 10
1.478608 145 108 10 10
1.480608 145 109 10 10
1.482608 145 109 10 10
1.484608 145 109 10 10
1.486608 145 109 10 10
1.488608 145 109 10 10
1.490608 145 109 10 10
1.492608 145 108 10 10
1.494608 145 108 10 10
1.496608 145 108 10 10
1.498608 145 107 10 10
1.500608 145 107 10 10
1.502608 145 106 10 10
1.504608 145 106 10 10
1.506608 145 105 10 10
1.508608 145 105 10 10
1.510608 145 105 10 10
1.512608 145 104 10 10
1.514608 145 104 10 10
1.516608 145 103 10 10
1.518608 145 103 10 10
1.520608 144 102 10 10
1.522608 144 102 10 10
1.524608 144 102 10 10
1.526608 144 101 10 10
1.528608 144 101 10 10
1.530608 144 101 10 10
1.532608 144 100 10 10
1.534608 144 100 10 10
1.536608 144 100 10 10
1.538608 144 99 10 10
1.540608 144 99 10 10
1.542608 144 99 10 10
1.544608 144 98 10 10
1.546608 144 98 10 10
1.548608 144 97 10 10
1.550608 144 97 10 10
1.552608 144 97 10 10
1.554608 143 96 10 10
1.556608 143 96 10 10
1.558608 143 96 10 10
1.560608 143 95 10 10
1.562608 143 95 10 10
1.564608 143 95 10 10
1.566608 143 94 10 10
1.568608 143 94 10 10
1.570608 142 93 10 10
1.572608 142 93 10 10
1.574608 142 93 10 10
1.576608 142 92 10 10
1.578608 142 92 10 10
1.580608 142 92 10 10
1.582608 142 91 10 10
1.584608 142 91 10 10
1.586608 142 91 10 10
1.588608 141 90 10 10
1.590608 141 90 10 10
1.592608 141 89 10 10
1.594608 141 89 10 10
1.596608 141 88 10 10
1.598608 141 87 10 10
1.600608 141 87 10 10
1.602608 141 86 10 10
1.604608 140 86 10 10
1.606608 140 85 10 10
1.608608 140 85 10 10
1.610608 140 84 10 10
1.612608 140 84 10 10
1.614608 140 83 10 10
1.616608 140 83 10 10
1.618608 140 82 10 10
1.620608 139 81 10 10
1.622608 139 81 10 10
1.624608 139 81 10 10
1.626608 139 80 10 10
1.628608 138 80 10 10
1.630608 138 80 10 10
1.632608 138 79 10 10
1.634608 137 79 10 10
1.636608 137 79 10 10
1.638608 137 78 10 10
1.640608 136 78 10 10
1.642608 136 78 10 10
1.644608 136 77 10 10
1.646608 136 77 10 10
1.648608 135 76 10 10
1.650608 135 76 10 10
1.652608 135 76 10 10
1.654608 135 75 9 9
1.656608 135 75 9 9
1.658608 135 75 9 9
1.660608 135 74 9 9
1.662608 135 74 9 8
1.664608 135 74 9 8
1.666608 135 74 8 8
1.668608 135 73 8 8
1.670608 135 73 8 7
1.672608 135 73 8 7
1.674608 135 72 8 7
1.676608 135 72 7 7
1.678608 135 72 7 7
1.680608 135 71 7 6
1.682608 135 71 7 6
1.684608 135 71 7 6
1.686608 135 71 7 6
1.688608 135 70 7 6
1.690608 135 70 7 6
1.692608 135 70 7 6
1.694608 135 69 7 6
1.696608 135 69 7 7
1.698608 135 68 8 7
1.700608 135 68 8 7
1.702608 135 68 8 7
1.704608 135 67 8 8
1.706608 135 67 8 8
1.708608 135 67 8 8
1.710608 135 66 9 8
1.712608 135 66 9 9
1.714608 135 66 9 9
1.716608 135 65 9 9
1.718608 135 65 9 9
1.720608 134 64 10 10
1.722608 134 64 10 10
1.724608 134 64 10 10
1.726608 134 63 10 10
1.728608 134 63 10 10
1.730608 134 63 10 10
1.732608 134 62 10 10
1.734608 134 62 10 10
1.736608 134 62 10 10
1.738608 133 61 10 10
1.740608 133 61 10 10
1.742608 133 61 10 10
1.744608 133 60 10 10
1.746608 133 60 10 10
1.748608 133 59 10 10
1.750608 133 59 10 10
1.752608 133 59 10 10
1.754608 132 58 10 10
1.756608 132 58 10 10
1.758608 132 58 10 10
1.760608 132 58 10 10
1.762608 132 57 10 10
1.764608 132 57 10 10
1.766608 132 57 10 10
1.768608 132 57 10 10
1.770608 132 56 10 10
1.772608 132 56 10 10
1.774608 132 56 10 10
1.776608 132 56 10 10
1.778608 132 56 10 10
1.780608 132 55 10 10
1.782608 132 55 10 10
1.784608 132 55 10 10
1.786608 132 55 10 10
1.788608 131 54 10 10
1.790608 131 54 10 10
1.792608 131 54 10 10
1.794608 131 54 10 10
1.796608 131 53 10 10
1.798608 131 53 10 10
1.800608 131 53 10 10
1.802608 131 53 10 10
1.804608 130 52 10 10
1.806608 130 52 10 10
1.808608 130 52 10 10
1.810608 130 52 10 10
1.812608 130 51 10 10
1.814608 130 51 10 10
1.816608 130 51 10 10
1.818608 130 51 10 10
1.820608 129 50 10 10
1.822608 129 50 10 10
1.824608 129 50 10 10
1.826608 129 50 10 10
1.828608 129 49 10 10
1.830608 129 49 10 10
1.832608 129 49 10 10
1.834608 129 48 10 10
1.836608 129 48 10 10
1.838608 128 48 10 10
1.840608 128 47 10 10
1.842608 128 47 10 10
1.844608 128 47 10 10
1.846608 128 47 10 10
1.848608 128 46 10 10
1.850608 128 46 10 10
1.852608 128 46 10 10
1.854608 128 45 10 10
1.856608 128 45 10 10
1.858608 128 45 10 10
1.860608 128 45 10 10
1.862608 128 45 10 10
1.864608 128 45 10 10
1.866608 128 45 10 10
1.868608 128 45 10 10
1.870608 128 44 10 10
1.872608 128 44 10 10
1.874608 128 44 10 10
1.876608 128 44 10 10
1.878608 128 44 10 10
1.880608 128 44 10 10
1.882608 128 44 10 10
1.884608 128 44 10 10
1.886608 128 44 10 10
1.888608 127 43 10 10
1.890608 127 43 10 10
1.892608 127 43 10 10
1.894608 127 43 10 10
1.896608 127 43 10 10
1.898608 126 42 10 10
1.900608 126 42 10 10
1.902608 126 42 10 10
1.904608 126 42 10 10
1.906608 126 42 10 10
1.908608 126 42 10 10
1.910608 125 41 10 10
1.912608 125 41 10 10
1.914608 125 41 10 10
1.916608 125 41 10 10
1.918608 125 41 10 10
1.920608 124 40 10 10
1.922608 124 40 10 10
1.924608 124 40 10 10
1.926608 124 40 10 10
1.928608 124 40 10 10
1.930608 124 40 10 10
1.932608 124 40 10 10
1.934608 124 40 10 10
1.936608 124 40 10 10
1.938608 123 39 10 10
1.940608 123 39 10 10
1.942608 123 39 10 10
1.944608 123 39 10 10
1.946608 123 39 10 10
1.948608 123 39 10 10
1.950608 123 39 10 10
1.952608 123 39 10 10
1.954608 122 38 10 10
1.956608 122 38 10 10
1.958608 122 38 10 10
1.960608 122 38 10 10
1.962608 122 38 10 10
1.964608 122 38 10 10
1.966608 122 38 10 10
1.968608 122 38 10 10
1.970608 122 37 10 10
1.972608 122 37 10 10
1.974608 122 37 10 10
1.976608 122 37 10 10
1.978608 122 37 10 10
1.980608 122 37 10 10
1.982608 122 37 10 10
1.984608 122 37 10 10
1.986608 122 37 10 10
1.988608 121 36 10 10
1.990608 121 36 10 10
1.992608 121 36 10 10
1.994608 121 36 10 10
1.996608 121 36 10 10
1.998608 121 35 10 10
2.000608 121 35 10 10
2.002608 121 35 10 10
2.004608 121 35 10 10
2.006608 121 35 10 10
2.008608 121 35 10 10
2.010608 121 34 10 10
2.012608 121 34 10 10
2.014608 121 34 10 10
2.016608 121 34 10 10
2.018608 121 34 10 10
2.020608 120 33 9 9
2.022608 120 33 9 9
2.024608 120 33 9 9
2.026608 120 33 9 9
2.028608 120 33 9 9
2.030608 120 33 9 9
2.032608 120 33 8 8
2.034608 120 33 8 8
2.036608 120 33 8 8
2.038608 119 33 8 8
2.040608 119 33 8 8
2.042608 119 33 8 8
2.044608 119 33 7 7
2.046608 119 33 7 7
2.048608 119 33 7 7
2.050608 119 33 7 7
2.052608 119 33 7 7
2.054608 118 32 7 7
2.056608 118 32 7 7
2.058608 118 32 7 7
2.060608 118 32 7 7
2.062608 118 32 7 7
2.064608 118 32 7 7
2.066608 117 32 8 8
2.068608 117 32 8 8
2.070608 117 32 8 8
2.072608 117 32 8 8
2.074608 117 32 8 8
2.076608 116 32 9 9
2.078608 116 32 9 9
2.080608 116 32 9 9
2.082608 116 32 9 9
2.084608 116 32 9 9
2.086608 116 32 9 9
2.088608 115 31 10 10
2.090608 115 31 10 10
2.092608 115 31 10 10
2.094608 115 31 10 10
2.096608 115 31 10 10
2.098608 115 31 10 10
2.100608 115 31 10 10
2.102608 115 31 10 10
2.104608 115 31 10 10
2.106608 115 31 10 10
2.108608 115 31 10 10
2.110608 115 31 10 10
2.112608 115 31 10 10
2.114608 115 31 10 10
2.116608 115 31 10 10
2.118608 115 31 10 10
2.120608 114 30 10 10
2.122608 114 30 10 10
2.124608 114 30 10 10
2.126608 114 30 10 10
2.128608 114 30 10 10
2.130608 114 30 10 10
2.132608 114 30 10 10
2.134608 114 30 10 10
2.136608 114 30 10 10
2.138608 113 30 10 10
2.140608 113 30 10 10
2.142608 113 30 10 10
2.144608 113 30 10 10
2.146608 113 30 10 10
2.148608 113 30 10 10
2.150608 113 30 10 10
2.152608 113 30 10 10
2.154608 112 30 10 10
2.156608 112 30 10 10
2.158608 112 30 10 10
2.160608 112 30 10 10
2.162608 112 30 10 10
2.164608 112 30 10 10
2.166608 112 30 10 10
2.168608 112 30 10 10
2.170608 111 30 10 10
2.172608 111 30 10 10
2.174608 111 30 10 10
2.176608 111 30 10 10
2.178608 111 30 10 10
2.180608 111 30 10 10
2.182608 111 30 10 10
2.184608 111 30 10 10
2.186608 111 30 10 10
2.188608 110 31 10 10
2.190608 110 31 10 10
2.192608 110 31 10 10
2.194608 110 31 10 10
2.196608 110 31 10 10
2.198608 110 31 10 10
2.200608 110 31 10 10
2.202608 110 31 10 10
2.204608 109 31 10 10
2.206608 109 31 10 10
2.208608 109 31 10 10
2.210608 109 31 10 10
2.212608 109 31 10 10
2.214608 109 31 10 10
2.216608 109 31 10 10
2.218608 109 31 10 10
2.220608 108 31 10 10
2.222608 108 31 10 10
2.224608 108 31 10 10
2.226608 108 31 10 10
2.228608 108 31 10 10
2.230608 108 31 10 10
2.232608 108 31 10 10
2.234608 108 31 10 10
2.236608 108 31 10 10
2.238608 108 31 10 10
2.240608 108 31 10 10
2.242608 108 31 10 10
2.244608 108 31 10 10
2.246608 108 31 10 10
2.248608 108 31 10 10
2.250608 108 31 10 10
2.252608 108 31 10 10
2.254608 107 32 10 10
2.256608 107 32 10 10
2.258608 107 32 10 10
2.260608 107 32 10 10
2.262608 107 32 10 10
2.264608 107 32 10 10
2.266608 107 32 10 10
2.268608 107 32 10 10
2.270608 106 32 10 10
2.272608 106 32 10 10
2.274608 106 32 10 10
2.276608 106 32 10 10
2.278608 106 32 10 10
2.280608 106 32 10 10
2.282608 106 32 10 10
2.284608 106 32 10 10
2.286608 106 32 10 10
2.288608 105 33 10 10
2.290608 105 33 10 10
2.292608 105 33 10 10
2.294608 105 33 10 10
2.296608 105 33 10 10
2.298608 105 33 10 10
2.300608 105 33 10 10
2.302608 105 33 10 10
2.304608 104 34 10 10
2.306608 104 34 10 10
2.308608 104 34 10 10
2.310608 104 34 10 10
2.312608 104 34 10 10
2.314608 104 34 10 10
2.316608 104 34 10 10
2.318608 104 34 10 10
2.320608 103 35 10 10
2.322608 103 35 10 10
2.324608 103 35 10 10
2.326608 103 35 10 10
2.328608 103 35 10 10
2.330608 103 35 10 10
2.332608 103 35 10 10
2.334608 103 35 10 10
2.336608 103 35 10 10
2.338608 102 36 10 10
2.340608 102 36 10 10
2.342608 102 36 10 10
2.344608 102 36 10 10
2.346608 102 36 10 10
2.348608 102 36 10 10
2.350608 102 36 10 10
2.352608 102 36 10 10
2.354608 101 37 10 10
2.356608 101 37 10 10
2.358608 101 37 10 10
2.360608 101 37 10 10
2.362608 101 37 10 10
2.364608 101 37 10 10
2.366608 101 38 10 10
2.368608 101 38 10 10
2.370608 101 38 10 10
2.372608 101 38 10 10
2.374608 101 38 10 10
2.376608 101 39 10 10
2.378608 101 39 10 10
2.380608 101 39 10 10
2.382608 101 39 10 10
2.384608 101 39 10 10
2.386608 101 39 10 10
2.388608 100 40 10 10
2.390608 100 40 10 10
2.392608 100 40 10 10
2.394608 100 40 10 10
2.396608 100 40 10 10
2.398608 100 40 10 10
2.400608 100 40 10 10
2.402608 100 40 10 10
2.404608 99 41 10 10
2.406608 99 41 10 10
2.408608 99 41 10 10
2.410608 99 41 10 10
2.412608 99 41 10 10
2.414608 99 41 10 10
2.416608 99 41 10 10
2.418608 99 41 10 10
2.420608 98 42 10 10
2.422608 98 42 10 10
2.424608 98 42 10 10
2.426608 98 42 10 10
2.428608 98 42 10 10
2.430608 98 42 10 10
2.432608 98 43 10 10
2.434608 98 43 10 10
2.436608 98 43 10 10
2.438608 97 43 10 10
2.440608 97 43 10 10
2.442608 97 43 10 10
2.444608 97 44 10 10
2.446608 97 44 10 10
2.448608 97 44 10 10
2.450608 97 44 10 10
2.452608 97 44 10 10
2.454608 96 45 10 10
2.456608 96 45 10 10
2.458608 96 45 10 10
2.460608 96 45 10 10
2.462608 96 46 10 10
2.464608 96 46 10 10
2.466608 96 46 10 10
2.468608 96 46 10 10
2.470608 95 47 10 10
2.472608 95 47 10 10
2.474608 95 47 10 10
2.476608 95 47 10 10
2.478608 95 47 10 10
2.480608 95 48 10 10
2.482608 95 48 10 10
2.484608 95 48 10 10
2.486608 95 48 10 10
2.488608 94 49 10 10
2.490608 94 49 10 10
2.492608 94 49 10 10
2.494608 94 49 10 10
2.496608 94 49 10 10
2.498608 94 50 10 10
2.500608 94 50 10 10
2.502608 94 50 10 10
2.504608 94 50 10 10
2.506608 94 50 10 10
2.508608 94 50 10 10
2.510608 94 51 10 10
2.512608 94 51 10 10
2.514608 94 51 10 10
2.516608 94 51 10 10
2.518608 94 51 10 10
2.520608 93 52 10 10
2.522608 93 52 10 10
2.524608 93 52 10 10
2.526608 93 52 10 10
2.528608 93 52 10 10
2.530608 93 52 10 10
2.532608 92 53 10 10
2.534608 92 53 10 10
2.536608 92 53 10 10
2.538608 92 53 10 10
2.540608 92 53 10 10
2.542608 92 53 10 10
2.544608 91 54 10 10
2.546608 91 54 10 10
2.548608 91 54 10 10
2.550608 91 54 10 10
2.552608 91 54 10 10
2.554608 90 55 10 10
2.556608 90 55 10 10
2.558608 90 55 10 10
2.560608 90 56 10 10
2.562608 90 56 10 10
2.564608 90 56 10 10
2.566608 89 57 10 10
2.568608 89 57 10 10
2.570608 89 58 10 10
2.572608 89 58 10 10
2.574608 89 58 10 10
2.576608 88 59 10 10
2.578608 88 59 10 10
2.580608 88 59 10 10
2.582608 88 60 10 10
2.584608 88 60 10 10
2.586608 88 60 10 10
2.588608 88 61 10 10
2.590608 88 61 10 10
2.592608 88 61 10 10
2.594608 88 61 10 10
2.596608 88 61 10 10
2.598608 88 61 10 10
2.600608 88 61 10 10
2.602608 88 61 10 10
2.604608 88 62 10 10
2.606608 88 62 10 10
2.608608 88 62 10 10
2.610608 88 62 10 10
2.612608 88 62 10 10
2.614608 88 62 10 10
2.616608 88 62 10 10
2.618608 88 62 10 10
2.620608 87 63 10 11
2.622608 87 63 10 11
2.624608 87 63 10 11
2.626608 87 64 10 11
2.628608 87 64 10 11
2.630608 87 64 10 11
2.632608 86 65 10 11
2.634608 86 65 10 11
2.636608 86 65 10 11
2.638608 86 66 10 11
2.640608 86 66 10 11
2.642608 86 66 10 11
2.644608 85 67 10 11
2.646608 85 67 10 11
2.648608 85 68 10 11
2.650608 85 68 10 11
2.652608 85 68 10 11
2.654608 84 69 9 11
2.656608 84 69 9 11
2.658608 84 70 9 11
2.660608 84 70 9 10
2.662608 84 71 9 10
2.664608 84 71 9 10
2.666608 84 72 8 9
2.668608 84 72 8 9
2.670608 84 73 8 8
2.672608 84 74 8 8
2.674608 84 74 8 8
2.676608 84 75 7 7
2.678608 84 75 7 7
2.680608 84 76 7 7
2.682608 84 76 7 6
2.684608 84 77 7 6
2.686608 84 77 7 6
2.688608 83 78 7 6
2.690608 83 78 7 6
2.692608 83 78 7 6
2.694608 83 79 7 6
2.696608 83 79 7 7
2.698608 82 80 8 7
2.700608 82 80 8 7
2.702608 82 80 8 7
2.704608 82 81 8 8
2.706608 82 81 8 8
2.708608 82 81 8 8
2.710608 81 82 9 8
2.712608 81 82 9 9
2.714608 81 82 9 9
2.716608 81 83 9 9
2.718608 81 83 9 9
2.720608 81 84 9 9
2.722608 81 84 9 9
2.724608 81 84 9 9
2.726608 81 85 9 9
2.728608 81 85 9 9
2.730608 81 85 8 9
2.732608 81 86 8 8
2.734608 81 86 8 8
2.736608 81 86 8 8
2.738608 81 87 7 8
2.740608 81 87 7 8
2.742608 81 87 7 8
2.744608 81 88 7 7
2.746608 81 88 6 7
2.748608 81 89 6 7
2.750608 81 89 6 7
2.752608 81 89 6 7
2.754608 81 90 6 7
2.756608 81 90 6 7
2.758608 82 90 6 7
2.760608 83 90 6 7
2.762608 84 90 7 7
2.764608 84 90 7 7
2.766608 85 90 7 8
2.768608 86 90 7 8
2.770608 87 90 8 8
2.772608 87 90 8 8
2.774608 88 90 8 8
2.776608 89 90 8 9
2.778608 89 90 8 9
2.780608 90 90 9 9
2.782608 91 90 9 9
2.784608 92 90 9 9
2.786608 92 90 9 9
2.788608 93 90 10 10
2.790608 95 90 10 10
2.792608 96 90 10 10
2.794608 97 90 10 10
2.796608 99 90 10 10
2.798608 100 90 10 10
2.800608 101 90 10 10
2.802608 103 90 10 10
2.804608 104 90 10 10
2.806608 105 90 10 10
2.808608 107 90 10 10
2.810608 108 90 10 10
2.812608 109 90 10 10
2.814608 111 90 10 10
2.816608 112 90 10 10
2.818608 113 90 10 10
2.820608 115 90 10 10
2.822608 116 90 10 10
2.824608 117 90 10 10
2.826608 118 90 10 10
2.828608 119 90 10 10
2.830608 121 90 10 10
2.832608 122 90 10 10
2.834608 123 90 10 10
2.836608 124 90 10 10
2.838608 125 89 10 10
2.840608 127 89 10 10
2.842608 128 89 10 10
2.844608 129 89 10 10
2.846608 130 89 10 10
2.848608 131 89 10 10
2.850608 133 89 10 10
2.852608 134 89 10 10
2.854608 135 89 10 10
2.856608 136 89 10 10
2.858608 137 89 10 10
2.860608 139 89 10 10
2.862608 140 89 10 10
2.864608 141 89 10 10
2.866608 142 89 10 10
2.868608 144 89 10 10
2.870608 145 89 10 10
2.872608 146 89 10 10
2.874608 148 89 10 10
2.876608 149 89 10 10
2.878608 150 89 10 10
2.880608 151 89 10 10
2.882608 153 89 10 10
2.884608 154 89 10 10
2.886608 155 89 10 10
2.888608 156 90 10 10
2.890608 158 90 10 10
2.892608 159 90 10 10
2.894608 160 90 10 10
2.896608 161 90 10 10
2.898608 163 90 10 10
2.900608 164 90 10 10
2.902608 165 90 10 10
2.904608 166 90 10 10
2.906608 168 90 10 10
2.908608 169 90 10 10
2.910608 170 90 10 10
2.912608 171 90 10 10
2.914608 173 90 10 10
2.916608 174 90 10 10
2.918608 175 90 10 10
2.920608 177 91 10 10
2.922608 178 91 10 10
2.924608 179 91 10 10
2.926608 180 91 10 10
2.928608 181 91 10 10
2.930608 182 91 10 10
2.932608 183 91 10 10
2.934608 184 91 10 10
2.936608 185 91 10 10
2.938608 186 92 10 10
2.940608 187 92 10 10
2.942608 188 92 10 10
2.944608 189 92 10 10
2.946608 191 92 10 10
2.948608 192 92 10 10
2.950608 193 92 10 10
2.952608 194 92 10 10
2.954608 195 93 10 10
2.956608 196 93 10 10
2.958608 197 93 10 10
2.960608 199 93 10 10
2.962608 200 93 10 10
2.964608 201 93 10 10
2.966608 202 93 10 10
2.968608 203 93 10 10
2.970608 205 94 10 10
2.972608 206 94 10 10
2.974608 207 94 10 10
2.976608 208 94 10 10
2.978608 209 94 10 10
2.980608 211 94 10 10
2.982608 212 94 10 10
2.984608 213 94 10 10
2.986608 214 94 10 10
2.988608 215 95 9 9
2.990608 216 95 9 9
2.992608 217 95 9 9
2.994608 218 95 9 9
2.996608 220 95 8 8
2.998608 221 96 8 8
3.000608 222 96 8 8
3.002608 223 96 8 8
3.004608 224 96 7 7
3.006608 225 96 7 7
3.008608 226 96 7 7
3.010608 227 97 7 7
3.012608 228 97 6 6
3.014608 229 97 6 6
3.016608 230 97 6 6
3.018608 231 97 6 6
3.020608 233 98 6 6
3.022608 234 98 6 6
3.024608 235 98 6 6
3.026608 236 98 6 6
3.028608 237 98 6 6
3.030608 238 99 6 6
3.032608 239 99 6 6
3.034608 240 99 6 6
3.036608 242 99 6 6
3.038608 243 100 6 6
3.040608 244 100 6 6
3.042608 245 100 6 6
3.044608 246 100 6 6
3.046608 247 101 6 6
3.048608 248 101 6 6
3.050608 250 101 6 6
3.052608 251 101 6 6
