0.023173 293 89 5 6
0.025173 292 88 5 6
0.027173 292 88 5 6
0.029173 292 88 5 6
0.031173 291 88 6 6
0.033173 291 87 6 7
0.035173 291 87 6 7
0.037173 290 87 7 7
0.039173 290 87 7 7
0.041173 290 86 7 8
0.043173 289 86 8 8
0.045173 289 86 8 8
0.047173 289 86 8 8
0.049173 289 85 8 9
0.051173 288 85 9 9
0.053173 288 85 9 9
0.055173 288 85 9 9
0.057173 287 84 10 10
0.059173 287 84 10 10
0.061173 287 84 10 10
0.063173 287 84 10 10
0.065173 286 84 10 10
0.067173 286 84 10 10
0.069173 286 83 10 10
0.071173 286 83 10 10
0.073173 285 83 10 10
0.075173 285 83 10 10
0.077173 285 83 10 10
0.079173 285 82 10 10
0.081173 285 82 10 10
0.083173 284 82 10 10
0.085173 284 82 10 10
0.087173 284 82 10 10
0.089173 284 82 10 10
0.091173 283 81 10 10
0.093173 283 81 10 10
0.095173 283 81 10 10
0.097173 283 81 10 10
0.099173 283 81 10 10
0.101173 283 81 10 10
0.103173 283 81 10 10
0.105173 283 81 10 10
0.107173 282 80 10 10
0.109173 282 80 10 10
0.111173 282 80 10 10
0.113173 282 80 10 10
0.115173 282 80 10 10
0.117173 282 80 10 10
0.119173 282 80 10 10
0.121173 282 80 10 10
0.123173 281 79 10 10
0.125173 281 79 10 10
0.127173 281 79 10 10
0.129173 281 79 10 10
0.131173 281 79 10 10
0.133173 280 79 10 10
0.135173 280 79 10 10
0.137173 280 79 10 10
0.139173 280 79 10 10
0.141173 279 79 10 10
0.143173 279 79 10 10
0.145173 279 79 10 10
0.147173 279 79 10 10
0.149173 278 79 10 10
0.151173 278 79 10 10
0.153173 278 79 10 10
0.155173 278 79 10 10
0.157173 277 78 10 10
0.159173 277 78 10 10
0.161173 277 78 10 10
0.163173 276 78 10 10
0.165173 276 78 10 10
0.167173 276 78 10 10
0.169173 276 77 10 10
0.171173 275 77 10 10
0.173173 275 77 10 10
0.175173 275 77 10 10
0.177173 274 77 10 10
0.179173 274 76 10 10
0.181173 274 76 10 10
0.183173 273 76 10 10
0.185173 273 76 10 10
0.187173 273 76 10 10
0.189173 273 76 10 10
0.191173 272 75 10 10
0.193173 272 75 10 10
0.195173 272 75 10 10
0.197173 272 75 10 10
0.199173 272 75 10 10
0.201173 272 75 10 10
0.203173 272 75 10 10
0.205173 272 75 10 10
0.207173 271 75 10 10
0.209173 271 75 10 10
0.211173 271 75 10 10
0.213173 271 75 10 10
0.215173 271 75 10 10
0.217173 271 75 10 10
0.219173 271 75 10 10
0.221173 271 75 10 10
0.223173 270 74 10 10
0.225173 270 74 10 10
0.227173 270 74 10 10
0.229173 270 74 10 10
0.231173 269 74 10 10
0.233173 269 74 10 10
0.235173 269 74 10 10
0.237173 268 74 10 10
0.239173 268 74 10 10
0.241173 268 74 10 10
0.243173 267 74 10 10
0.245173 267 74 10 10
0.247173 267 74 10 10
0.249173 267 74 10 10
0.251173 266 74 10 10
0.253173 266 74 10 10
0.255173 266 74 10 10
0.257173 265 73 10 10
0.259173 265 73 10 10
0.261173 265 73 10 10
0.263173 265 73 10 10
0.265173 265 73 10 10
0.267173 265 73 10 10
0.269173 265 73 10 10
0.271173 265 73 10 10
0.273173 264 73 10 10
0.275173 264 73 10 10
0.277173 264 73 10 10
0.279173 264 73 10 10
0.281173 264 73 10 10
0.283173 264 73 10 10
0.285173 264 73 10 10
0.287173 264 73 10 10
0.289173 264 73 10 10
0.291173 263 72 10 10
0.293173 263 72 10 10
0.295173 263 72 10 10
0.297173 262 72 10 10
0.299173 262 72 10 10
0.301173 262 72 10 10
0.303173 261 72 10 10
0.305173 261 72 10 10
0.307173 261 72 10 10
0.309173 261 72 10 10
0.311173 260 72 10 10
0.313173 260 72 10 10
0.315173 260 72 10 10
0.317173 259 72 10 10
0.319173 259 72 10 10
0.321173 259 72 10 10
0.323173 258 71 10 10
0.325173 258 71 10 10
0.327173 258 71 10 10
0.329173 258 71 10 10
0.331173 258 71 10 10
0.333173 258 71 10 10
0.335173 257 71 10 10
0.337173 257 71 10 10
0.339173 257 71 10 10
0.341173 257 71 10 10
0.343173 257 71 10 10
0.345173 257 71 10 10
0.347173 256 71 10 10
0.349173 256 71 10 10
0.351173 256 71 10 10
0.353173 256 71 10 10
0.355173 256 71 10 10
0.357173 255 71 10 10
0.359173 255 71 10 10
0.361173 255 71 10 10
0.363173 255 71 10 10
0.365173 254 71 10 10
0.367173 254 71 10 10
0.369173 254 71 10 10
0.371173 254 71 10 10
0.373173 253 71 10 10
0.375173 253 71 10 10
0.377173 253 71 10 10
0.379173 253 71 10 10
0.381173 253 71 10 10
0.383173 252 71 10 10
0.385173 252 71 10 10
0.387173 252 71 10 10
0.389173 252 71 10 10
0.391173 251 71 10 10
0.393173 251 71 10 10
0.395173 251 71 10 10
0.397173 251 71 10 10
0.399173 251 71 10 10
0.401173 250 71 10 10
0.403173 250 71 10 10
0.405173 250 71 10 10
0.407173 250 71 10 10
0.409173 250 71 10 10
0.411173 250 71 10 10
0.413173 249 71 10 10
0.415173 249 71 10 10
0.417173 249 71 10 10
0.419173 249 71 10 10
0.421173 249 71 10 10
0.423173 248 71 10 10
0.425173 248 71 10 10
0.427173 248 71 10 10
0.429173 248 71 10 10
0.431173 248 71 10 10
0.433173 248 71 10 10
0.435173 247 71 10 10
0.437173 247 71 10 10
0.439173 247 71 10 10
0.441173 247 71 10 10
0.443173 247 71 10 10
0.445173 247 71 10 10
0.447173 246 71 10 10
0.449173 246 71 10 10
0.451173 246 71 10 10
0.453173 246 71 10 10
0.455173 246 71 10 10
0.457173 245 71 10 10
0.459173 245 71 10 10
0.461173 245 71 10 10
0.463173 245 71 10 10
0.465173 244 71 10 10
0.467173 244 71 10 10
0.469173 244 71 10 10
0.471173 244 71 10 10
0.473173 243 71 10 10
0.475173 243 71 10 10
0.477173 243 71 10 10
0.479173 243 71 10 10
0.481173 243 71 10 10
0.483173 242 71 10 10
0.485173 242 71 10 10
0.487173 242 71 10 10
0.489173 242 71 10 10
0.491173 241 71 10 10
0.493173 241 71 10 10
0.495173 241 71 10 10
0.497173 241 71 10 10
0.499173 241 71 10 10
0.501173 241 71 10 10
0.503173 241 71 10 10
0.505173 241 71 10 10
0.507173 240 71 10 10
0.509173 240 71 10 10
0.511173 240 71 10 10
0.513173 240 71 10 10
0.515173 240 71 10 10
0.517173 240 71 10 10
0.519173 240 71 10 10
0.521173 240 71 10 10
0.523173 239 72 10 10
0.525173 239 72 10 10
0.527173 239 72 10 10
0.529173 239 72 10 10
0.531173 239 72 10 10
0.533173 238 72 10 10
0.535173 238 72 10 10
0.537173 238 72 10 10
0.539173 238 72 10 10
0.541173 237 72 10 10
0.543173 237 72 10 10
0.545173 237 72 10 10
0.547173 237 72 10 10
0.549173 236 72 10 10
0.551173 236 72 10 10
0.553173 236 72 10 10
0.555173 236 72 10 10
0.557173 235 73 10 10
0.559173 235 73 10 10
0.561173 235 73 10 10
0.563173 235 73 10 10
0.565173 234 73 10 10
0.567173 234 73 10 10
0.569173 234 73 10 10
0.571173 234 73 10 10
0.573173 233 74 10 10
0.575173 233 74 10 10
0.577173 233 74 10 10
0.579173 233 74 10 10
0.581173 233 74 10 10
0.583173 232 74 10 10
0.585173 232 74 10 10
0.587173 232 74 10 10
0.589173 232 74 10 10
0.591173 231 75 10 10
0.593173 231 75 10 10
0.595173 231 75 10 10
0.597173 231 75 10 10
0.599173 231 75 10 10
0.601173 230 75 10 10
0.603173 230 75 10 10
0.605173 230 75 10 10
0.607173 230 75 10 10
0.609173 230 75 10 10
0.611173 230 75 10 10
0.613173 229 75 10 10
0.615173 229 75 10 10
0.617173 229 75 10 10
0.619173 229 75 10 10
0.621173 229 75 10 10
0.623173 228 76 10 10
0.625173 228 76 10 10
0.627173 228 76 10 10
0.629173 228 76 10 10
0.631173 228 76 10 10
0.633173 227 76 10 10
0.635173 227 76 10 10
0.637173 227 76 10 10
0.639173 227 76 10 10
0.641173 226 77 10 10
0.643173 226 77 10 10
0.645173 226 77 10 10
0.647173 226 77 10 10
0.649173 225 77 10 10
0.651173 225 77 10 10
0.653173 225 77 10 10
0.655173 225 77 10 10
0.657173 224 78 10 10
0.659173 224 78 10 10
0.661173 224 78 10 10
0.663173 224 78 10 10
0.665173 224 78 10 10
0.667173 224 78 10 10
0.669173 223 78 10 10
0.671173 223 78 10 10
0.673173 223 79 10 10
0.675173 223 79 10 10
0.677173 223 79 10 10
0.679173 222 79 10 10
0.681173 222 79 10 10
0.683173 222 79 10 10
0.685173 222 79 10 10
0.687173 222 79 10 10
0.689173 222 79 10 10
0.691173 221 80 10 10
0.693173 221 80 10 10
0.695173 221 80 10 10
0.697173 221 80 10 10
0.699173 221 80 10 10
0.701173 221 80 10 10
0.703173 221 80 10 10
0.705173 221 80 10 10
0.707173 220 81 10 10
0.709173 220 81 10 10
0.711173 220 81 10 10
0.713173 220 81 10 10
0.715173 220 81 10 10
0.717173 220 81 10 10
0.719173 220 81 10 10
0.721173 220 81 10 10
0.723173 219 82 10 10
0.725173 219 82 10 10
0.727173 219 82 10 10
0.729173 219 82 10 10
0.731173 219 82 10 10
0.733173 218 83 10 10
0.735173 218 83 10 10
0.737173 218 83 10 10
0.739173 218 83 10 10
0.741173 217 84 10 10
0.743173 217 84 10 10
0.745173 217 84 10 10
0.747173 217 84 10 10
0.749173 216 85 10 10
0.751173 216 85 10 10
0.753173 216 85 10 10
0.755173 216 85 10 10
0.757173 215 86 10 10
0.759173 215 86 10 10
0.761173 215 86 10 10
0.763173 215 86 10 10
0.765173 215 87 10 10
0.767173 215 87 10 10
0.769173 215 87 10 10
0.771173 215 87 10 10
0.773173 214 88 10 10
0.775173 214 88 10 10
0.777173 214 88 10 10
0.779173 214 88 10 10
0.781173 214 88 10 10
0.783173 214 89 10 10
0.785173 214 89 10 10
0.787173 214 89 10 10
0.789173 214 89 10 10
0.791173 213 90 10 10
0.793173 213 90 10 10
0.795173 213 90 10 10
0.797173 213 90 10 10
0.799173 212 91 10 10
0.801173 212 91 10 10
0.803173 212 91 10 10
0.805173 212 91 10 10
0.807173 211 92 10 10
0.809173 211 92 10 10
0.811173 211 92 10 10
0.813173 211 92 10 10
0.815173 210 93 10 10
0.817173 210 93 10 10
0.819173 210 93 10 10
0.821173 210 93 10 10
0.823173 209 94 10 10
0.825173 209 94 10 10
0.827173 209 94 10 10
0.829173 209 94 10 10
0.831173 209 94 10 10
0.833173 209 94 10 10
0.835173 208 94 10 10
0.837173 208 94 10 10
0.839173 208 94 10 10
0.841173 208 95 10 10
0.843173 208 95 10 10
0.845173 208 95 10 10
0.847173 207 95 10 10
0.849173 207 95 10 10
0.851173 207 95 10 10
0.853173 207 95 10 10
0.855173 207 95 10 10
0.857173 206 96 10 10
0.859173 206 96 10 10
0.861173 206 96 10 10
0.863173 205 96 10 10
0.865173 205 96 10 10
0.867173 204 96 10 10
0.869173 204 97 10 10
0.871173 203 97 10 10
0.873173 203 97 10 10
0.875173 203 97 10 10
0.877173 202 97 10 10
0.879173 202 98 10 10
0.881173 201 98 10 10
0.883173 201 98 10 10
0.885173 200 98 10 10
0.887173 200 98 10 10
0.889173 200 98 10 10
0.891173 200 99 10 10
0.893173 200 99 10 10
0.895173 200 100 10 10
0.897173 200 100 10 10
0.899173 200 100 10 10
0.901173 200 101 10 10
0.903173 200 101 10 10
0.905173 200 102 10 10
0.907173 201 102 10 10
0.909173 201 103 10 10
0.911173 201 103 10 10
0.913173 201 103 10 10
0.915173 201 104 10 10
0.917173 201 104 10 10
0.919173 201 105 10 10
0.921173 201 105 10 10
0.923173 201 106 10 10
0.925173 201 106 10 10
0.927173 201 106 10 10
0.929173 201 107 10 10
0.931173 201 107 10 10
0.933173 201 107 10 10
0.935173 201 108 10 10
0.937173 201 108 10 10
0.939173 201 108 10 10
0.941173 200 109 10 10
0.943173 200 109 10 10
0.945173 200 109 10 10
0.947173 200 110 10 10
0.949173 200 110 10 10
0.951173 200 111 10 10
0.953173 200 111 10 10
0.955173 200 111 10 10
0.957173 199 112 9 9
0.959173 199 112 9 9
0.961173 199 112 9 9
0.963173 199 113 8 8
0.965173 199 113 8 8
0.967173 199 113 8 8
0.969173 199 113 7 7
0.971173 199 114 7 7
0.973173 198 114 6 6
0.975173 198 114 6 6
0.977173 198 115 6 6
0.979173 198 115 5 5
0.981173 198 115 5 5
0.983173 198 116 5 5
0.985173 198 116 4 4
0.987173 198 116 4 4
0.989173 198 116 4 4
0.991173 197 117 4 4
0.993173 197 117 4 4
0.995173 197 117 4 4
0.997173 196 117 5 5
0.999173 196 117 5 5
1.001173 195 118 6 6
1.003173 195 118 6 6
1.005173 195 118 6 6
1.007173 194 118 7 7
1.009173 194 118 7 7
1.011173 194 118 7 7
1.013173 193 119 8 8
1.015173 193 119 8 8
1.017173 193 119 8 8
1.019173 192 119 9 9
1.021173 192 119 9 9
1.023173 191 120 10 10
1.025173 191 120 10 10
1.027173 191 120 10 10
1.029173 191 120 10 10
1.031173 191 120 10 10
1.033173 191 121 10 10
1.035173 190 121 10 10
1.037173 190 121 10 10
1.039173 190 121 10 10
1.041173 190 122 10 10
1.043173 190 122 10 10
1.045173 190 122 10 10
1.047173 189 122 10 10
1.049173 189 123 10 10
1.051173 189 123 10 10
1.053173 189 123 10 10
1.055173 189 123 10 10
1.057173 188 123 10 10
1.059173 188 123 10 10
1.061173 188 123 10 10
1.063173 188 123 10 10
1.065173 188 123 10 10
1.067173 188 123 10 10
1.069173 188 123 10 10
1.071173 188 123 10 10
1.073173 187 123 10 10
1.075173 187 123 10 10
1.077173 187 123 10 10
1.079173 187 123 10 10
1.081173 187 123 10 10
1.083173 187 123 10 10
1.085173 187 123 10 10
1.087173 187 123 10 10
1.089173 187 123 10 10
1.091173 186 122 10 10
1.093173 186 122 10 10
1.095173 186 122 10 10
1.097173 186 122 10 10
1.099173 185 121 10 10
1.101173 185 121 10 10
1.103173 185 121 10 10
1.105173 185 121 10 10
1.107173 184 120 10 10
1.109173 184 120 10 10
1.111173 184 120 10 10
1.113173 184 120 10 10
1.115173 183 119 10 10
1.117173 183 119 10 10
1.119173 183 119 10 10
1.121173 183 119 10 10
1.123173 182 118 9 9
1.125173 182 118 9 9
1.127173 182 118 9 9
1.129173 182 118 9 9
1.131173 182 118 9 9
1.133173 182 117 9 9
1.135173 181 117 9 9
1.137173 181 117 9 9
1.139173 181 117 9 9
1.141173 181 116 9 8
1.143173 181 116 9 8
1.145173 181 116 9 8
1.147173 180 116 9 8
1.149173 180 115 9 8
1.151173 180 115 9 8
1.153173 180 115 9 8
1.155173 180 115 9 8
1.157173 179 114 8 7
1.159173 179 114 8 7
1.161173 179 114 8 7
1.163173 179 114 8 7
1.165173 179 114 7 7
1.167173 179 114 7 7
1.169173 179 114 7 6
1.171173 179 114 7 6
1.173173 179 114 6 6
1.175173 179 114 6 6
1.177173 179 114 6 6
1.179173 179 114 6 5
1.181173 179 114 6 5
1.183173 179 114 5 5
1.185173 179 114 5 5
1.187173 179 114 5 5
1.189173 179 114 5 5
1.191173 178 113 5 5
1.193173 178 113 5 5
1.195173 178 113 5 5
1.197173 178 113 6 6
1.199173 177 112 6 6
1.201173 177 112 6 6
1.203173 177 112 7 7
1.205173 177 112 7 7
1.207173 176 111 7 7
1.209173 176 111 7 7
1.211173 176 111 8 8
1.213173 176 111 8 8
1.215173 175 110 8 8
1.217173 175 110 9 9
1.219173 175 110 9 9
1.221173 175 110 9 9
1.223173 174 109 10 10
1.225173 174 109 10 10
1.227173 174 109 10 10
1.229173 174 109 10 10
1.231173 174 109 10 10
1.233173 174 109 10 10
1.235173 174 109 10 10
1.237173 174 109 10 10
1.239173 174 109 10 10
1.241173 173 108 10 10
1.243173 173 108 10 10
1.245173 173 108 10 10
1.247173 173 108 10 10
1.249173 173 108 10 10
1.251173 173 108 10 10
1.253173 173 108 10 10
1.255173 173 108 10 10
1.257173 172 107 9 9
1.259173 172 107 9 9
1.261173 172 107 9 9
1.263173 172 107 9 9
1.265173 172 107 8 9
1.267173 172 107 8 9
1.269173 171 107 8 8
1.271173 171 107 8 8
1.273173 171 106 7 8
1.275173 171 106 7 8
1.277173 171 106 7 8
1.279173 170 106 7 7
1.281173 170 106 7 7
1.283173 170 106 6 7
1.285173 170 106 6 7
1.287173 170 106 6 7
1.289173 170 106 6 7
1.291173 169 105 6 7
1.293173 169 105 6 7
1.295173 169 105 6 7
1.297173 169 105 6 7
1.299173 168 105 7 7
1.301173 168 104 7 8
1.303173 168 104 7 8
1.305173 168 104 7 8
1.307173 167 104 8 8
1.309173 167 104 8 8
1.311173 167 104 8 8
1.313173 167 103 8 9
1.315173 166 103 9 9
1.317173 166 103 9 9
1.319173 166 103 9 9
1.321173 166 103 9 9
1.323173 165 103 9 9
1.325173 165 103 9 9
1.327173 165 103 9 9
1.329173 165 103 9 9
1.331173 165 103 9 9
1.333173 165 103 9 9
1.335173 165 103 9 8
1.337173 165 103 9 8
1.339173 165 103 9 8
1.341173 164 103 8 8
1.343173 164 103 8 8
1.345173 164 103 8 8
1.347173 164 103 8 7
1.349173 164 103 8 7
1.351173 164 103 8 7
1.353173 164 103 8 7
1.355173 164 103 8 7
1.357173 163 102 7 6
1.359173 163 102 7 6
1.361173 163 102 7 6
1.363173 163 102 7 6
1.365173 163 102 7 6
1.367173 163 102 7 6
1.369173 162 102 7 5
1.371173 162 102 7 5
1.373173 162 102 6 5
1.375173 162 102 6 5
1.377173 162 102 6 5
1.379173 161 102 6 4
1.381173 161 102 6 4
1.383173 161 102 6 4
1.385173 161 102 6 4
1.387173 161 102 6 4
1.389173 161 102 6 4
1.391173 160 101 6 4
1.393173 160 101 6 4
1.395173 160 101 6 4
1.397173 160 101 6 4
1.399173 159 101 6 5
1.401173 159 100 6 5
1.403173 159 100 6 5
1.405173 159 100 6 5
1.407173 158 100 7 6
1.409173 158 100 7 6
1.411173 158 100 7 6
1.413173 158 99 7 6
1.415173 157 99 7 7
1.417173 157 99 7 7
1.419173 157 99 7 7
1.421173 157 99 7 7
1.423173 156 98 8 8
1.425173 156 98 8 8
1.427173 156 98 8 8
1.429173 156 98 8 8
1.431173 156 98 8 8
1.433173 155 98 8 8
1.435173 155 98 8 8
1.437173 155 98 8 8
1.439173 155 98 8 8
1.441173 154 98 9 8
1.443173 154 98 9 8
1.445173 154 98 9 8
1.447173 154 98 9 8
1.449173 153 98 9 8
1.451173 153 98 9 8
1.453173 153 98 9 8
1.455173 153 98 9 8
1.457173 152 98 9 8
1.459173 152 98 9 8
1.461173 152 98 9 8
1.463173 152 98 9 8
1.465173 152 98 9 8
1.467173 152 98 9 8
1.469173 152 98 9 8
1.471173 152 98 9 8
1.473173 152 98 8 8
1.475173 152 98 8 8
1.477173 152 98 8 8
1.479173 152 98 8 8
1.481173 152 98 8 8
1.483173 152 98 8 8
1.485173 152 98 8 8
1.487173 152 98 8 8
1.489173 152 98 8 8
1.491173 151 97 8 8
1.493173 151 97 8 8
1.495173 151 97 8 8
1.497173 151 97 8 8
1.499173 151 97 8 8
1.501173 150 97 8 8
1.503173 150 97 8 8
1.505173 150 97 8 8
1.507173 150 97 9 9
1.509173 150 97 9 9
1.511173 150 97 9 9
1.513173 149 97 9 9
1.515173 149 97 9 9
1.517173 149 97 9 9
1.519173 149 97 9 9
1.521173 149 97 9 9
1.523173 148 97 10 10
1.525173 148 97 10 10
1.527173 148 97 10 10
1.529173 148 97 10 10
1.531173 148 97 10 10
1.533173 147 97 10 10
1.535173 147 97 10 10
1.537173 147 97 10 10
1.539173 147 97 10 10
1.541173 146 98 10 10
1.543173 146 98 10 10
1.545173 146 98 10 10
1.547173 146 98 10 10
1.549173 145 98 10 10
1.551173 145 98 10 10
1.553173 145 98 10 10
1.555173 145 98 10 10
1.557173 144 99 10 10
1.559173 144 99 10 10
1.561173 144 99 10 10
1.563173 144 99 10 10
1.565173 144 99 10 10
1.567173 144 99 10 10
1.569173 143 99 10 10
1.571173 143 99 10 10
1.573173 143 99 10 10
1.575173 143 99 10 10
1.577173 143 99 10 10
1.579173 142 99 10 10
1.581173 142 99 10 10
1.583173 142 99 10 10
1.585173 142 99 10 10
1.587173 142 99 10 10
1.589173 142 99 10 10
1.591173 141 100 10 10
1.593173 141 100 10 10
1.595173 141 100 10 10
1.597173 141 100 10 10
1.599173 141 100 10 10
1.601173 141 100 10 10
1.603173 141 100 10 10
1.605173 141 100 10 10
1.607173 140 100 10 10
1.609173 140 100 10 10
1.611173 140 100 10 10
1.613173 140 100 10 10
1.615173 140 100 10 10
1.617173 140 100 10 10
1.619173 140 100 10 10
1.621173 140 100 10 10
1.623173 139 100 10 10
1.625173 139 100 10 10
1.627173 139 100 10 10
1.629173 139 100 10 10
1.631173 139 100 10 10
1.633173 138 100 10 10
1.635173 138 100 10 10
1.637173 138 100 10 10
1.639173 138 100 10 10
1.641173 137 100 10 10
1.643173 137 100 10 10
1.645173 137 100 10 10
1.647173 137 100 10 10
1.649173 136 100 10 10
1.651173 136 100 10 10
1.653173 136 100 10 10
1.655173 136 100 10 10
1.657173 135 101 10 10
1.659173 135 101 10 10
1.661173 135 101 10 10
1.663173 135 101 10 10
1.665173 135 101 10 10
1.667173 135 101 10 10
1.669173 134 101 10 10
1.671173 134 101 10 10
1.673173 134 102 10 10
1.675173 134 102 10 10
1.677173 134 102 10 10
1.679173 133 102 10 10
1.681173 133 102 10 10
1.683173 133 102 10 10
1.685173 133 102 10 10
1.687173 133 102 10 10
1.689173 133 102 10 10
1.691173 132 103 10 10
1.693173 132 103 10 10
1.695173 132 103 10 10
1.697173 132 103 10 10
1.699173 132 103 10 10
1.701173 131 103 10 10
1.703173 131 103 10 10
1.705173 131 103 10 10
1.707173 131 103 10 10
1.709173 131 103 10 10
1.711173 131 103 10 10
1.713173 130 103 10 10
1.715173 130 103 10 10
1.717173 130 103 10 10
1.719173 130 103 10 10
1.721173 130 103 10 10
1.723173 129 104 10 10
1.725173 129 104 10 10
1.727173 129 104 10 10
1.729173 129 104 10 10
1.731173 129 104 10 10
1.733173 129 104 10 10
1.735173 128 104 10 10
1.737173 128 104 10 10
1.739173 128 104 10 10
1.741173 128 105 10 10
1.743173 128 105 10 10
1.745173 128 105 10 10
1.747173 127 105 10 10
1.749173 127 105 10 10
1.751173 127 105 10 10
1.753173 127 105 10 10
1.755173 127 105 10 10
1.757173 126 106 10 10
1.759173 126 106 10 10
1.761173 126 106 10 10
1.763173 126 106 10 10
1.765173 126 106 10 10
1.767173 126 106 10 10
1.769173 125 106 10 10
1.771173 125 106 10 10
1.773173 125 107 10 10
1.775173 125 107 10 10
1.777173 125 107 10 10
1.779173 124 107 10 10
1.781173 124 107 10 10
1.783173 124 107 10 10
1.785173 124 107 10 10
1.787173 124 107 10 10
1.789173 124 107 10 10
1.791173 123 108 9 9
1.793173 123 108 9 9
1.795173 123 108 9 9
1.797173 123 108 9 8
1.799173 123 109 8 8
1.801173 123 109 8 8
1.803173 123 109 8 7
1.805173 123 109 8 7
1.807173 122 110 7 7
1.809173 122 110 7 7
1.811173 122 110 7 6
1.813173 122 110 7 6
1.815173 122 111 6 6
1.817173 122 111 6 5
1.819173 122 111 6 5
1.821173 122 111 6 5
1.823173 121 112 6 5
1.825173 121 112 6 5
1.827173 121 112 6 5
1.829173 121 112 6 5
1.831173 121 112 6 6
1.833173 120 112 7 6
1.835173 120 112 7 6
1.837173 120 112 7 7
1.839173 120 112 7 7
1.841173 119 113 8 7
1.843173 119 113 8 8
1.845173 119 113 8 8
1.847173 119 113 8 8
1.849173 118 113 9 8
1.851173 118 113 9 9
1.853173 118 113 9 9
1.855173 118 113 9 9
1.857173 117 114 10 10
1.859173 117 114 10 10
1.861173 117 114 10 10
1.863173 117 114 10 10
1.865173 117 115 10 10
1.867173 117 115 10 10
1.869173 117 115 10 10
1.871173 117 115 10 10
1.873173 116 116 10 10
1.875173 116 116 10 10
1.877173 116 116 10 10
1.879173 116 116 10 10
1.881173 116 116 10 10
1.883173 116 117 10 10
1.885173 116 117 10 10
1.887173 116 117 10 10
1.889173 116 117 10 10
1.891173 115 118 10 10
1.893173 115 118 10 10
1.895173 115 118 10 10
1.897173 115 118 10 10
1.899173 115 118 10 10
1.901173 114 118 10 10
1.903173 114 118 10 10
1.905173 114 118 10 10
1.907173 114 119 10 10
1.909173 114 119 10 10
1.911173 114 119 10 10
1.913173 113 119 10 10
1.915173 113 119 10 10
1.917173 113 119 10 10
1.919173 113 119 10 10
1.921173 113 119 10 10
1.923173 112 120 9 9
1.925173 112 120 9 9
1.927173 112 120 9 9
1.929173 112 120 9 9
1.931173 112 121 8 8
1.933173 112 121 8 8
1.935173 112 121 8 8
1.937173 112 122 7 7
1.939173 112 122 7 7
1.941173 111 122 7 7
1.943173 111 123 6 6
1.945173 111 123 6 6
1.947173 111 123 6 6
1.949173 111 123 6 6
1.951173 111 124 5 5
1.953173 111 124 5 5
1.955173 111 124 5 5
1.957173 110 125 5 5
1.959173 110 125 5 5
1.961173 110 125 5 5
1.963173 110 125 6 6
1.965173 109 125 6 6
1.967173 109 125 6 6
1.969173 109 126 6 6
1.971173 109 126 7 7
1.973173 108 126 7 7
1.975173 108 126 7 7
1.977173 108 126 8 8
1.979173 108 127 8 8
1.981173 108 127 8 8
1.983173 107 127 9 9
1.985173 107 127 9 9
1.987173 107 127 9 9
1.989173 107 127 9 9
1.991173 106 128 10 10
1.993173 106 128 10 10
1.995173 106 128 10 10
1.997173 106 128 10 10
1.999173 106 128 10 10
2.001173 105 129 10 10
2.003173 105 129 10 10
2.005173 105 129 10 10
2.007173 105 129 10 10
2.009173 105 129 10 10
2.011173 105 129 10 10
2.013173 104 130 10 10
2.015173 104 130 10 10
2.017173 104 130 10 10
2.019173 104 130 10 10
2.021173 104 130 10 10
2.023173 103 131 10 10
2.025173 103 131 10 10
2.027173 103 131 10 10
2.029173 103 132 10 10
2.031173 102 132 10 10
2.033173 102 132 10 10
2.035173 102 133 10 10
2.037173 101 133 10 10
2.039173 101 133 10 10
2.041173 101 134 10 10
2.043173 100 134 10 10
2.045173 100 134 10 10
2.047173 100 135 10 10
2.049173 100 135 10 10
2.051173 99 136 10 10
2.053173 99 136 10 10
2.055173 99 136 10 10
2.057173 98 137 10 10
2.059173 98 137 10 10
2.061173 98 137 10 10
2.063173 98 138 10 10
2.065173 98 138 10 10
2.067173 98 138 10 10
2.069173 98 138 10 10
2.071173 98 139 10 10
2.073173 98 139 10 10
2.075173 98 139 10 10
2.077173 98 140 10 10
2.079173 98 140 10 10
2.081173 98 140 10 10
2.083173 98 141 10 10
2.085173 98 141 10 10
2.087173 98 141 10 10
2.089173 98 141 10 10
2.091173 97 142 9 9
2.093173 97 142 9 9
2.095173 97 142 9 9
2.097173 97 143 9 9
2.099173 97 143 8 9
2.101173 97 143 8 8
2.103173 97 144 8 8
2.105173 97 144 8 8
2.107173 97 144 7 8
2.109173 97 144 7 8
2.111173 97 145 7 8
2.113173 97 145 7 7
2.115173 97 145 6 7
2.117173 97 146 6 7
2.119173 97 146 6 7
2.121173 97 146 6 7
2.123173 96 147 6 7
2.125173 96 147 6 7
2.127173 96 147 6 7
2.129173 95 147 6 7
2.131173 95 147 6 7
2.133173 95 148 7 7
2.135173 94 148 7 8
2.137173 94 148 7 8
2.139173 94 148 7 8
2.141173 93 149 8 8
2.143173 93 149 8 8
2.145173 93 149 8 8
2.147173 92 149 8 9
2.149173 92 150 9 9
2.151173 91 150 9 9
2.153173 91 150 9 9
2.155173 91 150 9 9
2.157173 90 151 9 9
2.159173 90 151 9 9
2.161173 90 152 9 9
2.163173 90 152 9 9
2.165173 90 153 8 8
2.167173 90 153 8 8
2.169173 90 154 8 8
2.171173 90 154 8 8
2.173173 90 155 7 7
2.175173 90 156 7 7
2.177173 90 156 7 7
2.179173 90 157 7 7
2.181173 90 157 7 7
2.183173 90 158 6 6
2.185173 90 158 6 6
2.187173 90 159 6 6
2.189173 90 159 6 6
2.191173 89 160 6 6
2.193173 89 160 6 6
2.195173 89 161 6 6
2.197173 89 161 6 6
2.199173 89 161 7 7
2.201173 88 162 7 7
2.203173 88 162 7 7
2.205173 88 163 7 7
2.207173 88 163 8 8
2.209173 88 164 8 8
2.211173 88 164 8 8
2.213173 87 164 8 8
2.215173 87 165 9 9
2.217173 87 165 9 9
2.219173 87 166 9 9
2.221173 87 166 9 9
2.223173 86 167 9 9
2.225173 86 167 9 9
2.227173 86 167 9 9
2.229173 86 167 9 9
2.231173 86 168 9 9
2.233173 86 168 9 9
2.235173 86 168 8 9
2.237173 86 169 8 9
2.239173 86 169 8 9
2.241173 85 169 8 9
2.243173 85 170 8 9
2.245173 85 170 8 9
2.247173 85 170 7 9
2.249173 85 170 7 9
2.251173 85 171 7 9
2.253173 85 171 7 9
2.255173 85 171 7 9
2.257173 84 172 7 9
2.259173 84 172 7 9
2.261173 84 172 7 9
2.263173 84 173 7 9
2.265173 84 173 7 9
2.267173 84 174 7 9
2.269173 84 174 8 9
2.271173 84 175 8 9
2.273173 84 175 8 9
2.275173 84 175 8 9
2.277173 84 176 8 9
2.279173 84 176 9 9
2.281173 84 177 9 9
2.283173 84 177 9 9
2.285173 84 178 9 9
2.287173 84 178 9 9
2.289173 84 178 9 9
2.291173 83 178 10 10
2.293173 83 178 10 10
2.295173 83 178 10 10
2.297173 83 178 10 10
2.299173 82 177 10 10
2.301173 82 177 10 10
2.303173 82 177 10 10
2.305173 82 177 10 10
2.307173 81 176 10 10
2.309173 81 176 10 10
2.311173 81 176 10 10
2.313173 81 176 10 10
2.315173 80 175 10 10
2.317173 80 175 10 10
2.319173 80 175 10 10
2.321173 80 175 10 10
2.323173 79 174 9 9
2.325173 79 174 9 9
2.327173 79 174 9 9
2.329173 79 174 9 9
2.331173 79 173 9 9
2.333173 79 173 8 9
2.335173 79 173 8 8
2.337173 79 172 8 8
2.339173 79 172 8 8
2.341173 79 172 7 8
2.343173 79 171 7 8
2.345173 79 171 7 8
2.347173 79 171 7 7
2.349173 79 171 6 7
2.351173 79 170 6 7
2.353173 79 170 6 7
2.355173 79 170 6 7
2.357173 78 169 6 7
2.359173 78 169 6 7
2.361173 78 169 6 7
2.363173 78 169 6 7
2.365173 78 168 7 7
2.367173 78 168 7 7
2.369173 77 168 7 8
2.371173 77 168 7 8
2.373173 77 167 8 8
2.375173 77 167 8 8
2.377173 77 167 8 8
2.379173 76 167 8 9
2.381173 76 167 8 9
2.383173 76 166 9 9
2.385173 76 166 9 9
2.387173 76 166 9 9
2.389173 76 166 9 9
2.391173 75 165 9 9
2.393173 75 165 9 9
2.395173 75 165 9 9
2.397173 75 165 9 9
2.399173 75 164 9 9
2.401173 75 164 9 9
2.403173 75 164 9 9
2.405173 75 164 9 9
2.407173 74 163 8 8
2.409173 74 163 8 8
2.411173 74 163 8 8
2.413173 74 163 8 8
2.415173 74 162 8 8
2.417173 74 162 8 8
2.419173 74 162 8 8
2.421173 74 162 8 8
2.423173 73 161 7 8
2.425173 73 161 7 8
2.427173 73 161 7 8
2.429173 73 161 7 8
2.431173 73 160 7 8
2.433173 73 160 7 8
2.435173 73 160 7 8
2.437173 73 159 7 8
2.439173 73 159 7 8
2.441173 73 159 6 8
2.443173 73 158 6 8
2.445173 73 158 6 8
2.447173 73 158 6 8
2.449173 73 158 6 8
2.451173 73 157 6 8
2.453173 73 157 6 8
2.455173 73 157 6 8
2.457173 72 156 6 8
2.459173 72 156 6 8
2.461173 72 156 6 8
2.463173 72 155 6 8
2.465173 72 155 7 8
2.467173 72 155 7 8
2.469173 72 155 7 8
2.471173 72 154 7 8
2.473173 71 154 8 9
2.475173 71 154 8 9
2.477173 71 153 8 9
2.479173 71 153 8 9
2.481173 71 153 8 9
2.483173 71 152 9 9
2.485173 71 152 9 9
2.487173 71 152 9 9
2.489173 71 152 9 9
2.491173 70 151 10 10
2.493173 70 151 10 10
2.495173 70 151 10 10
2.497173 70 151 10 10
2.499173 70 151 10 10
2.501173 70 151 10 10
2.503173 70 151 10 10
2.505173 70 151 10 10
2.507173 70 150 10 10
2.509173 70 150 10 10
2.511173 70 150 10 10
2.513173 70 150 10 10
2.515173 70 150 10 10
2.517173 70 150 10 10
2.519173 70 150 10 10
2.521173 70 150 10 10
2.523173 69 149 10 10
2.525173 69 149 10 10
2.527173 69 149 10 10
2.529173 69 149 10 10
2.531173 69 149 10 10
2.533173 69 148 10 10
2.535173 68 148 10 10
2.537173 68 148 10 10
2.539173 68 148 10 10
2.541173 68 147 10 10
2.543173 68 147 10 10
2.545173 68 147 10 10
2.547173 67 147 10 10
2.549173 67 146 10 10
2.551173 67 146 10 10
2.553173 67 146 10 10
2.555173 67 146 10 10
2.557173 66 145 10 10
2.559173 66 145 10 10
2.561173 66 145 10 10
2.563173 66 145 10 10
2.565173 66 145 10 10
2.567173 66 145 10 10
2.569173 66 145 10 10
2.571173 66 145 10 10
2.573173 66 144 10 10
2.575173 66 144 10 10
2.577173 66 144 10 10
2.579173 66 144 10 10
2.581173 66 144 10 10
2.583173 66 144 10 10
2.585173 66 144 10 10
2.587173 66 144 10 10
2.589173 66 144 10 10
2.591173 65 143 10 10
2.593173 65 143 10 10
2.595173 65 143 10 10
2.597173 65 143 10 10
2.599173 65 143 10 10
2.601173 65 142 10 10
2.603173 65 142 10 10
2.605173 65 142 10 10
2.607173 64 142 10 10
2.609173 64 142 10 10
2.611173 64 142 10 10
2.613173 64 141 10 10
2.615173 64 141 10 10
2.617173 64 141 10 10
2.619173 64 141 10 10
2.621173 64 141 10 10
2.623173 63 140 9 9
2.625173 63 140 9 9
2.627173 63 140 9 9
2.629173 63 140 9 9
2.631173 63 140 9 8
2.633173 63 140 8 8
2.635173 63 140 8 8
2.637173 63 140 8 7
2.639173 63 140 8 7
2.641173 63 140 7 7
2.643173 63 140 7 6
2.645173 63 140 7 6
2.647173 63 140 7 6
2.649173 63 140 6 6
2.651173 63 140 6 5
2.653173 63 140 6 5
2.655173 63 140 6 5
2.657173 62 139 6 5
2.659173 62 139 6 5
2.661173 62 139 6 5
2.663173 62 139 6 6
2.665173 62 138 7 6
2.667173 62 138 7 6
2.669173 61 138 7 6
2.671173 61 138 7 7
2.673173 61 137 8 7
2.675173 61 137 8 7
2.677173 61 137 8 8
2.679173 60 137 8 8
2.681173 60 137 8 8
2.683173 60 136 9 9
2.685173 60 136 9 9
2.687173 60 136 9 9
2.689173 60 136 9 9
2.691173 59 135 10 10
2.693173 59 135 10 10
2.695173 59 135 10 10
2.697173 59 135 10 10
2.699173 59 135 10 10
2.701173 59 134 10 10
2.703173 59 134 10 10
2.705173 59 134 10 10
2.707173 58 134 10 10
2.709173 58 134 10 10
2.711173 58 134 10 10
2.713173 58 133 10 10
2.715173 58 133 10 10
2.717173 58 133 10 10
2.719173 58 133 10 10
2.721173 58 133 10 10
2.723173 57 132 10 10
2.725173 57 132 10 10
2.727173 57 132 10 10
2.729173 57 132 10 10
2.731173 57 132 10 10
2.733173 57 132 10 10
2.735173 57 132 10 10
2.737173 57 132 10 10
2.739173 57 132 10 10
2.741173 56 132 10 10
2.743173 56 132 10 10
2.745173 56 132 10 10
2.747173 56 132 10 10
2.749173 56 132 10 10
2.751173 56 132 10 10
2.753173 56 132 10 10
2.755173 56 132 10 10
2.757173 55 131 10 10
2.759173 55 131 10 10
2.761173 55 131 10 10
2.763173 55 131 10 10
2.765173 55 131 10 10
2.767173 55 131 10 10
2.769173 55 131 10 10
2.771173 55 131 10 10
2.773173 54 131 10 10
2.775173 54 131 10 10
2.777173 54 131 10 10
2.779173 54 131 10 10
2.781173 54 131 10 10
2.783173 54 131 10 10
2.785173 54 131 10 10
2.787173 54 131 10 10
2.789173 54 131 10 10
2.791173 53 131 10 10
2.793173 53 131 10 10
2.795173 53 131 10 10
2.797173 53 131 10 10
2.799173 53 131 10 10
2.801173 53 131 10 10
2.803173 53 131 10 10
2.805173 53 131 10 10
2.807173 53 131 10 10
2.809173 53 131 10 10
2.811173 53 131 10 10
2.813173 53 131 10 10
2.815173 53 131 10 10
2.817173 53 131 10 10
2.819173 53 131 10 10
2.821173 53 131 10 10
2.823173 52 131 10 10
2.825173 52 131 10 10
2.827173 52 131 10 10
2.829173 52 131 10 10
2.831173 52 131 10 10
2.833173 52 131 10 10
2.835173 52 131 10 10
2.837173 52 131 10 10
2.839173 52 131 10 10
2.841173 51 131 10 10
2.843173 51 131 10 10
2.845173 51 131 10 10
2.847173 51 131 10 10
2.849173 51 131 10 10
2.851173 51 131 10 10
2.853173 51 131 10 10
2.855173 51 131 10 10
2.857173 50 131 10 10
2.859173 50 131 10 10
2.861173 50 131 10 10
2.863173 50 131 10 10
2.865173 50 131 10 10
2.867173 50 131 10 10
2.869173 50 131 10 10
2.871173 50 131 10 10
2.873173 49 131 10 10
2.875173 49 131 10 10
2.877173 49 131 10 10
2.879173 49 131 10 10
2.881173 49 131 10 10
2.883173 49 131 10 10
2.885173 49 131 10 10
2.887173 49 131 10 10
2.889173 49 131 10 10
2.891173 49 131 9 9
2.893173 49 131 9 9
2.895173 49 131 9 9
2.897173 49 131 9 9
2.899173 49 131 8 9
2.901173 49 131 8 8
2.903173 49 131 8 8
2.905173 49 131 8 8
2.907173 49 131 7 8
2.909173 49 131 7 8
2.911173 49 131 7 8
2.913173 49 131 7 7
2.915173 49 131 6 7
2.917173 49 131 6 7
2.919173 49 131 6 7
2.921173 49 131 6 7
2.923173 48 131 6 7
2.925173 48 131 6 7
2.927173 48 131 6 7
2.929173 48 131 6 7
2.931173 48 131 6 7
2.933173 48 131 7 7
2.935173 47 131 7 8
2.937173 47 131 7 8
2.939173 47 131 7 8
2.941173 47 131 8 8
2.943173 47 131 8 8
2.945173 47 131 8 8
2.947173 46 131 8 9
2.949173 46 131 9 9
2.951173 46 131 9 9
2.953173 46 131 9 9
2.955173 46 131 9 9
2.957173 45 131 10 10
2.959173 45 131 10 10
2.961173 45 131 10 10
2.963173 45 131 10 10
2.965173 45 131 10 10
2.967173 45 131 10 10
2.969173 45 131 10 10
2.971173 45 131 10 10
2.973173 44 132 10 10
2.975173 44 132 10 10
2.977173 44 132 10 10
2.979173 44 132 10 10
2.981173 44 132 10 10
2.983173 44 132 10 10
2.985173 44 132 10 10
2.987173 44 132 10 10
2.989173 44 132 10 10
2.991173 43 133 10 10
2.993173 43 133 10 10
2.995173 43 133 10 10
2.997173 43 133 10 10
2.999173 43 133 10 10
3.001173 43 133 10 10
3.003173 43 133 10 10
3.005173 43 133 10 10
3.007173 42 133 10 10
3.009173 42 133 10 10
3.011173 42 133 10 10
3.013173 42 133 10 10
3.015173 42 133 10 10
3.017173 42 133 10 10
3.019173 42 133 10 10
3.021173 42 133 10 10
3.023173 42 133 9 9
3.025173 42 133 9 9
3.027173 42 133 9 9
3.029173 42 133 9 9
3.031173 42 133 8 9
3.033173 42 133 8 9
3.035173 42 133 8 8
3.037173 42 133 7 8
3.039173 42 133 7 8
3.041173 42 134 7 8
3.043173 42 134 6 8
3.045173 42 134 6 8
3.047173 42 134 6 7
3.049173 42 134 6 7
3.051173 42 134 5 7
3.053173 42 134 5 7
3.055173 42 134 5 7
3.057173 41 135 5 7
3.059173 41 135 5 7
3.061173 41 135 5 7
3.063173 40 135 6 7
3.065173 40 135 6 7
3.067173 40 135 6 7
3.069173 40 135 6 8
3.071173 39 135 7 8
3.073173 39 135 7 8
3.075173 39 135 7 8
3.077173 38 135 8 8
3.079173 38 135 8 9
3.081173 38 135 8 9
3.083173 37 135 9 9
3.085173 37 135 9 9
3.087173 37 135 9 9
3.089173 37 135 9 9
3.091173 36 135 10 10
3.093173 36 135 10 10
3.095173 36 135 10 10
3.097173 36 135 10 10
3.099173 36 135 10 10
3.101173 36 135 10 10
3.103173 36 135 10 10
3.105173 36 135 10 10
3.107173 35 135 10 10
3.109173 35 135 10 10
3.111173 35 135 10 10
3.113173 35 135 10 10
3.115173 35 135 10 10
3.117173 35 135 10 10
3.119173 35 135 10 10
3.121173 35 135 10 10
3.123173 34 135 10 10
3.125173 34 135 10 10
3.127173 34 135 10 10
3.129173 34 135 10 10
3.131173 34 135 10 10
3.133173 34 135 10 10
3.135173 33 136 10 10
3.137173 33 136 10 10
3.139173 33 136 10 10
3.141173 33 136 10 10
3.143173 33 136 10 10
3.145173 33 136 10 10
3.147173 32 137 10 10
3.149173 32 137 10 10
3.151173 32 137 10 10
3.153173 32 137 10 10
3.155173 32 137 10 10
3.157173 31 138 10 10
3.159173 31 138 10 10
3.161173 31 138 10 10
3.163173 30 138 10 10
3.165173 30 138 10 10
3.167173 30 138 10 10
3.169173 30 138 10 10
3.171173 29 138 10 10
3.173173 29 138 11 10
3.175173 29 138 11 10
3.177173 28 138 11 10
3.179173 28 138 11 10
3.181173 28 138 11 10
3.183173 27 138 11 10
3.185173 27 138 11 10
3.187173 27 138 11 10
3.189173 27 138 11 10
3.191173 27 138 12 10
3.193173 27 138 12 10
3.195173 27 138 12 10
3.197173 27 138 12 10
3.199173 27 138 12 10
3.201173 27 138 12 10
3.203173 27 138 12 10
3.205173 27 138 12 10
3.207173 27 138 12 10
3.209173 27 138 12 10
3.211173 27 138 12 10
3.213173 27 138 12 10
3.215173 27 138 12 10
3.217173 27 138 12 10
3.219173 27 138 12 10
3.221173 27 138 12 10
3.223173 26 138 12 10
3.225173 26 138 12 10
3.227173 26 138 12 10
3.229173 26 138 12 10
3.231173 26 138 12 10
3.233173 26 138 12 10
3.235173 26 138 12 10
3.237173 26 138 12 10
3.239173 26 138 12 10
3.241173 26 139 12 10
3.243173 26 139 12 10
3.245173 26 139 12 10
3.247173 26 139 12 10
3.249173 26 139 12 10
3.251173 26 139 12 10
3.253173 26 139 12 10
3.255173 26 139 12 10
3.257173 25 140 11 10
3.259173 25 140 11 10
3.261173 25 140 11 10
3.263173 25 140 11 10
3.265173 24 140 11 10
3.267173 24 140 11 10
3.269173 24 140 11 10
3.271173 24 140 11 10
3.273173 23 141 11 10
3.275173 23 141 11 10
3.277173 23 141 11 10
3.279173 23 141 11 10
3.281173 23 141 11 10
3.283173 22 141 11 10
3.285173 22 141 11 10
3.287173 22 141 11 10
3.289173 22 141 11 10
3.291173 22 142 10 9
3.293173 22 142 10 9
3.295173 22 142 10 9
3.297173 22 142 9 9
3.299173 22 142 9 8
3.301173 22 142 8 8
3.303173 22 142 8 8
3.305173 22 142 8 8
3.307173 23 143 7 7
3.309173 23 143 7 7
3.311173 23 143 7 7
3.313173 23 143 6 7
3.315173 23 143 6 6
3.317173 23 143 6 6
3.319173 23 143 5 6
3.321173 23 143 5 6
